
36175472
36122403
36176289
36177396
17169949
36104987
36116966
36177435
36174168
36174663
36158055
36166409
36171121
36175523
36171783
36146190
36137573
36161197
36157192
36157896
36160827
36157968
36151969
36156538
36123312
36136220
36140935
36151702
36151042
36109014
36139537
36145671
36146637
36137195
36163512
17914743
36130663
36164316
31398290
19993830
36128222
36170080
36130543
36167741
36125921
36142365
36070984
36138274
36142206
13746061
36055891
9827452
36097537
36110539
36114659
36081649
36048126
36072693
27204318
36080544
36094228
36105918
36097542
36098642
36064708
36061479
36125152
36138152
36110155
36134072
36133317
36097167
36051140
36128583
36126597
36124105
8421873
36098438
36120108
36094725
36113475
36121881
36079220
36067382
36090883
36060081
36088788
36078644
36068573
36080849
36081160
36076455
36057499
36071409
36059480
36036783
36068128
36032773
36062780
36037720
28118582
36048164
36037037
36032852
32030465
32019769
31810020
32054373
17407879
31818116
32059428
31953842
10611575
31983406
32034625
29099317
32031153
32048406
24119249
32041141
31504416
31780751
31873179
32032337
32037014
31522370
31998725
27850617
31956865
28963912
32004914
32017339
32008289
31972668
14316787
14405377
32009219
32006777
31303722
24003337
31976506
31991997
2213261
2159939
31944948
31976510
31846524
31974891
31978118
31973813
31975711
31581185
31882702
31865724
31945623
29478646
31919045
2797541
31964129
31950718
28926367
31776181
31961716
31912575
31693222
31589282
31323034
31892729
31885939
31783859
31915403
31940029
31829129
31923068
31859131
31916167
31926845
31742892
31914926
31871097
31870061
31860559
31860650
31762460
17313188
31834209
31751692
31843176
31831719
31832649
31845940
31828405
31713307
31827903
30358033
31466224
31835899
30795800
31381046
31793573
31823880
31602318
31822673
31825993
31681716
31720641
31691315
20785511
31673477
31700819
31701854
31699856
31707642
31167204
31364172
31646409
31620378
31619396
30980548
31676671
30593229
31688800
31686926
31687825
31694244
31551154
31689247
31625202
31571231
31679347
31625426
31653533
31654048
31581009
31673987
31630472
31651947
31103143
31620292
31575058
31602337
31593313
31520916
31580451
31520867
31256439
31318603
31564547
31664033
31640044
31431180
31630739
16460213
31012324
31774839
31911232
31911495
31912494
31912963
31909357
31000384
31910102
16951749
30948642
27358688
31900526
31884803
17339631
18370422
10397191
10416855
31885838
9842840
28198372
31875107
31808953
31871549
31794241
22355171
31786705
31742779
31809899
31080367
31783910
31792898
30958504
31741467
31800079
31781530
31029965
31655982
31777817
31726229
31748775
30727836
27802026
31773529
31774203
31731914
31315426
31740755
31765672
31620184
31490879
29062758
31537748
31595696
31508130
31284735
31526745
31557142
31541163
31568970
31016590
31515756
31256765
31569982
31535570
31509504
21291679
31562536
31540072
31535189
31525685
22797103
31147328
29899123
31539583
31493197
31528247
31470859
31523353
3807293
31138899
31511915
31508117
31274236
31503128
31345415
26994533
31500579
31472411
31439899
31494772
31490745
31488669
30776115
31382597
23363613
31407647
31228827
31422035
30702816
31307297
31485230
31229611
31228444
31273755
31460097
31436951
31148554
31460189
31154103
31411877
31449310
31180859
31406475
31449113
31439534
31411564
31411459
31325155
30410326
31394166
30849455
31414138
31122344
27555342
31408412
31179386
31172486
31155921
29625681
31201434
30013699
30944144
31045340
31135710
30803607
31012194
31122372
31178026
31038630
30722318
31171940
31170247
31143935
31155217
31152568
30788849
31006152
31151985
29033536
31129592
31292329
31289927
31177425
31260445
16408792
30175793
31250590
31277190
31276942
31249347
30560583
13723136
31213981
31237781
31252000
30947610
31061454
30140328
2588183
31119299
31098681
31233816
30757195
30586642
30237599
31329523
31321055
28066552
31318818
31329885
31304195
31318139
31096669
31321076
30911688
31290422
27614337
30892331
31314192
31146530
31172213
30819618
30921325
30991398
29537098
31299846
31260355
31262632
6667365
30790484
31408260
31393424
31405760
31398503
31397691
31396639
31352713
31359968
31381165
31386379
29139991
30003708
31380471
31375491
26592426
31303973
30989938
31370409
31357241
31357122
31294911
31353943
31352425
31294305
31331772
30114276
31144907
31127803
30653858
30820922
30642237
31076170
31113324
31090664
31107710
31056225
31047286
31079815
17329236
31080535
31076378
31056534
31075071
30455934
30904664
