
36175472
36122403
36176289
36177396
17169949
36104987
36116966
36177435
36174168
36174663
36158055
36166409
36171121
36175523
36171783
36146190
36137573
36161197
36157192
36157896
36160827
36157968
36151969
36156538
36123312
36136220
36140935
36151702
36151042
36109014
36139537
36145671
36146637
36137195
36163512
17914743
36130663
36164316
31398290
19993830
36128222
36170080
36130543
36167741
36125921
36142365
36070984
36138274
36142206
13746061
36055891
9827452
36097537
36110539
36114659
36081649
36048126
36072693
27204318
36080544
36094228
36105918
36097542
36098642
36064708
36061479
36125152
36138152
36110155
36134072
36133317
36097167
36051140
36128583
36126597
36124105
8421873
36098438
36120108
36094725
36113475
36121881
36079220
36067382
36090883
36060081
36088788
36078644
36068573
36080849
36081160
36076455
36057499
36071409
36059480
36036783
36068128
36032773
36062780
