15262480
27062793
27068436
26902875
23930513
19306136
27136794
27135640
27175914
27139382
27132328
27170149
27169375
27164033
27165379
26858788
27144266
27017775
23990568
27079602
27162989
27163626
27149891
2270831
27063411
27056396
23209521
27158727
27154519
27151275
1540825
27156331
27038666
17135066
27054935
27128487
1454920
27107460
27131954
22685432
13377777
27099013
27094914
27115200
27091792
27037700
27105795
27051969
27099822
21005763
27080782
27089383
27082396
23046579
27099695
27041577
26965071
26525842
26811991
26987810
15305292
27055877
27049887
27051009
27037675
22608978
23794028
27030816
26967437
27034175
27028943
27030751
26947674
27029500
27029229
27028992
27016241
26922605
27006672
26861727
27240828
27240621
27228155
27062233
27188061
27200771
27227633
27225213
27220520
27220102
27184346
27215893
27043627
27202513
27205579
27184539
27190780
27182053
27103623
27196472
27160549
27190536
27180804
27165926
27155092
26958396
26923477
21697861
26946824
26949671
26925926
26073796
26929884
21433533
26938785
26937232
26934248
26881876
17301542
26746746
23215496
17510042
16682392
26777072
26670167
26885060
26903476
26826753
26834014
24091036
26891361
24139216
26888297
26886087
9614713
26879793
26862304
26875472
26735180
26872246
26865079
26861317
24061436
26559710
22518723
26848103
26850854
26793074
26850186
26851029
26661351
9010284
26848812
26849468
26846396
26795026
26997291
23517433
27004922
15296134
26982815
26938715
26989599
26989029
26989299
26926149
26967730
26973877
26498037
26004718
26969111
26968225
26918287
26832811
26962414
23944019
26946512
26963320
26961832
26956784
26017062
23846201
23333283
26551179
26051583
14764897
26082027
23793384
26530442
26518559
26510951
26490469
19954686
26491873
26070899
26096136
26078625
26091137
26068827
26071140
26065765
26057177
26063409
23280546
26062732
16372395
5300342
8666158
26746882
26691371
19836383
26715103
26737941
26731417
26686896
26727856
26720824
23523522
26666103
26686132
26623390
26706439
26650131
22754456
24081541
26685964
26701932
26701538
26672290
13194264
26581679
26533376
26081990
26094758
26545508
26566554
26580332
26061788
26533507
26048921
26574670
23593300
26076370
26589333
26587798
23644718
26581594
26581361
26027620
26452749
26571532
26563561
9448632
26003726
23554170
26690847
26686938
26084214
26685667
26679099
16759527
26632422
26667638
24066025
24008016
26613579
12275026
26648586
26650102
26628792
26647288
26649582
26627361
26647172
26643392
26088398
26586611
26621640
26604616
26619962
26811376
26647393
26819993
26837976
26673578
26835616
26834802
26831638
26811238
26818886
26813781
26730517
26694740
26810630
26799587
26779053
26783179
26724943
26189649
26717645
26730750
26759520
9317164
26752704
14191482
23579984
26056981
24143084
26019557
26040203
26009005
24142225
9560836
26018626
26034436
8110830
24174420
26030913
24018045
26027915
24109360
26025092
26019516
26023125
26003719
24145307
24033335
26007405
26009350
24172475
24115277
24125857
24121252
24117205
24082407
24115484
24106676
24007455
24094930
11036689
24088542
23991617
24093780
24084581
24074530
24018302
14470802
17333407
23855605
24069595
24065924
13311332
22148906
23922599
24003261
26003707
26003699
26003684
26003330
26001905
24179812
23702897
24175012
21231757
24155873
24161941
23566543
24155819
24150851
24146130
24097112
24144829
24093497
24138402
24077336
24092757
24137360
9551532
13439250
8451085
23990728
13512955
23998262
23905012
23992756
23928109
23264456
15477748
23914178
23987679
22908340
23976094
19921892
23976301
23946505
8602908
23880209
17394900
23936746
10210309
23922298
23699761
23943574
4579727
23928572
23841927
23862242
23872205
23649797
23807545
21678352
23758123
23710766
23857907
22874470
23805767
23828170
17685261
23314754
23743216
23834527
23319554
6278420
9146386
23314253
23746433
23808072
23822523
23818872
23811645
23925729
23930858
23916869
20223520
18242780
23914129
23903763
23889048
23635272
23908293
23906137
9988057
23898526
23817769
23901055
13288910
23898313
23887894
23880375
23677637
23881194
23882794
23872488
23880725
21687884
23595051
23804899
23666467
23804316
23779694
23790648
23732009
15724849
23584133
23753178
18696836
23790672
23737072
23770142
23765759
23697169
1217923
22714165
23765750
23739170
23743445
23616886
23750017
23732766
21423044
23434210
24048531
24046595
2002928
16498562
23628953
23549370
24036695
23907872
24030104
24022328
24025415
24025476
23924684
23690626
24012660
23936359
24018908
23943229
22905035
24010441
18466830
15747625
8357653
24002613
23747891
23706615
23648159
23739025
9613562
23732842
23729697
23131342
23700614
23690794
23700707
23691857
23653124
23693157
23689331
23689300
23512130
23530033
23607207
23678300
23669341
22938142
23621035
23639560
22517831
23631787
23640918
23662470
22909338
23656563
23650874
23646656
23612698
23647815
23646500
16322054
23644188
21823104
23632348
23597475
23628003
23631071
21590888
21002944
23597588
23058510
23626997
23627002
23626704
23515102
13617283
23602496
23619731
23560971
9311361
21876771
23546663
23604139
5058253
23591933
23598140
22868949
4518853
23569480
23502627
23588202
23303078
22912484
23577355
23576275
23420742
23575626
23418424
23557513
23504114
23567232
23059769
23499321
23555744
23553370
23546350
8230890
23530174
23535687
23329036
23529264
23517120
23517507
23529226
14468818
13257135
23523183
23435696
23503799
23424543
23519646
23470794
22768577
6716437
17023075
19779371
23495362
23329871
23433789
23418713
23458334
23414752
23313743
23290388
23424317
23462967
23087084
10100463
23343951
23449002
23419038
23447180
23329502
22745426
23183125
23399744
23413858
23428548
23397465
22981558
23331378
23063494
23328749
13362102
23295935
22824112
23329358
23297885
8923434
23264191
23301014
23319340
23209141
23272096
23318706
23314569
23295599
23313468
21218034
23304202
23293187
23302262
23292680
22751319
23291342
23329356
23348961
22861215
23348309
23245035
23329814
23347809
23366112
23343108
23171541
23364369
23363504
23328750
23360326
22831526
23353013
22985669
23344681
23346274
23328868
23302761
23292741
23310704
23318683
23320921
23142806
23422752
23415484
23368336
23395856
23416489
23410089
23399783
22907809
23398793
20456748
20191604
20034740
13492098
23397404
23388889
23392832
21151865
23103092
23380980
23384260
23335419
23380967
14208296
22023064
23004658
23263326
23292628
23270048
23221796
22907608
23287858
16044986
23200301
22324027
23254033
23280939
17469537
23267062
23228791
22894460
23260444
23211055
23189807
23255993
23227034
20651943
20434334
23082114
23021437
22934258
23248406
17476192
23240959
13909609
23214122
23196029
23216922
2014127
23192627
23189911
23194376
23205015
22863650
23203813
23202985
23184077
23187948
23020008
23186860
23177104
23185497
23174731
7790993
23185138
13094414
23152472
23130638
23063596
23171562
23012390
23176520
23175558
23172072
23163530
23168841
23130761
23086408
23146956
23166996
23059153
23161839
14775191
23158456
23059097
23153571
22993207
23150776
23149951
23149569
23088845
23082218
23052934
17875157
23072903
23058207
23069349
23052873
22766101
23043300
22986276
23059463
23059509
23049375
23059012
23002369
22919764
22503961
23053930
22990559
22940587
22971477
22998783
23023375
17167029
22989275
22998553
22993612
22954664
20234047
21817925
21476882
22974117
22982507
22664247
3057351
22874745
18738555
22980820
22982018
22962043
22979279
22981445
21945749
16205756
22972972
22974734
22919555
21464791
22971653
20657137
23097429
20471793
23093766
23135950
22603435
23133124
20105001
22891891
23129301
23108033
23107087
23116809
17201924
23029512
23069689
23075737
19903675
22668561
23099375
23022973
23083498
23101770
20542488
23098925
22916561
23040751
23048920
19397578
14478845
23046100
23042061
22761201
17469243
2662337
23024413
22987471
23023300
23023072
23006249
22992026
23015626
20253273
23012294
23010592
15651357
22989842
22927370
21139636
23001799
22772631
22968185
21008918
22966122
22777159
22914487
22957443
22954903
8216785
21782264
22951472
22946879
22926524
22858109
22894685
22935954
22613411
22941350
22632322
22868316
22707701
22933158
18355527
22923173
2620035
22905282
22888950
22901546
10482207
22899824
22891479
22549679
22891879
1002549
22585499
22843530
22876971
22880407
22812505
22800162
22847333
17276176
22865426
22776695
22551762
9148021
22402850
14823182
22857422
22828693
22852271
22733590
22924422
22908043
22747246
22919638
22915332
21352509
22920133
22920047
22797502
22641440
22664350
22759430
22741968
22695967
22815487
22876781
22851769
22904157
22842866
22775575
22909800
22698834
22899543
22798344
22847289
22844745
22832377
22843011
22806501
22839979
22842782
22832546
9923157
22535001
22827860
22696323
22747637
21293348
22689658
22796950
22800623
22812873
22797596
22675627
22796761
22815021
22805170
22768447
22629262
22675995
22711456
22612243
22693250
22707809
22317794
22692695
22698846
22693734
22689406
22667323
22681284
22667795
22645400
22634559
22677805
22674508
14610729
22616491
22668116
22401623
22659344
22660517
22663209
22741349
22804489
22801081
22778200
22752572
22797751
22786717
3641308
22729415
22791934
11681203
22779629
19780149
22692582
22761321
22723269
22727562
22662869
22762382
22759505
22700469
22762149
22695011
22722860
22709016
22662950
22655960
22448354
22642509
22651658
22649618
22612842
22568662
22553320
22646991
22635617
22642591
22642552
16025951
22631782
22635663
22610623
22530362
21769013
22591159
22626880
22625778
22611223
22559061
22626112
22752756
22746421
22699442
9129636
20461811
22727193
22729034
22683539
22729219
4181317
22687875
22734140
7719097
22496638
15645822
22625856
22677012
22718415
22690924
22534357
22710183
22702900
22717901
16460120
19189418
22397648
21052285
22303999
21898562
22581670
22585998
22239753
22374598
22158559
22357973
22509696
22481125
22559890
22567074
22540719
22459711
22569595
22574437
22455347
22276595
22506567
22552806
1570527
22554893
22521896
22624350
22618935
22553811
22619680
22615921
22615896
22615823
15719488
22584316
22575372
22596418
20608066
21914211
19972153
22611102
21924338
22610611
22609847
22609715
22606258
22606227
22515697
22597633
22557495
22490474
22539386
22544137
22540072
22544997
22543969
22487799
22542328
22536168
22488499
22519248
22436154
22529880
22533697
21482280
22531380
22532137
22515355
22490089
22421276
18329286
22520618
22527703
22520431
22519680
22518945
22517181
22504304
22489631
22461983
22368088
1458496
22420048
22506537
22437108
22499720
22503226
22504006
22503082
22464890
22398526
22420917
22459657
18774053
22479228
22496060
22059607
22492116
21647116
22485882
22458448
22260880
22259850
22233600
22257364
22254254
11206308
1222817
22237592
22223179
22223759
21865085
22206919
22231349
22221784
22223736
22204878
22215951
21300419
21747454
22040438
21761929
8443502
22072775
21994784
22165567
9555450
22455625
22428563
22473011
12742164
12100816
22463913
22401478
22444982
22448754
22285156
14294249
22434270
22402256
22442518
5954964
22395448
22380927
22414248
22429963
22429951
22416750
22411333
22426881
22426193
22373793
22372192
22369904
20939236
22356800
22365897
22211566
22362131
22334254
22357398
22355155
22342600
22352784
22282610
22301529
22348305
22345437
22326399
22034653
22309549
22317968
22287734
22323322
22312845
22282531
22291296
22179201
22249721
22275166
22223773
22299737
22281026
7798358
22065080
22220495
22282224
22281760
14229946
22276346
22274950
20799814
22260980
22270127
21854474
21432169
20256679
22233382
22192143
21491014
21512608
22401827
22423605
22417654
22072015
22324963
22404413
22398286
22389749
7362993
22402587
22384299
22386877
22309380
12790944
22162678
22392940
3973042
22380483
22369565
22386857
22349869
22383608
22361511
22379357
22372336
13505341
22076103
22183457
21891283
22084333
22143711
22171537
6863386
22177303
22154282
22126931
1419558
20532934
21976769
22142351
22132834
22129167
22130822
22121083
20916704
21911469
22119392
21604533
18804319
22108421
22100752
21442402
22091531
22098397
22064472
22085564
21205735
22086682
21153589
22074545
22073538
21754322
22062906
22052563
22013313
22030067
9391150
12969873
17946718
12108188
21813653
4964242
22030618
21994289
22041441
7897737
22014277
22023101
22027113
22033774
21876633
21838457
22024588
7351317
22023736
22011752
22021217
22009973
22011684
21999644
21993207
7709669
21993547
21993907
21995244
21993937
8624410
21889730
21987370
20747527
21911075
21838724
19646925
21894013
21890930
20922268
21886632
21810844
21875992
21876063
21845325
10402099
20903925
21210795
21875307
15537199
21865287
21869366
21710792
21845338
21863049
21856680
21766999
20157654
21856489
21856249
21815819
13174480
21850389
21672355
21842197
21793070
21715425
12281834
21802769
21818702
21820422
21809428
21763047
21771051
21594638
21789913
21490036
21793822
21771258
7744972
21779114
21725771
21733198
21773486
20463011
12820019
21489658
21766736
21757012
21753853
21738205
21684234
21700482
21722524
21709600
14724651
21731463
21614405
21735672
21725551
17854248
21699242
21713037
21712885
21669188
21703829
21702349
21675405
21581062
21972589
21986483
21952815
21964068
21959839
21968275
21971585
21940026
21931297
21926078
21947060
21948862
20761073
18648446
21935815
21726443
21856322
21701026
21929610
8277279
21810818
21811694
21925979
21915595
21901207
21659996
21682972
21603115
21619518
21665333
21629191
21583790
21638176
13060003
1633211
21593368
21664489
21542082
21614945
21593259
21655436
21654646
15376845
21622776
21468329
21270911
21639500
21101105
21642896
21637157
21623917
21629509
19823017
21608852
21615635
21620071
21615881
21367364
21612217
21594169
9094585
21608281
20609671
21604287
21581247
21603286
21601810
21550527
21575147
20351328
21589950
21590602
21577739
21488377
21580272
16195203
21488199
21576628
21418636
21496985
21565589
21401040
21532736
21489360
21507533
21456320
21542651
21539650
21531190
21510301
21532954
16608034
15108313
21448163
21222163
21489620
21431033
21464425
21286581
21477495
21285153
21482435
21459396
21424713
21460084
21464710
21292864
21398162
21428280
21458567
10656154
21457736
21453269
21453569
21453272
21451002
19984749
18553519
21348111
21419041
21338758
21432473
21101977
21431034
21430887
21177411
21184540
21179493
21179485
21171143
21173698
21149403
21143293
21163547
21156377
9055453
21143398
21098352
21142990
21021206
20541725
21140957
21138017
21138611
21112012
21129345
20396792
21126861
20273547
18453465
21398966
21414502
21307298
21424773
21420856
21231481
2185410
21393611
13386158
21396211
19572592
21306474
21376705
21393775
21222624
7968286
21393579
12169441
21391273
21357413
21380557
21376275
21361566
20814257
21372790
21299842
21299022
21292752
21288906
21289551
21170217
21275965
21210876
17644217
21066380
21260575
9603268
21258730
16495120
21260803
4775383
4149490
21237477
21221908
20719800
20928888
6518547
21224677
21230774
4470930
21372605
21230602
21356506
21366766
4670209
21346795
21069564
21182400
21203049
21302115
21325376
21325329
8594027
21313372
21013169
21222138
21068039
21311952
21309951
21300803
21306361
21304621
21195720
21296784
1666680
21230296
21210873
21187325
21226640
21225542
21215106
21214960
20091732
21203985
9488422
7530998
18001820
21195646
19759622
20712766
21163806
21195855
21196014
21085061
21117839
21183118
21091281
21182388
3783543
21098317
19873937
21030455
21049817
21038842
20394766
20944912
12543143
21027022
10296165
20990340
21017011
21031046
21028153
21026937
20986607
20967701
20732005
21019164
21014230
20979696
20985138
20737057
21009664
20694726
21007463
20946972
20760882
21002354
20848494
20998980
20988434
20971242
20954009
20948710
20908974
19347018
20944044
20926197
7019792
19859635
14025949
20038322
20947220
20943676
20806297
20903221
20909014
4871858
20834526
18913810
21115375
21099144
21083152
21115512
21103784
20466492
21099997
21090968
21054146
21097049
21052784
9628161
20331702
21087171
17061302
20958072
21070357
21076762
20821205
21069745
21066794
21058593
21042620
21048693
20969357
20710111
20368535
20708246
20598264
20657073
20565916
20703238
20702980
20702711
20692419
20699671
20693419
20687880
20698404
20261181
20674529
17427810
19359829
16776788
20682609
20650952
20678643
20643618
20675439
20657310
20838774
20803243
20837163
20846066
20768657
10990657
20847951
20843495
20843654
20831018
20840292
20834770
20715144
18713501
20825362
20448344
20819514
20636378
20810457
20714315
20607141
17775595
6001452
20781883
20795419
20783479
20634621
20790885
20788870
20788172
20788166
20636520
20783614
20541183
14649259
20781643
20419799
20713720
20739482
20708188
20770630
20770846
20763060
1622624
20767816
20767264
20761416
20762242
20711230
20741878
20760905
20566026
20726111
20749507
20748314
18881049
20740835
20600801
20733265
20735930
20687346
20723681
20726139
17614989
20723964
20683888
20717199
20573435
20717099
20622852
6137195
20703741
20712620
20711284
20693921
20879074
20863024
20904206
18867555
20708816
20862191
20889502
20845214
20859447
20887281
20882979
17478471
20803065
20878916
20877531
20872280
20850650
20126620
20865441
11013788
20725216
20839267
20654890
20859118
20857383
20669818
20648188
20669851
20573488
20668375
20596672
20647298
20569552
20645499
20650604
20545282
20637082
20624415
20637226
20490434
20640555
20558085
20589361
20634180
20636700
20522703
20632745
20545192
20606556
20471788
20574316
13192407
20570979
20565974
20572467
20536559
20570231
20570069
20490371
20557750
20470330
17806087
20229100
20553922
19385365
20549320
20551614
20546394
20299846
20456908
15345078
9448672
20523928
20308168
20522326
13468574
20551040
20493277
20601552
20604109
3001431
15026966
20572386
20615470
13837611
20415244
13370964
20146516
15400670
20589354
20592531
20584859
20594696
20581604
20545269
20588190
20584372
20521497
20134839
20579571
20212536
20500368
20515706
20483424
20520429
20487265
20171493
20510301
17497837
20507587
20345748
20289332
20472065
20501576
20479465
10781095
20497459
20469750
20496498
20483959
