IMPSYCHO
21182548
62191376
zhoulanshan1017
46252537
62516035
62516034
62516037
58896400
58896401
58896403
58896404
62516038
58896406
58896407
62478983
65221756
62478985
58397345
53162672
53354026
54368541
54368545
58397185
sopadepollo
3491858
37507284
2508609
Yepupyale
Q1971804231
63720757
35343256
karmacat
2899685
plutojinx
S-ally.
62516046
58896409
62516048
62516049
51842266
52820022
58883153
58397239
yayaye1206
54368609
58397337
37917306
52278607
58896388
58896387
58896385
58896382
bemature
60886917
ninitu
49437911
64829146
AKO-HUI
58397372
58896208
58896206
58896207
58896205
Juice_xy
54368597
2400062
54368613
54368599
58396708
62477624
62477625
65404332
62690704
58896339
30741192
64547940
58896330
58896331
58896336
liya201
58896334
vivian_yanni
65878148
jacqueline403
FreyaYao
19541214
64164239
58397387
kids-cats
andre_yxy
62817464
62478927
62478929
62516001
62516002
huhahaluha
jane9058
lazykiss
imyuanzheng
58397270
62478810
62478813
62478814
62478816
62478818
54368571
58397379
37248053
57693053
54368875
54368874
54368876
64028921
kulawong
43199591
54368690
MaybeIamAFreak
2687665
58397201
58397205
58896361
58896362
58896365
58896364
58896367
58896366
62751047
57177923
64017451
36458306
kimi890707
65198226
hitmansky
62477681
homosapians
66474167
65507180
wzynaw
58036964
62478954
62477679
54368622
58896217
54368628
62477675
62477677
4190909
58896240
4423159
58896247
58896244
50517696
cannyjszxx1016
47718504
58896418
58896412
58896417
58896416
58896415
bolijiao
58599435
62478990
zoe_56
62478992
62516047
connniqiha
liuhaobo888
64056064
35254296
37497401
63987260
62478973
62478971
62478970
62478975
62478974
62516071
53666184
62516072
63764613
x_4ever
1447862
58397325
51292115
49924111
33118444
58397330
35567630
youreve
59139980
51850729
56054696
58896353
cunta
50895580
58896253
64755377
58896211
58896359
58896215
58896214
baybay
58896219
58896351
58896352
4646400
58896357
zhaoqj
58397149
47233226
hipudding
fubaoyi
62477631
63932827
m1ssfe1
58896329
darksouleater
58896280
58896281
58896324
58896327
58896326
58896321
58896288
58896328
sibyl218
58858795
57218217
61206767
62477643
61216132
62477645
62477646
52233987
queen_e
54367063
62478936
62478935
62478931
58397354
54368620
62479044
62479042
62479043
58397281
62520019
hisoya68
58397363
ps617
61961336
51204018
teukie
ichocu
66030897
58397408
nomonomo
58397219
58035977
cellopeipei
58397212
51235266
65787805
58896314
58896315
58896310
58896312
58896319
4714418
54368705
64028868
57903166
61467712
53955273
58896229
62477695
62477693
62477692
62477691
58896223
58896224
58896225
62477598
43771540
62477595
62477597
65906628
62477593
58896276
53258756
54368631
60511444
36398425
58896258
58314117
58896254
58896257
58896251
4818747
58896426
41482253
58896425
58896423
58896420
58896421
58397141
2261204
leeeeeeeeeeee
3931478
51231750
63829478
xingyier
54524341
54368521
62477644
54368684
54368683
54368528
40622869
miachi
62478945
61110905
54368625
62516066
62516065
62516062
62478903
62516061
62516089
51029885
58397313
jasonweed420
4420800
47831338
MoraMa
huary
flintstonex9
64949374
66047092
58896264
58896265
58896349
58896267
58896260
58896261
58896343
58896341
58896346
sonnyd
cavendishlab
53162508
61167941
58896290
58896292
58896295
58896294
58896297
dyss
64302090
zsellenzs
57025016
58477168
59013656
4457540
62516018
memoryway
51384222
xiaoxiao715
58397255
53162811
4646398
hanzong
4646392
56988333
yoghurt_1001
62516022
62516023
62516020
58896283
55460112
46907365
Venus_39
36360632
64029050
62478834
62478835
62478832
62478833
62478830
ranran24
54368553
49675511
50032044
48583469
59205326
66305487
66233465
3470316
VintageCC
54368568
59965701
58397229
31332171
62478900
62478904
58896306
58896304
58896302
raphaelzgb
fanzai8
64028970
60201281
58896399
58896395
58896396
58896390
58896392
40330537
2431859
57876407
tangquan
62515998
62439840
64947378
56094872
58896233
whattttttt
58896231
64277852
58896237
1197093
58896234
phonomania
39618038
58397103
58397088
summerzoe_
54368602
62515996
klooj
62477614
62477613
62477612
58372377
62477610
52035557
63636223
64416222
54731160
42994406
pthkex
xiangh
54368514
64029007
54368692
withzhaoyu
minglang2012
45223197
2464744
62478899
62478952
62478955
aphromaomao
liruisi
62478897
58228470
54368503
nooooth
zuier1216
62516073
MeSshuo
62516074
lanhuacaomiao
3481192
63599861
58397306
58896230
2768898
39072101
40970499
58896236
49460281
51204177
51178697
3380407
58139236
xiazaicc
snake3324
39971304
62516085
62516086
55317972
59209358
48426683
58896322
58896275
58896274
58896272
58896378
58896270
58896376
58896372
58896373
58896370
58896278
58896348
3532882
58397607
mYYYYYYYYYYYYm
amysun
56828747
3817992
61303201
62478988
yuriiiii
zhangyueling
3778996
64413135
62557958
dearsn
45890723
sinverguenza
strongminor
60558046
62670630
62477666
62477667
62477664
58397692
63795989
60737810
55585633
62477669
