IMPSYCHO
62477614
57656048
58896315
58339820
62191376
49247475
sonnyd
46252537
lomosam
62516035
62516034
62516037
58896283
58896400
58896401
babycat_7
58896404
62516038
58896406
58896407
62478983
65221756
asuri
58896312
60594964
48222279
53162778
53162672
53354026
Xiaoy.
4672692
54368541
teenie_z
58896353
54368545
3261558
lanceyang911
37047784
JOSIEE
54472918
28256672
58397185
1506169
3491858
37507284
46213171
30800091
i_hermie
54090348
65250199
45069239
61167941
63720757
66474167
karmacat
53162623
66250966
multiple
61220223
plutojinx
S-ally.
54608124
62516046
Apple.J
62516048
62516049
51842266
mercurian
panda_sissi
58397739
51468977
roubao
52025594
58883153
58397239
yayaye1206
41844039
58397337
37917306
58397219
50002661
YanY
35365835
52278607
runrunlv
TammyLuna
miaomiao19
lootee
3853908
zombie512
4646392
58397720
58896403
65208974
47255940
2535009
58896387
65787805
58896382
bemature
64028970
60886917
ninitu
63322802
58551140
57718636
62478814
53386081
44220115
64829146
64840491
AKO-HUI
53889946
41356391
58896208
58896206
58896207
58896205
Juice_xy
65445181
54368597
2400062
ysqw
51985191
54368613
54368599
65404332
vmsiata
58396708
62478955
xxsoda
40844525
62477625
Leileigg
62478985
jdh233
32091883
shabidamn
58397345
58896339
30741192
49994403
kingjojo
58896330
58896331
58896336
36360632
58896334
59248233
52425324
lizishuo
AmekoChang
vivian_yanni
65878148
2889862
49807584
59886193
61169176
57723686
65211056
64277852
53162734
58397387
sdp1037
57964960
45862484
cagayake
64029007
62817464
3041871
oscar9257
Ge_Mini
2282448
54368874
chydd
4359710
flrit
62478927
3128122
62478929
magnetism44
kitysedna
58896352
bxzs
62516001
62516002
huhahaluha
jane9058
yueliekkas
imyuanzheng
64571129
58397270
62478810
62478813
asadsong
62478816
62478818
54368571
58397379
37248053
1730507
51518087
57693053
54368875
Mirac1e
loci
64028921
41581614
50185563
4543708
8084956
48071659
kulawong
37586746
kimi890707
54368690
55604796
46971504
puppy22
58896372
62478945
2687665
58397201
58397205
53157833
58896361
TinaZ--H
58896362
58896365
58896364
58896367
jaccqueline
62751047
61218848
ami6328007
57057135
64017451
51775998
58896217
36458306
62619888
52471318
LORNJESTER
lmgomg
45776636
60319808
58397615
hamminii
57862157
43199591
yinzaixi
whisper0322
25853761
ziyusang
haoziapple
Xhsunrise
geekzhuo
65198226
58896290
60176916
46212493
62066168
yilule
40899520
homosapians
62478952
65507180
jnf
2471886
58989572
pineapplewu
51001124
62837157
15990984
39607052
aphromaomao
62477679
54368622
58896409
35428065
wangpeng218x
45946880
49437911
3645333
10729594
62477677
chenqianle
58896240
57724721
amoinnov
58896244
47841560
50517696
4065849
cannyjszxx1016
amethyst1218
58125698
3293007
47718504
rocketmail
49604854
summerlog
astrozxm1988
58896418
hh1220
4222160
blacklynx
58896412
lovehelen
58896417
58896416
58896415
bolijiao
46837885
62478990
zoe_56
62478992
62516047
connniqiha
39618038
64056064
35254296
37497401
63987260
redpigflying
11102252
62478973
55294520
62478970
62478975
miss.yinan
62516071
3232930
58896297
62516073
46623462
62516072
17582771
58896366
constantinecui
57218217
48815871
63764613
51241290
yangxiansheng
bzzc
1447862
xvnno
58397325
66071584
47099180
dearnn
xiaoleier
51292115
yusky
no_thanks
57862197
35567630
youreve
enjoymore
55866002
59139980
auterman
59872864
62387864
51850729
58397372
56054696
ayumishin
58487454
cunta
2618544
52283891
Ashes-of-Roses
50895580
51351874
59869070
60343856
4818747
Rroony
63296563
64755377
29089774
57659809
44232292
58896359
1191610
58896215
58896214
baybay
58896219
58896351
onlynicholasdoc
4646400
58013515
52212162
35925434
2150174
zhaoqj
58397149
51022432
napbonking
mist
fubaoyi
tanknox
62477631
62478832
66063003
63932827
38212063
37814789
63404658
60605674
m1ssfe1
54613980
darksouleater
sibyl218
58858795
58896329
58896327
58896326
58896321
58896288
58896322
liqiseu
58896280
49756466
58896281
54368620
58321052
52151796
58896324
piaohuilan
56215512
2550719
58896357
summer_w
gayo
61206767
withcoffee
sparkzml
60187828
47793359
25595899
65485998
62477643
61216132
62477645
62477646
39705890
65507625
queen_e
miruohi
inkysea
54367063
62478936
62478935
47400203
50660991
2121761
58397103
59256719
57754163
3532882
cele88
58397354
64091378
41482253
62479044
62479042
62479043
58397281
sissi1235
cheryl-57
62520019
Gaberilla
9450448
wangxiaokui
hisoya68
58397363
ps617
cissy333
65920472
64164239
33445024
49017668
65590212
2341977
59280521
51204018
54368609
full-bear
teukie
14444633
58629154
43877815
2261204
66030897
52987862
3471408
11747362
4202007
58397408
58896388
bingzibang
nomonomo
3068858
lil7
6282705
50389440
cellopeipei
58397212
48827647
58896385
58896314
wing....
58896310
62478971
53162573
58896319
60990381
2170499
4714418
shixuelsy
2778245
44054496
54368705
58397629
jessiechoumm
64028868
62477681
duoduojiang
zeon_lee
57364726
41765871
57903166
hydras9
54524341
61467712
53955273
abbielee2
58896229
62477695
62477693
62477692
62477691
1524326
AuLait
58896223
58896224
58896225
baixue
selfthing
3044410
62477598
43771540
62477595
62477597
54368876
65906628
62477593
59041438
53258756
54368631
3037100
60511444
57225614
51235482
58931942
BluesV
1257421
47267130
58896258
58314117
bigone
39934547
58896251
shiehshieh4god
66305487
shierhu
61169746
31190465
gavin_li
13647449
58896426
jinggongzi
58896425
ZY0517
58896423
58896420
58896421
58397141
64979020
3820536
lalafour8023
3931478
romeojojo773
51231750
61254414
4438117
58036964
63829478
xingyier
ccdboxx
54368521
62477644
54368684
3883305
30692041
54368528
40622869
64084144
26452164
miachi
dovelover
iouroy
52579825
58896294
55390520
61110905
blankopposite
58397330
kayandkay
2931924
2598777
54368625
62516066
62516065
62516062
55711866
62516061
53000944
EchoHwang
54368628
51029885
58397313
62559581
almalive
jasonweed420
4420800
flintstonex9
62477675
cestmoi2012
58896274
MoraMa
39892729
37121358
45299000
viya1204
3770809
45790180
62478931
47545795
57694666
mena1224
58896254
64949374
4836918
2991984
3932008
62690704
ziliuziliu
43080293
58896264
58896265
58896349
58896267
58896260
58896261
kids-cats
silent.mi
isabella.cullen
58896341
58896346
58896373
joanntoo
1348343
Louiselly
2548262
2403309
zhoulanshan1017
54645864
58896278
52103289
FNoah
53162508
51230006
daibiaoyueliang
whattttttt
4423159
62477624
M567277
56008666
64155281
58397779
58896292
58896295
39214070
57177923
58896247
baluo
dyss
4360431
64302090
57025016
CharlotteKo
zy123456789
19541214
leeeeeeeeeeee
colourful1
59013656
62516018
54368683
1542641
sunnnysun
memoryway
aileen113427
jesx
appstore2012
61573340
61538746
58397607
raphaelzgb
xiaoxiao715
57897254
yugukuyu
orchidjelly
53162811
1457102
3557755
VivianGoodchild
hanzong
61569903
49066765
56988333
miumu
64203017
51495696
58896257
51814535
62516022
62516023
62516020
23951856
64547940
35233003
leshary333
53462863
52699526
hellomotonan
46907365
53162762
o0_0smile
Venus_39
liya201
64029050
62478834
62478835
51145118
62478833
62478830
bianbiansang
ranran24
54368553
billdon
58835925
laalaam
4523412
2866259
4382644
56085763
48583469
moreely
59205326
suowei_Y
iloveicecream
globlevolunteer
sun37
66233465
vitmeteoren
61303201
qingbai87
49200073
yanyan8156
49975414
58397552
58896253
58397556
ysl661122
zyf8923
2549480
54368568
59965701
58397229
54620919
62478903
62478900
62478904
58896306
60757544
58896304
betterok
58896302
inging
fanzai8
lirui89
annabelleliahb
c711226
luckiknow
ichocu
58896328
wzynaw
3723476
41007030
46119873
58896399
58896370
61220675
2466085
58896395
58896396
58896390
58896392
40330537
jacqueline403
zxff111627
58016474
FreyaYao
57876407
crystaldyw
mhs
62515998
64947378
2792075
57941742
53162797
M.Yee
58896231
kidpino
58896237
1197093
58896234
Sw-Ting
64426751
phonomania
62478954
6961377
serialrapist
48577660
58397088
summerzoe_
SHUTAME
40196556
54080854
60624767
48351714
54368602
45866983
62515996
21182548
62477613
62477612
58372377
62477610
52035557
63636223
iamsbp
irisgoesnuts
49474564
64416222
50281700
Hjalmar
52234213
1588386
54731160
56676180
2558205
58397255
sevenstreams
2431859
missguoguo
meganonline
pthkex
game268
xiangh
60831929
4527885
helencqy
25896998
Datura.
2473869
60700579
abcdr2328
57565155
58896233
sxyiqianshen
58699561
54368514
62211793
50603628
andre_yxy
54368692
MADAY
withzhaoyu
minglang2012
45223197
2464744
yangyo
malin1103
62478899
57797104
54704792
1272008
48963923
PrussianBlues
liruisi
62478897
58228470
4693424
GF121
54368503
62478988
62557958
43153857
45412422
MeSshuo
62516074
lanhuacaomiao
span.H
53963820
3481192
61606749
63599861
40279886
58035245
4460259
58397306
65918526
3844001
zhouxiaoke
58896230
2768898
HTiant
51231968
59232896
47831249
39072101
40970499
58896236
58483436
40179332
zuier1216
51204177
62478974
51178697
2146734
4646398
tanoshiku
xiazaicc
snake3324
39971304
62516085
62516086
momo_win
55317972
59209358
3505094
62516089
ddddo
58896276
58896275
60969270
4306686
58896272
58896378
58896270
58896376
rubble
61220895
janetgood
58896211
64534170
58896348
52219054
43243401
3677903
49766327
aaachoo
veradeer
mYYYYYYYYYYYYm
47874898
58822943
12885388
T.X
56828747
3817992
58896343
justforsp
49118788
yuriiiii
62451088
zhangyueling
34161613
3778996
ri8chua
kuangxuan
hmilyhen
64413135
52233935
4001778
55865383
4148892
4470954
tellsme
lessalice
46845255
nooooth
dearsn
45890723
sinverguenza
12023503
strongminor
51373720
60558046
64100464
3570682
51351684
62477666
62477667
62477664
58397692
63795989
32698956
60737810
62477669
