128910399 sakaya
128912344 fun4ever
128979597 coco678bb
128979928 coco678bb
128986967 TOROVANDARKO
129088012 1103950
129090344 H.T.Rockwall
129090681 TOROVANDARKO
129123655 fun4ever
129124135 7662072
129140884 fun4ever
130903120 virar
130971051 xxzhangzhang
130975062 vickining
130975413 i-chocolate
133011053 11814133
133091454 17354290
197782420 38591205
197852919 noblecat
197882008 fissyincq
197882605 giggle2012
197882857 DamnW
197930824 2028624
231365998 35503335
231370096 Instability
231370593 rojel
259914456 45965075
259944067 loveflowers
266879339 hyde666gackt
266975864 36460691
266980434 seon
267016064 j.zill
298335761 53306181
303774061 38170514
303774798 SunBaiian
323335512 maxtong
323342688 1414917
323343114 Iceland-li
323343359 35055278
323344465 43031212 266980434 seon
323344488 3042516
323382586 3921864
323384030 ceewhite
323384266 kberer
323385905 elopewithwagon
323386258 joliezy
328986639 zwq_mew
328987669 sep1221 323384030 ceewhite
328990610 qixiL
328991358 47331997
329008838 zgchampion
329014032 jtwinkle
336231956 52498547
340311923 guang8023
340321143 hugexenia
340371300 solarJune
347389747 2331528
348520876 55414534
364128742 28890175
364157027 53844275 129090681 TOROVANDARKO
364195147 31596400
364255477 1922151 128979928 coco678bb
367359813 51991290
367359828 51991290 364157027 53844275
367362421 nemofishhome
367389702 49200669
367660378 53225122
367918379 63512345
369287884 63618954
369289713 Dzlvarv
369316768 63176938
369509839 1794027
369514046 cyanme
369515381 finikki
369518334 55670856
369699329 48578846
369712412 1260512
369715680 46275137
370814367 39493663
370823154 muaka
370947872 47487877
370951882 61237798 367359813 51991290
371066446 y7fcn
371067583 missme4ever
371487427 62902026
371487826 jidanchaomian
372576885 luckyugliest
373188905 51991290
373291435 56089367
373791078 milkynn
373791133 KillerD
374903223 bye_1112
374929394 63146836
376158439 birdandbird
377127781 gestable
377436391 3029683 377127781 gestable
377438296 toShare 370814367 39493663
378374430 gestable 377436391 3029683
378493089 55799230
378494135 44537604
416598116 weishimi
416760628 Ericpan
416766717 silencecry
416855570 61273494
416856417 wbluel
