140620291 candlevivi
140620625 huoyan2011
140620831 31332789
140620838 8780311
140625280 fairkellylee
140630522 readeye
140631777 stillrays_f
140633831 34890873
140650189 smilelynn
140739269 43184769
140824813 ktallu
140911443 40179075
140912830 XRain.M
140957217 violetcat
140964454 kristiana
140969981 2209964
140971566 fallwall
140972044 34191969
140975654 wanBB
141196423 readeye
141197588 morel628
141291045 readeye
141303269 smilelynn
141306707 readeye
141308344 haruwoaisuru
141311296 smilelynn
141317091 readeye
141321350 eroroxu
141334199 smilelynn
141416274 1185723
141427466 sisie
141473084 readeye
141473497 42885769
141558844 4431745
141560495 gg871103
141562054 superguanhe
141617832 x_dodo
141800888 38290010
141803570 35948210
141803755 20049263
141804625 2459930
141850467 42085113
141860290 pcboy
141896994 43472754
142269210 emmalcy
142424636 morel628
142492142 XRain.M
142496334 dinoeo
142499607 weigarden
142607336 readeye
142610988 readeye
142637622 morel628
142745814 XRain.M
142773017 Wingsu
142807086 readeye
142807242 readeye
143550961 1542705
143553729 vamzc
144564262 41904860
144638689 43908717
144639100 mistletoepiggy
144639417 anmaai
144724458 16190231
145088298 42163342
145239831 ashleychan
145461736 35887327
146421644 jackiesunying
146422150 Emily_ma
146423588 PPmonkey
146435472 landysa
146435794 frances_cl
146437377 39446221
146565059 ivydy
146583905 Amazire
146615651 cathy_GJ
146617639 cathy_GJ
146620396 3224655
146620702 3224655
147072414 rebecca.xue
147077533 linda0720
147077734 linda0720
148007276 3632222
148010000 sweet-killer
148014467 1209422
148026264 4223238
148288447 cheer_Ding
148406615 2867560
148827499 3376240
148833963 morningcolor
149251374 akao
149298954 39183734
150113695 42463563
150118451 3078946
152794025 easytv
153285602 2392101
153285962 ooV
153295752 renee9899
153295918 renee9899
153726370 JLCW
153726408 JLCW
202353869 snowbutterfly
202395857 huuyaojun
202399826 48054600
202400085 1444475
202401594 3293440
204635589 34443594
204726541 2508609
205037014 47747849
205038432 2677084
205781887 35295417
212791877 ashesofthetime
213573094 31811012
217640108 amandafeng
217731468 Boniubaobao
225103203 28583266
228082093 readeye
228084924 1447862
229981627 readeye
229982654 37814789
232941722 hanhan81
233518378 The_Third_Eyes
233757810 44389576
233895785 readeye
233936302 hanhan81
234125624 51478657
234888865 eilliott
235160727 44673527
235471041 45700929
239142935 readeye
240898326 2397345
240996364 37779743
241489466 6642219
242468711 39113599
246507741 36435992
250045497 readeye
251304393 liuliguoba
253186349 floatintime
255158906 44033597
255159525 46958401
255767925 ivylvyang
255777140 4679010
257481251 FreakMarilyn
257481687 50551930
258421274 xianya
258422573 bbcth
258562214 xiarongrong
258563787 39834986
258563801 43679025
260507955 1827584
260510400 ChrisNoth
260512523 penny.G
260512959 42577072
260513222 42577072
261809151 34525546
262100922 42135302
267111402 missmici
410364451 63583892
410365685 63419405
412480481 5315295
412505623 jingfish1123
412634997 59645111
413836219 dodoer
153726444 JLCW
155201255 42830091
155664708 hotaruly
156050698 1700302
156082318 imayday0208
156086580 44585924
156086815 35567630
157118986 loveguma
157120105 4334354
157202061 2558205
157259919 4284397
157292461 38359534
157437091 2357916
158856206 lotus-luo
158867996 45881805
160090179 3460484
160310415 cxcaramel
160760303 lingerluo
161447666 Ruiluna
161586978 45559966
161675999 2207213
161690166 39834986
162970022 26764611
162971489 sharkocean
163145443 xianya
163362804 44536698
163363779 45790628
163756810 pepperwu
164845982 jolllllly
164951334 mylittle1secret
164954466 1876358
164959315 atlaslin
164978504 sunflowervision
165529727 33776366
165704370 2013072
165704529 jessy0612
165705665 folkasqueer
166501517 lainey_chuan
166556187 26314486
166556522 m1ss_v
166975661 2192404
166977066 3892499
166979328 43560448
168296052 13710850
168580006 ufosasa
169282754 aviva5216
169599344 44598876
169601477 jiawen_rong
170829254 10729594
170829468 25918260
170829591 25918260
171976784 xiaoleng001
172290271 vvlemontree
173715438 sue.babalala
173723118 22110097
175944508 2622631
175947601 3436360
178957001 crystalzc
178957229 13760326
180183971 47121973
180570094 47751704
180665445 6742625
180666037 6742625
180851008 37203694
180888908 spade3
180965700 42406606
180966227 42406606
184783009 45477692
184783908 catherine_tt
185114019 loveboox
186376295 hellokatrina
186384692 44421805
186426167 x-miko
186615465 40667482
187671534 msbig
188122852 29104449
188270516 lluvialluvia
188410513 ssandras
188834935 43548364
189721151 4281862
192222078 47765000
192232472 39957659
192233081 Sus.
192234027 jelly-bean
192239010 2495271
192541850 lady_a
196502102 47409328
196503315 Connie92
196504176 jjxc
196536280 17473029
196536760 edie1989
196575176 46631430
197025220 tjz
198214572 lu7
198221678 yangyang.lyy
201342606 Mosquito33
201370982 48950992
201735734 ashley8829
201736225 ashley8829
201808917 duofunaicha
