150915748 lizhiping
150927853 43313276
150930209 tamsin
150968318 duanmulingshan
150971110 19503829
150996605 2534615
150998600 2324173
150998807 xixisakura
150998871 l.2
151297073 28046864
151301227 soulsick
151301503 1058427
151302061 35892174
151305134 1058427
151330490 lizhiping
151331516 lizhiping
151343740 soulsick
151349355 pcboy
151350132 jijismile
151350388 foreverwarlock
151352830 lizhiping
151380027 3972141
151380191 1058427
151444378 14626316
152559026 2547280
152562798 4694790
152637190 3394360
152639302 37920393
152806890 perfectly
152812396 40449701
152813442 2996506
152935345 36274082
152935732 cheng393
152943120 wildcat
152943525 daniel.shuie
152945582 37957904
152945879 sixiangzhe
152973870 hzcerock
153264161 JyuJc
153271201 42464675
155842176 lizhiping
155846192 Timye
155854953 fhuiting
155877702 1235347
156511910 3035347
156514193 2634433
156646570 28499757
156648634 2449505
156739531 jadeysuk
156756534 37731471
156765841 dankisue
156766777 soulmate-H
156768093 2283819
156768115 shestillcc
157417637 fywb2005
157422668 Seth_
157465881 anita117
157468145 45652718
157605628 blueYY
157605758 just_shamrock
157606207 jerrrrry
157781983 axjlbbt
157782374 SuperEcho
157793112 l.2
157796892 shiyu1983
157803890 3041964
158116589 3207581
158118974 41036093
158125221 2553406
158723651 DENSDZC
158900464 36416653
158903943 1820964
158905081 43071166
158905370 SOKO
159761306 mcgrawhillbook
159763087 yummieyang
159842829 Lucyceng
159846739 Aquariushin
159908933 is-ice-hot
165592001 lizhiping
165592335 hiba
165593137 41920373
165663622 2013072
165734458 mihulian
165738490 juejueyao
166102772 xumianmian
166191600 1063673
166195249 ninemeow
166245340 ECHOuna
166345473 ivydy
193177481 lizhiping
216202622 estelle_m
216229367 yumen
216231265 46237759
216349396 2603593
216353028 25305646
216357867 3415896
216359775 2929780
216361366 10803688
216361845 shiningmaomao
216362643 45663922
216364061 1057254
329198589 strawberryloveu
329198970 49020166
419430482 49253936
419444339 ihee1995
