169718229 ebe
169718669 cclcb
169968492 pengyuan
169969571 2980266
169970607 Olivialu
244799874 2224242
244804106 15692401
244804259 vik
244807339 Cbear
244809146 1688780
244809299 37749115
244812081 48433314
244863719 3898030
245056934 46345898
245057460 caojingcj
414726772 14562861
415100953 2527397
415453743 Rabbicol
416179014 nangongmocheng
416181216 65195509
416181282 65195509
416220676 ding19840111
416784730 10150869
416785478 39624820
416785610 Ean.Lee
416794273 fernandolee
416795522 tshimmel
416842485 55814721
416842650 mning1116
416852672 61273494
419283096 12992904
419637083 43724921
