212216224 48284992
212220301 readoor
212220523 sunxiaojing0417
212220783 2857008
212296311 hrbedu
212300397 poubelle
212302850 49539766
212303202 ao4paradise
212303842 MIWHU
212304044 fish_in_the_sky
212344417 1456439
213254659 DRM
213254924 ihaveyourass
213255393 timai
213263379 39943414
213267021 passengerone
213267465 1901822
213270242 8543415
225466132 kongkongruixin
388423155 48577660 212216224 48284992
388423213 48577660 212220783 2857008
388423342 48577660 212303842 MIWHU
388423410 48577660 212344417 1456439
388423492 48577660 225466132 kongkongruixin
388424564 miyizs
388472397 48577660 388424564 miyizs
388473548 z-silence
388513106 grace_xu229
388904571 2598777
389078416 diqiushiyuande
389111343 3293440
389769367 48577660 388513106 grace_xu229
389769527 48577660 388904571 2598777
389771930 graylucky
389836690 grace_xu229 388904571 2598777
390036740 2725106
390090034 1344334
390121632 51418518
417476218 48577660 389836690 grace_xu229
417479125 54871386 417476218 48577660
417598414 48577660 417479125 54871386
417606000 4347386
417606558 39544213
417685737 48577660 417606000 4347386
417685793 48577660 417606558 39544213
417713307 39544213 417685793 48577660
417716057 48577660 417713307 39544213
