229651702 51168066
229654007 sadmomo
229718154 48363077
229718379 beikeer
229719411 manch456
229723482 46465820
229746452 34413107
229747165 1774628
229750324 graciagao
229757764 31817325
229802513 43064303
229802987 3034099
229905246 51168066
229917108 33507899
229923375 46465820
229936595 hrbedu
229964443 sunlow
229972311 marcojienM
229972865 zoomupi
229973192 zoomupi
229983870 46465820
231827639 ebe
232296985 flora0109
232299485 highccc
232352894 2331544
232453572 silviapan
232467921 Raphaelle
232849404 smartworm
232851198 lazybonefone
264939000 wq920504
264940670 syq0314
264941583 Quid
264941751 Quid
264942197 48172985
265006720 3540617
265007411 32474021
265008277 everring
265008526 Mr.Bear
265012860 2039711
265013684 sthcouldhappen
265026848 Fan1130
265036782 2802047
265045966 1608486
265052280 amberjj0103
418153759 datou_angel
418156699 50717724
418670918 catisdying
419386834 46469122
419654118 sunluilui
419666890 1728894
419672934 CherrYcn
419676963 olw
419829261 1478265
419844227 63818261
