237100710 peggyhome
237101245 2674040
237101285 frozennine
237102237 Yuki.F
237102710 2674040
237102947 2674040
237103102 27727938
237106495 godblessu
237121348 sandy1989214
237123716 noelshen
237124385 3187313
237124465 44546989
237124745 ms.sunshine
237125270 xt1125
237125779 quanmaibreadv5
237127099 1754764
237127231 2674040
237127645 2674040
237128659 blacksparrow
237128949 xiaotuzitongxue
237129058 sandy1989214
237129688 ME.
237130503 yukichan0225
237131972 43984511
237133174 3293440
237133329 sakarism
237133813 CrazyChan
237152796 2674040
237159885 spade3
238412939 yue1990
238413278 1821872
238413290 jiayucun
238413333 gumantong
238414022 dearjessica
238414516 3089922
238433074 45192389
238434224 hamsteryo
238435309 bbq0409
238436694 3679503
238438881 2740501
238444659 4180878
238445072 1033077
238445755 minnieuknow
238447895 50280717
238466014 3403199
238471156 highccc
238475792 linsay
238475960 Ariesrenyayun
238476232 yaoyaogreen
238478585 ever_bright
238494940 2674040
238495397 4223238
238501961 highccc
238505222 1033077
238509215 7823810
238510203 44561707
238522972 2674040
238524121 47774966
238524401 Tammy_ff
238526655 1106317
238529558 careyli
238531032 ever_bright
238544355 minsh
238544576 joyjay326
238544604 miss.yinan
238546994 4316809
238549915 north.black
238550075 cheungmiki
238550361 c-star
238553255 43548364
238646529 50427531
418928804 67522812
418933307 43431279
419050746 52137207
419058582 42232508 237125779 quanmaibreadv5
419058914 67613432
419061019 Miss-Ris
419062890 mobbyca
419065075 1411789
419081546 winifredcheung
419352074 43431279 419062890 mobbyca
419353276 zhangwenjing777
419677581 linxiaotu
419683917 huihuii
419737430 64488912
419738041 64488912
419856954 mobbyca 419352074 43431279
419857131 mobbyca 419738041 64488912
419946950 43431279 419738041 64488912
