238909058 41531906
238909101 41531906
238910982 angela_hsu
238912581 angela_hsu
238912911 2614642
238913202 aliciafy
238913657 angela_hsu
238913929 carrieon
238914199 angela_hsu
238915714 miaoa
238917069 moonzt
238917321 angela_hsu
238917360 42245225
238917509 suweili
238917738 angela_hsu
238918182 iflove23
238918489 Miss-kui
238918682 angela_hsu
238918872 angela_hsu
238918954 42606300
238919233 2409370
238919515 xiaofen328
238919587 angela_hsu
238919782 47409328
238919844 angela_hsu
238919884 43865224
238919910 angela_hsu
238920094 ciciwang08
238920136 angela_hsu
238920218 chouchou4ever
238920266 angela_hsu
238920273 2409370
238920443 angela_hsu
238920644 24996957
238920660 35567630
238920781 kakasio
238921181 1270948
238921718 zhujiechong923
238921826 angela_hsu
238922258 angela_hsu
238923566 43865224
238923672 41534748
238923731 37161811
238923764 2791001
238927566 xlee
238933367 shuizhuhuasheng
238952592 forrem
238953542 angela_hsu
238954113 zuluatom
238957087 39776533
238957253 angela_hsu
238957435 carnation
238957517 angela_hsu
238958360 39498472
238961807 Thanatos_L
238962010 sunny-shlihg
238962218 fujishan
238962573 veronicafdu
238962722 48779000
238962929 48779000
238963953 3510197
238964461 ditto8157
238964596 46403807
238964942 1473793
238965240 2834490
238965879 mayuyu
238966317 35505200
238968061 4307642
238980528 48031326
238980883 40495921
238981464 26695939
238981681 cks1063121
238983240 47277763
238983768 3269868
238984058 lunahere
238985424 43594707
238985787 vensentee
238988797 iflove23
238991391 48363077
238991581 ninahuang713
238992276 50293701
238992851 49883606
238994330 lara-
238994455 lara-
238994906 9822193
238994965 3918449
238995269 my_little_ann
238997305 38805578
239000154 2655649
239000355 yezi1201
239005591 eleven910909
239005917 angela_hsu
239006205 angela_hsu
239006265 smilejinsn
239008152 angela_hsu
239011757 3635496
239012377 zczyl
239024834 flyflyflyfly
239025598 4209304
239026682 47087880
239554039 45502916
239555041 40915754
239555728 46961233
239601934 angela_hsu
239604870 zaodong
239606075 cool_cat
239609673 oliviawus
239618123 matizi
239619309 3558828
239619616 2275570
239712620 3486012
239713053 longgoodbye
239713391 3867572
239715911 1971815
239956120 angela_hsu
239956199 xiaxijie
239956497 1396278
239964859 devil-kinoko
239966649 9593140
239966856 Yvonne0418
239968496 47455829
239969233 lulilu
239969329 shadowmiker
239972087 cool_cat
239974362 krista_ran
239977585 lucyningying
239978684 16961784
239982046 2076497
239984783 3658387
239985639 43908717
239986418 woshiwmf
239986797 48868559
240003806 4369388
240014635 50952137
240015806 39372823
240017123 Ayva
240018381 avsa
240046844 lianxiaotong
240047854 sofalazycat
240048154 lixiadegua
240050208 yolandaskye
240052245 2108735
240052613 3807559
240054749 33479823
240055628 villy_l
240057226 28275637
240059865 angela_hsu
240060158 witch_su
240060313 35971893
240060325 woshiwmf
240060418 mrs.v.ed
240061054 xiaoxiami
240061057 2484003
240062220 katywong
240063861 ninvensay
240064546 aprilivy
240090511 kateho
240102930 sure0811
240103621 43144455
240117203 devil-kinoko
240120844 47456195
240121156 1514755
240121175 51117477
240121682 leil
240127015 8543415
240128186 angela_hsu
240128937 32571572
240135630 2373414
240138625 saltgreen
240166840 zawlwyf
240168558 43354835
240177567 boboaibaobao
240316480 angela_hsu
240316535 angela_hsu
240343420 ninjaa
240343976 1152483
240351548 40270740
240352836 43239533
240352861 absolute.
240353098 37344532
240358500 xiaomo0326
240360121 45779099
240403618 ann1211
240404247 NarcissusDX
240406954 2610647
240426773 shinichi
240463370 mydream0819
240477871 50773553
240482354 Sherryego
240505130 50804462
240645982 iMira
240663184 3347706
240672786 2828467
240673139 Rene.Nini
240679234 1394225
240680366 sjy0904
240681430 28308586
240683649 44099097
240692327 4267527
240715705 xiaoxiami
240724094 ssssnape
240767736 angela_hsu
240768206 2323646
240768786 51516782
240769105 wall-e
240769988 zoexubei
240773717 14987451
240774945 4252012
240783074 40907585
240785664 34264786
240785683 34264786
240785706 34264786
240793541 51193329
240800514 zawlwyf
240993650 47456195
241035319 51956367
241035829 2673473
241036437 4485696
241039935 sewll
241139801 2036579
241192866 yanooo
241197175 elinzhao
241197871 zz.
241277160 20935973
241277724 2598128
241278120 wuyuzhiyun
241314369 ljy_julia
241332562 51997929
241351414 Alice_lo
241365141 33747266
241365814 15406956
241366135 nine01009
241366449 momo1213
241378206 45502916
241378651 4071967
241379117 ericakwok
241380212 lainey_chuan
241380404 anmaai
241393135 27323715
241403260 cindy1024
241405733 phoniex
241406386 ddnine
241406526 claire.k
241407494 45175702
241407734 nicolewoo
241525573 mydream0819
241525977 41814954
241528615 dreamyworld
241532470 44601187
241534005 sophie1900
241534792 2839993
239029707 iamlizia
241534957 summeratbaoding
239031114 simiker
241535463 48242117
239031408 50038736
241577688 crazysuri
239032308 carelessxm
241586340 43201486
239033186 sure0811
241588558 3894760
239042852 cxzswa
241588820 3894760
239043580 angela_hsu
241589109 50505327
239043673 48363077
241592420 2805177
239045014 tianyuanxi
241593071 eva46
239045758 shuizhuhuasheng
241612126 bonjourvoyage
239045768 51816616
241633652 wudan11_08
239045829 bluemelody-sea
241634335 40466620
239046628 4209304
241637271 miqing
239046876 49619562
241984245 angela_hsu
239046887 qczg
241984677 angela_hsu
239064463 43315332
241986325 sunnyniu
239065332 nceres
241990064 caixiaonong
239065426 37957904
241990142 45175702
239066117 41991739
241993550 candy_sunflower
239078888 kimberly0826
242087692 4490908
239080300 kimiyun
242192986 45803275
239080519 3803915
242231585 lanjingling
239080697 1952367
242236147 50551930
239119407 iamlizia
242236566 Zoe-y
239120105 UranusKwan
242267570 freya_Q
239120341 xixifeng
242267939 49520443
239120406 jiuselu
242274506 vivian-wu
239121541 zhujiechong923
242274944 xxmo
239121981 hou-z
242290220 anan_li
239122129 pumpkinLK
242347849 angela_hsu
239133641 49553687
242350656 smile827
239136108 secret--garden
242351275 4702027
239138452 carnation
242352305 sonnyd
239162588 xlee
239163811 27997231
242353468 HopeBayy
239163883 niugnep
242353491 9473254
239164776 Mars3
242376047 maybenothing
239165548 xin410
242377373 2847609
239169149 1553856
242380953 44546989
239169514 julywaits
242381130 44546989
239170163 shunqi
242386100 3717347
239170981 43858216
242388891 buttman
239171016 roaring90h
242389300 cateyesonme
239171370 leegugu
242396276 anruolan
239171666 35464633
242442344 crazysuri
239172314 ewardbush
242442536 hychristine
239172496 32811784
242442692 jcx236
239173028 38904895
242443271 28562279
239173484 4591380
242443478 gyceedoo
239173942 dear_77
242443825 jucie1987
239174084 32663547
239174101 dear_77
239182935 47108393
239187867 sunand
239248433 virusvirus
239249085 4171554
239249607 angela_hsu
239250725 angela_hsu
239251382 3547139
239252736 angela_hsu
239252928 angela_hsu
239253698 asiaoo
239256774 46118532
239259276 bennyraul
239260767 secret--garden
239261132 Charlie.lu
239261512 honeyforest
239262411 30630336
239263463 missbecky
239264984 40821035
239281861 2904084
239305912 angela_hsu
239306412 44551691
239306544 X8
239307307 33100288
239310353 1355997
239320659 itoo
239321591 3486012
239333908 UranusKwan
239334404 50804462
239340114 JC_elysion
239341146 prinslab
239346393 skyhorsebook
239346939 monphie
239348501 amoqintu
239349865 jin0937
239350113 4100768
239350188 4100768
239352043 angela_hsu
239352967 angela_hsu
239353076 angela_hsu
239482953 50398883
239483800 bubugao
239485308 sooyeong
239485661 junnieparis
239485983 lil7
239539534 cqq1115
239540805 42127848
239550621 16040537
239553676 evoltv
242454102 sunnyniu
242528954 45803275
242529839 l.2
242531933 zhoudan0207
242534548 weiyandezhiyuan
242536699 youyuan
242542103 48997019
242543533 milk-jin
242544856 zhxyl
242545254 boyhead
242582824 1720128
242583458 chentea
242585090 12669637
242586105 yangrace
242590359 31202565
242653826 51646069
242655435 unwaken-april
242655929 45832696
242655986 Ruoyi
242663686 badunganzhe
242663777 42152134
242664058 fannytracyshine
242664311 jiayucun
242664743 Erotes
242664808 blbl1437
242667141 wanwan_Flipped
242667570 smliebabyyy
242667636 mirabelwong
242667685 mirabelwong
242667691 orangecele
242667777 kateho
242670335 25905013
242671743 dpop
242672207 Taurusess
242672330 yanshu1105
242673143 janefung
242673465 31483834
242675046 26946241
242705947 anne.c
242706893 Neo1984
242707312 31292056
242707325 4325257
242707603 2155849
242736705 2814669
242739927 13647449
242740603 48486880
242749160 42748348
242756130 2868192
242756730 46165508
242756910 littledreame
242761106 sweethief
242770415 45574767
242792389 51933059
242805704 33851142
242811779 2312450
242824168 dear_77
242827616 kirenee
242834155 hoppipolla
242835985 1162552
242838614 2153140
242840212 shuonierdaye
242844261 QueenaLiu
242845233 3272753
242846101 49858489
242846729 6223552
242850239 50188700
242851632 42690553
242852299 zw_hu
242853343 3824884
242853833 cecilezhao
242854123 cece115
242854967 LeslieLoo
242855737 mcjared
242856131 VANESSA_Y
242856827 2280473
242857449 2439824
242867535 3284941
242870295 fine_water
242872062 jiaping53
242873295 2242604
242878321 51369836
242884567 34459439
243013845 27513368
243014149 27513368
243029207 clean20
243031385 vinci1012
243059622 48032085
243301564 hanaroro
243301815 Trampfan
243302217 jackiepjy
243302515 2719490
243304717 qiudaoyu
243305061 4040316
243359922 moxing
243386904 4554714
243387767 liruizhu
243387891 niepiao
243489687 mimi4760
243557201 1752562
243592755 angela_hsu
243593271 wendy0
243593544 44594422
243593578 remnant
243609715 wanwan_Flipped
243610042 wanwan_Flipped
243636617 52158593
243638355 46111989
243823833 46165508
243824265 maoxiaole001
243932620 angela_hsu
243933000 50432338
243935805 3660670
243947461 39828330
243948003 museabc
243948141 museabc
243955991 42174950
243956223 sophie379
243975638 4415147
243985308 47399475
243986485 3725289
243987585 weaving
243988024 1412827
243994594 yvonne.diva
244002174 Jago
244006309 z_coraline
244006444 z_coraline
244006880 49702414
244007073 shier-nubi
244007623 linjingmin
244008100 creepanimal
244008473 Summerchestnut
244017102 VANESSA_Y
244020855 2196026
244065998 39374575
244066626 1725785
244345226 candy_sunflower
244376772 mysterion
244377882 memorylin
244379193 skywithocean
244384218 lynn0518
244384768 SucreCoeur
244440914 wllcx
244678429 angela_hsu
244679344 50427892
244681282 41733650
244819172 piscescott
244819604 4212189
244965758 43884071
245053203 angela_hsu
245072186 Saliwa
245072692 41933455
245074151 sherry122
245075402 eva1225
245121466 44700653
245132769 callany
245133922 45905955
245134790 vivianwangx
245174141 1720128
245174669 xuchao715
245176309 matthew_love
245180369 echo.zhang
245188568 yangxiansheng
245190218 4651388
245314695 echo.zhang
245329120 6625459
245330845 StrangersMania
245455819 wanwan_Flipped
245526360 3334771
245530083 slowxiahfish
245530975 45291796
245533108 1869060
245533428 41522184
245578237 4040316
245578704 Mpaipai
245688584 2233234
245698720 3501034
245811986 43241942
245889913 6625459
245890298 xujiashu
245960970 4504599
246132890 3212655
246372181 jiayucun
246576441 selinashin
248294152 angela_hsu
248461372 42758607
248512108 9775374
248512519 24827219
248512830 48472512
248513275 bieberli
248514752 StrangersMania
248555744 ZOEY412
248622375 52456502
248623059 4086847
248623178 totalbamboo
248627710 51342759
248628054 Pan.dora
248629494 Anna1314
248632929 4008223
248633825 daisyluoying
248636444 51392783
248636733 7448869
248676652 pilicheng
248677722 duodduo
248841817 50568635
248842416 Pan.y.p
248843420 lgqxq
248844242 annie353598542
248845918 dan7e
248854629 Dust.
248873347 45309182
248875391 xiaoyu19870420
248887804 50155602
248901327 51648952
248986263 3673708
248986617 ZhangXiaoXiong
249020317 yirenzhijun
249043561 48298809
249053553 14507992
249054000 tc-tc
249293125 26484499
249295061 50320757
249896269 48737688
249898758 yaoxueningnemo
249900787 46256392
249926177 33804295
249927406 AnitaUP
249927752 qixin
249932299 52606113
249941736 ylcl
249942722 dhong
250251101 katherinever
250253232 34375691
250254208 Aries.1
250257681 2849145
250495498 angela_hsu
250497522 rayseer
250645817 godlovesemily
250673630 41878547
250675345 hualin
250676170 45920757
250696100 44384908
250700498 2805719
250708433 zhizundouzha
250965933 43542904
250993116 xiguadaren
250993464 piaolian
251184474 lolypop
251184841 sevensu
251190303 45237607
251190353 freenes
251190657 tokila
251191824 13986217
251192101 xhh1992
251202013 48354841
251204688 Irma26
251204961 zhihuilove
251204995 Olivialu
251206367 49189549
251213537 4557290
251214304 pjh
251214511 lyabu
251215901 justamos
251216067 lavender.
251220791 7785724
251221417 smilejinsn
251224533 musemusemuse
251263799 2766855
251264412 3091154
251404119 ballacky
251414898 12000561
251417321 lovejidi
251417529 2707801
251421872 buchizao
251465262 zhuoshuo
251465886 11839504
251466221 41057502
251467492 helenhelen
251469052 niewa
251469313 VanillaPeng
251479591 whateverky
251492470 51715849
251493371 catchCathy
251505154 52720332
251505932 cola1214
251507801 Amazire
251509299 51768016
251524526 2190414
251559383 XXXU
251559650 28369640
251563895 traditionlover
251565098 catbabe
251565230 Charlene_Wong
251589098 1975052
251596371 1105319
251596615 2377525
251597462 fay1113
251600253 endlessibyl
251600998 34487903
251607490 52676064
251655596 7761831
271957846 3116374
271963567 Carrie.W
271964686 jessicashan
271964954 15855296
271966228 prego
271971918 46132581
271973147 hujun178
271974089 47121973
272043964 nicen
272169512 45444418
272172572 ee88725
272173294 25041783
272173608 Giccl
272334105 14002106
272416671 1487296
272468354 47679010
272551999 33352752
272558879 summer000
272560215 COKAINGZ
272691544 2276777
272716082 42300307
272716863 39695767
272748544 39880758
272759107 lelestella
272759714 adaong
272760074 1805823
272788834 Lisa.xuan
272824696 jktun
272825836 46249516
272827166 miemiezai
272827259 miemiezai
272921358 48726835
273253791 13256074
273664995 41733650
273670434 2527709
273683591 2233505
273857856 zoey1019
273873011 ovila
273878215 mysarah
273879914 liuyuxing
273884116 pollyskyland
273885327 44639374
273927141 yuki.ding
273933237 46571364
274734748 angela_hsu
274735205 47255950
274736649 angela_hsu
274857483 43315998
274857641 43315998
274938520 susie024
274939393 12489009
275380590 46428533
275586558 ayoobzhao
275594109 dancingd
275598758 oxtan
275725498 32697983
275725523 32697983
275732153 RwandaLuntana
275807063 bwater
275808085 monica0923
275808417 lucia0129
275808756 39396606
275967735 lostbabe
275970126 RHSybil1025
275973338 2875606
275976186 21119873
275977247 13112271
275978982 changvangio
275989554 47671427
276016084 oyearo
276282365 27549721
276322958 2275570
276363821 52301232
277413302 52896954
277414674 boyhead
277422009 monicaliao
277555854 14746379
277559783 grace0116
277563059 dancingd
277619665 41179391
277621338 17752303
277621848 emmashaw
277631249 1165988
277632384 30772031
277801392 52778719
277806330 30491049
278088957 Rom
278113522 2803965
278113750 fishwyz
278114079 ddddo
278152269 fist0332
278240800 47514626
278248883 1712619
278250480 one1139
278458429 46371780
278460165 47298387
278465391 fleurir
278467118 52112734
278467476 changvangio
278467832 35130388
278479527 1316797
278556408 17893308
278558102 50699459
278558237 MusleMan
278558341 MusleMan
278558375 MusleMan
278558440 MusleMan
278558512 MusleMan
278573414 sunguangk
278651542 meeizi
278779934 4055647
278795991 devotion_S
278798184 T-cat
278798721 lijialiu
278798967 1023610
278808117 4819713
278848159 buzy069
278849566 tjqiji
278849800 smartworm
278850195 cuihua
278852025 Mrs.wrong
278885112 48542351
278936594 50359194
278997051 uuman
279008453 46282670
279085543 joycew0125
279201747 Pancy824
279202176 44359256
279202266 flowerbell
279207838 46834237
279474262 xiamubeishi
279478439 33318289
279499784 52563182
279568761 ReturnAnan
279569338 52945523
279569974 2219469
279922819 hxjwllll
279935524 53529452
279977695 42133437
280123334 lengxiaoyu
280198678 dara-xuan
280199565 52484843
280225653 50860178
280226268 5883413
280566259 1783306
280569052 46929580
280569867 Catherine.W
280570011 Y--LOVE
280613009 juliacheng
280613050 x__________i
280613552 newtolearn
280613864 hulumei
280619720 53188730
280619947 43958226
280619995 sun2sun
280627253 49009388
280627509 fairkellylee
280631442 50527141
280631882 scorpiost
280638065 Lily530
280742722 43688574
280743118 VitaDolce0818
280743354 rudyxp
280746162 zhangyuning1994
280765749 47430124
280767408 FXYHJ
280796851 48147474
280796951 justamos
280796978 justamos
280797146 47198707
280855298 52880240
280889774 28314639
280926871 53663886
280929878 Annabelle-iLive
280940940 elissasu
280943526 34448202
280944759 53529452
280964776 46042952
281102913 33178841
281105304 51947500
281105442 51947500
281105515 6733813
281613705 metaphor
281615804 2519523
281654319 Lilian.C.
281655490 49873440
281671060 superman14
281671413 33618192
281671414 jiangyoujun
281673022 jiujiu1556
281674801 zhangzhihui
282364951 Lily530
282365386 AJNUR
282366566 msstravelpurcse
282389326 54448371
282391648 Ilovemika
282392449 princenan
282405636 lizstan0612
282425105 43299539
282425448 i-san
255712918 43838009
255727559 51008459
255789331 4171554
256087912 toubai
256131209 Scarlett-add
256145473 35971893
256260950 iamamikiyip
256371349 49731915
256375304 47463329
256383453 4209304
256412703 51680574
256478991 45309182
256929277 49736496
256933926 nuannuanwo
256934081 muchitang
256958330 jillis
256958735 35337276
257145704 flopowernut
257182939 luckyhui
257186249 happyswing
257189255 peapod_y
257191576 3489777
257995083 51732951
257995282 leaffirfly
257996236 mirazxx
257997545 Tutou885
257998916 Nicoleleeee
257999722 30944683
258001699 15447268
258055662 30337944
258058664 RoseLu
258085503 53212357
258094081 23981066
258187817 BIYE
258188841 3560972
258195633 2855179
258196144 floret_ice
258240334 angela_hsu
258240735 44690084
258244003 44509044
258252655 1089572
258273178 32271341
258363923 49205151
258365979 mblush
258366835 sunclelong
258367185 kerryluo
258368818 4567915
258370641 35808127
258370850 48319896
258371955 prhmeng2
258372160 nicelulu
258374207 6395724
258540095 tiffany_love
258545822 48916596
258584586 51255478
258587172 40372192
258593049 1991375
258603133 Nanally
258607059 34649834
258610364 40231280
258611658 jing328
258612183 Hanana
258612819 2218484
258629471 happyswing
258900744 lurxHH0607
258901866 50323890
258904305 jiaochen
258905698 yuanyuan9024
258905857 33788783
258920182 49004064
258951377 41629070
259042811 loving29cn
259234012 52898124
259242630 4347466
259242637 4347466
259262121 bbd
259263018 xieboduan
259264546 2733889
259800291 44509044
259822109 2253599
259824481 48502913
259826197 aseatu
259861909 37880792
261237422 48062222
261239508 A903494561
261239972 2820426
261240039 2820426
261847284 zengmao901028
261847813 1241338
261848408 35303197
261852232 ray7667268
261875046 ashilyuto
261877456 gx5219
261926600 qiansejj
261934580 44889133
261935908 pepemaxc
261991446 guaguapangdudu
262041110 46205219
262042205 hanyuzoe
262134000 nnran
262134857 marsisi
262198397 33347770
262340145 37526876
262342987 letha
262343964 summerry56
262361862 ayokyan
262516708 53451264
262595273 Carrie.W
262598150 26631873
262599461 47292586
262606493 1010622
262612767 34308049
262614401 29176854
262614430 49547103
262619256 45757804
262796123 2454257
262796674 sylviane
262804513 hmy_crystal
262884187 sophiehui
262887252 fayspeaks
267779045 47894723
267814168 yingk
267818422 42906845
267823485 buku675hot
267825707 45566367
267826164 foolishand
267974271 48302258
268019906 T-Dreamy
268075444 43738247
268077355 biubiubiubiu
268078149 silipan
268082100 ccocc
268126058 wangzh
268129700 plantae
268133055 RitaQ
268135794 52997460
268136879 nanmunan
268139266 cele88
268143326 dante
268175516 15716080
268175876 4803909
268179637 maydaysmile
268249934 2360293
268259856 doriadiamond
268301423 3163610
268393410 cecilia75cn
268394146 12227903
268592504 ZX430
268592942 nolaapple
268661430 45356920
268692703 40210645
268852779 2653895
268868105 SheepBlack
269585621 tongxiaoran
269631213 avrilsuisui
269632149 irapelife
269770346 53787813
269777715 44765269
269779106 luantf
269780272 35616012
269795452 shabao
269812765 4555290
269855983 49999315
269900365 44100895
269906383 3580729
269906663 georginas
269932788 zhaoxiaoya
269963878 53973966
269964342 SuremoreChow
269966112 37682045
270017043 49547197
270019164 52301232
270058773 50228482
270756191 40706105
270768252 51307786
270769129 45604851
270769566 babycat_7
270772767 3341497
271000236 43791664
271043474 43583311
271061337 39485054
271111199 unsane
271112134 2849145
271120990 52973766
271143737 1931079
271143944 2139244
271245694 2641654
271263939 48034993
271280229 46987737
271686592 51534374
271753346 kupt
271757872 4230926
271758510 little_eleven
271809506 xiaoxi1993922
271810302 ts-1908
271832878 lilian1024
271837505 54025184
271931591 FillySheep
271956644 45435295
271957191 4658345
288899579 39777173
288926749 angela_hsu
288935453 48003316
288940855 tobaccoxiao
288941348 Nikki.C
288942760 3341153
289000930 55367027
289003828 leader_icon
289018472 mesic
289138358 angela_hsu
289139778 1537960
289141721 prague2046
289438160 52785763
289438675 miffy1980
289438882 barbiepiao
289444753 kicky007
289479074 44144209
289482379 2309949
289485626 33411182
289496865 echolsp
289497337 53481531
289497362 chole707
289497879 2595829
289508689 39695767
289510118 xieboduan
289542486 54608934
289635903 4639847
289690353 cengjinghuoguo
289738151 44585924
289744506 3868746
290688462 49517643
290690504 Gypsophilaria
290983392 donghuiyuan65
290984742 50718367
291053520 bbcecilia
291061370 hellopumpkin
291062568 OliverQueen
291075348 ziqilala
291258200 52719670
291265017 1844644
293141800 XFMAI
293146159 34622709
293568415 shisanlouxiu
293577570 qunaerfei
293579395 3906778
293583984 breatheme
293632637 52151343
293633949 xtqqqqcn
293642152 lycbread
293656022 46886369
293656126 46886369
293659944 4860395
293660506 judyw
293660826 sindy2009
293661243 jessiechoumm
293671290 51549168
293687617 26489218
293696257 49040341
293697431 whaleblue
293698994 xuquanzuo
293709130 sakina_s
293711848 annorsy
293712533 urur
293712815 orangesgo
293713739 maydophin
293730273 naiyou1991
293730644 SSSecret
293742373 4563332
293746113 ycgogogo
293792401 effy.an
293815896 55274708
293816924 52992173
293829583 1725785
293833855 sunleiling
293834181 sunleiling
293848749 54088924
293872878 toriase
293928196 49010032
293928955 4690150
294009922 45973577
294099841 LOVEBUNNY
294151736 56043466
294155251 1955626
294160341 50716084
294175004 paopaogongzhu
294176196 49118788
294209453 3090928
294250809 angela_hsu
294327731 CrazyChan
294405408 greach
294407112 33760285
294509105 53229776
294509646 48436932
294511071 51786251
294511179 chumuyun
294564330 52757525
294570075 48296587
294599291 2838304
294604465 1786870
294812057 shiliu16
294855912 greenyyo
294879316 46737542
294879759 tuziguo
294942649 8835386
294944219 mckynlee
294952116 garrychou
294952838 1563943
294955798 Yvonnelu
294956950 Yvonnelu
294967248 zyhfh
294969964 40893150
294973687 seeyoufirefly
294995071 2846621
295081901 angela_hsu
295110322 4316986
295114703 3011740
295115173 lingobingo
295123397 Creamkay
295128770 56018986
295153666 becky_
295170298 3734754
295233031 4158579
295233480 BGM
295233675 2212675
295234409 23747202
295243300 Will-Farewell
295335993 yvonne_0620
295340391 36734956
295372095 anijar
295404995 greenleaf007
295405594 RonaldoLuiz
295406975 1537960
295408562 LynnZe890501
295410345 47160714
295419841 43633774
295432844 4575621
295434838 46556252
295435354 3669526
295444146 olli
295471853 46037031
295490809 41797280
295491280 4896060
295543233 38352611
295550456 2323719
295960889 angela_hsu
295965926 emotion
295965957 41797280
295966534 24759254
295971624 51652555
296013539 2372729
296021802 4258775
296023746 yidainvxia
296024175 sebrenna
296024792 2915771
296026996 49759080
296477961 3276758
296482658 MATCHai
296492030 55658043
296494842 foc
296497250 1786870
296526007 daqinuhan
296526898 gladdon
296527769 hye-c
296575818 angela_hsu
296576545 hehudie13
296581674 55658043
296603444 52795592
296608898 48757337
296610992 mochen0225
296653156 49318627
296653993 41652806
296682900 georgena
296683150 linglong95
296683513 3030189
296683816 43720410
296690323 elevn.s
296691330 huzichuan-Alvin
296716159 angela_hsu
296716394 angela_hsu
296716524 angela_hsu
296716619 angela_hsu
296718726 47535717
296726386 giraffe_olivia
296728369 chenia.y
296740003 49563442
296740399 iLanTu
296761079 talkloud
296766968 5698954
296771404 25305646
296771682 wodematong
296771759 monica---0211
296802878 46754045
296804732 angeswong
296806218 siyuan0718
296807569 4427535
296807913 45337165
296887208 55791068
296887668 44589835
296888480 sannadodo
296890150 saaandraaa
282661007 angela_hsu
282672112 47298387
282673517 feilanbuji
282684977 47643202
282688504 Old_K
282698527 VitaDolce0818
282700673 ziyusang
282700782 ziyusang
282721269 RHSybil1025
282723780 zhukaihua
282724255 3868746
282760789 selinahebeella
282771117 peteryeah
282793714 52785763
282866319 2932431
282870044 52533036
282871217 3489777
282872012 54728901
282928931 zoe.mumu
282929234 littledora
282944204 54227921
282989357 47849862
283015430 36782908
283022909 44944161
283041855 52282992
283042602 2152261
283142765 1342288
283358263 50860178
283403463 1437339
283485891 yuanyuaner
283604756 4683901
283879738 fxx614
283918446 stefeain
283930691 lysy20100525
283942147 rayandvivian
283942892 Diana_
284738483 sun2sun
284738997 49527036
285510338 52740479
285519667 sosoplus
285937221 4683901
286004760 3686559
286004901 hushabyy
286005010 lunzilulu
286492173 28968650
286492632 28072236
286495909 2797505
286633964 53000944
286638042 52573025
286985832 2661053
286989438 mrabin
286990845 sodajenny
286991128 tomoku
286991339 ftxnj
286995305 41208413
286996431 54440546
286998290 4067407
287072995 45482246
287091870 50718367
287113361 anslyn
287113477 dingdingishere
287117644 hxjwllll
287118800 noah_honeysuckl
287208784 36351939
287270869 29758047
287274460 passenger7
287286274 16910550
287291012 oneofus
288191140 vivian.csc
288193215 53622738
288195504 baocf
288204394 3150085
288292218 49375983
288303536 52573025
288319365 52605439
288320652 4920811
288322394 33318289
288352348 Kissogram
288411249 fnanana
288448625 14002106
288471213 46349596
288475041 monica---0211
288476541 52825028
288552536 angela_hsu
288552858 angela_hsu
288558895 54608934
288574726 angela_hsu
288575406 sweetiesong
288634952 14002106
288639236 leader_icon
288641484 45482246
288646057 ivyzhao
288647181 ljiangfeng
288670606 creepanimal
288670693 creepanimal
288722789 mely1986
288723214 46590487
288853646 2987152
288871910 48003316
288873729 maggiegogogo
251659229 gougou92999
251661272 rubyren
251831529 8412941
251835052 melongirl
251841764 Kate_
251852223 50402012
251906924 48089965
251907189 18283859
251950524 7491425
251951070 jinguangguang
251961775 51908299
251962259 heixiuheixiu250
252048278 celiaoutsider
252049210 13986217
252113335 musiq0517
252247217 summerdessert
252290627 52766596
252304792 dobear
252323207 paranea1993
252339999 2426188
252341684 FreakMarilyn
252342314 barbiepiao
252343111 proteanmia
252344076 3676579
252346840 50471333
252553697 amours.vina
252554162 salmonSu
252556437 3097351
252890954 zhuoshuo
253019334 lxft
253031912 yiwenevasu
253061372 angela_hsu
253064183 42220838
253064396 angela_hsu
253065205 zhuoshuo
253078081 2426188
253096971 2177414
253193276 huanye
253196988 mayukijuju
253197342 43542904
253197712 49870441
253198186 candyu
253200545 aliu525
253201729 Dana830206
253203094 mblush
253231550 44172403
253232009 48951688
253232689 35050434
253234634 sophieye218
253235100 4202838
253236375 andy102202
253247902 45943165
253252408 liucx
253260716 canzhouzhou
253261117 Sliency
253263014 Nisan
253345299 Echo_Baby
253348280 eppie
253371748 7785724
253427738 fashionyoung
253661398 yanmeng1988
253662247 marchbee
253680710 11391363
253888179 haiwailaike
253888440 4226245
253891631 lovejidi
253901695 limbo1991
254654920 windborder
254857544 misscurious
254861090 16437500
254877901 zhuwen90
254879141 40294072
254879798 38305202
254880602 37880792
254895551 freeash
255146642 52957016
255197355 3877891
255203428 7836409
255210029 roof
255217056 1855552
255219641 miracle312
255236818 38483578
255272385 6395724
255282371 yingying127127
255282580 invisible-man
255285573 49776920
255295449 penny.G
255374258 52043385
255434436 hifNKK
255443263 2916071
255465366 stephaniekwok
255465918 Jessica_1356
255466150 1944252
255467962 so-crazy
255468042 so-crazy
255468282 zifeixiaoss
255484202 missnothing
255486264 lionxs87
255508676 porphura318
255509696 always9172
296891297 lightsage
296899294 3030189
296904022 3030189
296905051 Kopduan
296907601 2554850
297069596 35811687
297069936 41083661
297070181 shenlansedemao
297089712 4427535
297090999 4051355
297091030 16334271
297093707 AudreyCrystal
298640789 56683124
298641907 nelsonhwc
298642767 53489720
298754474 LadySandra
298754754 2471097
298755475 19232141
298757821 babypapa1314
298772396 bye_1112
298773354 22401471
298773492 suerde
298802655 realaria
298834150 marchbee
298862808 wangstef
298863787 3584510
298877703 3044795
298878048 lgqxq
299077433 waitdoraemon
299084175 3405124
299084512 blur4love
299086826 Sad.chang
299267219 4672060
299267534 sun22888
299297778 42188702
299311438 yizilee0715
299313830 yiayala
299331021 1563943
299332036 49011132
299349474 42188702
299349645 2397617
299355911 4427535
299364505 14197525
299374564 35856191
299380339 koj6i
299380651 3820587
299392317 3427086
299411779 3095673
299816545 wangstef
299817174 2928378
299940215 huolijie
299971755 vivianwangx
300038646 52911013
300306331 shenlansedemao
300355752 feeling0924
300356313 wohaishishaonv
300357154 34033936
300357197 Steacy.
300374272 nevie
300375667 46555584
300376081 yumen
300379760 48235050
300380030 48235050
300380452 m.12345
300382242 11924144
300396124 56873925
300417550 33978856
300417611 33978856
300442139 53116178
301230753 angela_hsu
301245321 qixiL
301256887 sindy2009
301268940 45695551
301269774 13981179
301271277 lewx
301274534 48044896
301274870 junosmile
301275250 megan-guo
301280954 warmpluto
301282035 moreely
301284739 48576279
301289305 vivianwangx
301289746 7158011
301301514 yukiyuan
301301684 legendlavender
301301835 48319896
301322994 zaizaixi
301329181 3469022
301386471 susie_su
301533777 brenda926
301534908 u-topia
302065965 rtyuwew
302144236 3469022
302218267 3293007
302382543 47499722
302429575 violetimayday
302430113 45193477
302517150 R.hyme
302520235 54207870
302521925 10046320
336015351 liwenjin
336015889 41424043
336029424 42061040
336032564 44374216
336055131 van_canto
336126263 shizhe0314
336150521 50691147
336240895 51323741
336241350 porridgelxf
336807276 50738916
336807595 41850451
336810594 4723158
336811440 57922974
336815916 47225493
336911898 angela_hsu
337105310 ljiangfeng
337262560 polanhezi
337264533 Joyce0430
337266917 47455829
337402241 53795248
337431715 czk22005129
337432898 luenluen
337459511 yasaki
337460155 Mr.Dragon
337460774 51118765
337462046 47867126
337462156 27989209
337462258 c711226
337464539 47867126
337466441 claire77mayday
337476712 47302356
337531523 muliguiwei
337551860 zhemu
337552589 52269049
337553012 joy11111
337556032 49447708
337558323 44512097
337649943 inkk
337650414 utena
337650570 27087512
337680437 51234752
337682108 42437898
337682970 liyuanhgys
337683198 castrana
337688541 44690084
337694050 49805018
337694385 cat_with_you
337731061 52444636
337893867 45336787
337901062 58624538
337938337 lilysoku
337938917 2550090
337941678 52895403
337951213 liweijie165
337956473 57704963
337961142 fuckingdayko
338010799 shaj
338024487 49561096
338143456 59905251
338171320 2719490
338182970 zjRachel
338243371 maxiaobai
338364097 alifence
338372351 42539132
338372581 Oopsmas
338587884 42629279
339174327 60765531
339174920 Stupidaa
339184495 7063994
339206166 1023610
339215577 lanximu
339215956 3140916
339216042 49017515
339218023 50184921
340555661 41130035
340909326 50735073
340909885 castrana
340914729 40690229
340918702 witchcrafts
340918706 59966954
340934157 2928311
340935488 ripmasker
340935493 1524647
340935899 mercury18
340935926 28038417
340936686 26741417
340938231 59253028
340939240 doraemon63
340942482 shirleylyly
340948878 57239235
341003080 51461652
341006684 Castored
341035048 busyman
341037426 3689007
341079074 49145182
341088265 2831521
341349117 31322096
341349851 11159801
341350837 47298612
341360467 49120592
302582570 50664406
302586570 monica---0211
302588483 girasolecamilla
302606520 55309072
302646472 persephone.les
302652297 49153230
302652407 vanillier
302652497 49563442
302709021 55751212
302710562 46845255
302710704 rubiw
302711041 irenechenxl
302711727 13525327
302721837 1437339
302723904 bellahh
302739671 51293076
302747440 57108681
302747705 holyholies
302951534 11924144
302951817 deazrael
302952144 Christina1992
302954469 quanquana
302955796 3571176
302967006 dayday301
302968871 48778355
302969394 hothotdarling
303192836 angela_hsu
303193179 angela_hsu
303198258 angela_hsu
303200568 47499722
303219426 16662401
303220674 29459358
303258637 30734435
303259036 syzhere
303270114 zaizaixi
303271750 cat1026
303350255 sevenh
303359335 39516270
303361700 3961611
303363547 45181395
303367393 51016333
303391444 57170192
303464348 47461625
303495096 dingdinglove
303620666 55751212
303643695 4100768
303864512 qiuchang
303937065 55705482
303955372 adaheart
304087946 3668867
304095074 3642983
304097342 cottonqueen
304133916 DDdoris
304176143 endlessibyl
304191215 IsabelElizabeth
304251901 jovie21
304252320 on.1.y
304253133 4034710
304279923 2238984
304839552 50020562
304853164 lilyandchanler
304853948 47166725
304855813 34923798
304858041 bama_wo
304894499 55679147
304895042 53680949
304895445 tea7th
304902439 cdpfutureever
304903223 4716857
304903396 2564298
304904005 33759954
304908651 55819052
304911702 39196989
305161498 SSSecret
305225591 51698581
305300329 halfpurple
305606994 feiyu1989
305638696 56363312
305638755 56363312
305638962 shashouxiaoran
305713340 qiaoduan
305729312 45402714
305791946 melloima
305881119 52994236
306094219 chenia.y
306132853 lexiyan
306147351 MISS_LUNA
306148679 huazm7
306152519 godsbabysy
306153136 hi_Gsummer
306158248 47476631
306169236 23051473
306213275 cssplendid
306215328 helloyoung
306221474 zebramomo
306224716 Nseul
306277096 53835715
306292741 57355809
306377696 4527885
307539800 angela_hsu
312556406 dororeis
312566853 44877778
312585721 54625504
312586897 Kydhot
312624512 47236298
312672309 35034053
312672318 35034053
312703208 57332969
312703512 honeyees
312714981 seeingdevil
312721027 47715196
313038551 39390343
321498016 lovejidi
321501835 56868021
321505928 52825028
321506685 33326759
321513704 xmjiangmin
321516331 elena0326
331353580 47733707
331354874 SSSecret
331571892 47497340
331574282 25677385
331589994 lee1008
331601826 49590792
331602057 3968397
331602584 3855881
331607128 32839688
331609336 44690084
331609611 leona.
331613300 woshigehuairen
331614435 Mac_
331616808 47773239
331620549 christineye
331621912 lovelastforever
331627086 57705190
331649216 baobaoyeah1004
331750830 55459077
331922207 59630912
331935645 57968191
331955862 willwalker
331956683 vivianight
331981494 59300483
331982996 vivpan
331984899 2659651
331985224 50223981
331985589 57436077
332010901 lilyforever1206
332023229 vincent.rh
332093071 NekoHelo
332093809 Thanatos_L
332098322 wongyin0728
332114095 37930768
334400655 Kydhot
334409201 8835386
334409809 59540996
334422580 42976149
334427391 babyfaceY
334535167 57922974
334536389 2210415
334538979 yitinglu
334539067 27216662
334540282 40443662
334576123 48714669
334600228 zhoudan0207
335179779 50801318
335180149 Khippo
335180212 er13
335182723 3460281
335187399 cccowly
335250879 49134455
335259349 tonynova
335261010 59630912
335453869 49699251
335455407 pinpinwantyou
335458570 Poisons
335489627 Qianfei
335490242 3466983
335490542 Neo1984
335589407 52866477
335590024 lulvye
335618750 46282670
335620804 everyang
335622047 47033430
335662253 53944227
335676634 51163944
335750342 jessieyang
335751251 Amour-Xerophyte
335753474 cheer48
335755087 lolita_L
335757544 angela_hsu
335757846 37957904
335829750 45366902
335855907 pippin_2008
335987043 56965074
335987584 kukiy603
335987684 minisoulful
335988577 kkbright
335989935 41326258
335990278 hongbulvhuaduo
336014075 kkoap
348206193 47867126
348219609 3766628
348255633 spprrincess
348284248 vampireluvbenny
348284775 3085385
348291247 zhoudan0207
348356561 49270269
348357315 50144663
348384963 60851534
348423270 4414113
348430615 60290156
348433028 61283597
352154496 caisuijuan
352161043 54927245
352163985 37694834
352165771 4561799
352168071 39249989
352168651 54978559
352196422 evoltv
352200407 61444182
352203906 wenxisuu
352631544 44863168
354799933 4562335
354800546 58139352
354800821 2562348
354824667 wuya454
354893660 eveningmist
354894363 sdeer
354900348 fannieron
355747338 kkoap
355842422 61053155
356056883 28859718
356075426 48292656
356080474 fariy.jia
356087026 2687132
356093682 2253599
356244296 54507191
356273010 47503793
356277727 52745008
356285030 58635530
356291601 2462746
356548946 3725749
356549186 abcdr2328
356571098 51779348
356577656 Monoc.xi
360439122 49017515
360441242 1819300
360459924 61936386
360460435 lavender.
360594271 52217558
360699266 42081138
360772654 51835082
362501647 yves2218
362509404 linmaruko
363486937 hey_cucu
363509255 Ge_Mini
363538598 50068618
363548570 ShinoCWX
363554264 59433548
363557319 57729139
363558687 Midoriccc
364127553 62622298
364142054 mercury18
364143376 51611667
364147917 SuperDora
364156212 61754498
364157527 Kiali0715
364168118 45441664
364170067 61529863
364171111 chobit.w
364175940 59863235
364331601 sukidage
364332469 udaren
364346331 VAN1950S
364346436 VAN1950S 364346331 VAN1950S
364548663 TLOTR
364818287 4260161
364820869 sul5
364946724 43967428
365022544 60534640
365023504 60947716
365023559 60947716
365029130 buruxiangwang
365029286 buruxiangwang
365030304 elleen
365046495 60009578
365056391 46467695
365056974 56729372
365062020 lisafly
365099568 zhizhi_marvel
365101522 49246315
365111698 Zjoeblack
365135779 59087140
365144359 51463651
365274558 star1
365305467 herpina
365306318 4618748
365306476 38384245
365306528 38384245
365326696 53864661 238912911 2614642
365331016 32447472
365352864 53864661 365326696 53864661
365357347 47716226
365360374 56796623
365420918 2614642 365352864 53864661
365421310 huaier0
365424621 36746091
365426294 iammathilda
365427941 51812394
365430583 heathergo
365475322 lookdesire
365505661 shallotwu
365516086 do_ob
365517214 48043404
365673718 zhaocong1015
365679331 54362720 238910982 angela_hsu
365753924 58203200
365754398 52216501
365860527 42630190
365874301 63340109
365954042 45928840
365955883 searyn
365963532 41035734
365967772 shiyun.sherry
365980552 anandeyiyue
365997985 61868980
366144669 51266347
366417206 38051573
366418116 53657711
366426493 IamMagicQ
366428924 2190414
366509366 littlekiss12855
366730788 6984569
366741414 51164614
366833032 3526932
366834594 1563943
366842855 49249135 238910982 angela_hsu
366849144 36605047
366855737 61471058
366947596 53935539
366949108 63430923
367187265 48485395
367197565 TheAir
367224572 cake.J
367234604 KenFrancis
367272645 62269020
367483839 62331884
367527291 57200979
367528332 Dling-YYY
367528492 hellodreamer
367529452 elmagao
367545636 coly_00
367546784 62718621
367939206 53446822
367939747 midnight_sun
367940184 crazychenchen
367950738 63421226
367952061 51022432
368182550 62521245
368245578 54167348
368267949 62934185
368341956 E-music
368604951 45193477
368606034 CharlotteKo
368628422 58078574
368671626 62451302 238910982 angela_hsu
368673464 yovia
368674944 FreyaYao
368691402 28486896
368730213 63340109 238919910 angela_hsu
369211165 54167348
369235426 62521245 365679331 54362720
369236868 jing0417
369239416 littlemood
369240176 62029391
369284496 58107959
369334993 63518050
369335557 seraphdin
369340268 OceansDeep
369341956 59770777
369344053 60074115
369345803 37232918
370039983 59433548
370045438 chenzhenya
370047319 53894225
370048007 2730107
370090725 springijs
370091921 3863157
370092139 Zobre
370248070 59339605
370521359 62835606
370635741 61116161
370750632 39700111
370753213 60157220
370803971 32447472
370832156 justisw
370861177 62817847
370947215 47487877
371341220 52803260
371344644 38575711
307599632 55751212
307603453 cinderellaa
307603906 sunnyxiaolinyu
307604016 sunnyxiaolinyu
307889277 50253921
307890040 41474106
307890113 3390877
307890298 40580904
307890576 kidultly
307903155 50578869
308010853 wenjiao
308012667 54524341
308012757 54524341
308015512 bigtommy
308019658 jinmhwong
308028557 45366902
308067546 41849247
308092146 50622952
308092902 incredibleman
308136028 4596881
308191700 dearrenyu
308416406 zeroera
308431554 37176848
308436990 54605697
308437401 xiiiiiiiiiiiiii
308455755 sunecke
308544047 wmn
308544522 kakokko
308572378 46746515
308587329 3420640
308587640 happykiki
308588215 xiatou007
308798654 lunatara
308800390 1350784
308802318 47297173
308816227 Martin_Lv
308818816 cocoa1990
308822550 biodon118
308823213 2401338
308823443 appreciation
308824250 weizhidefx
308825812 salimahlee
308831776 3116374
309588150 42881788
309628981 RJ...
309631291 47516305
309632658 goldensunflower
309636730 44955074
309954855 journey..
309959880 Japhon
309960796 36460691
310067058 smilenini
310072844 52231179
310074666 sofiaB
310079430 jjmmdd
310092056 yangxiansheng
310093483 Stupidaa
310093621 3491858
310094716 reburning1314
310095206 jinjiaodawang
310201593 2170912
310231221 cherieliu
310237662 xiaoliuxu
310245955 51325492
310395962 54612456
310407116 40380042
310408241 16435041
310409691 49038476
310424911 dgdwad
310502671 53342621
310557465 56050899
310581365 54949191
310633149 chengll
310635404 4697439
310649109 54785498
310747008 57804799
310920454 41551832
311058833 44024491
311062643 38166122
311063128 57118692
311079875 49560247
311080449 seafairy
311092702 57823752
311101464 44585924
311143214 48537306
311147349 nianjin
311562674 33977432
311950096 shanlingzi
311950411 48047604
312052246 51763114
312179867 4874267
312243144 50064190
312244986 2797505
312245467 10230390
312245616 franchisehsu
312434387 wangzh
312435838 gu2evit
312436803 godnightoldtime
312513381 52605439
312548218 56288501
341384161 60210130
341385872 ChrisM
341388157 anymore2007
341389830 legendoffern
341440874 skip.beat
341441625 60177876
341447974 11102252
341448508 49644229
341451930 lalamu
341452940 vev
341566371 yanqichen
341568320 52402002
341862221 3868746
341928587 61056206
341938532 criander
341949422 33330280
341949896 z.cici
341952433 44705339
341952984 yanzhiwai8023
341953695 37811832
341960226 mumuzhang
341963069 50076313
342061802 44860330
342062547 39173987
342097234 1438428
342401804 46562438
342452293 49190298
342457005 rzs
342592690 49699251
342594184 fauna
342650172 51851799
342656499 48066628
342656654 48066628
342656691 2921561
342659329 jiajias1216
342662299 cecilynie
342662514 TLOTR
342666640 psychexin
342685882 2264245
342854313 summerchocolate
342891217 47165805
343105511 39394879
343107963 bigyang
343115054 37268273
343115750 sssssue
343298355 34171613
343312380 57481418
343331504 37092336
343354794 35546147
343358103 29045489
343360680 karena1216
343361235 54501889
343854863 34171613 343298355 34171613
344007223 51908986
344071874 4355875
344149764 44518834
344150216 54461130
344169978 51412810
344170498 X8
344194995 61314996
344437556 teethless
344500137 tianlingzi
344501287 1114488
345097309 50419216
345103936 idesigner
346190531 30922736
346191767 3420640
346221885 61510944
346247924 60891830
346764436 50144538
346824352 54221428
346825406 shiyun.sherry
346828173 55984813
346895255 code749
346928831 miffy1980
347019052 happy_everyday
347027804 59903145
347029665 icyfk
347032110 linjingmin
347039893 dandangobelieve
347045209 41037958
347056591 51237236
347095914 zyp1994
347096640 joyzoeyi
347108296 ivy-0324
347109465 56006577
347901250 47381960
347904198 daiy
347919452 57372369
347920094 48795879
347950234 34171613
348037918 lamaqiannuo
348040215 afc-wwf
348041215 57784065
348128222 wegod
348139613 53266081
348154294 60737788
348154610 58466904
348191444 61698036
348194669 syylrx0828
383307661 64095947
383311244 40039657
383325259 54519195
383506411 48463533
383523075 3872883
383852555 57956741
405623500 57303542
405917158 58929097
406398121 48785209
406398807 clover1123
406399334 fan_ye821
406399446 ddancing
406690144 50485961
406699601 SuKyMan
410344185 62364405
410349724 1212071
410391544 dafeitu123
410436365 xiaoqiww
410481576 angela_hsu
411333173 49443051
411340793 49443051 410481576 angela_hsu
411341352 55786138
411567394 angela_hsu 411340793 49443051
411573004 51441827
411575069 46425400
411613157 angela_hsu 411573004 51441827
411613174 angela_hsu 411575069 46425400
412848253 51441827
412992481 angela_hsu 412848253 51441827
413170949 57324233
413204020 51441827
414140651 66710291
414189745 lovelyxiong
414636210 3459886
414636388 3459886
414778963 59132566
417490104 55786138
417780553 61961144
379175080 58886120
379177079 4640757
379178622 53414949
379184620 52360177
379185514 wenpower
379190727 52270446
379192035 40576309
379195278 49471496
379196498 55633117
379197854 38451493
379207055 35007149
379215635 64143837
379755877 45139797
379765893 likoloveswcfev
379773957 hemeimei
379775126 59123759
379777309 csaver
379778225 3962316
379894668 huayeah
379895430 4629009
379897435 losszine
380003601 schemer
380005004 QQMMM
380050640 61681470
380051454 mornight
380110243 qingdecember
380187688 49660094
380189262 zoooey
380189781 64420653
380210570 62932842
380627653 zerm
380705956 dami0212
380723532 57469671
380727628 4349180
380728142 61081023
380771395 58522887
380771864 1605031
380867032 4166635
380955489 daisy_said
381198820 2309454
381198879 2528573
381203841 62277690
381207691 50558478
381278228 50558478
381281287 pinkdehouse
381281481 59334218
381414668 62922580
381648213 qiuqiuqiaoqiao
381648646 4172366
381751189 s-erbai
381759599 lalaer
381769756 9784110
381772679 lilyjoypotter
381778503 61897389
381778786 49474564
381779107 50458892
381849711 39708774
381952324 49518155
381960700 64584306
381962707 Stephanie-Lee
381968123 shiyefengyin
381968587 61156002
382014497 hipudding
382015737 sugarer
382020493 36451884
382023437 chenymeng
382030500 juliacheng
382090722 58522887
382093413 37009293
382094708 36913819
382095134 53642144
382097941 jampopo
382117238 40551337
382118424 amanda1021
382131708 32598966
382135310 cherrywbf
382267548 Roseee
382284201 42081138
382946964 vera722
382993164 sixuanliu
382994208 nofreelaunch
382997852 43597720
383035668 44881756
383055717 3886827
383056169 yemeiyingtong
383057543 3173595
383058787 52892632
383059050 17810071
383060108 23981066
383256210 57956741 238910982 angela_hsu
383256483 52483802
383256873 63603889
383261206 49157005
383263591 jordan23king
383267513 56924722
383270376 50796445
383304203 60299506
383305955 41521896
383306327 moqidaren
383306900 44857959
371345013 53522720
371351230 zhima1125
371352448 3082027
371663930 Meloro
371666111 57907112
371666257 Nisan
371686862 37253839
371689028 43369844
371694845 59634949
371870052 49246315
371907423 3494531
371911086 3261879
371913740 48737688
371946625 35644976
371947053 56500730
371962266 2831521
372018097 43029669
372019128 fishgarden
372019324 barryyoung93
372821193 39208936
372821399 39208936
372821414 geminifreak
372858879 llyfish
372908700 63915428
372910026 41993393
373131823 4385779
373143785 wulalaxilihuala
373182168 57872405
373182206 57872405
373182210 57872405
373185155 45629976
373185358 shanshansss
373302030 eileentutu
373303556 60187645
373303638 60187645
373530257 sul5
373578762 46560322
373579123 lilingmo
373600496 38799424
373610720 miaomm
373610924 51814535
373611156 eiyo
375869208 19232141
375870365 57638698
375873755 44863553
375903113 ishawong
375907751 dhhbanana
375914231 zhangjun3124
375929442 googoodebra
376028210 48442081
376041251 64053920
376061412 ANARKH
376063581 3803636
376065733 children.jin
376065805 60190213
376066510 46729501
376066680 loveinpuff
376068660 63705061
376068871 bzhi1121
376073038 57606673
376073666 2591786
376074223 milamiyaff
376078552 3764799
376081145 55819225
376081235 52411429
376081598 50692228
376081658 50692228
376081744 50692228
376081909 kandeqiziji
376084411 53008861
376095650 44696793
376099734 shalehou
376204930 isabella.cullen
376292098 63537137
376293906 49156421
376373708 37731631
376374279 47892933
376952106 38483429
376969945 suxingbo
376970283 helloCCCCC
376977708 yuhee
376981296 wiwii
376982709 51770038
376983466 36673752
377681163 56288501
377683697 rasunsiyu
377871901 ss222
377889682 2864326
377894603 luanchenyang
377894917 duomingOOO
377896230 YXY993
377898821 37694834
377899358 zixuanxixi
377899949 58018281
377989453 48516038
378988559 may.x
378989375 3911866 238910982 angela_hsu
379002224 12078677
379003191 suwangchuan
379082570 48583414
