277243983 DLAM-J
277260148 onlyray
277777885 hypnova
277785581 46701700
277786252 karkarbear
278977565 Howtogg
278977709 52469503
278977840 Blingbling
279745235 chentinger520
279745368 48597678
350404508 50231542
350406213 sandy1989214
350411515 1243427
350434829 lilies_Shawn
351033449 posuoluo 350434829 lilies_Shawn
351047595 48709072
351071672 lilies_Shawn 351033449 posuoluo
351072032 lilies_Shawn 351047595 48709072
351072614 38869763
351074355 xiaoman_lee
351075482 shabibi
351076091 54868027
351079671 58204797
351080049 witchcrafts
351108632 duo14
351232672 Hazel1219
418245699 62047003
418327999 baby.w
418338077 liyyuan
418338293 liyyuan 351072032 lilies_Shawn
418339557 54250928
418339870 22251803 418339557 54250928
418417188 67469213
418604378 38837322
419618049 47025136
419618946 only_zizi
