291067502 3400164
291067543 3400164
291067610 1838556
291067774 52689540
291067871 53107006
291067884 Aviator.1990113
291068307 pinky-lulu
291068391 52689540
291069968 52689540
291070871 smallspoon
291072556 52689540
291073166 sandraxie
291076247 44433329
291108292 zhangxiaori
291108905 49513713
291109400 MovesLikeJagger
291119413 55743786
291125154 naso
291137648 1631095
291147146 52689540
291147523 52689540
291152677 54653232
291172464 sandraxie
291175004 sunflowereva
291176166 ling0523
291176664 dayup
291177595 itokinblue
291178695 wushengfeixing
291179017 jessielee1112
291180567 2605144
291181068 foreverHKboth
291183048 ninvensay
291184593 52689540
291193419 51670462
291199655 27452429
291201091 tefier
291202039 heyallen
291207079 50032889
291208278 indygarden
291211972 ge77
291213028 2039711
291213424 2046108
291214423 augusthang
291248088 53123379
291248313 45096927
291248663 bogeda
291249547 49316978
291249792 1315025
291250010 lin464781947
291275811 4372877
291276433 feifeiwawa27
291280193 4819166
291282648 sodas_sha
291291777 dlim
291292708 qingyingaoya
291293882 52320130
291294721 qingyingaoya
291295462 eleanth
291296009 hansongluo
291296691 dayup
291297660 46930512
291298073 55409747
291300408 xiaoaiai
291314987 52689540
291354172 37046327
291355518 oliviahaha
291356768 edie1989
291365993 ashleychenyiyi
291368608 lnnlnn
291368816 15995612
291369186 ClytzeD
291371348 lostcat84
291375381 guanglv
291376907 39390343
291378854 marjorie.shi
291379485 2631537
291379832 46073636
291380198 ever
291380483 2322080
291381413 3055844
291381824 samanth522
291384932 ToT.oro
291387136 strawberry_susu
291388013 dzhq
291388419 kouxiangmian
291388559 nude1016
291388957 sonnyd
291390602 52689540
291391706 waitGF
291395114 ohmyEggie
291395197 chriswong12
291395960 52689540
291407738 facebig
291541973 miantuomm
291562030 52689540
291563061 gumantong
291583679 52689540
291584286 49454066
291585534 4368617
291585715 52689540
291587207 49762421
291587754 49762421
291587762 tengli
291587998 44137911
291589877 44471050
291606944 2542530
291607474 52689540
291611948 lenky
291612271 gabriel.yu
291616229 x_dodo
291618375 guainunu
291625754 52689540
291633195 2542530
291636296 52689540
291638256 49742101
291639016 2542530
291639591 susan_egg
291644606 52689540
291649057 2542530
291649301 3519353
291650628 joanneyeung
291718663 51481185
291860290 52689540
291864317 4368617
291864411 sexymask
291865927 52689540
291866247 nemochong
291905961 52689540
291908822 kuanghom
291925505 1971410
292480559 52689540
292481047 48044896
292574380 1197093
292574770 Louiselly
292654296 52689540
292656894 34558623
292700713 49394065
292746463 47774955
292748502 34322497
292748700 36190745
292751707 hahahha
292796987 52689540
292797399 carrieon
292914494 34306353
292916925 Queen_sa
292920480 gumantong
292923800 47661007
292926498 1691493
292927232 Li.z
292930548 lovepoppet
292935117 JakeVeelen
292945904 43383942
292946586 4589430
293509265 3381042
293528035 1994230
293530084 fengyizhong
293530793 Sinnt
293535265 36395690
293565966 40424095
293566897 52689540
294614613 hulala123
294625534 1844644
294634410 nd4spd
294663196 45056606
294670606 King_kkk
295293037 ly_elyn
295293623 ly_elyn
295485825 52689540
295490762 36510703
297361962 MoonDark
311900280 sexymask
311903267 buagia
311904240 kyohou
311904754 3467042
311905623 1738127
311905892 3796092
311912116 27751864
311916036 hillyls
312241525 macobs
312244034 39230768
312245568 48341799
312247103 1257421
312248392 ShareAndMT
312249302 xwzcds
312253039 1257421
312253462 33471199
312253813 46774953
312254560 1257421
312254884 2666103
312256622 54653482
312256740 istefcan
312258023 amyluvdogy
312266349 26549205
312266507 1257421
312267369 3388021
312270946 2136062
312273872 prince_lam
312276383 Alopaca
312277266 eilliott
312281012 49394065
346627077 troytian
346629080 1769014
346629869 2305782 291181068 foreverHKboth
346631509 sofa-Q
346641334 56489443
346650664 40580049
346651035 40580049
346659785 60067627
346664186 55663989
346682811 gongyin
346700978 4584137
346735542 4258428
346739128 61359326
346741264 47255940
346743332 jiuselu
346753111 nia
346854239 1971410
349041830 2136062
349043167 61161640
349046531 2282448
349046623 2282448
349052386 xiangxinzj
350199888 yichuca
350221614 3774087
350229102 Ms.tree
350247735 60783800
350251416 maoqi
350256328 4280150
350545112 3156023
350551382 61875738
350552479 lamhosam
350553260 2447365
350555854 blowjoy
350559034 amysun
350595651 ValentinesDay
350604376 jiejieliu
350606957 attel
350607458 guojing41137
350607604 56676180
354747471 antzhyi
354799421 60264564
354800617 3734656 291067610 1838556
354918225 55955150
354933714 cynthia_cz
354949905 61630591
354951708 51462862
354966897 LouisChow
354969037 59706934 291213424 2046108
354972255 34873939 350555854 blowjoy
355547528 44480319 291380198 ever
355548848 59569129
355549465 53360191
355575455 40212317
355576675 xiaojunjunly
355580735 2163498
355585640 27417068
355613353 ever 355547528 44480319
355613757 40780710
356701358 42285162
356703916 61753155
356708283 2086948
356710316 babeltower
356807510 guaishushuluoyi
356808071 60770711
357117875 32430755
357118697 Iris_1988
357121133 46245040
357143430 1115958
357146157 46159246
357976550 posuoluo 357146157 46159246
357993516 48333582
357996552 nimingdebaobei
358020537 echoissmart
358038535 besta
358042073 61350220
358042484 2683237
358045363 62591787 291585534 4368617
358047057 58306307
358047961 elfme
358053213 bellasaid
358054235 52163799
358064195 25324250
358104045 62220605
358159075 twala24
358161310 1451345
358173034 49471428
358176535 2683323
358179748 43849492
358239247 justforsp
358239566 justforsp 354799421 60264564
358240327 justforsp
358243029 Martin_Lv 293566897 52689540
358244400 gnosis
358246162 52689540 358243029 Martin_Lv
358247670 52689540
358250393 49118788
358251272 2488726
358261003 cwj1022
358472176 Martin_Lv 293566897 52689540
358495457 50471333 291376907 39390343
312286085 prince_lam 291563061 gumantong
312289265 54330053
312290096 53717623
312290108 jimohenchao
312290821 43696156
312296525 yz323
312296886 zhangleyuan
312297210 Rakushi
312297256 A.LX
312297750 MrrrOneTwo
312297895 shannon_cat
312319021 1196272
312322052 45987845
312323043 12173368
312323278 herehe
312325071 imayday0208
312326215 anne.c
312351452 jimohenchao
312361629 2107192
312361844 familyhom
312363244 2384132
312364331 2230899 311912116 27751864
312364530 duiaduia
312364706 xiaozeeos
313610218 imayday0208
313617607 42375848
313944621 keeponFTW
313945840 williamswem
313962156 verassssss
313962725 beibi
313965304 K.N
314014305 graciagao
314018700 4615287
314021771 4694624 314014305 graciagao
314023063 cadina
314024077 4471764 292654296 52689540
314026194 aquarius_r
314026898 4694624
314042403 46816399
314044824 st_jack
314045727 foxben
314073114 46825571
314100717 52689540
314100989 4694624 314100717 52689540
314104319 52689540 314100989 4694624
314104348 LAX.P
314104464 keeone
314139496 3912941
314146381 1257421
314148772 49734496
314149505 49719122
314227573 elopewithwagon
337351611 littlebeans
337358685 3597074
337364987 sjy0904
337391195 32861564
337521508 53154014
337524693 43622503
337525778 sharronli
337531385 3555431
337533757 46933063
337534347 43031212
337536346 sandy1989214
337536635 lovelymoonpie
337538722 Pan.dora
337542489 30690768
337581326 4375680
337594203 55330082
337603717 2779478
337611230 4416447
337612080 minne_kei
337613481 3815030
342842414 vivian_yanni
342842596 Aldrberan 337594203 55330082
342842622 Aldrberan
342848437 iquit4ever
342848597 3931218
342848668 loveriot
343756429 55330082 342842596 Aldrberan
343767874 Aldrberan 343756429 55330082
343780004 catlove90
343780216 3207192
343882085 55330082 343767874 Aldrberan
344007707 12831788
344021211 meiluanreng
344033598 kemin_7
344056929 51163944
344132703 45968141
344135078 i-peanut
344138245 vivian_yanni
344138751 46770984
346395076 43475366
346395960 shashouxiaoran
346396544 konglunxuan
346397093 posuoluo 295485825 52689540
346423445 beibi
346424022 kouzq
346524989 2912589
346526190 viola_ye
346533945 seminterrato
358497179 Martin_Lv 358246162 52689540
358519482 52689540 358497179 Martin_Lv
358575134 52689540
358620284 61076014
358620381 zuozuotongzhi
358629184 graceherself
358731933 Martin_Lv
358732402 Martin_Lv
358733051 wangyunzhu
358769413 51911530
358771597 52689540 358732402 Martin_Lv
358776762 40932534 291067543 3400164
358933766 3815030
358969907 asurasha
358969961 asurasha
358973861 46465820
361219588 3018704
361391793 fangying
361394698 39451336
361774943 missshiny
361813134 lenky
362933511 2750740
362942612 44854071
362952834 smylldon
366771615 36509461
366772130 colisa
366772737 shenyingzimu
366772932 shenyingzimu
366773266 shenyingzimu
366822589 60654422
366834408 42062652
366910474 49291108
366916314 gogom
366917533 61893959
366918101 syk91114
366947715 50026755
366948995 Ffengzi
366983682 35197929 366773266 shenyingzimu
369032795 shenyingzimu 366983682 35197929
369033534 61001692
369065743 58050560 291152677 54653232
369066498 KAKA22
369071307 58229186
369072392 49904060
369074085 61926406
369078247 Mavis.m 358575134 52689540
369079890 38242328
369080998 42895983
369082099 hayleyhuang 369033534 61001692
369123251 35197929 369032795 shenyingzimu
369124417 48333582
369129286 jra
369152169 honeyyy
369167223 shenyingzimu 369123251 35197929
369216771 35197929 369167223 shenyingzimu
369218279 55658043
369256537 61001692 369082099 hayleyhuang
369257354 hayleyhuang 369256537 61001692
369261150 61001692
369261289 61001692 369257354 hayleyhuang
369263156 60160185
369687295 shenyingzimu
369697256 siouxsie7
370066073 51840636
370096691 kunl
370128499 lenky
370440516 posuoluo 291175004 sunflowereva
370705353 50531611
371438368 49291108
371803793 61481901
371804502 Renaissance_w
376803543 49853369
377246586 Ffengzi
377260675 fendai
377260987 fendai
377356963 Ffengzi 377260987 fendai
377368766 54927391 291213028 2039711
377375453 Filicia_Jason
377387276 4102745
377394338 2713731
377406539 16892150
377418664 cici1202
377550821 cexo
377552098 52023983
377614970 2039711
377620343 46073636
377631308 halaboo
377632685 qianqian22
377635641 47765294
377641386 2740397
377645575 54927391 377614970 2039711
377654164 yvonne1101
377655836 wan1889
389706669 51672537
389707841 37151913
389739177 47727457
389845274 57757290
389872931 MrAbel
389875561 56347012
389877179 hety
389878091 3191250
389878452 45325113
394454119 kino1899
395533313 52696563
395628684 ashesofthetime
395638780 LoveKaren
395641795 48718413
395643877 53102293
395644811 61770178
395672469 48956989 291072556 52689540
395673174 48956989 395638780 LoveKaren
395673965 48058927
395674913 mrmu
396210326 54002815
396212753 55961364
396214869 54692220
396601403 63340109
396604120 hibuddy2004
396606211 TheKings
396610859 41947459
396611009 52830085
396611452 48963923
396621718 2926376
396622752 mua1222
396745265 40238100
396769534 58280726
396785583 muyanduoduo
396789604 blueskyky
396790376 37903824
396790960 47765341
396795895 3039540
397671958 63340109
398321737 48173279
398323224 perekin
398323866 nothing_live
398327972 56627748
398364240 dolphinsh
398406614 astia
398409982 lo_dean_ve
398412594 45594284
399255077 2430588
399450634 icycloud
399978383 2541320
408911139 1468159
409169410 47867553
409173406 curlsangle
409186601 65644652 291248663 bogeda
409193543 2494270
409194128 52767465
409195661 quietfish
409195828 aiyoweiya
409196292 sometime113some
409196876 QuQQ
409199031 49194914
409209973 58229186 291067502 3400164
409212623 nanwan
409917105 55961364
409930492 wly1987
409934557 meteor0220
409935606 meteor0220
409941563 46818942
409995832 gzhv 291147523 52689540
409996099 gzhv 291390602 52689540
409996271 gzhv
409996325 AANANNAN
410677217 47320880
411013087 51407460
411115271 huisiumui
