300474698 52693633
300498248 34413107
300498596 16334271
300498810 dearmia
300589935 mrhandsome
300686145 asihouse
300709123 prince-capital
300830530 smartworm
300933995 aunluckguy
300936084 5643394
300939118 qingongzi
300939184 kaiyanwoo
300939209 aunluckguy
301012250 52693633
301013323 1573226
301015729 mslb
301016378 imayday0208
301027767 54617520
301060376 ybshen
301203763 1257421
301208151 weird
301208255 5643394
301209650 monsterkun
301213630 56946747
301214044 44925190
301239649 3620048
301239895 wen19900814
301352959 27417068
301589021 tina
301609291 genggeng
301905878 tina
301908077 sophie919
301911424 wen19900814
301911527 46530760
301932730 24759254
301950157 genggeng
301954292 zheyang
302021037 lieca
302049238 1185723
302071192 antmayi
302071822 suweili
302081495 hark
302164250 rachel-cho08
302326083 53481635
302334454 3212713
303620056 cccccony
303640981 1573226
303699085 1498335
303887867 tina
354518928 60709551 303887867 tina
354521270 ethanlo 301239649 3620048
354521482 ethanlo
354531960 posuoluo
354535943 2414839
354537446 54162754
354709075 chloezee
354709665 zyuani
354941700 60230054
355291709 Precious9999
355292684 acstar
355983091 50717724
372704963 zhoumnnn
417634911 52683880
