308800393 40141022
308814590 Martin_Lv
308814743 athule
308819612 miley1991
308820131 sweetclara
308820322 val
308820472 panleiqiong
308820913 relyon
308821006 1355997
308822003 Pourquoi-ea
308822222 tumiaomiao
308822437 getfuckoff
308823217 LinaIsHere
308836772 36403129
308843811 50738113
308844541 4075741
308853883 violettapazza
308853973 ciela
308854101 celiachi
308854475 ssz518
308855025 bearer
308855239 45987845
308855449 carosff
308855471 Mrs.wrong
308859108 SalanC
308859158 52920985
308860244 dearjessica
308860725 1357758
308861832 sh4ever
308866407 53116538
308866777 3195337
308866960 detourme
308867004 48498659
308867074 4402092
308867650 1434123
308868836 oscar810
308870482 41679677
308870738 45626907
308871334 xicao84
308872597 mutesong
308873277 havethedream
308873685 lalalolita
308893715 45597463
308893808 3692597
308894407 chocaholic
308895172 CylinNO.1
308895966 dizai
308896329 zgchampion
308902305 xghlg
308902981 Neo1984
308903442 Ran-XX
308903641 vica2010
308903859 lee1008
308905337 J-S
308973417 49800185
308973855 mylovejaejoong
308974168 holyholies
308974335 51751964
308974443 anybodyelse
308974444 ryleigh
308988195 poemsandsongs
309004135 zz69
309004561 lin15
309004755 liweixin
309004808 zhoudahe
309027817 41887831
309029807 tomerci
309030212 53970725
309030702 sun22888
309030832 57659809
309031143 zero1993
309031573 11681833
309035946 cccyr
309037088 duramay 308814590 Martin_Lv
309037209 54658145
309040177 Martin_Lv 309037088 duramay
309040732 2471886
309040780 3261574
309041909 32817756
309044414 2542530
309044535 barbie_ye
309044876 40226621
309045187 ccooool
309045407 xyloveposes
309045942 wall-e
309046315 wall-e
309052037 44010009
309063635 seafood747 308872597 mutesong
309069359 LIULIANBANJI
309075413 mutesong 309046315 wall-e
309078219 spider_pig
309078621 chocoholica
309081841 cnaye
309082345 misscurious
309082921 gladitor
309083084 1678656
309090460 Ivory17
309096257 okaytinagjh
309171062 2365973 308873685 lalalolita
309198806 xujiashu
311088914 vivian0911
311107363 yzq0909
311108372 dankisue
311109164 2534494
311114131 41239344
311116376 56158878 309044535 barbie_ye
311116742 hazeleyes
311116959 49744878
311122096 saibaba
312649267 2644692
312649589 iroc
312649611 voctoria
312655426 muzi1223
312789246 whisperyy
312790423 x9er
312790797 inelenita
312792010 lunar1017
312792349 aoyuki
312792671 3529317
312793495 51814106 311122096 saibaba
312793998 32658190
312797710 keri821
312798235 jimohenchao
312800500 yama.
312801705 randolph045
312801960 ithinkin
312811256 wangjue515
312811312 saffron1104 308988195 poemsandsongs
312821559 fishcolors
312827561 2614642
312828201 twet
312829007 dearnn
312829601 23634224
312943283 53731721
313180491 yuiyiyi
313183053 mika0531
313183959 imissu0816
313184735 eraser5160
313184794 47810229
313186160 58069012
313186423 1869558
313196132 4368617
313196358 53374018
313197242 boffi
313201191 3415931
313201353 47654307
313202241 47501883
313250858 santaloverock
313256147 48499610
313257889 DOOMSDAY1989
313260257 currydon
313261382 47126690
313263630 kimi1025
313263823 1244776
313263989 Laura.myLOVE
313264778 bixiaotao
313265449 AgnesSummer
313265662 howareu
313265942 Narcissus_69
313266032 oxtan 308820322 val
313269677 49085509
313274353 chapter7
313275193 shawntam
313351502 49098887
313490519 madagascar_elf
313493524 1830232
313494690 lemonball123
313495277 1674759
313501053 57876407
313503655 57514875
313504969 33977432
315160317 sanychan
315160438 gossipatupper
315161439 joanwe
315168898 Bojangles
315183625 findingpixar
315184901 preston8105
315226813 48744352
315227252 47768446
315227679 52968809
315228014 30235614
315228556 toldo1987
315228823 chenwen031901
315229576 2800563 312793495 51814106
315229584 52640259
315229976 58179920
315231290 poseidon_
315232035 echo2824
315232628 49188020
315242190 45103364
315242845 Raye052
315245548 zhangyueling
315246079 49118788
315248131 Raymondsexy
315252152 sumange
315252415 gamdchou
315257062 4337759
386429199 2307305
386429476 44381464 308814743 athule
386429627 xxShilohxx 308903859 lee1008
386465202 47656345
386468150 edie1924
386478505 readeye
386917797 1605031
386920375 50895580
386920662 62520019
386921578 3564001
386921793 zyoka
386924487 43028931
386924495 62331884
386926116 61039404
386927860 handlady
386929546 57676086
386929548 octupus 308814743 athule
386929691 toool
386929980 47358615
386930051 60359125
387039002 wanwannono 312821559 fishcolors
387039515 wanwannono
387119283 50281700
387120675 49040718
387121539 48027991
387128681 jesx
387172698 44942240
387173944 52693663
387174721 3277571
387176000 shero-
387176312 3767344
387178067 62608772
387216139 aymeline 309040732 2471886
387399845 mtmk
387451107 4438233
387453332 embracet
387453491 62943530 308903859 lee1008
387463110 49938505
387466048 56033783
387466420 xiammy
387970290 dasangg
387980072 61816493
387993261 yi25zheng
387995754 61816493
387997170 mangguoguantou
387997625 3654192
388001301 3424162
388024500 63802289
388030709 maozaizai
388417815 VampireMarsren
388427506 54556302 308814590 Martin_Lv
388428034 65200546
388430651 61724710
388435126 chocoboplus
388467003 43232079
389520497 3694261
389521388 Steacy. 308814590 Martin_Lv
389526364 50188602
389527873 woshidatuzi
389528233 63720757
389530893 52640259
389531838 52640259
389533372 11339819
389533957 nyima 308823217 LinaIsHere
389534998 piaohuilan
389540187 50965902
389547049 51203177
389793495 60014256 308820322 val
389948546 53675265
389950036 63949112
389954131 badablabla
389956534 55460112
389957537 54849113
389958485 61443807
389968914 1994954
389971148 56729372
389989481 65328224
389990368 48557449
389998728 inthedoldrums
390026791 TinaZ--H
390092888 2789199
390113550 49247475
390131609 cyy520 308855471 Mrs.wrong
390688678 52000585
390688985 harrypotter999
390753472 63144237
390753630 3151350
390757802 3567011
390763552 51230006
390764411 hibuddy2004
390764986 cinderalla2046
390768059 benny_wu
390770434 14482266
390989669 louis15yao
391158476 jusui
391256530 64637766 308800393 40141022
391260670 46460449
391264477 50551930
391272728 dearjessica
391726162 60236841
392056350 55907091
392058176 2702129
392065560 65450214
392066465 53211859
392067600 39493508
392068390 2246892
392159614 51034577
392160157 51034577 387039002 wanwannono
392160412 51034577 387216139 aymeline
392160754 59248233
392160797 59248233
392169016 straw_here
392220971 59020768 309075413 mutesong
392407165 59437602
392408558 so-crazy
392681838 missmarguerite
392833173 YAYAYA20072007
393028526 60236841
393061214 65545267
393077047 48540834
393191392 64738032
393208770 msea
393236652 2242364
393236930 37248053
393238519 sdvndtydmduj
393307638 58742200
393325831 58989572
393340609 34058048
393342076 1457644
393344636 supermango
393350317 49063662
393355231 55274279
393367285 49639430
393416828 1876358
393425584 37174628
393642186 58328231 308870482 41679677
393671160 Lynn1118
393671378 Lynn1118 393425584 37174628
393673022 SalanC
393675440 justamos 308903859 lee1008
393838570 2673304
394230395 64797538
394421884 caoguodong 308800393 40141022
394422174 frankmoon
394525541 56272116
394529441 36258489
394546466 52483643
394546977 wegod 308800393 40141022
394573898 54955967 308903859 lee1008
394704748 2910992
394709314 sumange
394712143 61684792
394717240 59342126
394719259 53502645
394722775 vicW
394723470 bzhi1121
394723871 39787717
394724118 apple_jobs 393416828 1876358
394727411 55023120
394894664 64402655
394908060 51420158
394917674 63061901
394928530 62538825
394939022 47831974
394942758 45434798
394946023 3401482
394946416 sdp1037
394980471 dixie_chen
395014843 54743249
395014991 kissjoseph
395015499 kuangxuan
395015607 55570013
395018803 11747362
395020293 61577355 308814590 Martin_Lv
395020998 2779478
395023151 39956283
395231496 alisonw 309075413 mutesong
395232944 45689927
395242842 ashesofthetime
395258440 64895950
395259018 xingxiaozhu
395259871 49346022
395260274 nichen63
395369732 45069270
395371398 60644990
395373007 65773862
395412211 icemanz611
395413600 4546877
395442451 Moorkay
395447647 TheKings
412111886 lemonball123
412201076 fxx614
412545195 60158882
412561202 Rabbicol
412593793 61137479
412594239 57949002
412595113 lfj1016
412603042 50603628
412603942 maoyuanyuan
412609505 4498921
412611329 sonado
412614119 smeow
412652337 63169898 308819612 miley1991
309199507 hmilyhen
309200334 lq900810
309205457 ding19840111
309205946 selene000
309206161 NANO-ATOM
309218930 fengzhao5112
309222903 mortal0305
309224365 FGrey
309226198 mandyjmx
309239663 50945767 308894407 chocaholic
309251600 49394065
309253354 1562926
309254973 suier 308819612 miley1991
309255045 suier 309251600 49394065
309259216 joseph474820739
309268348 Hanry7
309274148 51801998
309281666 48975518
309286202 ranran24
309287778 37833569
309289927 luckyzhl
309309911 htwo
309310293 38851667
309320075 41887831
309321385 xpsxps
309327947 34140884
309328101 jianjinxian_hua
309328674 JoeyXu
309346262 46309529
309346883 allenyoung1205
309358832 jesscat
309363226 linchuzhuang
309371044 40786446
309372356 4919994
309373376 yamada-ueda
309375416 49913015
309377776 6916926
309377974 zsellenzs
309378063 justOreo
309381024 zuozuotongzhi
309381771 39352942
309382377 fang11
309382523 46670236
309382932 dolololo
309384718 mydear-adrian
309385556 26829626
309397389 46746515
309512612 sunflowereva
309513270 50399616
309533938 31914613
309811217 Jcferrero
309811521 41418855
309811617 phonomania
309813246 34815779 308872597 mutesong
309814025 sosoJean
309917750 zuozuotongzhi
309996323 4252012
309997157 44874003
309997600 2323719
310002593 justin0812
310003301 xiongmaotang
310004113 vermoutha
310023980 57741862
310032024 dede82311
310033658 zzzhuang
310033838 3430522
310033933 lingojj
310034067 lingojj
310034723 4434222
310035890 2280473
310044657 1742436 308853973 ciela
310047908 30630336
310061899 littlesuperman
310062319 connic
310063377 2094083
310064088 4587707
310064093 41370546
310111064 43482790 308814590 Martin_Lv
310117914 44056842
310124791 keeponFTW
310156095 ifthereisoneday
310156331 cheer0303
310156531 voodoo..
310156635 FreakMarilyn
310157177 lan111111
310159221 Turna
310160311 hallucinating
310160511 heisken 310159221 Turna
310176828 vermoutha 309171062 2365973
310333810 lizzzzzh
310344620 52220692
311060094 52719670
311060639 dorro
311061018 39786238
311061764 captainnicole
311062394 43825206
311063221 anotherYangJing
311081681 49560247
311084919 43225713
311086630 1344334
412656939 51937755
412657308 51937755
412657762 stefanie1112
412785172 whiteline
412786753 susan5431
412882550 19752040
412892085 51384787
412909467 Jacobzebra
412913557 45128843
412913919 honduras
413333739 smylldon
413429150 2171463
413432400 lline
413433024 51860481
413677143 49144729
413677199 52274611
413691529 38947547
413820734 66785376
414195765 baobabbaobab
414200147 66710291
414200904 3931218 308853883 violettapazza
414201461 48562468
414202825 64568827
414325169 50102077
414326212 1496062
414326985 6802409
414367071 lemonyxu
414370124 sunshinesuzhou
414372362 64380151
414374758 52394212
414376738 63686026
414392442 67242201 308855025 bearer
414400235 bearer 414392442 67242201
414402502 57419147
414402985 creeppin
414466245 3173454
414490279 58403548
414492677 justforsp
414506957 61268881
414536124 46701700 414402502 57419147
414538729 1675074
414541129 48887351
415004488 27041990
415163943 67242201 414400235 bearer
415175858 bearer 415163943 67242201
415176394 43044533
415178188 67242201
415246929 Dadaspurs
415260742 just-smile-back
415263866 1888245
415392276 52678911
415393665 kuris
415995653 64558797
416072238 eleven910909
416162565 67583584
416162911 jessiexy
416163046 anyisouth
416164302 shinayuki
416165504 43788449
416299908 39544213 310333810 lizzzzzh
416300491 59068036
416307755 oopps
416309855 67368697
416382079 51189101
416382718 52884095
416384177 62234770
416385033 35417699
416389651 3519302 308822003 Pourquoi-ea
416390327 39686421
416645331 3842178
416693459 67702267
416723695 XyWang13
416736660 sinchen
416742512 23036083
416745391 50064069 308819612 miley1991
