314641546 3239860
314649026 towelie
314649487 LadySpock
314666773 zgchampion
314667113 lovezho
314683004 dyingcity
314689327 43548364
314689555 teenie_z
314690132 4587707
314691027 51715849
314708865 43548364
314709785 1002226
314721588 Casey_0906
314721737 26627786
314724325 dyingcity
314991374 43548364
314996259 4499958
315095546 peachlovekyo
315243585 43548364
315243841 43548364
315244836 57659809
315245024 konglunxuan
315251740 54261683
315251963 3388021
315341995 4251338
315342473 charlotte9014
315405901 43548364 315251963 3388021
315406446 43548364 315341995 4251338
315407687 niunaiL
315453258 cxlnoise
315455221 lee1008
315455657 2307180
315456003 ninux
315509333 52222133
315512275 53204045
315604572 43548364
315605332 c0878
374709444 cnxh
374719607 Pan.___________
374719715 aideng
374719821 nana_walking
374806581 1688780
374806982 4285601
374807447 62973457
374808989 FXXXXXXXXK
374810444 55736095
411610665 62474747
411612250 1803507
