320479699 selene000
320480449 46299483
320480703 40311297
320481405 1702158
320483729 olivia1124
320483970 kemin_7
320484986 40311297
320485219 weiweisun
320485648 Vinneta
320551912 forthefuture
320711048 1737260
320711931 46987714
320714111 26815425
320715088 lee1008
320716451 45811663
320718397 Paul_0707
320718525 9450448
320718746 effyishere
320720385 dearjessica
320720494 dearjessica 320718746 effyishere
320721315 dearjessica
320721709 yo-yo
320750709 jinbu
320751646 aokiwoi
320751808 oycx
320752900 joyce_gao
320775245 mumufly
320777466 superEmiLy
320779695 hiruma69
320786949 40027917
320843225 Landys
320973937 42639071 320721709 yo-yo
320974536 58868655
320975532 42186710
320977377 soalongtimeZ
320978099 hepangzi
320983608 52693633
320985138 yqyh
320986025 yesyolanda
320989608 zi.dian
320990885 cinderbara
320992349 hiruma69
320992445 yoo_long
320993110 Smartass
320993447 2490612
320993867 lovepeter
320993895 49614681
320993996 deanyutree
320994012 minnieuknow
320994102 castlehou
320994150 2490612
320994294 49614681 320993447 2490612
320994643 athena86
320994792 miralove
320995055 cheer0303 320994792 miralove
320995209 athena86
320999120 1743599
320999646 46932739
321000391 shane0106
321001292 lvqq
321001450 57823752
321001486 49678525
321001599 fanzhen
321002591 loseroscar
321003179 mondaylove
321009065 gossipkate
321009749 2228439
321012879 1259058
321012941 IMPSYCHO
321013067 57338252
321015492 53563824
321017220 missmici
321019823 LUCASLV
321019962 bianbianx
321021195 51715849
321022475 forthefuture
321022576 fourc
321023261 bitchman
321023863 vv_gh
321025371 sabzhao
321025950 gossipkate
321027315 bigot
321027552 Irma26
321027694 Irma26
321028024 3410130
321028163 m2cky
321028988 43590812
321029249 41725186
321030933 50163913
321031343 lightyears
321033376 Janice_Cashmere 321002591 loseroscar
321036887 babyamanda
321037368 athule
321042228 stephaniekid
321043316 51751964
321044492 yo-yo
321044646 sevenway
321044829 yo-yo
321045010 icytian3623
321045093 gossipkate
333418657 lutee
333425417 kikojanice
333471016 55609311
333514292 kirshi
333621487 48433524
333681823 1429499
342149296 3962062
342228659 59332020
342272064 1031376
342509658 3422026
342510646 qiancaoxun
343024800 45104299
361284286 wasysl
361333799 fengqingwei
361437443 SophieChan
361439182 Xinxin
361448292 queen_yanz
361454137 51163944
362221936 Xin1984
362228322 xiaoshuyi123
372677755 21140746
380974677 hoshi_hoshi
380980228 63340109
381047205 52081962
381834079 callmesummer
381837593 swpizard
381871437 42156595
381877328 hide-and-seek
381931939 3363278
381932136 1287585
381934913 2616563
382080791 mmmenstruation
382085752 zhaowei78
382113833 47548109
382115853 sithskywalker
382144777 billyj
382148893 54849339
382165394 graylucky
382469391 3619211
383774103 54526997
386353222 63630822
386353282 63630822
386375550 ZYM44
386821249 61384536
386823979 43000741
386826476 44567315
386828663 3542885
386835757 37298232
386837774 32720498
386838485 Corey_C
386880361 60873465
386883854 4238154
396689042 AceReaders
397162237 60859820
416231675 56239559
416241868 sjy0904
416250496 53080124
416860945 51614631
321049835 51715849 321045093 gossipkate
321050282 ikezhao
321052060 zshengqi
321055101 4005731
321060121 gossipkate
321063354 4714022
321073170 vo1canooo9
321074501 Tigren
321075043 2600418
321075424 2600418 320720494 dearjessica
321075847 2322080
321082952 naitaoyo
321088378 4522555 321052060 zshengqi
321088828 zshengqi 321088378 4522555
321089154 Vanehu
321090331 4522555 321088828 zshengqi
321096780 zshengqi 321090331 4522555
321097474 4522555 321096780 zshengqi
321097558 forthefuture
321099520 allisonson
321105044 3850309
321109978 DominoRecording
321112316 zshengqi 321097474 4522555
321115999 1447862
321124955 3291453
321126762 sevenkong
321134871 lovesanni
321136778 Alphacity
321137001 Alphacity
321149531 51715849
321154970 grace_xu229
321163491 3469022
321165305 50016636
321165364 ivyforone
321173730 4165631
321175839 40084538 321112316 zshengqi
321177682 zshengqi 321175839 40084538
321180508 40084538 321177682 zshengqi
321230238 zi.dian
321232192 zi.dian
321240763 58670685
321265870 1103950
321272172 53969576
321273207 stud
321276561 3579286
321281762 1277597
321294641 athena86
321296144 hide641213
321303507 greatm
321304759 lyida_
321323272 mR.kaiu
321326692 2718153
321331253 46117453
321331707 forzajuve
321331933 lucyhp
321334688 nkzjx 320992349 hiruma69
321335173 nkzjx 321154970 grace_xu229
321344860 52693633
321371686 50950289
321418184 1259058 321344860 52693633
321429987 1971410
321572846 gossipkate
321606976 42639071
321607481 42639071
321619503 Zoe-y
321628068 55547459
321631906 yqyh
321633872 penny7kimi
321640313 endywu
321700931 lemon19xx
321735661 57620582
321884588 1934532
321886298 1934532
321951215 3670801
322014929 Smartass
332669318 3212713
332671855 37865374
332672788 2119832
332677156 53857274
332678852 bedrx
332693143 56470931
332703253 14198997
332708736 zhuyunshu
332715381 48070091
332716544 Shooter.C
332775422 48461952
332778412 towelie
333205740 vivian6691
333213277 Wewillfuckyou
333216335 44988460
333218677 att2046
333252498 azlan
333297141 iloveicecream
333298522 cz1990
333298687 50913176
333382531 Scarlett...
333388160 48433524
333395947 60151532
333406042 weixiang
333416160 gossipatupper
