326739619 3545837
326753017 3567253
326753844 guannidiaoshi
326754453 chrisv
326757700 zoidsx
326757793 sa1va
326762849 25491381
326762994 Godie
326763905 Gdoudou
326809410 3522630
326811959 meiguixu
326812591 32376273
326813500 wanmer
326814630 phk189
326827475 1935931
326830428 kristinaaaa
326841106 Vevinabunny
326851201 28134842
326892063 3522630
365298065 34782473
365309573 musemusemuse
386430673 2307305
386431580 koushui
386432164 4503280
386432737 15716080
386433489 47368834
386437751 50113010
386560394 56780755
386561624 sheldonshi
386595541 25491381
386994195 30981508
395141392 30123154
395141774 61384536
395142442 53541389
397436669 3545837
397439927 shannon_au
397440293 3034099
397441646 16921056 326753017 3567253
397441883 smqcty
397441995 11747362
397445262 2921799
397445439 62190791
397445508 chrysan5
397445757 crrrycomet
397473616 53502645
397683318 61961336
397684979 55706775
397685942 cassiopeiajinxm
412167467 4147627
412168504 3921385
412170224 54872322
412173035 AANANNAN
412182300 phk189
412183016 65083215
412183109 39467328
412183467 61337301
412191018 36861367
412192905 44137619
412945058 43431279
413345048 53595016
413345179 55948997
413345544 4212189
415010170 4209953
415012667 sharronli
415127291 olderphoebe
415141785 xingfuren007
415756131 65964682
415757635 lijialiu
416457283 43243401
416458848 ZY0517
416461118 kakajill
416461817 2662038
416994848 43648855
416995693 62839760
417485775 this_xiaohuar
417525506 55607424
417540798 61536700
417583578 47714979
418653692 38584605
418654431 50113010
418654815 57968156
418658251 candylei 412168504 3921385
418658517 rosariax
418659324 22251803 418653692 38584605
418681229 3921385 418658251 candylei
