337400210 onlyforningbaby
337548073 41166174
337548877 51715849
337549108 bluejiang
337755140 botheast
337755450 botheast
337756935 carriehyz
337757118 aiSn
337757556 13654986
337757814 27633330
337758234 cheng393
337758845 holly_li
337763220 alive0919
337783624 18045968
337785221 onionzoo
337787197 2527397
337805577 3663880
337806532 mis-mango
337846143 58642213
337851528 shannon_au
337876534 2401338
337887569 honeyyy
337897746 3663626
337900665 posuoluo
337901402 rayuela625
337902626 24084694
337906056 26615416
337918598 persitail
337921761 cubj
337921907 towelie
337926634 daniellemumu
337928833 kuris
337929384 36297047
338248772 4471764
338426885 3271944
338427638 kylinsan
338427810 3170304
338431305 terrylcsy
338432240 mydouban002
338432388 lovecocobear
338432592 htwo
338433703 47166725
338434354 4589430
338438613 4382371
338440114 51424385
338440472 w_a_y
338441477 houhouhahei
338445733 41828372
338451246 60640946
338464780 45064891
338467000 c1o
338468053 Laiso
338468783 Brad_King
338474798 giggle_smile
338476174 coreless
338477063 lalamu
338477344 lalamu 338464780 45064891
338479994 57414910
338480906 max2011
338492423 45064891 338477344 lalamu
338494429 48351714
338495313 sofalazycat
338495356 46117453
338497840 evildevil30
338499046 herehe
338500436 miiya
338501154 michaeltq
338501335 noelshen
338502261 kitetf
338504665 beanbutter
338507050 ctiaotiao
338586919 49270515
338606058 lalamu 338492423 45064891
415201172 dapoxetine
415209352 3500548
415211731 3179041
415212447 3723476 337763220 alive0919
415212793 yakootao 415201172 dapoxetine
415298330 66937793
415310823 muyanduoduo
415328014 3018704
415344456 59938173
415346748 inmars
415348082 4498921
415361113 4615287 415212793 yakootao
415361872 62072810
415366318 10788332
415366975 knnnn
415367824 raneehighness
415368275 62430122
415371330 1691084
415698811 67614969
415911094 dapoxetine 415212793 yakootao
415914690 kidazhengchen
415916051 Orange_Nation
415985365 11677106
415987269 62637184
415988832 wanganyan
415989039 ppooii1991
415991944 wing1115
415993476 57646203
415994465 blueskyky
415995162 48751152
415995400 61654323
416733873 TheKings
