359107903 rx_shine
359108292 62693788
359108316 47034257
359108491 vamzc
359108607 56347012
359108655 maoe
359109952 AUV-daidai 359108607 56347012
359110136 58887177
359111391 47411110
359111911 getefuxing
359112572 ceciliashan
359113536 Mayo07
359122785 viola_ye
359124270 52688970
359125669 45412422
359134520 54899513
359136907 16704128
361272487 49291108
361275173 61606749
361275481 59966665
361278886 53017458
361292889 tziyachi
361293893 sh_oyf
361296273 62527785
361329510 Last.Order
361329940 babyfirst
361332889 fengqingwei
361391038 62935774
361392544 48300640
361393389 51261401
361396869 47991105
361455311 59166502
361455552 59166502 361332889 fengqingwei
361455734 yituankuang
361456458 42444500
361456515 61260384
361458024 4600351
361462443 42865542
365210490 60408096
365344109 54859928
365345290 55446990
365346423 asurasha
365346609 LinaIsHere
365346776 asurasha 361332889 fengqingwei
365349312 57724721
365567310 BiXiaoBengZhuRe
365569513 4339556
365576132 37151913
365576385 Last.Order 361332889 fengqingwei
365581630 62959653
365716911 52435920
365718951 sue1222
365735594 sparkzml
365737793 mini1989
365774825 63014976 361332889 fengqingwei
365877298 logorrhea
365877706 iamkid
365877795 himoney
365878074 himoney
365883411 44213244
366011223 2470309
366014544 56903255
366014915 44515615 361332889 fengqingwei
366072353 62427200
366073247 2591786 366072353 62427200
366073423 61477184
366073663 junko1217
366074500 June091
366076587 62553858
366077386 42917179
366079682 narella
366084978 9343464
366085998 49527036
366086722 arsenalofficial
366262643 maoyaoi1314
366263173 51571457 359108292 62693788
366265018 oliver330
366289038 63376898
366564157 42793050
366567435 61195183
366567716 62192190
366619030 50734673
366909597 lainey_chuan
366910860 rosita01103
366973235 62527785
366974371 code-code-code
367162853 jesx
367165244 62882612
367183123 Lynn_ruier
367196039 alex_wdy
367196698 seminterrato
408206630 FTY364002361
408265817 58229186
408276052 elmo21
408529982 56956228 361275173 61606749
408537698 53361015
408542622 60282602
408553159 63208098
408554699 onlysunshine
408606262 63636223
408613321 39494735
408613695 yuuuuuuuuu
408618777 44776644 365567310 BiXiaoBengZhuRe
408620828 SalanC
408621684 36443413
408655039 55604796
408671672 chendc
408671713 2025972
408672071 cherry7777
408672138 huluxiaojingang
408679118 lmgomg
408679835 cocageng
408745772 sweetlovexiaoxi
408762747 4336349
408765908 yanyan96
409053276 woshilizi 361332889 fengqingwei
409066885 60014256
409164468 61606749 408529982 56956228
416707160 57397989
416708229 53202320
416738822 61117721
416743295 50979963
