359625276 xiangh
359626480 14938776
359627212 renee_jun
359629720 38837322 359626480 14938776
359630287 38837322 359627212 renee_jun
359634217 59702813
359634476 wbb45
359635793 38837322 359627212 renee_jun
359635928 38837322 359634217 59702813
359636101 38837322 359634476 wbb45
359644801 60686050
359647556 62532482
359649226 38837322 359644801 60686050
359650262 49001381
359652632 Markovnikov
359654448 zhangxiaoyouyou
359655934 38837322 359650262 49001381
359656807 38837322 359652632 Markovnikov
359670352 45798139
359751593 renee_jun 359635793 38837322
359754943 49133443
359756316 ccicyy
359793160 14938776 359650262 49001381
359798879 45075300
359801372 14938776
359820599 38837322 359798879 45075300
359820999 38837322 359654448 zhangxiaoyouyou
359821237 38837322 359801372 14938776
359821356 coffecoffe
359878255 48047057
359886472 38837322 359878255 48047057
359886599 38837322
359889803 48047057 359886472 38837322
359891587 44430442
359910267 jesx
359910728 jesx
359910932 jesx 359801372 14938776
359913924 appstore2012
359922988 16830490
360140420 3754846
360277816 zhangxiaoyouyou 359820999 38837322
360349799 38837322 359910267 jesx
360351629 38837322 359913924 appstore2012
360351914 38837322 359922988 16830490
360352903 38837322 360140420 3754846
360358232 61298891
360360665 coffecoffe
360433990 38837322 360360665 coffecoffe
360488094 16830490 360351914 38837322
360492264 lvxiezi
360542212 38837322 360492264 lvxiezi
360558018 61754498
360565348 38837322 360558018 61754498
360599270 jiujiu9293
360657154 61754498 360565348 38837322
360657686 howcafe
360661982 38837322 360657154 61754498
360700984 61754498
360701418 62534698
360719802 55368233
360726972 38837322 360700984 61754498
360727165 38837322 360719802 55368233
360728160 55368233
360732141 38837322 360728160 55368233
360917365 56686931
361097065 61754498
361227577 38837322 361097065 61754498
361232646 61298891
361235340 inthemelody 361232646 61298891
361237281 syselena
361237618 syselena 360732141 38837322
361241565 38837322 361237281 syselena
362145047 satopi
362148030 42879782
362148313 42879782
362489907 38837322 362145047 satopi
362490255 38837322 362148313 42879782
362510416 61705359
362521397 53785401
362526087 51398041
362542610 xia0_ai
362547305 61458274
362627615 3363278
362630900 45019882
362892246 38837322 362521397 53785401
362960547 2793006
362965759 16052914 360351629 38837322
362967898 53393663
363084108 61754498 359886599 38837322
363084745 61754498 362148313 42879782
363085096 38837322 362960547 2793006
363085270 38837322 362965759 16052914
363085437 38837322 363084108 61754498
365384088 38837322
365384932 kimi890707
365502409 60862605
365505065 50195899
365773982 38837322 365505065 50195899
365774377 38837322 365502409 60862605
365945779 iamlucky1210
367230697 53785401
367451136 38837322 367230697 53785401
367459099 53785401 367451136 38837322
367813045 38837322 367459099 53785401
367814134 54775736
371248521 38837322
371525150 53785401
383249584 38837322
383250230 60762952
396128504 38837322
396148001 49590891
396256478 38837322
397025141 62742516
397027189 64784805
397331909 38837322 397027189 64784805
397332109 38837322 397025141 62742516
397332348 49284438
397337199 48827647
397727372 62742516 397332109 38837322
397727881 legendxy
397727945 38837322 397727372 62742516
398031208 62742516 397727945 38837322
398046346 38837322 397727881 legendxy
398110537 legendxy 398046346 38837322
398344810 goodboyyu
398412578 39214070
398583739 38837322 398412578 39214070
398590057 minghaoshi
400361853 60282602
400702483 MMMars
400785764 52118775
400787435 60231770
405111564 38837322 400702483 MMMars
405111879 38837322 400787435 60231770
405119989 66517726
405173859 35071052 360558018 61754498
405173990 35071052 405119989 66517726
405235017 66517726 405173990 35071052
405328951 35071052 405235017 66517726
405339912 66517726 405328951 35071052
405575915 AKO-HUI
406046569 EudoraEJ
406071377 songsansu
406293892 jesx
408844862 38837322 405173859 35071052
408845064 38837322 406046569 EudoraEJ
408845256 38837322 406071377 songsansu
408845699 38837322 406293892 jesx
408846364 58771761
408847735 66342408
408860191 35071052 408844862 38837322
408863907 38837322 408847735 66342408
408881435 66342408 408863907 38837322
408888681 38837322 408881435 66342408
412022252 songsansu 408845256 38837322
412868059 38837322
412937741 50603628
413352751 67376512
413824036 38837322 413352751 67376512
414193980 Luvya
