370680913 minglang2012
370698668 jdh233 370680913 minglang2012
370745193 3349904
370747336 2175508
370834320 licong14
370834544 52540994
370834714 elyseperhapslov
370835904 watergrace
370870854 61004990
370904571 33118444 370870854 61004990
370924603 christina007
370946213 bensonnn
370947947 nazimei
370950144 mifanbaozi
370967417 asurasha
370968063 marjorie.shi
370977699 56729372
371033537 1185723
371036425 4809605
371369771 41092202
371373890 2175508
371575014 48970513
371589983 JessieYu
371618672 lxfei
371632234 7971473
371637124 42213458
372100601 25771493
372138891 42805443
372139222 54642061
418889897 1115767
418911171 2973542
418915532 66454944
419607855 Samantha99
