372838502 4787463
372935504 eels7 372838502 4787463
372936115 4787463 372935504 eels7
372936405 eels7
372936815 4787463 372936405 eels7
372937136 eels7
372937472 eels7 372936815 4787463
372937487 sakura063
372938047 eels7 372937487 sakura063
372938126 sakura063 372937136 eels7
372938279 4787463 372937472 eels7
372942490 eels7 372938279 4787463
372944582 eels7 372938126 sakura063
372944718 4787463 372942490 eels7
372945236 4787463
372945458 pengqize
372946328 eels7 372944718 4787463
372946483 eels7 372945458 pengqize
372946556 4787463 372946328 eels7
372947362 2987152
372948422 pengqize 372946483 eels7
372953989 51241290
373001496 4787463
373001746 1447862 372945458 pengqize
373009122 eels7 372948422 pengqize
373010659 eels7 372953989 51241290
373017033 52920985
373022366 shooinl
373024232 49183148
373069743 eels7
373071797 troytian
373072445 cgjiayuan
373097565 eels7
373224199 cgjiayuan 373097565 eels7
373225990 47225490
373380811 whereMonica
373457695 57906754
374070741 span.H
374115426 49691070
374118181 Re_dtc 374115426 49691070
374384757 eels7 373380811 whereMonica
375079929 63448269
375081532 41444054
375092516 4180878 372945458 pengqize
375093045 shaai
375131995 50064069
375167733 duoduojiang
375168479 woshinuannuan
375169521 cocoguan
375170587 chan009
375317698 57872405
375319795 Clycatie
375345083 eels7 375079929 63448269
375345561 eels7 375131995 50064069
375356363 53210925
375357874 3212436
375358660 3212436
375358995 3212436
375359501 3212436 372937487 sakura063
375360098 3212436 373024232 49183148
375388385 sakura063 375359501 3212436
375390703 cc35yoyi
375501229 vivianus.dh
375504852 55736095
375508293 46414320
375509216 hqh0623
375510604 55023120
375518596 48603674 375081532 41444054
375518737 48603674 375356363 53210925
375519860 2465995
375522800 40778904
375625805 63448269 375345083 eels7
375637295 adamx
375657868 sheep864
375855908 coffecoffe
375891917 47368834
375950262 PIRACY
376552377 ying_6
376998428 eels7 375356363 53210925
376998622 eels7 375357874 3212436
376999583 eels7
377000990 50925626
377197753 vivianus.dh 376999583 eels7
377199022 50643873
377201410 60511444
377203392 37814789
377206789 zz169
377207529 zz169
377209709 poppyzp
378116838 eels7 377207529 zz169
378140032 57134200
378149537 46168422
378155197 1293235 375168479 woshinuannuan
378156442 4675450
378157589 60359125
378277453 doreenlee
378279113 60900807
379841204 26600433 373024232 49183148
379841583 26600433
379842311 49118788
379851193 tinyxx 379841583 26600433
379852351 63643339
380572543 Woo55555
384026176 38584605
384047434 4621527
384089573 64680773
384222383 ciaograce
385520940 5315295
389853473 57757290
389867169 alisonw
389876911 63809289
389878622 51009990
389880759 AKO-HUI
389880936 AKO-HUI
390103572 57407118
390116646 64690502
390121755 57407118 385520940 5315295
390123999 chantelle-ria
390124342 chantelle-ria
390131082 Olivialu
390131570 62187345
390139137 51814726
390153117 violettapazza
390296033 Olivialu 390153117 violettapazza
390308366 64091378
390308487 64091378
390315584 58228470
390315758 37805883
390318036 bonec
390327339 ziziander
390329913 4345890
390379184 46428200
390402035 61360920
390402731 2591786
390429972 ifthereisoneday
395957162 5315295 390121755 57407118
395957397 5315295 390315584 58228470
395960463 joannalu
395973599 58228470 395957397 5315295
395977276 64613092
396033430 KikoH
396051708 skywar123 373457695 57906754
396054842 48431253
396079583 57906754 396051708 skywar123
396099020 44430442
396130746 64157790
396133500 3894760
407529961 50485961
407532350 3921385
407631276 58852635
407646624 61025014
407649523 41929968
407738213 61025014 407649523 41929968
407902501 23963913
407904730 leejing0815
407921725 cocoguan
407940658 43431279
407940922 43431279
407941316 43431279 372953989 51241290
407941789 43431279 376552377 ying_6
410685179 eels7 390123999 chantelle-ria
411585551 feile109825
411601735 59436883
