374394148 1344334
374409054 maodou626
374410852 61161640
374411544 jerrywan
374411787 40373499
374412516 vchy
374413404 1315020
374414793 candy3964
374418881 onlyray
374419451 smeow
374419617 zhang-X26049
374421929 1344334
374423254 32348350
374426020 poubelle
374426046 48153382
374429667 ssz518
374429823 IcedCoke
374436073 shiryujade
374436374 45096927
374440033 river_me1212
374441235 1344334
374442810 Ada_quan
374443243 candicewanwsn
374443733 mayuyu
374444406 63835791
374445434 wmdede
374453997 15406956 374418881 onlyray
374789218 trancy1030
374802611 multiple
374805610 anybodyelse
374805820 fanacy123
374806018 2086869
374806065 1688780
374807337 4285601
374837809 31797415
374839393 NathanYao
374871275 63448269
374872757 48057580
374873214 GinaFish
374875600 ultraman2012
374882059 multiple
374884831 63932827
374888472 kiki_z
374909620 SalanC
374909741 60709551
374910024 gransong
374910494 gransong
374914915 zz169
374916803 anesthesiam
374926759 DorisM1024
374942845 47228026
374975735 yawuho
375037960 60389371
375104778 4180878
418293461 48057580 374882059 multiple
418317714 48397224 374442810 Ada_quan
418325666 baby.w
418338551 qxx15
418482491 HarryAirport
419099798 64558797
419100171 3785383
419114814 33132526
419122828 Mokiooo
419132562 61382196 374453997 15406956
419141249 xiaotuzitongxue
419141975 bashousan
419142475 66720086
419174355 princessbany 419142475 66720086
419239852 shut
419280841 12992904
419332419 67614969
419360863 lovenomilk
419385335 50551930
419388318 pemachoedon
419654369 50248438
419654462 42096804
419680143 33132526 419332419 67614969
419680866 46537101
419681184 Sasameyuki
419695151 9090715
419705869 42307079
419741812 67614969 419680143 33132526
419742995 3522630
419745177 62935774
419746889 inkysea
419750805 sleepping
419752602 34871381
419752907 2231624
419769651 SALEM
419770188 fourblondes
419885430 mobbyca
419886405 47225490
419889447 vantcy
419909245 47331997
419927365 3921385
419928815 SalanC
419933919 63789363
