375118189 Q1971804231
375121994 graylucky
375124371 47181573
375134187 jdh233
375169870 43676426
375229864 lin-salome
375251102 64098194
375442682 licong14
376466448 46792748
376514782 2846375
376544720 53967910
376545827 severive
376626566 lenky
376637234 60243825
376637691 vashrei
376710021 39403902
376713903 61693912 376626566 lenky
376715138 44866273
376730647 64240988
376731763 30155921
376774463 3561876
376775134 26549205
376795829 34643924
376990721 48516038
376995178 October-- 376990721 48516038
377013725 57934291
378023421 34147190
378075991 47726777
378112413 44700850
378378767 40684002
378381735 60359125
378384397 sese_0
378393998 songly1016
378396461 47286556
378419570 64382314
378441377 53744904
381179003 50579470
381179462 cyy520
381181580 40862278
381320834 44903525
382913089 flynana
383165681 43477036
383175606 50144618
384278046 wable
384281275 61161640
384285320 cross_padma
384288150 3256648
384383500 42984647
384384470 23384016
384503813 wqpw
384796649 4553155
384927728 vanessadali
385980240 iamstillhere
386018250 2618544
386020556 9450448
386021327 52746785
386021994 61795543
386022847 61893959
386067879 51300501
386114544 1734345
387083946 53382227
387131753 PrussianBlues
387181937 coolbee
387242375 55010323
387308813 51101083
387660260 59593583
387671643 60341070
387906626 60290156
387936522 icecream058
387940371 lynn_zachace
388999042 tjjessicaliu
389313084 49626248
389658934 juno_l
389659646 59702813
390189427 63262660
390227591 4727623
391783736 40544807
392446740 65076651
392449555 Persephone_keke
392450633 1354383
392454656 46854860
392455978 41581614
392458516 33802745
392460601 maodouzhu1989
392492919 61538746
392493131 61538746
392717320 64337351 381320834 44903525
392847196 44903525 392717320 64337351
392893992 34868249
392996865 36796362
393002825 cowboy_LULU
393123418 65590212
393125595 53143362
393194483 64738032
393201555 60243255
394185834 60358204
394193980 3537100
394194606 65644652
395669142 48956989 375229864 lin-salome
396577403 1951535
397954265 vivien9161
397966649 45798853
398307448 ReginaChiang
398989863 30338096
399240363 4064198
399240689 52813259
401476768 twitter001
402005362 3884579
402018415 60770711
402021148 leshary333
402023921 lilijiushi
403739243 66395617
405165015 15820819
405165939 35071052
405381628 66596490
405552997 43431279
407183600 61273494
407186237 48856882
408149813 50270604
411344836 50590464
411421069 huisiumui
411423999 59319521
412103989 66087486
412116746 65727463
414794401 2795983
414847409 49166139
414919218 45894251
415369513 raneehighness
415372148 64056693
415374687 Michaelgemini
418168796 64365249
