376783324 cissy333
376783564 2591786 376783324 cissy333
376788588 8084956
376815348 licong14
376815486 licong14
376818664 57796738 376783324 cissy333
376819468 57796738 376788588 8084956
376819665 57796738 376815486 licong14
376823507 58416365
376847786 8084956 376819468 57796738
376916226 57796738 376823507 58416365
376916680 57796738 376847786 8084956
376962903 8084956 376916680 57796738
376976010 grace_xu229
378513023 50234681
380170648 50689028
380385320 57796738 378513023 50234681
380385698 57796738 380170648 50689028
382589477 weishimi
382830785 37021614
382833500 63526573
382853395 52483802
383311439 57796738 382589477 weishimi
383311534 57796738 382853395 52483802
383311882 32074412
383312397 48953364
383313660 47383140
383361780 52483802 383311534 57796738
383418883 57796738 383312397 48953364
383419339 57796738
383422123 52483802 383419339 57796738
383423367 48953364 383418883 57796738
383440234 57796738
383441633 57796738 383423367 48953364
383452256 52483802 383440234 57796738
383452701 3368287
383457530 amethyst1218
383481452 57796738
383482136 57796738 383452701 3368287
383482268 57796738 383457530 amethyst1218
383485966 asukaflee
383489936 52483802 383481452 57796738
383491708 57796738
383492152 57796738
383492725 52483802 383491708 57796738
383496232 40129783
383497765 22251803
383532038 57796738
383532140 57796738 383496232 40129783
383532657 57796738 383497765 22251803
383534744 40129783 383532140 57796738
383537584 xiaolingliu
383537625 52483802 383532038 57796738
383622064 57796738 383534744 40129783
383622454 57796738
383622529 57796738 383537584 xiaolingliu
383669904 52483802 383622454 57796738
383672036 48953364 383441633 57796738
383675154 xiaolingliu 383622529 57796738
383677365 46315290
383677502 kuangxuan
383760705 2384916
383769390 57796738 383669904 52483802
383770615 57796738
383770881 57796738 383760705 2384916
383775511 2384916
383807917 3312539
384226159 52483802 383769390 57796738
384308053 48117917
384344092 Blackliuliu 376783324 cissy333
384344260 Blackliuliu 380170648 50689028
384365442 farmer1
384386977 cissy333 384344092 Blackliuliu
384780569 15271334
384913287 xiaoyaojian
385246430 Samadh1
385421774 58052298
385596600 35909537
386020580 11545397
386137210 57796738 386020580 11545397
386137772 57796738 385421774 58052298
386884415 DrumSimon
388267958 65187849
388539982 64572718
389798444 60014256
390386080 yuqitong
391123727 3118893
391478447 miaxiaofei 385421774 58052298
391481677 jingshudemeigui
391490681 wanliangqueen
391490925 59796415
391520518 55714307
391526771 zhj0124
391878489 57796738 391526771 zhj0124
392383874 65507625
392584427 4434222
392628797 venuszdy
393197970 65458702
393202552 37248053
393815999 2319333
393816134 2319333 393815999 2319333
395283452 54411421
395899168 NEXB
396772048 50202325
397313698 61700515
397880447 50280407
397881948 60737810
397932119 57521684
397988521 57796738 397932119 57521684
398074898 60737810
398191340 57796738 398074898 60737810
398265349 63492411
398835875 kafork
399136635 57796738 398835875 kafork
399482129 sopadepollo
399534602 kafork 399136635 57796738
399921958 laureatebooks
400082375 moonjade
400083826 hua_ren
402331983 pearcake2002
402469153 huangyeshengcun
402688746 1736814
402816421 65542610
403775583 57796738 402688746 1736814
404556866 1544762
404591589 sometime113some
408487201 57796738 404556866 1544762
409428223 3344896
409428540 3344896 402469153 huangyeshengcun
409897066 huangyeshengcun 409428540 3344896
409970921 65928406
412591089 56918467
412620272 66891898
412864750 51462862
419082788 18080595
419088052 60026141
419424069 ljviva
419446090 52442310
