377856453 nomo-whu
377856454 2678160
377857245 46641289
377857780 51483548
377859135 46641289
377861640 55024838 377856454 2678160
377862325 woshiwmf
377862477 spearshield
377862494 VampireSue
377876985 47747849
377882403 sh4ever
377909873 63324134
377912598 miqing
377916953 nazimei
377917285 vivian626
377919452 graylucky
377925303 3469022
377925683 57332890
377930032 64319827
377932027 yoyoyoyoyoyoyo
377934892 36961839
377935334 2169387
377935794 34761212
377945697 sherometeor
377946961 xm02120 377916953 nazimei
377956471 cnjc
377960378 13959878
377966544 Fabozzi
377999412 46641289
378003077 2990414
378010725 46641289
378011285 nazimei
378045324 18049000
378046588 hechamao
378056423 4698464
378058837 56673849
378066502 white_rose 377925683 57332890
378070108 pcheng
378070901 45811663
378073819 4382371
378078180 48668160
378081935 46641289
378085104 45811663 378081935 46641289
378090768 46641289 378085104 45811663
378092423 45811663 378090768 46641289
378093470 45811663 378090768 46641289
378095055 46641289
378097125 45811663 378095055 46641289
378097331 47747849
378098038 hooibe
378098664 46641289
378099045 naitaoyo
378099757 naitaoyo
378127375 47747849 378098664 46641289
378137407 2591786
378137840 56046952
378138318 21987076 377876985 47747849
378138455 58822943
378138767 46641289 378137407 2591786
378180882 57332890
378272548 4698464 378095055 46641289
378272806 4698464
378275235 babyfaceY
378580081 2591786 378138767 46641289
378602885 whereMonica
378603389 59869070
378612954 pengqize
378672321 45325113
378672765 60757544
378674311 shelleyz
378679535 3487417
378825574 46641289 378679535 3487417
379047087 40175752
379047363 40175752
379050601 63827479
379063884 53171610 377909873 63324134
379066586 colourful1 377876985 47747849
379067142 colourful1 378679535 3487417
379068193 evarain
379069860 3147206
379070598 1194083
379071482 1495852
379071635 49261685
379072857 1194083 378275235 babyfaceY
379076179 Honeybunnydolce
379082633 61161640
379084166 Honeybunnydolce
379084287 47383140 379082633 61161640
379086945 46641289
379092881 2616563
379098365 61161640 379086945 46641289
379104520 62608772
379265875 caoxiaoning
379277572 cxasd331 378078180 48668160
379279362 3115643
379297565 35879666
379323817 48668160 379277572 cxasd331
379343865 Honeybunnydolce
379352123 46641289 379343865 Honeybunnydolce
379354291 46587440
379406476 annabelleliahb
379420044 63832276
379420742 47181573
379424724 sunflowerrr
379425722 kensou28
379425744 Pink_Blue
379431309 bloodytears
379433226 homosapians
379433474 57251153
383508481 cxasd331 379323817 48668160
383549821 57949002
383557170 48668160 383508481 cxasd331
383558270 47549927
383618128 36889144 378272548 4698464
383778951 46641289
383780089 46641289
383780322 46641289 379279362 3115643
383786778 blackt
383787869 felizfelize
383800357 3663880
417962823 46641289
418342044 54208735
418346553 59285006
418681351 62474747
418731487 46641289 418681351 62474747
418748152 59404841
418748887 alalei214
418801266 59542737 377930032 64319827
418824837 50603628
418827846 66894155 377909873 63324134
418828261 66894155 418342044 54208735
418828960 66894155 383508481 cxasd331
