378911458 whereMonica
378911687 60619544
378911987 sulijunly 378911458 whereMonica
378912228 61893959
378912302 sulijunly 378911687 60619544
378912341 57759401
378912376 sulijunly 378912228 61893959
378912398 wangpeng218x
378912574 sulijunly 378912341 57759401
378912788 sulijunly
378913924 sulijunly
378914378 sulijunly
378914443 grace_xu229
378914908 sulijunly 378914443 grace_xu229
378915597 xiaojianhaochi
378916191 sulijunly 378915597 xiaojianhaochi
378916267 57759401 378912574 sulijunly
378916269 whosefault
378916289 grace_xu229 378914908 sulijunly
378916610 33940482
378917111 63949112
378917417 44148738 378916610 33940482
378917437 sulijunly 378916267 57759401
378917448 prettypity 378916610 33940482
378917856 sulijunly 378916269 whosefault
378917931 sulijunly 378916289 grace_xu229
378918422 sulijunly 378916610 33940482
378918844 sulijunly 378917111 63949112
378919130 60391311
378919202 grace_xu229
378919270 sulijunly 378919130 60391311
378919488 sulijunly 378919202 grace_xu229
378919809 56903255
378920113 sulijunly 378919809 56903255
378935893 56903255 378920113 sulijunly
378936114 yawuho
378940701 wyman21
378952095 summydai
378952392 18049000
378953780 54469318
378955772 17582771
378959004 62608772
378963174 33940482 378917417 44148738
378963700 33940482 378917448 prettypity
378964201 33940482 378919202 grace_xu229
378973771 grace_xu229 378964201 33940482
378974168 61244127
378977876 33940482 378973771 grace_xu229
378999608 33940482
379072271 grace_xu229
379074635 56008666
379077439 33940482 379072271 grace_xu229
379077789 zhangxiaori
379078011 marryai
379078342 hongseqinting 378953780 54469318
379078866 sulijunly 379074635 56008666
379079017 sulijunly 379077789 zhangxiaori
379079097 sulijunly 379078011 marryai
379080831 xiaojiaotianxin
379081337 dsdjy
379084140 56008666 379078866 sulijunly
379094797 cassiopeiajinxm
379097216 46487780
379101150 sulijunly 379097216 46487780
379101323 sulijunly 379094797 cassiopeiajinxm
379101454 sulijunly 379084140 56008666
379101611 d3von
379105025 zhichangyou
379116737 49489111
379117236 49489111 379079097 sulijunly
379118106 49489111 378918844 sulijunly
379118499 suxiaomobai
379119067 54580389
379119277 60709551
379121863 60709551
379125353 61529863
379126167 oliviapalermo
379133844 naler
379135691 59139980
379136076 60544800
379136196 DJxvsSH
379136607 1372779
379136969 pengqize
379137178 4196011
379143048 1344334
379148992 63925052 379137178 4196011
379150485 4196011 379148992 63925052
379151470 63925052 379150485 4196011
379152004 2807862
379152828 4196011 379151470 63925052
379153199 63925052 379152828 4196011
379157327 63924919
379164244 zhichangyou
379186871 diaodiede
379193481 xiaoshufortune
379196982 43400502
379197264 43400502 379193481 xiaoshufortune
379197375 58767174
379197511 53501618 378912302 sulijunly
379212471 xiaoshufortune 379196982 43400502
389764234 51518087
389931460 beigaizi
389951912 44205487
390839093 63925052 389951912 44205487
390842215 naught
390844638 3184442
390845039 3184442
390949062 4339556
390982017 yoursever
391126571 nanguodelt 390982017 yoursever
391170003 64902099
391451949 moyan2013
391530341 dazadeo
391538477 63925052
391565839 37248053
391852798 jiehunqingshu
391854823 56062373
391941009 57759401
392162133 huaqiyap 391941009 57759401
392217510 huaqiyap
392248930 55714307
392258573 4563332
392258699 xtqqqqcn
392262909 64395874
393027280 qiuyumianman
393065891 40502055
393085551 alanyufan
393087381 LillianLeelll 378912341 57759401
393151756 64237168
393187103 64738032 378919202 grace_xu229
393202496 63570749
393234570 58328231
393234693 58328231 393202496 63570749
393287081 wydcj 393234693 58328231
393340542 54822077
393372049 57759401 393087381 LillianLeelll
393376410 amibachong
393377186 amibachong
393420713 64618395 393377186 amibachong
393423644 37174628 378940701 wyman21
393446547 qiedandan 393423644 37174628
393520084 63570749 393234693 58328231
393520524 63570749 393287081 wydcj
393698611 shallylina 393520084 63570749
393706452 63925052
393706775 muyanduoduo
393832332 63570749 393698611 shallylina
393832592 57705190
393953194 basehua 393706775 muyanduoduo
393953222 basehua 393832592 57705190
393992768 63893939
393995997 64253075
394202344 46399866
394212196 64633861
394304541 qiuqiuhuantion 393995997 64253075
394336576 ciela
394341939 65630775
394345010 zecy
394347943 65630775
394385073 61488746
394428125 muyanduoduo 393953194 basehua
394446567 65665875 394385073 61488746
395268959 65666203
395274016 bloodytears
395333388 sexslady
395514683 qiuyumianman 395333388 sexslady
395629093 65771494 395514683 qiuyumianman
395629721 Kibum_xx
395987546 55677347
396007960 zhongailan
396008706 2175508
396343295 65831990 395987546 55677347
396522927 thx4visiting
396531598 65832050 396522927 thx4visiting
396532576 2945919
396640671 thx4visiting 396531598 65832050
396650095 woaichisuancai 396640671 thx4visiting
397292863 21182548 378952392 18049000
397457696 dtdkqhl 397292863 21182548
397599562 65859556
397794171 nanguodelt
397936752 fenhongcheess
397978055 49125515
397979015 34714800
397990533 SalanC
398066642 ifeder
398072566 47054655
398072901 35334751
398074494 61237269
398075254 58228470
398075323 louis15yao 378912341 57759401
398128089 qingyanstone 397979015 34714800
398304267 18049000 397292863 21182548
398636941 zuolijiong 398304267 18049000
398733838 65920472
398791065 65325488
398806250 66046387 398791065 65325488
398971275 66046594
399767991 65251362
399893610 tengy
379213142 kensou28
379214978 RwandaLuntana
379216260 sulijunly 379214978 RwandaLuntana
379216350 sulijunly 379213142 kensou28
379220402 kensou28 379216350 sulijunly
379233966 63925052 379220402 kensou28
379236612 lukaxu
379238165 suoka
379238318 2400962
379240047 1344334
379241347 56347012
379241599 54469318 379078342 hongseqinting
379241720 61117721
379241834 60709551 379240047 1344334
379244460 zzc0707 379197375 58767174
379253227 57944002
379258153 mgicalline6
379259404 bazinga2012
379259636 60653621
379259907 40088983
379261797 Corey_C
379263835 2003223
379266019 53088067
379276803 58887198
379388273 sulijunly 379238318 2400962
379388521 sulijunly 379240047 1344334
379390254 hongseqinting 379241599 54469318
379403787 fengleshide 379197375 58767174
379406095 45946880
379414012 malgemi 379406095 45946880
379415915 1344334 379388521 sulijunly
379476926 qiedandan
400555417 3820536
400567436 47291573
379481845 61536700
400574613 66001992 400567436 47291573
379489130 mimigogo 379481845 61536700
405635802 63893123
379492257 58816190
405637968 66305487
379505616 64460742
405644664 61632506
379506047 Pide
405659465 53386557
379515481 52394248
405669333 domo7
379517429 swwanother
405730298 66653842
379528792 63925052 379517429 swwanother
405995989 blackduck
379531065 49505341
405996307 timberwolf
406133842 61973775
379531684 49505341 379517429 swwanother
406910357 63893123 406133842 61973775
379532019 49505341 379506047 Pide
379535189 3570299
407000460 61973775 406910357 63893123
379536153 aliss 378911687 60619544
407009971 qiuyumianman 407000460 61973775
379541876 4087774
407251080 xiaojianhaochi
379544374 4855646
407251779 53063307
379616691 60282602
407652567 61025014
407700353 48645145
379714002 qiuqiuhuantion 379544374 4855646
407708722 ddding1108
379727819 4855646 379714002 qiuqiuhuantion
407709327 nntk
379729412 youmurinn
407709514 50405487
379729837 63925052 379727819 4855646
407980037 malgemi
379730979 luvyn
408141118 smiletuu
379739269 amy19900726
408141587 mikatang
379751960 63761612 379730979 luvyn
410104752 Rosefen 408141587 mikatang
379755498 47654307
410880804 37174628 393446547 qiedandan
379764801 luvyn
411031973 48058927
411035007 54261683
379780760 qiuqiuhuantion 379764801 luvyn
411802583 fengleshide 411031973 48058927
379780952 qiuqiuhuantion 379727819 4855646
411945736 65859556
412200327 daibiaoyueliang
379781156 luvyn 379780760 qiuqiuhuantion
412201305 fxx614
379791413 61529863
412212520 45683868
379792279 4855646 379780952 qiuqiuhuantion
412215779 63659909
379792709 justkevin
412289401 65859494
379811073 63924919
412583943 shoufaqing
412587492 A1isonL
379828870 63925052 379792709 justkevin
412601097 pingguopianpian
379849064 mingyunlaixi
379858381 maoliqiusi
412667328 xiaoxiaoao 412601097 pingguopianpian
379874231 keshouqilai
412671498 38984015 378912341 57759401
379875014 54696064
412703983 13945996
380080199 53595016
380080725 junesauto
412707737 pingguopianpian 412703983 13945996
380081839 ljhoney3019
412731015 niexiaomei
412975571 67398628
380174038 50689028
412976962 4747494
380227733 48687443
413066477 67398530
380234784 xtmo
413105940 67426539
380603919 63925052 380227733 48687443
413116593 65119715
380604868 59823427
413361264 67435909
380905052 yueguangbaoshi
413363265 lying007
380932592 xiaoshufortune
413901848 66965605
380936195 lynn_wish
414527951 67540947 413901848 66965605
380939498 sole914teamo 379072271 grace_xu229
414529128 4457540
380942097 miki
414529793 35197929
380942562 forgetsally
414530080 35197929
380946297 grace_xu229 380939498 sole914teamo
414530316 luomifan 378912341 57759401
381068676 Simplestyles
414561845 wennuandenvzi
381166272 34621003
414600523 66965605 414527951 67540947
381197648 45832696
414602523 4492457
381198349 chenqianle
414627351 57302341
414740631 67547338
381241104 youminiu 381166272 34621003
414817058 66046740
381374598 51474295 378918844 sulijunly
414845727 49172143 378912341 57759401
381470221 34621003 381241104 youminiu
415986946 67639963
416522794 55798024
381553258 azuoxi 381374598 51474295
381601990 fishhappy
416530843 2240680 378916289 grace_xu229
381603644 64187410
417017589 3921385
381611179 62975658
417384255 36395380
381614185 46041060
417384794 aaaaap
417555305 67771849
381675234 tingfengzhe 381614185 46041060
417558180 43058759
381689580 2987152
417559149 53287234
381690544 47297798
417672833 53489022
381707217 fendai
417679900 59673895
417688903 44384908
417689846 52590457
417690639 58000519
417846212 67796873
419750618 67935515
419938376 winifredcheung
381708781 41595553
381709527 41595553
381870099 azuoxi 381707217 fendai
381905900 63925052 381870099 azuoxi
381974248 wanmeijiayi
381988843 minhaomi
382673099 graylucky
382673496 chixixiaoyu228
382714741 63925052 382673496 chixixiaoyu228
382716058 icemanz611
383030695 zhichangyou 382716058 icemanz611
383121659 Simplestyles
383133103 mimigogo
383147423 sulijunly 383133103 mimigogo
383337110 63925052
383341736 yinhexidemonv
383342077 pra 383337110 63925052
383344862 hety
383468196 kuniyiqiwa
383469280 xm02120
383472851 leesan 379240047 1344334
383478404 kuniyiqiwa 383469280 xm02120
383482831 49118788
383628866 xiaowei2013 383482831 49118788
383644308 49118788 383628866 xiaowei2013
383671233 zhenshibaifumei
383815516 eillenqhy
383922714 grace_xu229 383472851 leesan
383932833 63448269
383941443 62775920
383943289 summer_jump
383943888 JunoZ
384014169 49644502
384019477 zhichangyou 384014169 49644502
384057479 milantiejiang
384060127 4672692
384060745 noelshen
384114214 udaren
384783362 woaichisuancai
384783869 62387864
384792879 love-99
384833487 ebaoteyou 384783869 62387864
384861164 56174346
384921214 64902099 384861164 56174346
385023412 54478271
385072617 64902099 385023412 54478271
385080163 62607586
385080569 62607586
385101936 maoliqiusi
385122194 marian_g 379135691 59139980
385145891 bhcha
385485477 wydcj
385527970 4702060
385736413 haipaitianx
385779624 64967289 385527970 4702060
386053986 wennuandenvzi
386054408 sunsunwen
386055847 46215973
386056117 46215973
386110514 59317984
386113369 57694666
386119710 Kolene
386120864 55023120
386150993 yumihh
386360756 woshitudou
386366526 changtoufadekun
386457430 yueguangbaoshi
386618634 luyoume
387565700 49644502 384019477 zhichangyou
388030807 yangqing125
388038423 4438117 378911687 60619544
388196462 65162287 378912341 57759401
388197785 ps617
388310913 65068713
388317610 3527754
388322764 mandy-woo
388327092 12395967
388495915 54204505
388496189 hamminii
388658327 zyqdd
388667628 64469572
388673338 64680807
388677957 47487877
388684606 kakakissfreeman
388685518 2518207
388692226 54822077 378912341 57759401
388692809 54822077 388685518 2518207
388728403 2518207 388692809 54822077
388752823 shangnile 388667628 64469572
388753431 shangnile 388728403 2518207
389079155 changyouworld
389301890 65226949
389420107 changyouworld
389443999 45029521
389447208 65119715 378912341 57759401
389601822 shenzhougo
389675124 lesikong
389676533 51518087
389679896 48672909
389761862 61475238 389676533 51518087
