384262942 Olivialu
384263549 39840442
384263725 minazukiruka
384263861 Columbo
384265879 miyu_lx
384286631 vivianus.dh
384289931 qyy1120
384298856 vivianus.dh
384586516 2740397
384620053 spearshield
384622727 2725106
384624680 45731985
384869718 16962105
385176140 fendai
385186571 sumnuis
385187203 37266402 385176140 fendai
385207646 fendai 385187203 37266402
385212178 37266402 385207646 fendai
385212753 3147206
385219033 3305440
385219339 fendai 385212178 37266402
385220211 52612269
385251125 43005536
385265029 1344334
385265498 60151640
385364579 alphawoo
385426156 allanwhn
385447649 went1
385940481 1588081 385265498 60151640
386053000 2740397
386189583 lensshop
386196750 54765991
386203887 54939374
386479322 readeye
387185169 3880678
387284938 49066765
387299577 ZhaoHanH
387808165 4750627
387811618 45637246
388022398 56956228
388023446 49224604 385176140 fendai
388023515 agassihou
388062324 44988460
388062710 kiki_362
389854138 57757290
390648658 62557958
390648727 zz69 385212178 37266402
390648752 2292064
410292284 39562208
410362863 carrielovelife
410471938 nanhai210
410482311 yilule
410492368 43834278
410501475 59679361
410508024 63116888
