385780550 3930090
385783742 49636579 385780550 3930090
385785829 4607243
385790045 sunflowerrr
385793567 30214123
385793795 49636579 385793567 30214123
385793923 49636579 385790045 sunflowerrr
385795145 63989960
385795537 46747303
385795557 1388699
385801054 61528655
385802064 sunflowerrr 385793923 49636579
385802180 sunflowerrr
385804982 56347012
385806055 3734656
385810659 55605791
385823450 49636579 385801054 61528655
385823715 49636579 385802064 sunflowerrr
385824426 36548132
385828447 44164543
385831496 60243255
385832652 43346057
385832815 4363669
385833733 3683487
385837011 50293701
385837140 62953301
385881252 4716151
385882889 49022865
385885503 52585414
385886345 37009293
385892739 49636579 385885503 52585414
385895898 60806496
385906532 17821547
385953885 51744289
385980765 iamstillhere
386000282 sandy1989214
386000679 bushuoguanyu
386000682 bushuoguanyu
386170664 lamyanyu
386209286 49636579
386210251 hunterzg
386211160 45325113
386243798 kqdy
386255509 2725106
386255964 john.j
386258069 60243255
386326712 49636579 386255509 2725106
386481036 49636579 386255964 john.j
386513112 3663880 386481036 49636579
386541545 51821306
386588596 49636579 386541545 51821306
386630433 51821306 386588596 49636579
386837889 49636579 386630433 51821306
386847619 zerohajime
386981942 51821306 386837889 49636579
387732719 49636579 386981942 51821306
387735343 homosexual
387735686 39451336
387735899 25381721
387737329 45570584
387738287 appleccl
387738496 43456866
387787361 2564298
387794458 dongerduo
387795954 blessyue
387800659 33836504
387904866 60290156
387926055 63916663
387938286 59560608
387940671 59560608 386847619 zerohajime
387946456 grace_xu229
387946672 fei1988
387946842 42201129
388068832 49636579 387946456 grace_xu229
388069223 49636579 387946456 grace_xu229
388074956 kimoooo
388491194 49593723
388492817 58762433
388493685 49161139
391638152 49636579 388493685 49161139
394494688 49636579
395998498 49636579
398305753 47570415
398307352 57925007
401608078 49636579
406120608 49636579
408881558 49636579
408882199 J-S
409013658 47867553
409015020 41495165
409075002 47964847
409079428 1716613
409080583 55961364
409082134 60951042
409083600 4538136
409106807 3952590
409107825 61569903
409110882 Fatina
409301420 49636579 408882199 J-S
409340366 J-S 409301420 49636579
409346192 30800091
409366408 46661008
409367180 46341971
409916813 49636579 409340366 J-S
409969482 65928406
409970385 42880314
409994914 yakootao
413462346 49636579 409994914 yakootao
413683982 54338416
413690362 zhouxiaoke
413692466 4819713
413693097 w44
413693414 52783587
413694097 42724941
413694983 devilpanda
413695465 66087486
413695524 48604311
413696789 adlock
413727614 yakootao 413462346 49636579
413728037 maodou626
413728039 55333642
413733089 CNIN
413761660 66965605
413763680 huisiumui
413764762 47255940
413766511 54286359
413767000 obsession
413767320 49268123
413768398 45745465
413862727 53123379
413863172 61654323
413864028 54980805
414050635 xingxiaozhu
414051269 2012682
414366337 35087113
414931859 49636579
415080239 57567026
415438444 DOOMSDAY1989
415446282 38775403
415490133 niupaifan
415507901 50547800
416354548 49636579 415507901 50547800
416366843 54250928
416628535 moonews
416631892 Evansance
416715042 57383954
416725052 Louiselly
416727948 34322497
416752823 64541767
416765246 57529882
