391469023 hooibe
391469437 lulurockyou
391469502 45513421
391471458 3118893
391472788 tuotuozhuo
391473213 greenyyo
391490134 ccLui
391626093 mobbyca
391628316 60498482
391628680 Q1971804231
391628901 37248053
391638443 4238154
391654529 4471206
391662028 53314935
391663022 Nicoleleeee
391663553 hooibe
391663790 50064069
391664647 1615823
391667442 shemeant 391628680 Q1971804231
391675135 licong14
391676015 geekzhuo
391773719 3305440
392181916 58321939
392188945 50551930
392202165 fendai
392392442 61538746
392395327 M8888888
392456182 41581614
411024292 Miss7Mint 391472788 tuotuozhuo
411025384 yiyitoucaonima
411026332 Miss7Mint 391472788 tuotuozhuo
411107932 kelyz
411108149 itokinblue 411024292 Miss7Mint
411114951 60415974 392181916 58321939
411115130 Clycatie
411227767 56046952
411286851 woaixiner
411310458 61273494
411310977 2549727
411474298 Miss7Mint
411474572 Miss7Mint
