391627931 2591786
391628063 27395012
391628609 15742439
391630660 mobbyca 391628609 15742439
391631253 2591786
391631254 imyuanzheng
391632278 15742439 391630660 mobbyca
391633430 15742439 391630660 mobbyca
391634434 mobbyca 391632278 15742439
391635273 2591786
391637642 lysy20100525
391638264 mobbyca
391638421 15742439
391639239 mobbyca 391638421 15742439
391639432 15742439
391639600 58199590
391639641 mobbyca 391635273 2591786
391640709 mobbyca 391639432 15742439
391640905 15742439 391639239 mobbyca
391641310 mobbyca 391640905 15742439
391641415 54291569
391641778 Olivialu
391642297 15742439 391640905 15742439
391642655 irisgoesnuts
391642950 cutcutdown
391643075 mobbyca
391643846 15742439 391642297 15742439
391644615 yo_ly1989
391645711 mobbyca 391642297 15742439
391646427 mobbyca 391643846 15742439
391650785 47831974
391663341 15742439 391646427 mobbyca
391666065 59869070
391669716 58176465
391676048 51203177
391744457 2403309
391759158 mobbyca
391763009 58176465
391766336 29515800
391766802 56676180
391770723 3305440
391771496 max1216
391771772 inging
391772782 qqkidz
391773338 65211056
391773623 Daisy_0801
391777380 summerzoe_
391777679 yoyika
391777744 itty 391628063 27395012
391778939 37311123
391785741 40367438
391809443 enjoymore
391810721 A_soul
391818599 1854609
391824260 59248233
391825755 iamjoe1030
391947784 mobbyca
391948325 44251223 391628063 27395012
391948884 xiudou7749
391949376 jingstacy
391949882 Godie
391966896 48815871
391967253 stellabao
391970434 59857643
391972301 50551930
392019731 4750627
392020327 taoerduo
392021570 Reese77
392110794 4889451
392375400 ninitu
392375941 jamieevans
392376164 Jacqueline.F 391642297 15742439
392667208 handlady
392946851 25491381
392959405 1447862
392962080 CatwomanL 391645711 mobbyca
393318576 41617212
393335569 40199434
393336277 xm02120
393341043 1457644
393656344 63861608
393811505 1718001
393827680 4519488
393828728 3689765
393830729 sk2gjl
393831593 1557815
394284261 49016724
394285942 xiaokucha
394287301 woshidatuzi
394287429 42115545
394287558 63240980
394290271 4114023
394371936 4086847
394374350 karenlongljy
394374881 lucylilylucy
394724748 49257260
394980997 dixie_chen
394995469 36666411
395025656 61887220
395348957 jamieevans
395353399 ffaipink
395366237 43762131
395553706 2794557
395694272 lazykiss 391777380 summerzoe_
395865965 summerzoe_ 395694272 lazykiss
395976464 2591786
418942395 43431279 395348957 jamieevans
418942837 43431279
418975037 jamieevans 418942395 43431279
418975586 2415999 391628063 27395012
418980555 43431279 418975037 jamieevans
418986730 jamieevans
419005832 60043506
419021516 aioriaharry
419021910 1605031 391628063 27395012
419061714 mobbyca
419061876 mobbyca
419062234 44601581
419064372 mobbyca 419062234 44601581
419065250 44601581 419064372 mobbyca
419067138 mobbyca 419065250 44601581
419072654 eraser5160
419072822 35423179 419065250 44601581
419074087 eraser5160
419074515 mobbyca
419075266 1688780
419076958 soooyoung
419078089 53590156
419078365 soooyoung 419078089 53590156
419129200 aioriaharry 419061876 mobbyca
419161974 56396066
419164986 43431279 418986730 jamieevans
419167436 3619211
419171153 53219370
419172032 47654307
419174475 Superf_cker
419175543 59546107
419176088 fredjia
419180060 52758880
419181524 3921385
419181977 43431279
419184588 3921385 391639641 mobbyca
419189621 43431279 419184588 3921385
419190554 ki_33
419195771 65179819
419199968 43431279 419061714 mobbyca
419202963 63860087
419211114 3921385 419189621 43431279
419211590 3921385
419213671 43431279 419211114 3921385
419214041 aioriaharry
419221355 43431279
419224048 jinguangguang 394995469 36666411
419224718 44078819
419226081 44078819
419229750 aioriaharry
419230168 62234770
419231016 1411789
419232178 43431279
419233687 43431279
419233800 43431279
419233912 43431279 419231016 1411789
419234213 aioriaharry
419234373 36258489
419234377 1411789 419233912 43431279
419235245 aioriaharry 419233800 43431279
419235414 aioriaharry 419233800 43431279
419241154 jamieevans 419164986 43431279
419241364 jamieevans 419184588 3921385
419249503 1051503
419349193 43431279 419241154 jamieevans
419351834 53255361
419354179 jamieevans 419349193 43431279
419381769 64164239
419385026 50551930
419388418 4587707
419393060 65583096
419429363 3921385 419233912 43431279
419444883 ihee1995
419445775 43431279 419429363 3921385
419446532 43431279 419444883 ihee1995
419464052 3921385 419445775 43431279
419464883 43431279 419464052 3921385
419466848 4336349
419467741 43431279 419466848 4336349
419468445 60282602
419469596 60282602 419468445 60282602
419470319 43431279 419468445 60282602
419470982 3921385 419464883 43431279
419473682 60282602 419470319 43431279
419484498 1557815 419354179 jamieevans
419523688 ciweijiajia 391640709 mobbyca
419569525 43431279 419470982 3921385
419570353 53464645
419573187 43431279 419570353 53464645
419589622 libra_myj
419594012 flyai
419599056 67871238
419599479 justforsp
419605090 66894155 391639239 mobbyca
419605224 66894155 391639432 15742439
419605478 66894155 391639641 mobbyca
419608145 66894155
419609316 66894155
419609592 66894155 394995469 36666411
419611535 joanjacky
419612378 64161888
419613304 l_kids 391631254 imyuanzheng
419630076 jamieevans
419633068 55798024
419633756 7158011
419860758 mobbyca 419633068 55798024
419863809 mobbyca 419633756 7158011
419875520 7158011 419863809 mobbyca
419884309 mobbyca 419875520 7158011
419951252 7158011 419884309 mobbyca
420024791 55798024 419633756 7158011
420027370 yi-ming. 391639239 mobbyca
420030631 mobbyca 420027370 yi-ming.
420031702 mobbyca
420044101 67913131
