391961879 46971504
392000043 64842633
392000297 64842761
392000450 64847612
392000935 64847788
392001157 64847916
392001462 63925443
392001642 64797538
392001647 63948806
392001940 63952522
392002417 64023530
392002622 64051732
392002735 64057393
392002877 64058339
392003111 64084144
392003357 xiaozeeos
392003623 64085084
392003880 64085783
392004074 64086544
392004307 64087030
392004679 64112879
392010130 44500358
392010699 ihaveyourass
416071308 62474747
416079994 58229186
416095012 1344334
416547526 57303542
416552703 sakihan
416556341 1596685
416630407 3320544
