393142034 61538746
393142503 47989793
394016425 65629325
394020975 kyoyoung
394020982 harbinbeer
394035154 65282481
394059494 liweixin
394063872 3692597
394068313 61039404
394068918 mayuyu
394069147 61538746
394070145 anyelse
394071982 64157790
394071988 64157790
394072003 64157790
394085405 63211145
394086944 fendai
394087294 Olivialu
394115690 47358615
394117113 chiba12
394118155 59139980
394120742 clover517
394121109 37248053
394127363 zecy
394127417 zecy 394087294 Olivialu
394131301 54613980
394586611 mama1125
394631025 61538746 394586611 mama1125
394632372 41444054
394636966 mama1125 394631025 61538746
394637073 65282481
394640284 ivy722
394644902 wanderLeann
394645488 ilu1314
396572613 minarcisse
396900462 2857008
397600780 61538746
397606817 yilule
398706939 52046651
398707318 46536202
401525656 47291573
401526355 summer7bihui
401640588 3401482
401655004 49291108
401672680 2193422
401674186 51937755
402064696 carrielovelife
402064810 iCOOOOO
402067557 47991105
402070558 60075812 394118155 59139980
402076328 58477168
402077627 w44 394086944 fendai
402077918 w44
402156251 fendai 402077918 w44
402252170 w44 402156251 fendai
402255515 4836918
402640652 fendai 402252170 w44
402642259 61924374
405081589 61538746
405082963 61538746
405272077 3522630
405441947 41683717 393142503 47989793
405442301 41683717 402077918 w44
405442417 41683717 402642259 61924374
405445503 35071052
405447342 shamanairyear
405449744 3921385
415659279 61538746
415694546 67614969
415697909 66106823
416072649 eleven910909
417478783 47625762
417481805 53431213
417482740 55023120
417640210 elseeeee
417692474 59132566 402077918 w44
417699817 33132526
417720489 w44 417692474 59132566
417725556 59132566 417720489 w44
417747544 66965605
417773011 61538746 417747544 66965605
417943525 imyoka
417944319 53574706
417947874 60052316
417952272 45930733
419633519 66869102
419633841 7158011
419634493 43740749 394086944 fendai
419636763 43724921
