394264371 greyair
394268781 mYYYYYYYYYYYYm
394277111 mtmk
394320577 64287773
394371972 54397560
394372716 62935774
394373575 62608772
394374162 34558623
394376969 3841391
394495751 58229186 394376969 3841391
394496750 58229186 394371972 54397560
394515656 54397560 394496750 58229186
394534866 58229186 394515656 54397560
394535207 58229186 394374162 34558623
394613675 zhaoqj
394738832 58229186 394613675 zhaoqj
394741665 grace_xu229
394741704 1688780
394741766 MolinCheung
394741962 Yqrwxf
394744552 fantasma
394748055 58229186 394741962 Yqrwxf
394748209 58229186
394748437 58229186 394741766 MolinCheung
394750870 fantasma 394748209 58229186
394758798 58229186 394750870 fantasma
394799349 Yqrwxf 394748055 58229186
394928672 1185723
395510924 65545267
395570258 58229186 395510924 65545267
395892732 kikiya123
396147027 58229186 395892732 kikiya123
396151013 em_phie
396151380 kikiya123 396147027 58229186
396238289 58229186 396151380 kikiya123
396563478 kikiya123 396238289 58229186
396565453 64547940
396664355 diqiushiyuande
397101008 58229186 396664355 diqiushiyuande
397101317 58229186 396565453 64547940
397101493 58229186 396563478 kikiya123
397173875 kikiya123 397101493 58229186
397200113 58229186 397173875 kikiya123
397220958 kikiya123 397200113 58229186
397228813 BIG.Mai
397240437 64547940 397101317 58229186
397553721 58229186 397240437 64547940
397553809 58229186 397228813 BIG.Mai
397553881 58229186 397220958 kikiya123
397987026 caojingcj
398008178 little_lady
398068934 58229186 397987026 caojingcj
398069175 58229186 398008178 little_lady
398203779 25897545
398204835 48197174
398220822 eddy19881203
398361180 caojingcj 398068934 58229186
398578292 58229186 398361180 caojingcj
398580320 58229186 396151013 em_phie
398580627 58229186 396664355 diqiushiyuande
398581814 58229186 398204835 48197174
398582026 58229186 398220822 eddy19881203
398614439 48197174 398581814 58229186
398711644 em_phie 398580320 58229186
399239122 shuanglongqiang 394376969 3841391
399585282 64969778
399611291 56932426
399614903 41482253
399748680 58229186 399611291 56932426
402646787 RockDMao
403578556 58229186 402646787 RockDMao
403601522 2494270
403618893 58852635
403619505 58229186 403618893 58852635
403619784 58229186 403601522 2494270
403620182 symyself
403620809 Ge_Mini
403850754 58229186 403620182 symyself
403850919 58229186 403620809 Ge_Mini
403850969 4251338
403851109 Yqrwxf
403851782 58229186
403851971 hachi_cat
403852122 58229186 403850969 4251338
403852338 Yqrwxf 403851782 58229186
403853118 58229186 403851971 hachi_cat
403853867 35071052 394320577 64287773
403854677 58229186
403855829 58229186 403853867 35071052
403859710 shamanairyear
403862939 Yqrwxf 403854677 58229186
403864789 ffaipink 403859710 shamanairyear
403865905 58229186 403859710 shamanairyear
403866060 58229186 403862939 Yqrwxf
403869145 shamanairyear 403864789 ffaipink
403869408 shamanairyear 403865905 58229186
403869669 shamanairyear 403862939 Yqrwxf
403873019 chengzigy
403873797 ffaipink 403869408 shamanairyear
403876840 58229186 403869408 shamanairyear
403876986 58229186 403873019 chengzigy
403877382 58229186 403869145 shamanairyear
403877931 58229186 403862939 Yqrwxf
403921747 Yqrwxf 403866060 58229186
403922128 Yqrwxf 403877931 58229186
403922238 Yqrwxf 403869669 shamanairyear
403924050 Clycatie
403934877 shamanairyear 403922238 Yqrwxf
404044025 58229186 403922128 Yqrwxf
404044259 58229186
404044391 58229186 403924050 Clycatie
404048959 eddy19881203
404049215 eddy19881203 404044025 58229186
404051513 58229186 404049215 eddy19881203
404061497 shamanairyear 404044259 58229186
404087372 58229186 404048959 eddy19881203
404113910 Yqrwxf 404048959 eddy19881203
404114324 Yqrwxf 404044025 58229186
404321964 little_lady
404322205 little_lady
404376899 58229186 404322205 little_lady
404535238 58229186 394268781 mYYYYYYYYYYYYm
404584732 eddy19881203 404087372 58229186
404585580 eddy19881203 404051513 58229186
404602184 58229186 404584732 eddy19881203
404602443 58229186 404585580 eddy19881203
404609141 zhourong520
404612965 58229186 404609141 zhourong520
404625005 eddy19881203 404602443 58229186
404662242 zhourong520 404612965 58229186
404765219 58229186 404625005 eddy19881203
404901860 58852635
404943970 58229186 404901860 58852635
404944586 57723686
405797839 58229186
405826826 3921385
405835720 61961336
405849356 58229186 405835720 61961336
405854770 61961336 405849356 58229186
405869654 58229186 405854770 61961336
406012070 mango10
406082018 58229186 406012070 mango10
406268642 61961336 406012070 mango10
406713497 3921385
407868631 58229186 406713497 3921385
408248419 58229186
408517820 mango10
408548282 shamanairyear 406268642 61961336
408548416 shamanairyear 406713497 3921385
408550595 58229186 408548416 shamanairyear
408607574 shamanairyear 408550595 58229186
408612488 58229186 408607574 shamanairyear
408680570 shamanairyear 408612488 58229186
408682549 ffaipink
408766202 itsSMELLY
408780740 58229186 408680570 shamanairyear
408781334 Yqrwxf
408791436 53284707 394372716 62935774
408829832 58229186 408791436 53284707
408830067 58229186 408781334 Yqrwxf
408891160 shamanairyear 408780740 58229186
409052618 58229186 408891160 shamanairyear
409183310 53284707 408829832 58229186
409213965 33328406
409214144 58229186 409183310 53284707
409264373 3921385
409292049 58229186 409264373 3921385
411441104 53284707 409214144 58229186
411692041 58229186 411441104 53284707
411692089 58229186 411441104 53284707
413035246 mango10
413110223 Yi_June
413486057 58229186 413035246 mango10
413487369 mango10 413486057 58229186
413488685 58229186 413487369 mango10
