395148368 qingdai
395223823 9057171 395148368 qingdai
395465592 qingdai 395223823 9057171
396840997 9057171 395465592 qingdai
398088235 qingdai 396840997 9057171
398203507 25897545
398204898 noiseinside
398212028 Awfullife
398245639 miyizs
398247605 H_oney
398627918 9057171 398088235 qingdai
398629552 4345890
398634036 9057171 398204898 noiseinside
398634139 ybshen
398634203 9057171 398203507 25897545
398634482 9057171 398245639 miyizs
398644014 4345890 398245639 miyizs
398644399 Creators
398644692 Creators
398658827 miyizs 398644014 4345890
398681870 4345890 398658827 miyizs
398706641 miyizs 398681870 4345890
398765451 25897545 398706641 miyizs
398857331 4345890 398706641 miyizs
398863298 miyizs 398857331 4345890
398939921 qingdai 398627918 9057171
399105068 sunbabyrain
399108699 zhouxiaoke
399307099 ybshen
400313241 9057171 398644399 Creators
400313395 9057171 398644014 4345890
400313610 9057171 398644692 Creators
400316119 9057171 398939921 qingdai
400316295 9057171
400337873 Hi.Alex
400559281 qingdai 400316119 9057171
400905648 caojingcj
400935287 unbelieve
411822166 4750627
412541450 o.iu.
