395152258 Luna777
395199492 32928900
395201407 zoidsx
395203151 1688780
395204396 58328231
395204572 xiaoyuoo
395204660 Sasameyuki
395204832 58328231
395204990 58328231
395205132 zhourong520
395223012 58816190
395223189 Okkkkkkkk 395204990 58328231
395224745 49834327
395556215 2794557
395556607 22251803
395557411 yusky
395628039 ashesofthetime
395644508 4567511
396194602 iamJillFox_0917
396196687 believeingod
396197021 61536700
396198101 59130102
396200694 sdvndtydmduj
396405956 1115958
396481261 3401482
405817875 53541389 395204396 58328231
405818030 53541389
405818143 53541389 395224745 49834327
405818324 53541389 395204832 58328231
405822317 55759493
405825837 35071052
405826374 53541389 405825837 35071052
405832607 35071052 405826374 53541389
406579905 43431279
407110303 53541389 396196687 believeingod
407110707 53541389 406579905 43431279
407110866 53541389 405832607 35071052
407112466 mmars
407114341 Livia1201
407146396 lovecheer
407146947 greenyyo
407151157 46671926
407153631 61887220
407182570 43431279 407110707 53541389
407183026 43431279 407110303 53541389
407190946 lovecocobear 405817875 53541389
407192787 63169898 395204990 58328231
407196104 43431279 395223189 Okkkkkkkk
407198438 Trampfan 396197021 61536700
407705084 53541389 407146947 greenyyo
407705387 53541389 407182570 43431279
407705516 53541389 407192787 63169898
407706825 53541389 396197021 61536700
407723523 2215551
409361645 15246528 396198101 59130102
412810925 63169898 407705516 53541389
413276627 kikiandme
413277544 60947172
413278475 superabigail
413279547 29046204
417005907 miumiu444
417006059 miumiu444
417008611 57302341
417020895 53541389 413279547 29046204
417021156 53541389 417005907 miumiu444
417021441 53541389 413277544 60947172
417021619 53541389 417006059 miumiu444
417021808 miumiu444 417021619 53541389
417021977 53541389 417008611 57302341
417022248 dadodo
417023593 57302341 417021977 53541389
417024317 53541389 417023593 57302341
417024758 57302341 417024317 53541389
417028497 3953340 406579905 43431279
417504836 66894155 395204990 58328231
417510595 59129237 395556215 2794557
417518000 60010468
417617185 alalei214 417504836 66894155
417618510 66894155 417617185 alalei214
417621743 alalei214 417618510 66894155
417622561 zhukeren
417669090 66894155 417621743 alalei214
417669646 66894155 417617185 alalei214
417672131 alalei214 417669646 66894155
417681071 59673895
417714317 66894155 417672131 alalei214
417716762 alalei214 417681071 59673895
417716908 alalei214 417714317 66894155
417734437 63286969
417740551 39544213
417753922 Irisdeeternity
417822552 61860747
418012704 61208750
418756804 Olga 395556215 2794557
418818551 ibelieve
