396393373 64028868
396394319 whisper0322
396396751 utensil
396410856 51163944
396411200 57666406
396411583 64028921
396433345 64028970
396457616 64029007
396479293 64029050
396483554 jjlin2
396912819 giraffe_olivia
411212969 64028866
411214414 61664732
411279478 64028917
411306571 48659289
411354643 64028949
411530061 44494913
411559781 64028868
411569624 49246315
411572655 63028250
411574813 xiyufeiyin
411625808 64028921
411657690 33132526
411714072 64028953
411737189 hety
411750908 51805283
411751721 61510191
411752895 56833770
411761796 38542408
411788707 65776058
411906920 64028891
411993221 64028931
412080160 64028970
412117544 65727463
412207106 fxx614
412418115 64028894
412834402 64028899
413573887 64028899
413600786 64028997
413614622 49189549
413633960 64028861
