396141774 63829478
396174084 2086869
396187512 ri8chua
396190277 raphaelzgb
396190921 58816190
396861012 clover1123
396861824 58442697
396862490 woodmoon
396966646 jdh233
396989485 4345890
396989865 learon
396990146 superabigail
396992027 45811663
396993514 vrayshadow
397440065 shannon_au
397447547 3612289
397455369 52081962
397455602 dixie_chen
397457728 missthin
397458231 tulip1983
397515096 ysl661122
398766700 25897545
398769472 SalanC
398772336 47747849
398772887 63860087 396966646 jdh233
398773111 ciaograce
398789499 62439840
398802643 57797104
398808153 1130385
399330127 62935774 398802643 57797104
399419205 chiba12
400220589 phoebepanpan
400221802 2591786 400220589 phoebepanpan
400223296 hermine
400243271 2603696
400263071 phoebepanpan 400223296 hermine
400410658 38896328
400420480 clover1123
401167802 forthefuture
401457746 1862101
401457898 60420717
401458036 15391956
401508039 61273494
401961746 49516184
402005172 huandiehuayu
402054748 48085468
402250395 51304994
402251224 51304994
402262507 2616563
402353739 3693180 402262507 2616563
402460686 4563332
416855734 57797104 399330127 62935774
416885417 43431279
416885828 3693180 416885417 43431279
416886622 43431279 416885828 3693180
416888374 2169387
416906254 54213878
417088169 3693180 416886622 43431279
417088498 3693180
417166136 4563332 417088498 3693180
417174286 43957874
417177512 3693180 417166136 4563332
417184829 17805287
417185675 43058759
417251555 wantz
417252614 58642213
417253522 58642213
417254097 25794066
417258903 4563332 417174286 43957874
417674310 superabigail
417678537 43243401
418090009 54871386 396861012 clover1123
418091646 4382644
418093773 54871386 418091646 4382644
418148630 55504043
418843638 50011062
