396771602 ROYALATLAS
402444954 64030194
402445964 58816190
402447429 61713142
402450414 39705890
402458364 lynrish
402495994 66329913
402577082 52293609
402581005 luyoume
402602262 45894251
402802331 changyouworld
402895795 youminiu
402931140 azuoxi
402935308 bochan
403197640 sulijunly 402935308 bochan
403387504 lukaxu
403516419 47718504
403519784 3184442
403524279 59886193
403552955 shamanairyear
403573355 lanhuacaomiao
403694802 66002578
403706329 48814602
403707966 xxmatlab
403752235 63764613
404141198 lenky
404149355 33836504
404901881 66015366
404903967 65776058
404931995 66046302
405197174 48835059
405201779 52425324
405211224 josunghwa
405270716 52746325
405282657 40780679
405282707 40780679
405283881 60709551
405286734 huixingqianjin
405295767 zhonghao
405563325 38542408
405567494 zixuanxixi
405570868 65828013
405625134 56992714
405993224 blackduck
406908394 63893123
406973569 zyqdd
407010341 qiuyumianman
407057621 hiSpider
407074676 ywkong
407079157 51141444
407082196 4823047
407251875 xiaojianhaochi
407272512 62637184
407277784 51458674
407278200 43136451
407279206 46405362
407292781 50965902
407295250 aegene
407314439 50841324
407356166 wanmeijiayi
407467291 44572035
408141436 smiletuu
408154933 malgemi
408287884 dorisyc
408287896 dorisyc
408293255 39233842
410571433 suoka
410930819 66867792
411795371 66015274
411796085 54897686
411797138 Lapch
411797336 nowaytogo
411799238 54058940
411941523 65859556
411946396 sechs
411947489 wangyunzhu
411955192 azhao2012
411965794 mimimelo
412100654 naryao
412107087 troytian
412117083 65727463
412121300 chendeshen
412194900 daibiaoyueliang
412195648 65936981
412212868 45683868
412217288 63768975
412311626 66711804
412459566 61273494
412584117 shoufaqing
412589861 5245781
412704575 13945996
412705983 ALICE901
412946418 63246871
412975281 67398628
412988871 65859311 412946418 63246871
412992964 63537137
412994205 woanon
412996691 lgqxq
413066750 67398530
413070776 43162229
413074468 1518299
413088536 65521807
413128214 67430942
413129367 43779212
413138901 incredibleman
413169039 ebaoteyou
413194461 antihurt
413361528 67435909
413368873 66954301
413372298 63169898
413372440 63169898
413372577 50437597
413374608 milamiyaff
413397856 43551067
413421932 wojiaoxiaotu
413550403 67462069
413562502 63230572
413573883 60937451
413594154 shinnylamp
413974308 48959739
413992369 39954359
414486233 67540947
414561427 wennuandenvzi
414562673 45192389
414628335 57302341
414741618 67547338
414743271 59690554
414748485 miiya
414807021 66047092
414861918 66015366
414920839 67398628
414922446 BYBY
415103125 67581810
415105313 33495682
415108131 55683540
415112474 juno0813
415192664 67584675
415238345 67589788
415281951 45683868
415468239 chevylau
415478086 67594774
