396963170 3931478
396963238 3931478
396963617 4360431
396963755 59206720
396963870 59206720
396964750 50464873 396963755 59206720
396964957 50464873 396963238 3931478
396965353 59206720 396964750 50464873
396965943 jdh233
396966523 50464873
396967294 59206720 396966523 50464873
396967382 50464873 396965943 jdh233
396967532 jdh233 396967382 50464873
396967874 1588386
396968348 zhupeter-er
396969054 50464873 396967294 59206720
396969829 59206720 396969054 50464873
396977907 53872012
396979498 narcissusy
396980838 icycloud
396983535 1781465
397212441 posuoluo
397212739 22251803
397212807 64541767
397935026 57521684
397935676 46819211
397936912 2210626
397937505 31474565
397939387 olw
397946611 hibuddy2004 396967294 59206720
397946986 44537119
397958810 59206720 397946611 hibuddy2004
397984953 hibuddy2004 397958810 59206720
397985146 37507284
397986392 59206720 397984953 hibuddy2004
397986968 65878148
397991100 45153913
397992193 11747362
397994700 yzxuwj
398085614 hibuddy2004
398086784 missmissw
398087252 simonwon28
398109849 36163262
398110860 Zoey423
398111504 nicoleduoduo
398245811 58816190
398372666 50464873
398376936 catherine_1006
398377837 hgieao
398477000 51034577
398488664 64234284 396980838 icycloud
398489281 64234284
398915400 wzynaw
399424858 styxyung
399879081 1518299
399879244 37570847
399912980 lamaqiannuo
399936802 63482568
399944530 43557202
408883717 2770924
409169136 64494201
409170624 winniexuwen
409171739 65537073
410602567 4839722
410605348 38974903
410624782 65341028
410654186 47625762 396983535 1781465
410805631 3333977
410920672 winniexuwen 410805631 3333977
411533361 57989534
411540399 9456014
411918157 clover1123
412200233 fxx614
412200340 fxx614
412202191 2726220
412210804 yilule
412212404 48557449
412257109 Z.Dan 396963617 4360431
412460038 61273494
412530904 Z.Dan
412532525 zoe_56
412538990 leirenfox
412568199 etlynn
412636161 4127720
