397564450 49960794
397573671 3692597
397574027 luice3222
397576547 shannon_au
397576954 Jillie
397577132 44190156
397577288 54849113
397577847 leolee2009
397578081 Candylovemom
397579704 61808836 397564450 49960794
397592567 vivianus.dh
397592818 63570749
397593592 59130102 397573671 3692597
397598816 36006374
397599027 60282602
397601887 2870525
397605608 yilule
397606122 xm02120
397606639 kikiandme
397606914 12827710
397679303 61961336
397682718 Ferndiandian 397601887 2870525
398168666 35846932 397564450 49960794
398169992 35846932 397573671 3692597
398170100 35846932 397574027 luice3222
398170505 35846932 397592567 vivianus.dh
398170896 35846932 397576547 shannon_au
398170971 52778812
398171085 35846932 397576954 Jillie
398171189 35846932 397577132 44190156
398171442 35846932 397577288 54849113
398171543 35846932 397577847 leolee2009
398171629 35846932 397578081 Candylovemom
398172082 35846932 397592818 63570749
398172301 jesx
398172978 iamJillFox_0917
398173265 huoerdun1216
398181390 44190156 398171189 35846932
398181553 shwa518
398181844 cryan
398182656 61237269
398182918 Candylovemom 398171629 35846932
398183398 smeow
398183894 52483643 397592567 vivianus.dh
398184250 26920808 397592567 vivianus.dh
398184470 icephoenixone
398184739 peachlovekyo
398185551 56729372
398185746 59408843
398186507 vivianus.dh 398170505 35846932
398198808 49960794 398168666 35846932
398205918 le_
398209835 53348191
398286779 luice3222 398170100 35846932
398298203 57275950
398320120 63438643 397605608 yilule
398321230 47603027
398322777 1688780
398381357 57190203
398382093 C37twocold
398390734 48620532
398391343 yuyiganlan
398392744 55604796
398446986 shannon_au 398170896 35846932
398679464 issiuyin
398711736 miyizs
398712932 60420717
398713258 1730507
398719180 65404332
398720861 57956741
398722489 57906754
398730802 47990890
398812384 54849113 398171442 35846932
398824274 57683000
399246716 50590464
399620966 41464991
399621153 narcissus0919
399621287 narcissus0919 398170100 35846932
399624110 41885080
399624885 legendxy
399647297 kayandkay
400048246 16652203
400078809 wanngryong 397682718 Ferndiandian
400079389 jiongxu
400080287 51555417
400082223 unicorn0218
400082987 65781844
400083240 amysun
400083463 jerrymartin
400083575 58477168
400087387 lynting
400087603 dinianxia
400087857 Unicorn_sun. 398205918 le_
400088791 53026921
400089291 54077751
400090914 skywar123
400091082 60420717
400115800 vivianus.dh 400079389 jiongxu
400117180 1278000
400118322 orangesgo
400119245 2522543
400136682 miracle0409 400119245 2522543
400146408 42994406
400172145 4058817 397573671 3692597
400172526 61117721
400183027 icebergy
400192251 48862812
400505897 28198108 398171085 35846932
400510528 watersdead
400519757 49757941
400528514 3296154
400623407 50991553
400635471 caojingcj
400635774 52210184
400810140 27276771
400810937 27276771
400811043 27276771
400815367 samantha61272
401740125 34413107
401766223 34829894
401767432 elseeeee
401803942 2870525 397601887 2870525
401806852 53238753 397579704 61808836
402054995 carrielovelife 400118322 orangesgo
402055012 carrielovelife
402134387 30918589
402136178 lokita
402137655 leshary333
402142667 47944164
402371765 a_faker
402372528 a_faker 398168666 35846932
403230227 35846932 402372528 a_faker
403240197 VintageCC 397573671 3692597
403240513 VintageCC
403341342 50034383
403342113 sakihan 397577847 leolee2009
403348942 mena1224
403349667 41221600 397573671 3692597
403354733 64203017
403365666 yezia 400091082 60420717
404524849 shannon_au 400623407 50991553
404624854 sometime113some
404658848 4450414
404661828 kitysedna 397564450 49960794
404662502 kitysedna
404665951 45575418
404697852 34652515
404716555 50620002
404722249 doriablue
404725021 15769560
404733122 57384297
404734299 3921385 404697852 34652515
404836243 47656345
404888645 34652515 404734299 3921385
404888759 ready7go
404889762 m1ssfe1
404891961 EmilyM
416300146 punkkiddo
416798473 67672625
416818303 43431279
416819004 66368089
416834659 50794163 397578081 Candylovemom
416837495 66473610 400519757 49757941
416838041 1691084
416838131 cherylhehua
416838817 l.x
416841577 29770431 397573671 3692597
416842725 mizuki-mizuki 397592567 vivianus.dh
416843823 zfh1005
416844564 zhy94317
416844901 kyoyoung
416848188 48439779
416852013 61273494
417329606 Jenny0327 397574027 luice3222
417329715 luice3222 417329606 Jenny0327
417331004 53210925
417331629 54057867
417367556 67602677 397599027 60282602
417746661 39544213
417749546 waxili
417749598 52272056
417751139 hnn1995
417751198 62234770 416838131 cherylhehua
417751805 62234770
417753189 53009380
417793195 10560080
417799779 43059614
417800061 54926970
417800070 43059614 417746661 39544213
417800475 3325754
417800697 mm157983071 398172082 35846932
417814876 54871386
417820744 ToffeeMocha
417824373 65626199
