397617719 58750322
397617789 65859443
397618262 65859311
397620201 65832050 397618262 65859311
397620701 65859238
397623467 wuyicheng
397627083 lxlenovostar
397627245 50034383
397629809 61606749
397630589 guoziluer
397636365 56054696 397627245 50034383
397641552 40367438
397645115 4750627
397647733 Velan
397655149 syoung
397711410 64541767
397712738 yuny
397750666 64985687
397761162 vivianus.dh
397762486 39058064
397762791 Amooo
397767478 iamvale
397771243 3184442
397775522 47715196
397775604 canyouseeme
397786808 60859820
397793665 nanguodelt
397797845 58635385
397834120 46018344
397834970 kangraroo
397925181 fenhongcheess
397926316 30214123
397930357 muxiasishui
397932779 52483643
397936138 16962980
397936349 2210626
397962381 31128234
397963409 smeow
398069880 fengzide
398074664 simonwon28
398128790 qingyanstone 398074664 simonwon28
398235979 52151796
398297672 66047092
398299227 57275950
398299755 58280726
398327469 auterman
398337181 readoor
398343400 66041924
398344133 66041924
398345128 41453240
398348071 58280726 398343400 66041924
398401493 3519353
398402381 helloTiTi
398476680 51034577
398487157 kandysweety
398487817 53462863
398496418 lyj271257139
398496592 47003299
398507754 64396288
398606230 66046387 398476680 51034577
398621060 66075663
398626668 riverbrother
398630242 daibiaoyueliang
398633778 zuolijiong 398401493 3519353
398635024 4569282
398635657 52968809
398639757 45833607
398788560 49639430
398800741 66046481 398788560 49639430
398800990 nowaytogo
398814400 66046387
398817092 47647499
398819441 59805443
398933864 3401482 398487157 kandysweety
398937051 crazyguitar520
398937753 64814310
398971081 66046594 398937753 64814310
398992689 56627587
399051618 62562313
399370502 49639430 398800741 66046481
399833056 37865374
399841894 aaaaap
399893459 tengy
399896031 dovelover
399900048 45069270
400047243 withzhaoyu
400048328 55754662 398299755 58280726
400059480 58280726 400048328 55754662
400060268 32612498
400141124 blackduck 400060268 32612498
400144547 tj852993
400145030 grace_xu229
400148248 34078285
400236355 48435532
400237627 yilule
400239617 65850033
400241039 VintageCC
400241279 VintageCC 399896031 dovelover
400270762 64947378
400297908 43153857
415640104 65589606
415717903 62234770
415843994 milantiejiang
415954291 67639963
416328751 42971889 415640104 65589606
416337226 vivijane
416337594 lying007
416343696 CnShadowSoft 400241279 VintageCC
416631694 3320544 397711410 64541767
416945855 43431279 398343400 66041924
416946989 43431279 398401493 3519353
417309047 39420107
417309340 44481729
417371424 4481869
417386343 mrlazy
417440758 67643470
417444564 43347324
417444739 43347324
417849000 67796873 417444739 43347324
417865028 43347324 417849000 67796873
417871722 1411789
418136579 65771494
419178744 princessbany
419303360 52394212
419400714 67909204
419402506 39287964
419897467 57984149
419897689 60377935
419949248 64661877
400298351 43153857
400304288 52579825 397618262 65859311
400458721 kulige
400459195 sign-yue
400565299 47291573
400567885 66001507
400576335 39485054 398933864 3401482
400581341 42444500
402469399 55754662 400060268 32612498
402486963 63588279
402530325 1544762
402574153 52293609
402590026 4657044
405276765 66653587
406002805 blackduck
406007790 61280554
406977279 zyqdd
409591765 51906370
409595483 XXDDMM 397620701 65859238
409595614 carosff
409595702 XXDDMM 397620701 65859238
409679040 66046387
409681277 31128234
409682057 47121973
409687840 67004537
409697590 49518155
409699069 serialrapist 398800741 66046481
409794196 66005190
409821794 49616954
409822944 51259134
409831934 45128843
409846285 4756376
410342485 serenaItaly 398788560 49639430
410343123 serenaItaly
410354106 46426542
410357616 huluxiaojingang
410567867 suoka
410582188 purplefish
410585351 36163262
410764561 63893123
411009715 67186365
411031050 48058927
411039549 44825088
411831029 51498774 397711410 64541767
411832185 jjjeans
411945526 65859556
411950952 41470834
411954706 40182367 398337181 readoor
411957491 45299000
411960593 kiteair
411962368 65771011
412040480 dianyu
412050034 41808770
412051847 67067913
412052953 67023446
412067066 liuyini0722
412848914 44763165
412867673 57894009
412870370 39592296
412958792 3596350
412958878 3596350
412994770 65859311
413107996 67426539
413116807 Yi_June
413124549 61648784
413130096 58998209
413146705 41299446
413514976 starxl
413516429 3813247 397936349 2210626
413519324 56837781
413521039 9376031
413668056 wmdede
413834350 dodoer
413841662 64161888
413860408 53123379
413860590 53123379
414072833 59166502
414128417 ozone
414385564 66627657
414493522 67540947
414497598 65855069
414609751 53573503
414613315 2004681
414613928 53876900 397936349 2210626
414623082 42971889
414641253 3367281
414645917 Beyond-Color
414652206 nowaytogo
415029150 66939968
415470335 mizuki-mizuki
415481100 67594774
415587560 67540947
415605603 64995977
415606733 67614969
415607269 54589815
415614229 42122126
415636738 azhao2012
415639273 65589606
415639857 62619888
415639981 62619888
