397655318 liruisi
397656318 64497660
397657115 comeecoco
397658646 53925478
397658805 cythin
397658889 63659909
397659170 55374701
397667230 65720654
397667794 52865699
397669329 48027982
397671563 22251803
397705191 65985754
397705812 63570749
397706131 61661160
397706326 65537073
397706445 51022432
397706753 sissi1235
397706762 60594964
397707894 61616788
397707991 53454881
397712070 47698628
397712759 52242023
397717998 57063445
397718172 33644190
397718258 48260934
397718273 JOYCE-uu
397767209 ciaograce
397767235 3134896
397772421 54193737
397772488 26113915
397774167 47715196
397877188 48269148
397877335 ellenbaby
397878047 RubyRubyRuby
397893084 49114509
397895776 57694666
397896478 50870999
397896878 52354990
397897084 63602386
397897433 25734141
397903024 47765341
397903855 46000572
397906576 no.1betty
397908074 52688970
397908291 plateau7623
397911038 z-silence
397911051 z-silence
397923390 annabelle_4u
397925532 53026708
397930165 44033597
397935438 muxiasishui
397940561 44040326
397941070 41765871
397944011 crystaldyw
397962970 48388719
398014312 quyi1012
398017662 ninitu
398022258 13855693
398032873 sheiweichuti
398058691 lirui89
398058867 itsSMELLY
398171715 34161613
398172187 zhonghao
398209677 wanderLeann
398316813 carollynn
398317560 57724721
398352527 65341028
398356465 49755169
398358344 miracle0409
398359205 carrielovelife
398359415 47991105
398359727 56291858
398363152 A1isonL
398375414 carriehyz
398375686 52898064
398377434 57739323
398773883 58228470
398883600 HDYZMN
398884869 22768510 397940561 44040326
398902487 3952590
398902747 50503750
398903916 meow64
398948421 54516238
398948886 happyran89
398949160 50984355 397671563 22251803
398957590 Loann_Y
398958025 zuier1216
398959121 52920934
398966232 4705433
398970974 58376309 397671563 22251803
399038246 xiaokou1hao
399409365 inkmo
399414612 60644990
399427902 withzhaoyu
399494871 44028462
399495710 clover517
399496536 hisoya68
399534442 51404174
399942662 48029297
400352373 4716151
400353088 whereMonica
400353490 53258756
400354221 48913394
400649970 aichenyuting
400669994 S504480508
400678881 60231770
400732051 48827647
400732348 54951769
400733049 54659169
400734093 cassiopeiajinxm
400799486 60789584
400805164 59764769
400807165 3195337
400808375 55314690
400855650 49150932
400856235 52210184
401016098 4470954
401016753 gracieguo
401020188 4363461
401420149 39390500
401420314 39390500 401420149 39390500
401510892 61273494
401524919 44578091
401526981 37570847
401531882 62041665
401610615 junko1217
401611709 37151913
401616252 55759493
401620829 47598527
402020109 60770711
402075567 65864813
402260043 63014976 397706753 sissi1235
402299625 56387374
402580186 52293609
402616342 1233770
402895700 48641533 399534442 51404174
402897874 sarely
407521431 4103188
407526497 46436892
407527122 wudan11_08
407527473 58551140
407528885 47267130
407529341 58461881
407701370 43371993
407735597 66342408
407735834 66342408
407737481 mintake
409067908 60014256
409085078 sometime113some
410786146 60770711
410877871 3971606
413484576 53391513
413489377 62463680
413490396 missif
413492649 kj0203
413492828 kj0203
413492829 kj0203
413497998 58118438
413500936 50530580
413541965 ayoachu
413559445 waiting0605
413563541 53106881
413729190 51261159
413744918 67031108
413745427 50422582 409067908 60014256
413745602 33360528
413802743 4604543
413803644 63234471
413803677 47633655
413842133 64161888
413842336 59546107
413842523 53162811
413842569 52379956
413842827 3741932
413854255 45601200
413863985 pussybear
414051811 64919167
414362524 yokocat
414424770 buchiya
414450341 32598966
414450750 Samantha77
414724464 mm157983071
414767526 sunshinesuzhou
414940115 58349387
415081542 ivyf
