398113632 43956096
398113766 6802409
398113850 missmici
398118636 48897944
398119033 64043060
398119632 51477673 398119033 64043060
398119739 opace
398119856 54031680
398120859 4434222
398121962 smiling1116 398119033 64043060
398122425 smiling1116
398123029 Juice_xy
398123381 smiling1116 398123029 Juice_xy
398123450 58176465
398123829 jane1992
398123853 smiling1116 398123450 58176465
398123973 smiling1116 398123829 jane1992
398124104 legendxy
398124545 laomao77
398124874 echovoice
398124945 barbiepiao
398125117 63659909
398125514 minghaoshi
398126055 58176465 398123853 smiling1116
398131145 smiling1116
398131346 59130102
398133680 52081962
398134778 smiling1116 398133680 52081962
398134863 smiling1116 398131346 59130102
398135113 dengxiaoxian190
398135537 59130102 398134863 smiling1116
398139719 58858551
398141632 62656441
398142878 58816190
398144591 em_phie
398145432 30692041
398145847 raelzhou
398145856 eojessie
398146766 deereast
398148397 vickiwithlove
398148776 hayleyhuang
398150066 MaybeIamAFreak
398152630 wangr
398157946 smiling1116 398152630 wangr
398158540 smiling1116
398159041 smiling1116
398160641 karensrye
398167961 49708340
398168266 35846932
398179840 55759493
398182375 57338252
398185753 62211793 398182375 57338252
398315079 wangr 398159041 smiling1116
398530330 51163944
398550236 4693424
398552825 mamamafalda
398773678 58228470
398774329 BuffyKid 398121962 smiling1116
398774362 passingplmm
398783145 64855102
399246818 oc
399298721 63246871
405493682 oc
405669606 4423579
405672385 3921385
405673787 33762258
405682489 SisyphusL
419929898 teline
419933011 67871238
419934292 seon
419934611 shadoWontheskY
419935601 with-an-orchid
419953987 34391525
419956676 2105555 419953987 34391525
