398231237 63262132
398316440 2747817
406076119 42122126
406077907 62622298
406078872 zyhfh
406096447 63262132 406076119 42122126
406098857 63262132
406100009 hiSpider
406100390 snowball086
406100864 63262132 406100009 hiSpider
406101248 63262132 406100390 snowball086
406103163 62622298 406098857 63262132
406103643 cheery23
406104453 snowball086 406101248 63262132
406104775 63262132 406104453 snowball086
406105049 63262132 406103643 cheery23
406108448 63262132 406105049 63262132
406111046 cheery23 406105049 63262132
406117232 42122126 406096447 63262132
406118116 51488589
406118307 echo512
418345069 55786138 406118307 echo512
418345473 55786138 406103163 62622298
418579872 64286708
418582508 4756376 406118307 echo512
418706760 echo512 418345069 55786138
418711977 55786138 418706760 echo512
419209578 qiansiyan741
419219065 gl19930429
