398626551 daibiaoyueliang
398801696 66046387 398626551 daibiaoyueliang
398802451 60255046
398802481 60255046
398802639 homosapians
398802659 geekzhuo
398805790 botheast
398808075 yokeyoke
398813949 66046387 398805790 botheast
398814009 66046387 398802659 geekzhuo
398814776 radonzld
398817501 o0_0smile
398819801 65951864 398817501 o0_0smile
398820001 65951864 398817501 o0_0smile
398820141 LvvvvvW
398820177 inkysea
398820364 geekzhuo 398814009 66046387
398820639 pengqize
398823506 54849113
398831119 kafork
398831592 TheKings
398841317 3184442
398848014 zhourong520
398849747 botheast
398850060 48620254
398850131 54397560
398850468 4594570 398823506 54849113
398989479 zsellenzs
398989685 53748832
398990847 muxiasishui
398992785 46548509
398994813 zsellenzs
399001619 61961336
399004610 borabbit
399011947 1605031
399013634 1605031
399015692 63877351
399056302 62562313
399309715 64728108
400141919 grace_xu229
400144339 val
400169032 64853931
400169326 43362191
400170214 48222279
400174429 2548262
400189928 purplefish
400464859 posuoluo
400496867 49346948
400497165 itty
400771021 54255838
400771148 amethyst1218
400771258 kinthehouse
400771842 appstore2012
402586235 52293609
402638130 66075663
403010799 55310272
403010958 64294668
403048707 catherine_1006
403055004 56054696
403057757 55023120
403058542 66474167
403058844 xuananddiao
403063042 4523412
403115285 jimmy_L
403115352 jimmy_L
403130568 65751740
403133294 yan77
403133907 63877351
403147109 chixixiaoyu228
403179872 47718504
403184255 60624767
403187774 37594223
403188057 53017458
403189842 3627890
403226283 Olivialu
403228077 60150262
403228430 35365835
403228743 3195337
403230467 47933835
403344278 jocelynhp
403359046 sacici1987
403359759 kagomearisa
403429318 lalamu
403727019 59597517
403727392 48303475
404399195 jacqueline403
404402048 49098903
404406823 61049542
404738264 3921385
404931579 66046302
404952460 3672718
404955874 doublejean
404963329 wananlanxingren
404968671 marcojienM
404998476 54207870
404998815 63865841
405002213 58229186
405005717 50905939
405006686 8887796
405018405 26681440
405019932 54967046 399004610 borabbit
405020164 54967046
405021286 47378185
405021752 xiammy
405023293 54483074
405024957 54483074 399013634 1605031
405125624 m1ng-
405154208 40279886
405165357 64343861
405170916 yueliekkas 403010958 64294668
405253218 61280554
405508294 eva1121 398814009 66046387
405512322 49480586
405527304 yellow-x
405553835 43431279
406972008 zyqdd
409790747 66005190 406972008 zyqdd
409794408 52721260
409798245 1344334
409814692 jesx
409817185 fernandolee
409824097 louis15yao
409824282 louis15yao 405165357 64343861
410570060 suoka
410571306 49924111 398802639 homosapians
410930977 66867792
410931099 43400502
410933379 63697271
411307274 48659289
413133177 67430942
413214769 45380240
413256705 64034132
413363276 67449013 403058542 66474167
413367148 constantinecui
413367747 kelvin84
413377262 RockStinger
413393803 heitangege
413420114 57108817
413422749 l.vera
413435487 63169898
413459949 65609580
413461674 64702494
413468237 leeeeeeeeeeee
413514140 64814310
413970521 38833299
414491890 67540947
414504213 58635385
414505344 xiao_longlong
415500946 64630335
415631217 azhao2012 414504213 58635385
415632711 damenya3210
415643527 56918467
415643990 59206720
415777043 musx
415790221 64837792 398814776 radonzld
415792664 56799910
415795197 yili993
415892713 lynndu
415895014 aioriaharry
417862044 67796873
418365857 62186601
418661556 67382262 418365857 62186601
418666480 56132171
418668185 50118744
418668511 Jacobzebra
418669663 65185781
418694005 67848927
418768355 50476570
419254881 54494673
419259089 4330262
419283422 winifredcheung
419285956 plateau7623
419289964 43280983
419290281 65655821
419290598 65655821
419294299 CHeeeeer__
419297125 25062013
419310906 63360374
419325316 1344334
419326950 xiejacob
419340805 47069154
419399328 67909204
419404082 53876900
419745789 67932050 419404082 53876900
419758280 67067913
419791673 53876900 419745789 67932050
419793735 53876900 398802451 60255046
419803995 hygzero
419887350 mobbyca
419890534 62942147
419896032 57984149
