398691735 Shadowxy
398692011 joanntoo
398693688 48333582 398692011 joanntoo
398703177 chendc
398705397 53382227
398707055 61235848
398711095 65537073
398712306 56840398
398713506 65404332
400217983 phoebepanpan
400218654 58041696
400358181 sissi1235
400364857 57084794
400443319 2591786
400448196 lujialing
400448743 45637246
400456644 cheer48
400457950 51668679
400541595 6875586
400562035 66194168
400676251 47907799
400694706 feelloveleslie
400695968 62474747
400737469 66271710
400737941 39892729
400746613 58442697
400746962 3825825
400748046 65781844
400748426 58125698
400752067 vwendyv
400753679 policelaoxu
400756187 61952834
400888066 48333582
400888719 posuoluo
400893480 37810797
400895070 66293916
401172220 3612882
401238236 2548262
401238992 2854997
401505721 61273494
401550294 58280726
401563695 zhuoshuo
401569486 leolee2009
401706221 58929097
401715049 ccs1225 401706221 58929097
401786811 61700515
401786932 datuoshou
401813981 58929097 401715049 ccs1225
401815819 carm-child
401866338 48333582 398711095 65537073
401869179 57856765
411014132 Miss7Mint
411017073 51163944 400364857 57084794
411163551 3689293
411164712 arcsina
411165093 narcissus0919
411173478 61973775
411304454 61273494
411304863 jyu
411307350 ffaipink
411524766 4615287
411525076 67041314 411163551 3689293
411525209 liyiyu
411559663 48333582 411307350 ffaipink
411613060 ffaipink
411616122 1344334
411678511 62474747
411815461 48333582 411613060 ffaipink
411828901 ffaipink
411829796 60963570 398712306 56840398
411831011 62474747 401715049 ccs1225
411838751 48598150 401866338 48333582
411916961 lisabebrave
411918146 48058927
411918160 48333582 411838751 48598150
411926920 55693668
411929047 49914024
411942111 56840398
411979341 48333582 411929047 49914024
411996098 36163262
412010886 49914024
412015741 48197174
412016432 46641289
412017283 joannashue 400456644 cheer48
412191973 48333582 411165093 narcissus0919
412865021 57894009
412903522 clover1123
412936119 50603628
412936494 46033352
412936825 2282448
412937560 2282448
413036031 48333582 412937560 2282448
413074080 appstore2012
413079263 skywar123
413080411 bananabalala 401172220 3612882
413080486 54199813
413082574 1951535
413086879 yilule
413098548 56837781
