399556317 59098154
399556594 muxiaoni
399557244 astia
399564563 34590811
399566226 52515675
399567348 VintageCC 399557244 astia
399567619 47944164 399556317 59098154
399567683 47944164
399575211 4850173 399567683 47944164
399578728 43277190
399584829 3522630 399567683 47944164
399585941 astia 399567619 47944164
399599581 47944164
399599616 47944164 399584829 3522630
399638914 61876262
400359209 sissi1235
400362259 LauYY
400366898 Lasdogin 399556317 59098154
400368491 Lasdogin 399556317 59098154
400370207 52579825
400370376 53386081 400362259 LauYY
400372818 3082027
400372834 3082027
400373680 46203346 400362259 LauYY
400377245 marcojienM
400377847 asukaflee
400384837 3305440
411924260 clover1123
411951010 41953742
411951614 41953742
412208474 fxx614 400368491 Lasdogin
412212718 2591786
412247846 63659909
412250395 oops77
412251735 wbluel
412256658 Z.Dan
412262542 4716151
412284768 2427566
412285557 40798565 400370376 53386081
412892646 yo35
413582445 Miss7Mint
413583566 Last.Order
413584765 4244237
413983545 65584143
414363322 54255838 413983545 65584143
414478947 65584143 414363322 54255838
414482433 ffaipink
414521995 lynndu
414523460 jujo 414521995 lynndu
414523979 40489068 400372818 3082027
414530867 lynndu 414523460 jujo
414537766 66805006
414539506 hannahbanana
414562378 3082027 414523979 40489068
414565875 40489068
414568880 sxyiqianshen
414572812 49499051
414574353 sunshine_joy
414577472 58321939
414605056 3082027 414565875 40489068
414633762 41299446 414568880 sxyiqianshen
414824360 40489068 414605056 3082027
414939020 vacutue
414939753 vacutue
415066099 MineLee
415112240 2591786 414482433 ffaipink
415178478 33328406
415215714 54315426
415229208 45930733
415627624 angryjimmy 412212718 2591786
415629934 junko1217
415630776 43997241
415634341 32067717
415717580 58215671
418015047 61208750
