400893232 zombie512
400893272 48842127
400893403 JunoZ
400893613 44251223
400894513 61206767 400893232 zombie512
400895209 61206767 400893272 48842127
400896394 56844349
400897060 61206767 400893403 JunoZ
400897833 61206767 400893613 44251223
400898133 61206767 400896394 56844349
400899277 58442697
400899624 naijin1112
400899704 2638327
400900593 3817992
400901990 62302403
400903038 4280959
400903345 1457102
400903577 3034099
400903682 yangyo
400903805 beikabei
400904571 huoerdun1216
400907577 52483643
400908446 61206767 400899277 58442697
400908841 61206767 400899624 naijin1112
400909016 61206767 400899704 2638327
400909179 61206767 400901990 62302403
400909313 2591786
400909431 2638327
400910027 61206767 400900593 3817992
400910184 61206767 400903038 4280959
400910395 61206767 400903682 yangyo
400910900 61206767
400911351 61206767 400904571 huoerdun1216
400911596 61206767 400909431 2638327
400911949 SILVERBADGE
400912069 yangyo 400910395 61206767
400912488 yangyo 400911949 SILVERBADGE
400912578 61206767 400912069 yangyo
400912722 61206767 400912488 yangyo
400912824 yangyo
400913245 xudabeng 400903577 3034099
400913254 yangyo 400912722 61206767
400913590 61206767 400912824 yangyo
400913787 liqiseu
400914165 yangyo 400913590 61206767
400914254 61206767 400913254 yangyo
400914405 57754163
400915021 65195509
400916176 naicyna 400899624 naijin1112
400916898 41512441
400917978 mylover0
400919657 61206767 400916898 41512441
400966524 44251223 400897833 61206767
400967054 61206767 400966524 44251223
400972601 iamsupermimiii
400985590 maodou626 400903345 1457102
400987066 48418318
400987579 huoerdun1216 400911351 61206767
400988044 40279886
400988268 61206767 400987579 huoerdun1216
400998355 22258354
401000700 61961336
401000899 51009990
401000984 foxdilita
401002786 jane2008_37 400917978 mylover0
401002954 53771208
401022950 huoerdun1216
401026151 hooibe
401026810 61206767 401026151 hooibe
401027525 46548509 400893232 zombie512
402584613 52293609
402587969 61206767 402584613 52293609
402616649 62527785
402617300 65872184
402617741 48862812
402620313 shamanairyear
402625955 61195912 400893403 JunoZ
402626230 7588926
402633545 gingerXboulevar
412344718 guilt
412345232 61728346
412459205 61273494
412473625 47358615
412476692 50603628
412476996 5315295
412784050 yizhimou
412786295 65537073
412786492 49993644
412801638 62648043
413274111 45032627
413274779 59935449
413278065 64157790
413295346 shinnylamp
413295966 shinnylamp
413297823 61543141
413299643 quai
413304808 66342408
413306030 meow64
413308749 meow64
413308798 meow64
413308995 meow64
413309139 52064463 400903577 3034099
413310050 ys32283032
413356377 sarely
413356630 ericwzp
413357378 fearlessfuture
413412484 61206767
413417281 MusicGenie
413427091 meow64 413412484 61206767
413433837 64161888
413434679 skywar123
413435414 skywar123
413440570 meow64 413434679 skywar123
413442424 48583469
413483699 64274134
413497932 27041990
413568616 67227158
413735669 catherine_1006
413735715 jesx
413737756 61924374
413738501 51815650
413742899 53220096
