400989974 wang19881205
400990996 62608772 400989974 wang19881205
400995573 wang19881205
400999448 57723686
401005161 60286735
401005430 Yqrwxf
401088119 bikoi55
401091352 63402858
401095402 shuanglongqiang
401200731 66194168
402304675 pyd_zyy
402364324 viola_ye
402384395 63519542
402387054 45069270
402556263 jimmy_L
402557486 caonimabide
402645429 RockDMao
402646384 15788660
402972624 eddy19881203
403359983 sacici1987
411611495 62474747
411799600 62608772 402972624 eddy19881203
411799941 62608772 411799600 62608772
411800257 62608772 402556263 jimmy_L
411808678 grace_xu229
411969789 67023446 411808678 grace_xu229
411980582 4423579
411984126 42156595
411992453 41645625
412026050 eddy19881203 411808678 grace_xu229
412028079 62157823
412029081 starlee
412029255 grace_xu229 412026050 eddy19881203
412029315 Lynn1118
412029842 61455344
412030519 2205825
412065884 62608772 411980582 4423579
412207667 fxx614
412207768 fxx614 412030519 2205825
412229188 62608772 412207667 fxx614
412232231 55570013
412235650 59597517
412254411 62608772 412232231 55570013
412347318 zhangxiaoyouyou
412348320 35957838 412229188 62608772
412459000 61273494
412540710 o.iu.
412650623 62608772
