401242882 49274670
401244311 sinky1020
401248520 eileentutu 401242882 49274670
401253246 49527036
401254866 TinaZ--H
401285683 37917306
401299478 eileentutu 401254866 TinaZ--H
401299546 eileentutu 401285683 37917306
401299849 45075300
401303404 eileentutu 401299849 45075300
401309856 eileentutu
401311906 51835082
401321031 klose_y
401326999 2558205
401332219 45075300 401303404 eileentutu
401345239 59545526
401345399 eileentutu
401348597 eileentutu 401345239 59545526
401348688 eileentutu 401332219 45075300
401349174 20743397
401367880 59545526 401348597 eileentutu
401391364 45075300 401348688 eileentutu
401398040 yetier
401398850 2548262
401688023 eileentutu 401398040 yetier
402106094 luyoume
409640268 63375675
409643036 forlove80
409643617 jdh233
