402264614 45069270
402303321 4017212
402303468 pyd_zyy
402313305 SH-Mike
402318401 55931084 402313305 SH-Mike
402319373 SH-Mike 402318401 55931084
402321274 summmmmmmer
402353889 viola_ye
402354808 superwhale
402358388 4607243
402363428 viola_ye 402354808 superwhale
402376556 superwhale 402358388 4607243
402376634 superwhale 402363428 viola_ye
402377386 63551825 402264614 45069270
402381164 45069270 402377386 63551825
402383701 63519542
402385494 63551825 402381164 45069270
402385894 45069270 402385494 63551825
402386203 63551825 402385894 45069270
402386768 only_zizi
402387861 45069270 402386203 63551825
402388213 45069270 402386768 only_zizi
402389510 63551825 402387861 45069270
402389942 45069270 402389510 63551825
402391196 63551825 402389942 45069270
402391881 45069270 402391196 63551825
402393299 63551825 402391881 45069270
402394158 45069270 402393299 63551825
402394684 63551825 402394158 45069270
402395152 45069270 402394684 63551825
402395371 54397560 402376634 superwhale
402395384 63551825 402395152 45069270
402395595 45069270 402395384 63551825
402398039 63551825
402398269 45069270 402398039 63551825
402398351 63551825 402398269 45069270
402398382 45069270 402398351 63551825
402398415 63551825 402398382 45069270
402398688 chunguang1943
402398823 45069270 402398688 chunguang1943
402398953 45069270 402398415 63551825
402399676 63551825 402398953 45069270
402400192 45069270 402399676 63551825
402400523 63551825 402400192 45069270
402400614 45069270 402400523 63551825
402400984 63551825 402400614 45069270
402401120 45069270 402400984 63551825
402552263 viola_ye 402376634 superwhale
402559773 3165437 402383701 63519542
402560001 3165437 402401120 45069270
402560218 3165437 402552263 viola_ye
402562824 40844525
402562873 5476501
402580222 viola_ye 402560218 3165437
402607254 superwhale 402552263 viola_ye
402608522 atiko
