402938456 laochaicomet
402940015 ESSELOUISE
402947780 janayao
402947946 lessalice
402948930 51009990
402949631 58442697
402949941 58339820
402950950 34706452
402953034 howcafe
402954049 SH-Mike
402954158 maktubdestiny
402954499 constantinecui
402955470 yuuuuuuuuu
402955686 2397407
402956117 47893657
402959918 57095761
402960891 47003299
402973766 45069270
402977209 3165437
402978449 D_Rian
402978991 chenanel
402979383 59069840
402982964 51559282
402985923 JingLoo
402986918 51809200
402987844 63296563
403084046 6875586
403084863 1452241
403085254 xuananddiao
403099949 58662465
403107655 34239989 402938456 laochaicomet
403364862 yezia 402938456 laochaicomet
403447821 62935774
403449683 52489015
403461818 47907799
403481157 63932827
403482058 meow64
403482425 meow64 402938456 laochaicomet
