403461135 44232292
403483259 meow64
403488736 49756466
403488779 49756466
403516438 ninitu 403488736 49756466
403526426 49756466 403516438 ninitu
403527796 40366674
403530484 60886917
403639353 lxlenovostar 403530484 60886917
403639428 lxlenovostar 403461135 44232292
403640456 11218854
403642122 60886917 403639353 lxlenovostar
403642625 cc1234
403653215 61467712 403642625 cc1234
403654726 doriablue
403660007 selfthing
403660518 yzjoyce 403640456 11218854
403662734 cc1234 403660007 selfthing
403663707 59627608
403665003 1518299
403666340 66305487
403688004 65053773
403698890 4229451
403703659 mogobean
403704336 50231810
403753203 misjessie
403756644 hisoya68
403776681 joanntoo
403926753 lenog
403927168 cc1234 403776681 joanntoo
404188367 65542610
404188669 65542610 403776681 joanntoo
404192224 22643391
404330869 3081146
405042909 15990984
405059780 viola_ye
405092089 xiaoyunlm
405093224 43080293
405097415 30940147
405097957 yuuuuuuuuu
405099951 RoyBlack 404192224 22643391
405104335 49798378
405104421 51001124
406629446 50965902
406638829 30690768
406654109 lamaqiannuo
406656834 55023120
406657115 46063380
406659011 49223655
406662344 nooooth
406664135 winniefly77
406711598 3921385
406711973 migrantcc
410813790 3333977
410823116 65565309
410842543 25817885
411920492 clover1123
411922440 winniexuwen 403776681 joanntoo
411922741 winniexuwen
412210252 fxx614
412210365 fxx614 411922741 winniexuwen
412410350 winniexuwen 412210365 fxx614
412457187 61273494
412472921 2282448
412533402 Z.Dan
412533659 Z.Dan
