403843060 59506365
404267487 zhourong520
404270812 54261618
404273738 13945996
404722952 zhajiangmian219
405511446 61218732
405511852 61218795
405511968 61218848
405512111 61218900
405512220 61219009
405512362 61219116
405512528 61219152
405512651 61219228
405512791 61219305
405512916 61219363
405513045 61219395
405513078 yiminuo
405513183 61219460
405513342 61219505
405513450 61219554
405513468 flowertide
405878214 65289333
406035692 licong14
407078928 sallyvivi
407084754 60282602
407086631 leshary333
407182112 61273494
409726602 yo35
410902858 yl-winnie
