403950839 48832257
403977444 50539080
403978413 62372748
403980032 35365835
403980378 47362035
403991273 3943780
403992191 53785006
403995384 certainsourire 403992191 53785006
403997130 52777621
404000155 57897254
404000780 legendxy
404002222 hellomotonan
404185350 65542610
404203480 57812045
404204841 59280521
404214007 52165806
404229208 48588804
404229326 cursed
404230435 66517726
404237281 winners711
404256882 38478920
404257190 46119873
404407970 61049542
404409660 52357717
404737483 3921385
404957875 3883305
405563872 43431279 404957875 3883305
405565001 yvonne.diva
