404187524 dooooooora
404188221 bedtimestory
404188292 aaachoo
404188380 bedtimestory
404188810 65542610 404188380 bedtimestory
404188903 3241350
404189000 65542610 404187524 dooooooora
404189158 65542610 404188903 3241350
404189618 2964368
404189753 3891442
404189771 sunniey
404189779 65542610 404189618 2964368
404190331 65542610 404189771 sunniey
404190524 65542610 404189753 3891442
404191208 sunniey 404190331 65542610
404191372 22643391
404191439 33836504
404191516 65542610 404191208 sunniey
404191546 65542610 404191372 22643391
404191637 65542610 404191439 33836504
404191652 miruohi
404191853 3241350 404189158 65542610
404192679 3891442 404190331 65542610
404230339 65542610 404191652 miruohi
404231088 44251223
404233146 zecy 404188221 bedtimestory
404234346 miffy69
404235573 65542610 404234346 miffy69
404246862 45597463
404248654 muyanduoduo
404249219 53487660
404270693 65542610 404249219 53487660
404310659 49480586
404318552 3081146
404319712 59627608
404320694 61700515
404321079 sohungry
404321734 43347324
404325638 65542610
404325741 65542610 404321079 sohungry
404330281 54663115
404331290 59903184
404484629 3401482
404614690 wuhuiting
404777058 39214070
404789308 49742101
405344136 35295417
405346585 gaolei80
405349109 cheer48
405349494 59233007
405350189 1272008
405350547 34585399
405350844 duyewei
405351953 echovoice
405355449 49200073 404188810 65542610
405558364 43431279
405561193 47267130
405562218 Fish-4u
406109873 65542610 404330281 54663115
406110046 65542610 405350189 1272008
406110152 65542610 405562218 Fish-4u
406110498 54663115 406109873 65542610
406111056 19840596
406111532 65542610 404777058 39214070
406111889 3679241
406112352 65542610 406110498 54663115
406112633 posuoluo
406112799 65542610 406111889 3679241
406113242 54663115 406112352 65542610
406113278 65542610 405355449 49200073
406113575 65542610 406113242 54663115
406113800 58477168
406113837 58477168
406113932 54663115 406113575 65542610
406114080 65542610 405558364 43431279
406114326 65542610 406113932 54663115
406128876 3679241 406112799 65542610
406130363 65542610 406128876 3679241
406132515 61973775
406132736 66573415
406133015 61973775
406134664 54955967
406134841 65542610 406132515 61973775
406135292 65542610 406132736 66573415
406135615 65542610 406133015 61973775
406135975 65542610 406134664 54955967
406137093 61973775 406135615 65542610
406137907 46452790
406138519 IAMADOGBABY
406140448 66573415 406135292 65542610
406140959 65542610 406140448 66573415
406141172 65542610 406137093 61973775
406142075 notaway
406147537 43431279 406114080 65542610
406166781 65542610 406147537 43431279
406167848 62559581
406168770 55323562
406168816 55323562
406170004 65542610 406167848 62559581
406170140 65542610 406168770 55323562
406184429 55323562 406170140 65542610
406913086 65542610 406184429 55323562
406921971 60351499
406924703 3376240
406925149 3627890
406927034 Mavis225
406927377 Mavis225
406934939 3306046
406935944 45832074
406937191 4087774
406938329 missciel
406956582 65542610 406925149 3627890
406956884 65542610
406956977 65542610 406927377 Mavis225
406957102 65542610 406937191 4087774
406957466 Mavis225 406956977 65542610
406967881 53595016 404230339 65542610
406992635 65542610 406957466 Mavis225
406992714 65542610 406967881 53595016
406993286 50551930
406993681 Mavis225 406992635 65542610
406999859 summer1991
407000991 lq4481
407003462 47487877
407518171 65542610
408036668 4438167
408096285 65542610 408036668 4438167
408102912 jonnson
408103586 jonnson
408103865 65542610 408102912 jonnson
408104656 jonnson
408110247 65542610 408104656 jonnson
408140997 59026921
408144036 44109489
408148518 65542610 408140997 59026921
408201319 cacabury
408338901 65542610 408201319 cacabury
408339750 53522720 404189618 2964368
408339852 53522720
408340316 15663448
408340602 43607054
408340627 43607054
408400655 65542610 408339750 53522720
408400831 65542610 408340316 15663448
408401193 pourunefemme
408532232 53522720 408400655 65542610
408767378 cacabury 408338901 65542610
408769200 59026921 408148518 65542610
409227642 65542610 408769200 59026921
409237067 3921385
409457073 15663448 409237067 3921385
409457725 65542610 406993286 50551930
409457775 65542610 409237067 3921385
409473949 22768510
409477435 50551930 409457725 65542610
409490389 65282481
409549142 52657880
409569208 65542610 409477435 50551930
409569379 65542610 409549142 52657880
409672170 4438167
409672451 4438167 409569379 65542610
409673740 4438167 408096285 65542610
410416508 65542610 409673740 4438167
410481188 53063307
410481191 53063307
410485585 65542610 410481188 53063307
410489617 53063307 410485585 65542610
410495199 65542610 410489617 53063307
410502050 62975658
410512509 53063307 410495199 65542610
410514537 65542610 410502050 62975658
410527063 43640737
410528784 54686334
410531782 36021040
410536387 65542610 410528784 54686334
410536652 65542610 410531782 36021040
410584262 62975658 410514537 65542610
410627042 65542610 410584262 62975658
410627314 apple_jobs
410635302 62975658 410627042 65542610
410636687 59964855
410639811 32286854
410644214 66693980 404190331 65542610
410655294 GingerMoon
410659221 48351714
410919485 65542610 410659221 48351714
410919626 65542610 410655294 GingerMoon
410919738 65542610 410644214 66693980
410919947 65542610 410639811 32286854
410920069 65542610 410636687 59964855
410938863 1984739
411601274 59026921 409457725 65542610
411606176 eileentutu
411607101 58583348
411619182 babyshang
411630841 1344334
411790712 65542610 411607101 58583348
411790779 65542610 411630841 1344334
411792201 65221756
411802835 yezi23
411813758 38827607
411818432 zyxpaomian
411829013 46603652
411830441 OliviaKwok0129
411830801 rantheway
411833395 38542408 411630841 1344334
412000705 imjesse
412205628 1344334 411790779 65542610
412290399 2814949
412290684 63949112
412389668 65542610 412000705 imjesse
412389784 65542610 411829013 46603652
412389886 65542610 411830801 rantheway
412390150 65542610 411818432 zyxpaomian
412402051 lying007
412402643 SmilingTree 404191516 65542610
412407151 imjesse
412902211 3184442
412918317 65542610 412402643 SmilingTree
412918585 65542610 412902211 3184442
412931322 waiting0605
412935730 3184442 412918585 65542610
412936584 61923234
412936669 46033352
413343343 44857959
413434973 65542610 412935730 3184442
413563825 AshleeKwok
413605769 65542610 413563825 AshleeKwok
413606919 kiki_more
413614245 58222231
413614928 65542610 413614245 58222231
413617002 9057171 405350189 1272008
413617083 9057171 413614245 58222231
413659047 3112335
414098886 65542610 413659047 3112335
414203563 lyw1314
414213994 58898719
414214549 62656441
414808098 i-chocolate
414810823 67425480
415071781 4223238
418789965 58222231 413617083 9057171
418837822 3393388
418900863 2453723
419061555 65542610 418837822 3393388
419061751 65542610 418900863 2453723
419092578 3393388 419061555 65542610
419093233 47358476
419094468 65542610 419092578 3393388
419094631 65542610 415071781 4223238
419094879 65542610 419093233 47358476
419094968 52038416
419095279 59685394
419101690 57949002
419112273 65542610 419094968 52038416
419149461 3393388 419094468 65542610
419175140 53219370
419180198 65542610 419175140 53219370
419192755 mianniu
419193181 65542610 419192755 mianniu
419653511 64837792
419655510 46267728
419716945 65542610 419653511 64837792
419717247 65542610 419149461 3393388
419720493 ly2241038
419751672 65542610 419720493 ly2241038
419753562 67935681
419790527 3393388
419791095 4167091
419824814 1478265 405350189 1272008
419846301 ly2241038 419751672 65542610
419878068 65542610 419846301 ly2241038
419918838 lwlucy
420019374 64837792 419716945 65542610
420019398 64837792 419751672 65542610
420020219 57306770
