404269536 33875654
404308912 49480586
404309456 kinthehouse
404309753 59728068
404309779 1588386
404310263 4429676
404310447 65542610
404310482 49590891
404320878 54822077
404321138 59627608
404322314 phonomania
404345487 Amberrabbit
404346860 hoshiino
404352260 49017668
404352737 zhourong520 404320878 54822077
404353605 zhourong520 404352260 49017668
404353652 1975440
404353731 zhourong520 404322314 phonomania
404353955 zhourong520 404353652 1975440
404354115 zhourong520 404309779 1588386
404382713 doriablue
404387429 MRJOooE
404389861 lidojiang
404392752 fybert
404405106 zhourong520 404392752 fybert
404405186 zhourong520 404389861 lidojiang
404410303 49017668 404353605 zhourong520
404411405 34793581
404441282 1344334
404442325 4693398
404535020 54822077 404352737 zhourong520
404570412 1544762
404570660 zhourong520 404570412 1544762
404574429 58883153
404579965 zhourong520 404574429 58883153
404581466 lootee 404346860 hoshiino
404610037 4522593
404628733 65282481
404630412 49189249
404635201 mengmengdong
404680636 phonomania 404353731 zhourong520
404681425 2616563
404692155 orchidjelly
404693395 zhourong520
406542248 50551930
406543446 51552542
406544385 63860087 404309779 1588386
406545208 63860087 404309779 1588386
406545878 junko1217 404353955 zhourong520
406546549 57147066
406547673 66147068
406553496 1588386 406544385 63860087
406556133 46472656
406568042 2127901
406571426 2295199 406545878 junko1217
406575422 2795045
406576282 aaaaap
406578559 3298415
406581423 63860087 406553496 1588386
406583683 52483643
406586598 cinderalla2046
406589710 54364954
406641508 1588386 406581423 63860087
406642138 3723476
406649135 63860087 406641508 1588386
406649636 43126051
406651771 26920808
406688689 jenana
406808987 zhaocong1015
407720938 3048175
407737276 JR15
407744290 41031006
407887902 Olivialu
407892173 62935774
407896496 zisama
408301209 43431279
412482854 5315295
412936543 1771860
413344770 jamieevans
413344805 58031544
414545308 48887351
414546341 37482221
414550421 62622298
414580251 62929245
414582809 58508203
414605127 55560399
414605380 55560399 414580251 62929245
414699948 57302341
414773290 35937481
414800849 67046681 404392752 fybert
414938310 lengxiaoyu
414962172 lynndu
414965989 67228736
414977628 milamiyaff
414992140 35254296
415016247 56288607 404310482 49590891
415017181 dooooooora
415394164 57646203
415394286 57646203
416165809 yo35
416168084 guang407
