404347254 47903123
404347523 65872184
404348104 sometime113some
404348537 sometime113some
404349587 sometime113some
404352850 itsSMELLY
404371733 sunnnysun
404373918 59248233
404457286 sometime113some 404352850 itsSMELLY
404457458 sometime113some 404373918 59248233
404457592 sometime113some 404371733 sunnnysun
404965366 sometime113some
404977917 58771761
405093817 sometime113some 404977917 58771761
405196369 48835059
405300008 4495771
405304626 1565910
406410214 sometime113some
406425133 37939973
406450416 sometime113some
406460526 49291108
406461345 rathers
406463348 58228962
406479084 miyizs
406711881 62573847
406718354 59249492
406796528 66666251
406798065 4710568
406801428 35365835
406804668 63431352
406805252 1002226
406812403 9660311
406837670 47944164
406839313 june-kid
406858752 59988063
406940890 58852635
406959482 sometime113some
410973717 56044748
411040014 carrielovelife
411306261 61273494
411585031 yetier
