404699120 ilowo
404701832 35343256
404703282 kensou28
404707355 32530245
404715997 itty
404718456 65662671
404759094 58724470
404763030 40279886
404763627 56573206
404766533 3505094
404767153 gengzhituzi
404770368 50507249
404771637 bigcindy
404995758 43550130
404999327 jacobedison
405087318 58929097
405087803 49480586
405089028 22768510
405090730 1560774
405091081 yuuuuuuuuu
405162307 11747362
405221531 appstore2012
405265062 chydd
406535658 jesx
406540677 herotiezheng
406541242 inmars
406551732 junko1217
406562295 38921279
406565467 SILVERBADGE
406590991 4450414
406591652 50568322
406862859 1666376
406863194 underthesurface
406868732 rickzhuang
406869168 kino1899
406874379 10150869
406900509 61713142
408328495 clover1123
408328850 63419405
408329061 luxury_
409884065 45639813
409884400 2720898
409912780 amandyu
409913560 amandyu
409913707 4297761 409912780 amandyu
409914343 59679361
409916645 SuperDora
409919770 64969778
409926284 46587440
409926409 46587440 409926284 46587440
409930824 46641289 404766533 3505094
409932838 60055068
410151538 L-612
411258707 58350436 404699120 ilowo
411258934 58350436 404701832 35343256
411259115 58350436 404703282 kensou28
411259361 58350436 404759094 58724470
411261408 babyfaceY
411265422 58350436 406590991 4450414
411276542 4184537 410151538 L-612
411278517 58350436 409919770 64969778
411280171 58350436 409926409 46587440
411280360 superbigmiao
411281273 1888150
411307816 35197929 409912780 amandyu
411439668 49588069
411466359 sometime113some 410151538 L-612
411466596 34078285
411495481 lenky
411839691 48598150
