405069532 40279886
405071679 47358615
405072934 63322802
405074353 42994406
405076581 yan77
405085585 laomao77
405085744 4429676
405085966 52244705
405086517 58929097
405086746 64915727
405087595 1270948
405088386 49480586 405086517 58929097
405089545 47941814
405102380 46694606
405104072 49798378 405074353 42994406
405562361 43431279
405563397 43431279
405587611 appstore2012
405587775 hannahbanana
405587815 hannahbanana
405587827 45983692
405587945 60757544
405588103 hooibe
405591465 62491753
405591983 pengqize
405592268 47656345
405627493 61280554
405627846 47903123
405628306 smeow
405628393 59903184
405633049 2591786 405591465 62491753
405633630 2591786
405639428 rathers
405862138 55451450
406021574 63262132
406023988 2127901
406025269 A1isonL
406032092 serialrapist
406035641 54806918
406035947 59248233
406040055 yuuuuuuuuu
406052430 cos9517
406054026 ivyf
406054100 49346948
406057544 huaiminghao
406058544 65454053 406054026 ivyf
406058622 62846087
406059785 1544762
406060127 qingming
406062642 Just333
406075750 wuhuiting
406179189 mguaihuai
406181005 62474747
406182961 connic
406184770 linqizhen
406185954 55607424
406191433 carl9334
406191783 41929968
406196423 63340109 405076581 yan77
406199276 sisie
406202251 2591786 406060127 qingming
406355028 64969778 405072934 63322802
406355884 60282602 406058544 65454053
406363084 61728346
406364043 2527397 406054100 49346948
406364940 MovesLikeJagger
406368138 49346948 406364043 2527397
406390021 3537100
406401566 58135860
406402248 65454053 406355884 60282602
406404731 4336349
406431557 ivyf 406058544 65454053
406434855 34318311
406435097 34318311
406474067 chendeshen
406477165 miyizs
406509632 waiting0605
406510470 forlove80
406510910 inacici
406604437 fayefayefaye
406606489 lousheng
406607926 62656441
406611240 53829773
406616392 12002670
406751399 3921385
406774473 51842174
410168443 elephant.zy
412481867 5315295
412928823 wenbinwu
412929557 50603628
412929887 60052316
