405134153 2591786
405134611 mrlazy
405135152 ilowo
405136502 feiwei 405134153 2591786
405137820 40367438
405154580 game268
405154788 bogek
405155015 yan77
405155060 38212063
405155390 59795115
405155959 62566542
405210512 mrlazy
405210758 50231810
405212934 chendeshen
405225507 1344334
405255740 2591786 405136502 feiwei
405257403 feiwei 405155015 yan77
405258380 yan77 405257403 feiwei
405265674 2591786 405258380 yan77
405266326 yan77 405265674 2591786
405266797 feiwei 405258380 yan77
405266991 feiwei 405255740 2591786
405267561 43347324
405268323 yan77 405266797 feiwei
405268658 23051737
405275377 60937689
405275583 3841391
405277250 63234471
405279611 48259410
405280694 42238178
405286340 52830085
405555272 43431279
405558849 49291108
405559604 mrlazy 405286340 52830085
405559998 minicatss
405560330 minicatss
405677320 61973775
405820736 52830085 405559604 mrlazy
405825753 60151640
405826140 3921385
405865499 mrlazy 405820736 52830085
405866998 maggietat
405867268 55922279
406066942 32436733
406067420 LinaIsHere
406129853 52830085
406199074 cxasd331
417189144 feiwei
417190375 53287234
417207645 feiwei 417190375 53287234
417211943 Rundstedt
417226073 maomaoqiwu
417226272 4498749
417226418 67672625
417234598 feiwei 417226418 67672625
417235100 mikayao 417226272 4498749
417235777 woaixiner
417236134 miumiu444
417236698 58215671 405155390 59795115
417236940 61456818
417242109 feiwei 417236940 61456818
417244644 61456818 417242109 feiwei
417247362 feiwei 417244644 61456818
417253825 58642213
417264287 feiwei 417253825 58642213
417265460 29770431
417279146 61456818 417247362 feiwei
417375159 feiwei 417279146 61456818
417379041 56288607
417384470 67614969 405136502 feiwei
417384808 zhouyanan
417386428 44251223
417388823 EASONC
417389810 55320453
417403046 feiwei 417388823 EASONC
417406142 59322492
417455347 EASONC 417403046 feiwei
417521965 53287234 417207645 feiwei
417526874 55299260
417530878 jamieevans
418352645 amyjby 405265674 2591786
418367918 feiwei
418368310 alalei214
418377656 feiwei 418368310 alalei214
418380367 44471050
418380991 alalei214
418381717 Candyjia
418782526 Miss7Mint
418786315 45724940
418788309 58253858 418381717 Candyjia
418788436 58253858
419129163 feiwei 418788436 58253858
419187091 58253858 419129163 feiwei
419227009 X-Vin
419229595 em_phie
419233061 fredjia
419652267 64837792
419652891 3319460
419672619 63659909
419874174 feiwei 419652891 3319460
419896980 28252850 417265460 29770431
419898540 28252850
419916980 punknn
419917138 punknn
419921188 feiwei 419898540 28252850
419923337 58642213 417264287 feiwei
420048679 28252850
420049643 66438724
420052208 jossyhou
