405293074 ilowo
405293366 57474221
405310516 61418979
405319406 49480586
405357488 MoraMa 405310516 61418979
405360685 65609580
405429090 61418979 405357488 MoraMa
405440346 17402539
405677357 MoraMa 405429090 61418979
405770911 61418979 405440346 17402539
405771581 61418979 405677357 MoraMa
405772313 3921385
406091075 3843689 405310516 61418979
406293536 jesx
406293903 bingosunset
406294303 57474221 406293536 jesx
406573004 MoraMa 405772313 3921385
406573885 Jackyhu
410273708 dymusic
418425326 60356483
418673565 67614969
