405483244 ilowo
405483759 58620241 405483244 ilowo
405489080 sissi1235
405491449 58620241 405489080 sissi1235
405493525 2591786
405493935 58620241 405493525 2591786
405494038 46641289
405495288 58620241 405494038 46641289
405496658 underthesurface
405497329 58620241 405496658 underthesurface
405552228 49291108
405613754 2591786 405493935 58620241
405627536 58620241 405552228 49291108
405627669 58620241 405613754 2591786
405628896 59903184
405629503 2591786 405627669 58620241
405629831 kavin_v
405630425 meetree
405636566 58620241 405628896 59903184
405636903 58620241 405629831 kavin_v
405638248 58620241 405630425 meetree
405641286 65609580
405645846 58620241 405641286 65609580
405646997 43277190
405648490 58620241 405646997 43277190
405653622 27276771
405660368 47944164
405660747 44601581
405663003 58620241 405660747 44601581
405663127 58620241 405660368 47944164
405663301 futangzhi
405664471 58620241 405653622 27276771
405664594 58620241 405663301 futangzhi
405665379 56840398
405665543 54483074
405666465 58620241 405665543 54483074
405666593 58620241 405665379 56840398
405667547 44601581 405663003 58620241
405668804 58620241 405667547 44601581
405669849 54483074 405666465 58620241
405671889 58620241 405669849 54483074
405673230 54483074 405671889 58620241
405673558 58620241 405673230 54483074
405693347 shamanairyear
405711232 HduanH
405726443 58620241
405726675 58620241 405711232 HduanH
405726830 lu_xiaojiu
405727135 58620241 405726830 lu_xiaojiu
408329367 clover1123
408354954 61025014
409430850 58620241 408354954 61025014
410007294 44718432
410013670 Hakuyi
410015212 yan77
410015699 49190112
410051676 58620241 410015699 49190112
410229325 49190112 410051676 58620241
410248567 58620241 410229325 49190112
410250856 49190112 410248567 58620241
410251460 laura1987
410257475 58620241 410251460 laura1987
410257605 58620241 410250856 49190112
410264528 64814310
410276266 58620241 410264528 64814310
410284145 Cjane
410284710 bluesickhui
410286839 58620241 410284145 Cjane
410286941 58620241 410284710 bluesickhui
