405672551 44763247
405672563 tina89
405672716 47874898
405677704 3921385 405672716 47874898
405677894 47874898 405677704 3921385
405678079 onlyalice
405678424 10729594
405678461 3921385 405672563 tina89
405678657 50032044
405678669 62443260
405678784 Luna777
405678845 3921385 405678424 10729594
405678860 rttcat
405679812 54397560
405680076 3921385
405682625 63645835
405685458 52010368
405689634 3921385 405685458 52010368
405689996 esther1115
405711988 blueskyky
405712161 63643339
405712387 15246528 405672716 47874898
405713334 spongeBB
405713376 59627608
405715414 62190791
405716048 61289090
405716862 65609580
405726951 dqy1991
405745349 Moorkay
405789620 62929245
405789917 61813860 405716862 65609580
405790197 55368233
405792015 50626579
405792740 maimengdemiao
405792778 58229186
405846933 61414376
405848263 49584591
405988239 milano7
405988436 41929968
405989022 50160195
405990696 51842266 405672716 47874898
405990972 fnanana
405991770 52721260
405992494 32286854
405992620 taozhiyaoyaoxia
405996369 marryai
405997612 60319808
405999100 33801691
406000005 42118220
406000328 3082027 405682625 63645835
406002279 55947457
406006816 61280554
406008879 49114509
406011867 64651335
406020188 63262132
406057468 49426198
406060031 1544762
406065030 47903123
406068549 53386557
406070526 janetgood
406072420 51640129
406074203 lady_a
406074596 lady_a 406002279 55947457
406075027 wuhuiting
406075285 45752870
406077865 55947457 406074596 lady_a
406089262 lady_a 406077865 55947457
406089358 xinlong1987
406097006 44763082
406103679 66306240
406105452 63286969
406106125 molly_yugu 406105452 63286969
406109400 66517726
406149317 sometime113some
406249564 wxzhnLc
406252409 3921385 405792740 maimengdemiao
406253433 52811221
406255428 3921385 406253433 52811221
406261041 gayo
406263466 muxia0311
406263642 muxia0311
406264062 Lrux
406264949 49152632
406267288 2240680
406269144 64685678
406275082 3921385
406334320 hwlloangelina
406335436 62992532 405846933 61414376
406336622 bubble-blackpea
406403549 50040743
406405062 59523166
406651239 nicoleduoduo
406667969 3921385 406403549 50040743
406668389 tonychou
406683510 58754090
406685740 gumantong
406685949 sy19960123
406689082 Samantha77
406690007 nicoleduoduo 406689082 Samantha77
406693678 41505459
406700981 49497381
406711297 63208098
406721634 waiting0605
406722089 mosaoke
406736302 3921385 406690007 nicoleduoduo
406736816 53091490
406737571 60500405
406738002 nicoleduoduo 406736302 3921385
406739857 yan77
406739888 3921385 406738002 nicoleduoduo
406742552 nicoleduoduo 406739888 3921385
406746279 3921385 406742552 nicoleduoduo
406750400 nicoleduoduo 406746279 3921385
406752617 37939973
406753696 54932813
406753947 changbai
406773341 49798378
406775674 hisoya68
406776805 3921385 406750400 nicoleduoduo
406777148 yynjin
406777151 54612101
406788137 52497495
406790646 nicoleduoduo 406776805 3921385
406791462 66666251
406816458 dongqiaoxihuang
406830228 66475805
406833112 3921385 406790646 nicoleduoduo
406837093 10150869
406837540 10150869 405680076 3921385
406839386 nicoleduoduo 406833112 3921385
406840021 smile9911
406840371 3921385 406839386 nicoleduoduo
406887767 nicoleduoduo 406840371 3921385
406909463 50040743 406667969 3921385
406964982 62608772
407008006 49162676
407008506 Kolene
407010805 47299091
407050606 3921385 406700981 49497381
407138440 3921385 406909463 50040743
407354522 50040743 407138440 3921385
407355916 3921385 407354522 50040743
407357271 50040743
407358333 3921385 406689082 Samantha77
407360299 3921385 407357271 50040743
407362047 48868529
407364306 3921385 406689082 Samantha77
407648340 61025014
407652148 timepro
407805144 62761058
407843691 lin2ta
407849681 66428901
407853338 65185781
407869142 61528832
414494153 3921385
414495493 1864182
414500754 3921385 414495493 1864182
414606404 53573503
414728574 3921385 414606404 53573503
414783007 66771983
414838073 51732518
