405870776 2591786
405871593 meow64 405870776 2591786
405878474 2591786
405881345 meow64 405878474 2591786
405899235 58229186 405870776 2591786
409497575 3344896
409544253 meow64 409497575 3344896
409556154 42156595
409558976 47893657 409556154 42156595
409568086 readoor
409654647 62186601
409655194 meow64
409722869 zyxpaomian
409733583 meow64 409722869 zyxpaomian
409789887 43957874
409791085 43957874
410193012 42156595 409558976 47893657
410194581 meow64 409791085 43957874
410234113 43957874 410194581 meow64
410235001 47765341
410573512 meow64 410234113 43957874
410573575 meow64 410235001 47765341
410597033 xianrenooo
410598868 meow64 410597033 xianrenooo
410618803 47765341 410573575 meow64
410621192 meow64 410618803 47765341
411586023 yetier
411599473 meow64 411586023 yetier
