406327657 27535273
406346457 65282481
406346577 ilowo
406412465 3195337
406427631 63208098
406439185 moreely
406442441 ayumi
406442797 azurepang
406459780 cutewindy
406463956 jianchao200800
406465132 55770400
406467251 52025594 406442441 ayumi
406467572 52025594 406439185 moreely
406467994 52025594 406459780 cutewindy
406469544 54806918
406472781 59988063 406427631 63208098
406474572 63208098 406472781 59988063
406491489 ayumi
406509023 63761929
406509092 waiting0605
406509326 waiting0605
406510909 59562941
406538805 moreely 406467572 52025594
406551186 ParanoidKoala
406599479 52025594 406538805 moreely
406599494 52025594 406551186 ParanoidKoala
406599550 hengqiu
406663993 53276323
406689270 49528362
406701039 52025594
406701170 52025594
406761004 37832153 406701170 52025594
406799753 39739693
407010440 49528362 406701170 52025594
407315521 61816493 406663993 53276323
407379167 MonkeyET
407383978 53663303
407458356 52025594 407379167 MonkeyET
407460081 44228342 407315521 61816493
407463249 63697271
407469255 MonkeyET 407458356 52025594
407510849 64708351
407511096 64708351
407517430 58020698
407517811 tracy207
407567557 53276323 407315521 61816493
407588815 62064012
407591374 36521974
407600545 53597719
407609967 59903184
407611532 58816486
407614179 61816493 407567557 53276323
407617689 tycabbage
407799970 62898442
407933792 43431279
414473772 40692861
