406488801 3569460
406489126 65609580
406515379 48259410 406489126 65609580
406515459 48259410 406488801 3569460
406531830 65043532
406540767 57926874
406648338 48259410 406540767 57926874
406858552 4750627
406859461 4915837
406860046 51418518
406860755 66596490
406874442 10150869
406874638 maive
406898088 41031006
406901573 akward
406965525 57469514
407077585 48259410
407109351 jacqueline403
407463648 48259410 407109351 jacqueline403
407467509 56139476
408359977 jacqueline403 407463648 48259410
408365472 d.f
408398016 ccshu2
408398137 57108215
408750561 42962234
408756873 43028931
409104081 4750627
409142502 48259410
409147521 xyjunkie
417789541 48259410
417790960 diqiushiyuande
