406722813 toffifee521
406723062 ilowo
406723432 43347324
406723674 maive
406723991 63659909 406723062 ilowo
406724049 maive
406724162 63659909
406725153 sue89
406726009 jesx
406726289 jesx
406728531 huazhashooin
406732558 yan77
406733182 3921385
406733274 shanshansss
406733379 48620532
406734242 46661148
406734573 ccmomi 406733274 shanshansss
406734669 2439371
406734724 baoshumin
406738246 55485307 406726289 jesx
406738679 55485307
406739283 2152261
406748826 64849033
406759194 63208098
406759673 37832153
406761308 52085125
406770184 doriablue
406770992 65282481
406780324 cassiopeiajinxm
406781631 34603161
406786261 liufudong290
406786520 5476501
406791765 3569460
406899667 61713142
406900450 RockStinger
406903938 65542610
406905796 blue5un
406910200 nooooth
406912861 2284517
406913906 sleepping
406916626 shamanairyear 406722813 toffifee521
406917589 C-C-X
406926683 38508079
406927718 43550130
406931219 4889451
406964019 sometime113some
406965580 65221756
406967673 48645145
406972340 kinohahaha
407000814 SALEM
407001100 1688780
407315737 61816493
407651331 61025014
407651738 55485307
407652275 luodawn
407653723 zhuihuo
407658231 63419405
407690620 58898719
407705810 42444500
407706941 65608959
407709684 53595016
407711471 53595016
407713039 53595016
407714704 jesx 407711471 53595016
407753385 lianshanghuahuo
407755921 54811577 407713039 53595016
407756510 eaiziji
407772409 62935774
407773145 SalanC
407773828 sonado
407779712 yizilee0715
409062245 55485307 407772409 62935774
409062375 55485307 407756510 eaiziji
409140496 cuichengjun
409141368 Alejandro1218
409148684 51163944
409164189 66837842
409167927 47589564
409186861 2494270
409187009 2494270 409167927 47589564
409197514 hpwhu
409405434 66994256
409432788 3344896
409433940 60075812
409434254 37410275
409434641 3970285
409435852 yuuuuuuuuu
409436525 1803507
409677637 1771860
409677948 66954920
409678072 annabelleliahb
409689261 55485307
409690322 sunnnysun
409691015 1771860 409689261 55485307
409691718 forgiveallnotgo
409693623 yo35
409697011 49518155
409742514 EudoraEJ
409744401 47503793
409745377 9088189
409751127 61477686
409770709 Samantha77
409809122 fendai 409745377 9088189
409809775 fendai
409817990 stoveru
409819071 50120622
409820047 54291569
409822723 georgina520
410092908 55485307
410093936 58176465
410094615 53063307
410095129 58767174
410099466 34521636
410429843 55485307 409751127 61477686
410433516 65928406
410453538 55329893
410466689 47546818
410774581 55485307
410776789 liyoujia
410789852 1321986
411007887 67186365 406900450 RockStinger
411203355 pmcmichelle
411214543 dr_g
411249491 55485307
411254085 61700515
411303557 61273494
411840948 57959054
411858540 caojingcj
411877405 Jacobzebra
412256736 lisabebrave
412288639 54651928
412364604 44251223
412399107 hooibe
412458104 61273494
412461307 55485307 412458104 61273494
412461610 kikim
412462266 55485307
412475845 5315295
412594929 61137479
414608253 55560399
414608681 56239559 406722813 toffifee521
414609602 sunsraul
414699293 57302341
414699663 57302341 406913906 sleepping
414754526 lu0
414791153 58036964
415068281 o.iu.
415071720 47042347
415435622 41680425
416612469 cxasd331
416629782 3320544
416632007 35955694
416632448 66805006
417458303 dreamingu
417476640 47625762
417487975 54871386
417491456 45548626
417518075 63636223
417523671 62234770 406910200 nooooth
417524990 45983692
417579148 47714979
417584766 39517629
417666059 55485307 417584766 39517629
417670748 fybert
417671824 sodamy4u
417702266 33132526
417707059 Annietta8393
417808406 10560080
417890497 Colode
417891380 54648460
417893147 60282602
417901224 23963913
417908065 64978436
417920738 59285006
417936158 55485307
417972241 55783935
418003426 love_sophia
418372933 3378543
418419264 67469213
418684890 58523775
418686611 zhuzhufei
418691034 54204505
418812494 pearcake2002
418815637 z516158634
418816882 calm_down
418818467 54183211
418819474 42192396
418820952 56277525
418825505 51297077
418836876 63101064
418844258 66813730
418845962 60165958
418917288 52924181
418930798 42971889
418931098 50014866
418994107 kisskissme
419165025 huangnan
419170262 53219370
419171568 cyhing
419174357 45257645
419382041 siouxsie7
419488353 bad-ending
419505674 2802271
419521661 45567834
419721747 Dhouse
419947825 63278328
