406710387 ilowo
406771578 65282481
406774603 yan101371520
406779242 cassiopeiajinxm
406924852 58852635
406926582 45832074
406938498 jaychoupan
406938716 missciel
406938829 44601581
406939690 4267527
406941724 lavenderll
407097367 63229853
407101045 59139980
407107507 lalamu
407108165 maeJ
407108725 milano7
407113373 jesx
407167344 yellow-x
407192861 48236328
407192908 48236328
407194206 qianqianshuo
407195169 46694606
407204610 2797193
407628489 SummerTan
407968867 44718432
408180540 37932083
408230182 4889451
408696984 63631314
409097904 33329570
409213309 licong14
409365998 58771761
409366898 jbf-libra
409369571 54053207
409369995 47831249
409429448 skywar123
409436774 59271867
409668700 60873465 407108165 maeJ
409668948 60873465 409369571 54053207
409669430 maeJ 409668948 60873465
409669641 silentmzx
409674703 oscar9257
409676753 3785383
409677222 lizzyleeliana
409677354 lizzyleeliana
409681053 31128234
409723439 zyxpaomian
409770441 meadow92
410018804 60873465 409669430 maeJ
410035264 66417130
410065845 47004998 409770441 meadow92
410068714 38984030
410073483 hitmansky
410074285 30187376
