406756179 hwlloangelina
406756592 ilowo
406757003 Miss7Mint
406758758 49140555
406783837 60232260
406933051 53651362
406933418 63390057
406936939 65125141
406940934 51667804
406941216 HappYriki
406941891 53922219
407293495 47610051
407685900 ying_6
407688838 49134733
407689177 47874898
407690742 63116888
407926715 3344896
408054517 64393650
408056390 66195035
408057617 65608959
408327652 clover1123
408327726 60605674
408433866 46641289
408471062 HarryAirport
408481130 A1isonL
409298197 65125141
409299724 just_random
409301770 jokers
409322722 60147138
409331807 58199590
409331818 58199590
409332097 57481418
409336210 48197174
409336379 48197174
409545356 xifengrumeng
409634252 3584188
409721722 zyxpaomian
410008536 kitetf
410008938 xujiaoranbang 406940934 51667804
410009859 53063307
