407071684 47610051
407072116 YAsalooloo 407071684 47610051
407072517 47610051
407072655 Hida
407072952 YAsalooloo 407072517 47610051
408530344 61219460
408530549 61219554
408530631 61219610
408530690 61219697
408530784 61219765
408530851 61219839
408530906 61219883
408530981 61219932
408531056 61220003
408531114 61220050
408531171 61220106
408531236 61220171
408531328 61220223
408531430 61220280
408531607 61220448
408531715 61220517
408531803 61220576
408692677 62190791
408698565 3952590
408713567 zhangyxiao
408731959 Chaohuaxing
408732825 38602236
408735672 37290567
408817520 yehewanshixing 407071684 47610051
408822030 58551140
408856645 46037031 407071684 47610051
408856885 46037031 408822030 58551140
408857422 46037031 407072952 YAsalooloo
408858259 cking2099
408859755 58551140 408856885 46037031
408861097 63234471 407072517 47610051
408863699 sometime113some
408864540 57481418
408875496 TalkingFish
409128705 65240391
409199243 young4you
409319032 55314690
409523497 huhupanda
409526393 66438724 407072517 47610051
409552796 58956731
409555731 1429499
