407921808 65185781
407922491 28038417
407926811 52167147
407930000 55604796
408228746 4889451
408247359 58229186
408344899 26754683
408346221 yilule
408527954 61171533
408528085 61171583
408528196 61171642
408528311 61171669
408528379 61199538
408528452 61199651
408528575 61200007
408528626 61200159
408528708 61200337
408528762 61200444
408528916 anboyin
408528931 61200519
408529036 61200694
408529142 61218675
408529210 61218732
408529336 61218795
408529494 61218848
408529591 61218900
408529673 61219009
408529729 61219116
408529778 61219152
408529869 61219228
408529976 61219305
408530029 61219363
408530051 52960981
408530101 61219395
408530142 michelle1101
408530178 61219460
408530586 esther1115
410163415 61414376
410164697 onlyray
410168799 54080854
410570159 4147627
410570464 joey7
410571157 57573967
410787544 60770711
410788247 woki
410788605 49801656
410790114 sy19960123
