407936952 66693980
407937798 smellweek
407938001 40622869
407938387 esse1031
407939614 66693980
407940115 66693980
407940126 jianqiangdexin
407940131 jianqiangdexin
407940396 66693980
407940631 66693980 407940126 jianqiangdexin
407940943 jianqiangdexin 407940631 66693980
407943008 59523166
407968302 43957874
407975905 66693980 407940943 jianqiangdexin
407978279 grace_xu229
407982193 48921458 407943008 59523166
407986954 66693980 407978279 grace_xu229
408029887 yuegua
408031460 Olivialu
408143508 65282481
408223952 66693980 408029887 yuegua
408299852 43431279
408302158 4607243
408319254 53595016
408319422 2025972
408321267 53202320
408327541 clover1123
408333722 52721260
408341654 53361015
408434950 46641289
408441617 66137443
408442864 lunar1017
409147840 46377883 408442864 lunar1017
409149842 lunar1017 409147840 46377883
409186518 46377883 409149842 lunar1017
409212974 licong14
409348969 lunar1017 409186518 46377883
409370002 32696613
409373226 50144618
409382158 53063307 407978279 grace_xu229
409394121 nooooth
409404662 grace_xu229 409382158 53063307
409721085 zyxpaomian
