407951934 56770699
408143957 65282481
408144131 ilowo
408144479 59137391
408144817 sasha_coco
408144982 59137391
408145351 59137391
408248047 58229186
408293208 43431279 408144982 59137391
408293653 silentmzx
408293936 59137391 408293208 43431279
408294083 59137391 408293653 silentmzx
408294266 28430546
408294358 59137391
408294961 silentmzx 408294083 59137391
408295011 43431279 408294358 59137391
408295240 silentmzx
408295825 FEL_Murasakiiro
408307786 30018251
408649169 PIRACY
408680284 3557755
