408487080 ilowo
408524502 53454881
408643781 38173059
410530198 61168103
410530374 61168197
410530856 61168256
410531048 61168376
410531301 61168456
410531497 61168646
410531672 60968663
410531870 61168717
410532008 61168794
410532307 61168871
410532479 61169005
410532679 61169063
410532781 61169117
410532949 61169176
410533101 44716190
410533113 61169240
410534030 3522630
410570905 4147627
410571710 4345890
410574202 Just333
410579146 Olivialu
410585421 rebellscat
410585913 rebellscat 410574202 Just333
410586046 65537073
410586081 rebellscat 410579146 Olivialu
410586200 rebellscat 410586046 65537073
410587972 zmen
410588225 65537073 410586200 rebellscat
