409027248 65776058
409191333 3921385 409027248 65776058
409212722 licong14
409229714 3921385 409212722 licong14
409251719 1447862
409254780 54915006
409255289 57450637
409264225 3921385 409251719 1447862
409266571 MADAY
409273104 33875654
409273713 50611512
409274386 3921385 409273713 50611512
409274487 3921385 409273104 33875654
409317783 55314690
409320873 58771761
409322836 2616784
409336750 58735119
409420905 61728346
409422423 3921385 409322836 2616784
409422715 sxyiqianshen
409787524 3921385 409422715 sxyiqianshen
409789921 2527383
409971714 65928406
409972143 3921385 409971714 65928406
409995396 gzhv
409997547 siyu41
410003833 gsypandora
410004448 gzhv 409972143 3921385
410146800 65928406 409972143 3921385
410210851 3921385 410146800 65928406
410211156 3921385 410003833 gsypandora
