409219995 41928794
409220655 33328406 409219995 41928794
409222131 selinahebeella
409222155 33328406
409222398 33328406 409222131 selinahebeella
409453945 2485969
409473200 jane_duen
409845267 33328406 409453945 2485969
409845468 33328406 409473200 jane_duen
409846722 4915837
409850904 cassiopeiajinxm
409855903 kongbai92
409884652 3350957
409895128 jokers
412258689 33328406 409850904 cassiopeiajinxm
412259585 33328406 409895128 jokers
412259830 33328406 409884652 3350957
412260044 33328406 409855903 kongbai92
412278237 kongbai92
412279278 48668160
412282231 43113574
412286366 54651928
412738210 joanntoo
412738756 63549538
412804739 33328406 412279278 48668160
412805094 33328406 412738210 joanntoo
412805246 33328406 412286366 54651928
412805401 33328406 412282231 43113574
412805610 33328406 412738756 63549538
412806540 33328406 412278237 kongbai92
412806827 mango10
412807166 1051503
412807652 33328406 412807166 1051503
412807789 33328406 412806827 mango10
412808429 mango10 412807789 33328406
412812921 33328406 412808429 mango10
412963166 kongbai92
412970389 54651928 412805246 33328406
412973055 liuyushan1989
412980736 posuoluo
414652836 33328406 412970389 54651928
414653253 1605031
414841686 54651928 414652836 33328406
415086171 61273494
415160192 HduanH
415174272 33328406
418416306 33328406 412963166 kongbai92
418416543 33328406 414653253 1605031
418524744 1727979
419080734 33328406 412980736 posuoluo
419082893 64973994
419083095 geminiashmxw
419185000 33328406 419083095 geminiashmxw
419185205 33328406 419082893 64973994
419187055 elseeeee 412260044 33328406
