409489092 65282481
409489219 53162811
409514961 66894155 409489092 65282481
409518703 taoj1
409543469 41262270
409543851 yo35
409555012 48868339
409555284 1429499
409556058 54867308
409560318 oc
409594098 66894155 409556058 54867308
409902664 54867308 409594098 66894155
409903041 yuny
409930021 66894155 409902664 54867308
409949014 66894155
409953254 55460112
409962571 66869102
409963904 49190112
409964565 62452772
409965514 bogek
409987494 palmigloo
409987719 wenbinwu
409988239 vywy
410006227 62753766 409902664 54867308
410151937 54867308 409930021 66894155
410153767 54867308 410006227 62753766
410154570 55706775 409489219 53162811
410156536 38896328
410156991 2669073
410177655 66894155 410151937 54867308
410199760 62753766 410153767 54867308
410280964 54867308 410177655 66894155
412480988 5315295
412481174 5315295 410153767 54867308
412929253 waiting0605
