409431265 24331722
409431364 yuuuuuuuuu
409431401 itsSMELLY
409432195 jerrywan
409432337 qinxiran 409431364 yuuuuuuuuu
409432680 callmecrazy
409433452 4267527
409434283 43617047
409434804 llovelifee
409435509 kumo1988
409439395 ZYM44
409440029 huoerdun1216
409454295 47946688
409463979 yo35
409464082 Yqrwxf 409463979 yo35
409464701 63296563
409467695 66999058
409467774 66999058 409464701 63296563
409470933 48868339
409471442 53007319
409472024 Rabbicol
409472849 jane_duen
409473322 65537073
409473542 62474747
409475733 65454053
409475846 shwa518
409476613 60498482
409477056 konglunxuan
409478906 wxzhnLc
409482183 wbluel 409478906 wxzhnLc
409482598 wxzhnLc 409482183 wbluel
409485860 wbluel 409482598 wxzhnLc
409485995 zhoulele
409486852 65537073 409473542 62474747
409498427 wxzhnLc 409485860 wbluel
409499675 62534698
409500147 xiaxia123
409503370 63296563 409467774 66999058
409504187 62511828
409504293 huhahaluha
409504361 1518299
409511512 2987152
409512509 56827633 409511512 2987152
409513031 baoshumin
409513150 66999058 409503370 63296563
409514067 56827633
409547964 qinxiran 409504293 huhahaluha
409561485 2987152 409512509 56827633
409565550 kiwizheng
409566475 nowaytogo
409566647 wuyicheng
409567115 saoshitou
409569184 xingfuren007
409571814 3554782
409574543 kcwang
409575003 56827633 409561485 2987152
409575064 4375837
409575415 56827633
409575892 huhahaluha 409547964 qinxiran
409578412 2987152 409575003 56827633
409582712 54291569
409584096 53894225
409587481 56827633 409578412 2987152
409589523 blackt
409590234 tiny_1988
409590503 4438233
409592933 4750627
409593313 4438233 409592933 4750627
409597423 4750627
409597767 dooooooora
409605452 53063307 409597767 dooooooora
409607348 dooooooora 409605452 53063307
409608437 53063307 409607348 dooooooora
409608539 61830826
409628589 66869102
409628617 47383140
409633799 seal2967
409634111 49190112
409634246 53597719
409634378 3512143
409634913 guilt
409635531 A1isonL
409638329 59988063
409638337 63375675
409640868 FleetFox
409641215 rbqkl27
409646640 60384168 409641215 rbqkl27
409654893 33360528
409655276 amble-eyes 409654893 33360528
409657033 1415117
409657266 48868339
409664866 julie221
409666497 59679361
409668760 wangpeng218x
409668882 47715196
409674082 grace_xu229
409675693 52394750
409751685 33360528
409757963 wimpy_kid
409768686 2987152 409587481 56827633
413603891 or-liberty
413613102 58222231
413676587 49144729
413677046 62656441
413694121 49144729
413694752 suyuanhan
413695717 SalanC
413827562 66785376
413832978 dodoer
414073543 59166502
414082284 3962679
414082933 Dreamfei
414083234 45597463
414896485 67046681
414897543 istefcan
414924409 60043506
415014857 icycloud
415015411 mylover0 415014857 icycloud
415058327 ilovponq
415064246 59531464 415058327 ilovponq
415121090 qinxiran 415064246 59531464
415227480 59531464 415121090 qinxiran
415229747 Casey_0906
415232641 56288607 415229747 Casey_0906
415341300 62935774
415342032 zquanzquan
415343251 37824841
415478664 qinxiran 415227480 59531464
415516867 59531464 415478664 qinxiran
415531773 64966969 409432337 qinxiran
415558250 qinxiran 415516867 59531464
415558433 qinxiran 415531773 64966969
415641313 59531464 415558250 qinxiran
409769844 50910686
409769861 meadow92
409771441 44901095
409774574 59137391
409819566 kcwang 409575415 56827633
409834235 cassiopeiajinxm
409867928 56827633 409768686 2987152
409869413 2987152 409867928 56827633
409869564 2987152 409867928 56827633
409869914 bluewatermelon
409870802 56827633 409869564 2987152
409884275 2987152 409870802 56827633
409892686 52590457
409907773 56827633 409884275 2987152
409936175 2987152 409907773 56827633
409939063 46818942
410130601 57714541
410133715 mahonglian
410305671 62511828
410369598 60020515
410370244 Yi-nan 410369598 60020515
410370671 hi_Gsummer
410373138 MovesLikeJagger
410378270 50689028
410418389 57918876
410437179 15769560
410523031 Eleanore
410524616 47546818
410526397 50669750
410527126 1783193
410663564 60020515 410370244 Yi-nan
410755620 SALEM 410527126 1783193
410756294 59627608
410757137 60644990
410770900 SALEM 410756294 59627608
410771976 25491381
410773630 63413623
410824081 36258489
410825509 himitsu
410920425 qinxiran 409769844 50910686
410921270 29770431 409467695 66999058
410922461 62946057
410960890 54208735
411224020 61961336
411229675 26601656
411262056 63659909
411262477 4336349
411284870 bad-timing
411422332 huisiumui 411284870 bad-timing
411423713 bad-timing 411422332 huisiumui
411432307 Sissy_Chang 411422332 huisiumui
411433041 Sissy_Chang 411432307 Sissy_Chang
411433368 ALICE901
411437440 53210925 411433368 ALICE901
411439495 60284921
411439955 sunnysumi 411439495 60284921
411440559 fredjia 411439955 sunnysumi
411493776 67031108
411514504 Sissy_Chang 411433368 ALICE901
411516835 alexander130
411517162 3805307 411516835 alexander130
411517522 48259410
411517655 52406824
411517662 3805307
411517851 xingxiaozhu
411519180 2681606
411520393 alexander130 411517162 3805307
411532537 60284921 411439955 sunnysumi
411540403 sunnysumi 411440559 fredjia
411541045 ddxiaoyu 409440029 huoerdun1216
411588713 huoerdun1216 411541045 ddxiaoyu
411590215 SILVERBADGE
411602971 ALICE901 411514504 Sissy_Chang
411604883 syavalon 411590215 SILVERBADGE
411607761 huisiumui 411423713 bad-timing
411607953 huisiumui 411432307 Sissy_Chang
411608254 huisiumui 411516835 alexander130
411609449 47827540
411610682 bad-timing 411607761 huisiumui
411620602 SILVERBADGE
411623346 62474747 409475733 65454053
411624968 59902035
411628020 63757879
411628256 63757879
411628566 48173501
411681471 65454053 411623346 62474747
412276359 Sissy_Chang 411607953 huisiumui
412276564 CharlotteKo 409892686 52590457
412280463 63861608
412478668 5315295
412922981 justkevin 412478668 5315295
412930074 waiting0605
412930906 waiting0605 412922981 justkevin
412931572 taliyan 412930906 waiting0605
412931969 50603628
412932406 61536700
412935024 Sabrina-G
413033359 waiting0605 412931572 taliyan
413033809 3184442
413035959 1839830
