409542471 49493443
409543992 jinweier
409546474 65537073
409549357 yo35
409549981 onlyray
409550315 yo35
409550578 V_A
409598669 60921009
409668374 60873465
409668840 ziliuziliu
409669286 46747303
409673951 yvonne.diva
409677711 2492262
409870841 jinweier
409871691 jinweier
409900938 gazingrain
409902791 35254296
409908618 kinthehouse
409910332 61816493 409871691 jinweier
409997251 gzhv 409668840 ziliuziliu
409997289 kydi
409997373 gzhv 409910332 61816493
409997553 ying423ying
410170637 chasingliberty
410182248 53281335
411399409 cindy1225
411402232 Orange_Nation 409669286 46747303
411411582 13078504 409669286 46747303
411412220 2417768
