411676605 62474747
411963094 jdh233 411676605 62474747
412345429 licong14
412346846 60683037
412958214 3596350
414233989 sunshinesuzhou
414234681 ninux
414783693 49166139
416326540 CherrYcn
416554751 65526572
416555084 64594907
416577940 33885924
416593268 3320544
416593516 mm157983071
416864733 61273494
417337383 60128880
417339194 Olga
417340264 63234471
417340815 41092202
417972532 55703147
418103271 67614969 417972532 55703147
418309763 xiaxiaomo1025
418336732 31332171
418337172 leguor
418371043 3378543
418886840 47276183
418888673 63860087
