409871222 chendc
409876244 rebecca_w
409876437 mai6
409877360 22251803
409877529 Seele_Leib
409877542 60151640
409878163 Olivialu
409911143 aicher
409912290 amandyu
410051681 54822077
410073879 64157790
410090378 candyleewen
410090674 34329436
410147025 50950289
410160846 wbluel
410161748 53063307 410160846 wbluel
410202090 dooooooora 410090674 34329436
410204483 cxasd331 410202090 dooooooora
410205039 dooooooora 410204483 cxasd331
410206965 51163944 410073879 64157790
410207127 cxasd331 410147025 50950289
410207474 46623462
410288221 34329436 410202090 dooooooora
410376669 50950289 410204483 cxasd331
410556364 yakootao
410937998 cxasd331 410376669 50950289
410940176 50950289 410937998 cxasd331
410940944 Bibby001
411107302 kelyz
411107421 memotown07
411155718 3006402
411196692 xiaohk
411198725 cxasd331 411155718 3006402
411218118 3006402 411198725 cxasd331
411262319 63659909 410073879 64157790
411303418 61273494
411346178 50590464 410160846 wbluel
