410041010 24331722
410042810 54849339
410145181 65454053
410146474 50950289
410152744 49125515
410153163 57275950
410169311 54080854
410193464 3522630
410292520 61713142
410307144 yakootao
410312874 privacy
410315077 57656048
410318472 kan-hai
410318562 3522630 410292520 61713142
410318741 itsSMELLY
410319907 ssz518
410320999 64717289
410323898 51601245
410340078 collyn
410401187 61876262
410410204 grace_xu229
410412472 63649416 410410204 grace_xu229
410413724 heitangege 410152744 49125515
410414518 heitangege 410323898 51601245
410414788 heitangege 410410204 grace_xu229
410423214 65282481
410425910 55485307
410426478 vica2010
410446691 54849339
410447384 54849339
