410237780 58754090
410238048 ilowo
410238527 59206720
410238886 43548364
410239135 65185781
410239545 Seele_Leib
410240617 cinddy
410241664 64969778
410290182 61713142
410292966 37865374
410293574 ddding1108
410294579 chendc
410297577 guotongxues 410238527 59206720
410298107 48868339
410304793 yakootao
410310085 61528832
410311109 49562164
410311156 47867553
410320625 58929097
410343545 ninitu
410343621 3921385
410424167 65282481
410434056 65928406
410434605 2591786
410574643 eariko 410293574 ddding1108
410581570 54867308
411107447 kelyz
411131283 67031108
411134410 yiyitoucaonima
411305516 61273494
411305948 56956228
411522967 66894155 411305948 56956228
411613084 1803507
411629492 63757879
411630622 62474747 411629492 63757879
