410472624 52174016
410473061 zhaizhenaixi 410472624 52174016
410481972 yilule
410482132 itsSMELLY
410482991 xingxing1219
410484617 52174016 410473061 zhaizhenaixi
410484744 BigBearboy
410488022 2768898
410500882 zhaizhenaixi
410500977 zhaizhenaixi 410484617 52174016
410510313 65328224
410513707 zhaizhenaixi 410510313 65328224
410513951 1429499
410517790 52174016 410500977 zhaizhenaixi
410518700 Okkkkkkkk
410518728 zhaizhenaixi 410517790 52174016
410519189 zhaizhenaixi 410518700 Okkkkkkkk
410519968 mystery-randi
410520581 zhaizhenaixi 410519968 mystery-randi
410523878 52174016 410518728 zhaizhenaixi
410524036 zhaizhenaixi 410523878 52174016
410525370 52174016 410524036 zhaizhenaixi
410525681 34306353
410526115 zhaizhenaixi 410525681 34306353
410535143 61719332
410537606 zhaizhenaixi 410535143 61719332
410539112 65542610
410540123 3184442
410542908 zhaizhenaixi
410543553 ethanlo
410543973 kagomearisa
410545298 zhaizhenaixi 410543973 kagomearisa
