414395357 58426628
414395656 4693017
414396221 chocolate0
414400101 wangruizhi_ny
414400439 2239969
414403911 55372643
414404207 suzie719
414405021 62622298
414405627 58426628 414405021 62622298
414407556 51695661
414407736 51695661
414407885 62622298 414405627 58426628
414407969 xiaonan0616
414408794 62622298 414407969 xiaonan0616
414409524 62622298 414407556 51695661
414416718 xiaonan0616 414408794 62622298
414426200 44539777
414427411 62622298 414426200 44539777
414776487 58426628 414407885 62622298
414784748 62622298 414776487 58426628
414785207 50697493
414785503 30389011
414785707 62622298 414785207 50697493
414785959 62622298 414785503 30389011
414788905 giraffe_olivia
414791847 63084127
414792787 62622298 414788905 giraffe_olivia
414792828 62622298 414791847 63084127
414793245 54980805
414793523 50530580
414793824 50666742
414794669 62622298
414795147 63734031
414795570 47756096
414796077 2210415
414798749 56844349
414799440 46827530
414800267 41933455
414810179 62622298
414811663 53339384
414811972 56867052
414814886 62622298 414811663 53339384
414814944 62622298 414811972 56867052
414815205 62919693
414815676 muyanduoduo
414815743 62622298 414815205 62919693
414815966 62622298 414815676 muyanduoduo
414816566 sylvia-7
414817112 62622298 414816566 sylvia-7
414817449 blackww
414818796 47828918 414776487 58426628
414819242 47828918
414819708 46641289
414820503 willowshaw
414821704 62622298 414819242 47828918
414821820 62622298 414819708 46641289
414821881 62622298 414820503 willowshaw
414822926 53709758
414823871 62622298 414822926 53709758
414895677 56867052 414785707 62622298
414898213 64237089
414898750 62622298 414898213 64237089
414916601 46641289 414821820 62622298
414921326 58754090
415085841 61273494
415087279 butterfly117
415089835 64853931
415090142 katrina0425
415103784 misslisa
415145842 62622298
