410558681 51486644
410559383 2284517
410560410 32317117 410559383 2284517
410560820 xiaogu_07
410561378 48933401
410591241 4345890
410596312 14198997
410596664 xianrenooo
410596846 35071052
410596900 57195865
410597360 1503790
410598601 ilnbnblm
410598865 Seele_Leib
410601082 32317117
410601923 30940970
410651926 32317117
410653919 57147066
410655868 32317117 410653919 57147066
410656165 6313908
410656369 42982560
410656883 57925007
410657285 32317117 410656883 57925007
410657407 32317117 410656369 42982560
410659160 Caviezel
410659251 46391979
410659780 57925007 410657285 32317117
410660402 32317117 410659780 57925007
410660530 32317117 410659160 Caviezel
410660673 32317117 410659251 46391979
410662287 58229186
410663406 42982560 410657407 32317117
410663440 32317117 410662287 58229186
410665043 57925007 410660402 32317117
410666302 32317117 410665043 57925007
410667036 32317117 410663406 42982560
410669694 57925007 410666302 32317117
410670784 42982560 410667036 32317117
410670849 kyoyoung
410671586 lunatara
410671805 32317117
410671927 32317117 410670784 42982560
410672166 63301388
410673100 42982560 410671927 32317117
410674024 32317117 410673100 42982560
410674216 32317117 410596312 14198997
410674970 4070990
410676637 42982560 410674024 32317117
410677499 32317117 410676637 42982560
410677623 32317117 410674970 4070990
410682752 42982560 410677499 32317117
410686833 32317117 410682752 42982560
410687549 58229186 410663440 32317117
410691105 32317117 410687549 58229186
410691382 48659289
410739537 53597719
410781265 57925007 410671805 32317117
410787437 32317117 410781265 57925007
410791430 57925007 410671805 32317117
410791653 57925007 410787437 32317117
410794024 32317117 410791653 57925007
410816730 44196393
410817165 32317117 410816730 44196393
411629218 42982560 410686833 32317117
411651104 32317117 411629218 42982560
411665828 MoonDark
411667567 rocketmail
411669094 32317117 411665828 MoonDark
412476584 5315295
412915037 1429499
412916540 zzc_59
412933750 43431279
413340671 54255838
413341007 49456740
413393509 32317117 413340671 54255838
413398279 yoyika
413399994 heitangege
413401095 55683540
413401809 60605674
413585264 1265590 410691105 32317117
413609022 32317117 413585264 1265590
413624558 law813
413732134 pokerhs
413732472 47723747
413744134 64486829
