410664632 50881339
410691278 yo35
410712806 amoyeru
410716277 51668679 410691278 yo35
412767046 weiwei2525
412767346 4336349
412767394 58313251 410691278 yo35
412856548 sunnycuento 412767346 4336349
412856794 sunnycuento 412767046 weiwei2525
412860360 52038416
412886998 4336349
412887299 sunnycuento 412886998 4336349
412888448 xiaomaxiaoma
412905518 jean2hide
412958164 3596350
413194084 weiwei2525
413409545 lee1008 412888448 xiaomaxiaoma
413441853 66907574
414009280 43431279
414016703 3293440
414278949 wanmer
414406776 51633445
414408951 Oomph927
414721411 43431279
414803135 3723476
414804107 3680331
415271828 weiwei2525 414804107 3680331
