410753806 64790391
410754171 grace_xu229
410755679 4761135
410791423 1321986 410755679 4761135
410806395 62946057 410755679 4761135
410806625 62946057 410754171 grace_xu229
410806715 jiemoge
410806794 miki
410806846 miki
410806911 62946057 410791423 1321986
410807032 62946057 410806715 jiemoge
410807205 garuda_vane
410807422 62946057 410806846 miki
410807750 62946057
410810359 garuda_vane 410807750 62946057
410810402 57007520
410810544 grace_xu229 410806625 62946057
410811095 57469514
410811546 3522630 410791423 1321986
410813472 62946057 410810359 garuda_vane
410814258 62946057 410810402 57007520
410814369 62946057 410811095 57469514
410814786 62946057 410811546 3522630
410815417 1150271
410815731 62946057 410815417 1150271
410826709 grace_xu229
410837364 62946057 410826709 grace_xu229
410845019 54213878
410879762 62946057 410845019 54213878
410881196 54213878 410879762 62946057
410882107 62946057 410881196 54213878
410882501 62946057 410881196 54213878
410888696 witchcelia 410882501 62946057
410888757 43826512
410912813 ESSELOUISE
410913697 dao1dao 410912813 ESSELOUISE
410917503 3537100
410920686 62946057 410888696 witchcelia
410920978 62946057 410888757 43826512
410921317 62946057 410912813 ESSELOUISE
410921608 62946057 410913697 dao1dao
410921731 62946057 410917503 3537100
410939151 dao1dao 410921608 62946057
410940561 fancy77
410960017 54208735
410962365 prq
410971077 milano7
410971546 50281700
410988867 62946057
410989034 62946057
410994276 65185781
411012404 62946057
411120007 3537100 410921731 62946057
411122056 46623462
411139830 54213878 410882501 62946057
411141216 43557202
411145767 47079564
411160170 62946057 411120007 3537100
411160288 62946057 411145767 47079564
411160904 62946057 411139830 54213878
411161325 62946057
411161595 62946057 411122056 46623462
411162485 3689293
411162843 62946057 411162485 3689293
411164457 4043302
411165284 62946057 411164457 4043302
411189929 54213878 411160904 62946057
411190688 25896998
411191007 62946057 411189929 54213878
411192681 62946057 411190688 25896998
411196507 54213878 411192681 62946057
411198250 pmcmichelle
411199451 62946057 411196507 54213878
411199676 62946057 411198250 pmcmichelle
411201540 1257421
411201822 62946057 411201540 1257421
411205173 54213878 411199451 62946057
411219068 46372627
411234725 3689293 411219068 46372627
411234931 3689293 411162843 62946057
411256285 62946057 411205173 54213878
411256542 62946057 411219068 46372627
411256767 62946057 411234931 3689293
411256917 62946057 411234725 3689293
411285009 46623462
411288022 62946057 411285009 46623462
411288360 46623462 411288022 62946057
411294073 61273494
411294316 55023120
411305260 62946057 411288360 46623462
411306037 62946057 411294316 55023120
411306074 62946057 411294316 55023120
411348661 46372627 411256767 62946057
411348916 46372627 411234725 3689293
411352669 foxdilita
411355320 2987152
411362754 47625762
411383228 47079564 411160288 62946057
411394618 miracle0409
411463640 62946057 411348661 46372627
411463741 62946057 411348916 46372627
411463885 62946057
411464008 62946057 411355320 2987152
411464145 62946057 411362754 47625762
411464263 62946057 411383228 47079564
411464355 62946057 411394618 miracle0409
411480798 54213878 411256285 62946057
411481295 miracle0409 411464355 62946057
411481735 alleny
411488220 55023120 411306037 62946057
411489743 dreamkingdom
411494093 62946057 411489743 dreamkingdom
411496777 47079564 411464263 62946057
411500390 62946057 411488220 55023120
411500473 62946057 411496777 47079564
411500545 62946057 411481735 alleny
411500769 62946057 411481295 miracle0409
411500981 62946057 411480798 54213878
411585960 dreamkingdom 411494093 62946057
411624268 62946057 411585960 dreamkingdom
411635261 54213878 411500981 62946057
411642197 dreamkingdom
411675165 62946057 411635261 54213878
411675283 62946057 411642197 dreamkingdom
411691502 46377883
411694515 zhuzhufei
411715822 62946057 411691502 46377883
411715842 62946057 411691502 46377883
411716061 62946057 411694515 zhuzhufei
411801909 67302333
411809592 62946057 411801909 67302333
411809637 62946057 411801909 67302333
411809850 ESSELOUISE
411812647 6550412
411812842 leejing0815
411997429 62946057
411997589 62946057 411812647 6550412
411997676 62946057 411812842 leejing0815
412092547 6550412 411997589 62946057
412094095 2193669
412364193 huihuii
412367874 57862520
412477742 5315295
413116383 62946057 412477742 5315295
413116540 62946057 412367874 57862520
413116763 62946057 412364193 huihuii
413699308 waiting0605
413896238 63631314
413916236 62178520
414343630 40260022
414343631 40260022
