410691495 32317117
410692586 blackt
410692690 yo35
410694783 32317117 410692586 blackt
410695165 32317117 410692690 yo35
410696348 wangyinqiu
410696793 32317117 410696348 wangyinqiu
410698470 48659289
410698680 32317117 410698470 48659289
410699644 48659289 410698680 32317117
410701573 wangyinqiu 410696793 32317117
410702080 32317117 410701573 wangyinqiu
410702363 58114714
410702689 40154212
410702899 32317117 410702363 58114714
410702966 32317117 410702689 40154212
410703003 32317117 410702689 40154212
410703800 55023120
410705089 58114714 410702899 32317117
410705719 32317117 410703800 55023120
410710363 49638592
410711403 32317117 410710363 49638592
410712118 40154212 410702966 32317117
410714225 32317117 410712118 40154212
410716233 40154212 410714225 32317117
410718410 guolynn
410719406 kimi1025
410721577 32317117 410719406 kimi1025
410721646 32317117 410718410 guolynn
410721711 32317117 410716233 40154212
410722022 sunsraul
410722174 32317117 410722022 sunsraul
410729832 tonyDFR
410792948 1321986
410843525 55023120 410705719 32317117
410843882 2973542
410845750 ihaveyourass
410848013 44232292 410718410 guolynn
411107360 kelyz
411287446 ljinga
411293403 37311123
411293573 61273494
413061055 17611027
413067599 2768898
413068546 vivi.d
413069067 43550130
413069647 rzs
413160933 36163262
413162257 64134247
413163360 val
413163454 32317117 413069647 rzs
413305805 56956228
413566350 AshleeKwok
413645225 32317117 413566350 AshleeKwok
413646239 4229451
413661167 38896328
413665450 60605674 413160933 36163262
413668079 52092557
413670623 yex_1990
414025331 41680425
