410698042 58229186
410698860 sherise_ding
410702309 32317117
410922254 58229186 410702309 32317117
410922478 58229186 410698860 sherise_ding
410926497 56825976
410930971 54208735
410940164 32317117 410922254 58229186
410962231 61961336 410930971 54208735
411029622 58229186 410940164 32317117
411029971 58229186 410962231 61961336
411030182 58229186 410926497 56825976
411199474 61961336 411029971 58229186
411304264 61273494
411306716 jyu
411374396 58229186 411304264 61273494
411374541 58229186 411306716 jyu
411374625 58229186 411199474 61961336
411502624 61961336 411374625 58229186
411692594 58229186 411502624 61961336
411748688 SunBaiian
411786404 34558623
411787554 58229186 411786404 34558623
411787885 58229186 411748688 SunBaiian
412002380 61961336 411692594 58229186
412209478 fxx614
412520543 58229186 412209478 fxx614
