410829512 big-girl
410829772 big-girl
410830069 26754683
410839484 61193074 410830069 26754683
410839571 61193074 410829772 big-girl
410840110 56044748
410840537 findingpixar
410841576 61193074 410840110 56044748
410841759 61193074 410840537 findingpixar
410842643 26754683 410839484 61193074
410842666 soalongtimeZ
410842992 tour1987
410843359 jiajia0212
410848946 56044748 410841576 61193074
410860223 46498650
410866381 jiajia0212
412514884 46843684
412523849 54286359
412538549 ninitu
412591270 45122818
412592424 39269938
412595089 51421849
412595150 51421849
412599002 4702060
412600247 55736095 412595089 51421849
414196321 lynndu
414197059 lynndu 412599002 4702060
414198647 43119338
414208680 4702060 414197059 lynndu
414209168 seroro
414209546 58931942
414220844 51297407 412595089 51421849
414220948 lynndu
