411462010 48514604
411583203 yetier
411583874 61273494
411696140 51113512 411462010 48514604
411696219 51113512 411583874 61273494
411698874 51113512 411462010 48514604
411700429 kelyz
411702379 61535892 411700429 kelyz
411703069 54823400
411705964 50144062
411706856 51113512 411703069 54823400
411719813 kelyz 411702379 61535892
411917389 clover1123
412088661 54823400 411706856 51113512
412137391 1447862 411917389 clover1123
412616935 liuweilvy
412719944 silencecry
412730523 Lynn_ruier
412730826 49993644 411705964 50144062
412756977 42245321
412777542 vantcy 412730826 49993644
412777740 64594907
412777780 49993644 412777542 vantcy
412777788 vantcy
412778245 vantcy 412777780 49993644
412778478 65537073
412888500 51113512 412756977 42245321
413326385 31320778
413327519 zhouxiaoke
413834779 dodoer
413854625 62178520
413859814 53123379 412777780 49993644
413868572 48599383
414207160 67242201
