411274329 1150271
411275054 meetree
411275781 59321915
411276094 wanyuanmutou 411275054 meetree
411276213 wanyuanmutou 411274329 1150271
411276325 wanyuanmutou 411275781 59321915
411278410 ceesasa
411303156 61273494
411303468 silentmzx
411303625 yuriiiii
411306321 wanyuanmutou 411303468 silentmzx
411335110 silentmzx 411306321 wanyuanmutou
411340836 wanyuanmutou 411335110 silentmzx
411341241 2558283
411343804 wanyuanmutou 411341241 2558283
411353027 3637256
411353165 3637256
411483456 2558283 411353027 3637256
411498512 wanyuanmutou 411483456 2558283
411498781 wangpeng218x
411503822 62946057
411504966 wanyuanmutou 411503822 62946057
411507752 61923234
411508412 wanyuanmutou 411507752 61923234
411526890 57529882
411532658 62595301
411536987 55448240
