411608129 49993644
411611736 isabella1112 411608129 49993644
411619211 49993644 411611736 isabella1112
413869904 66894155 411608129 49993644
413878636 49993644 413869904 66894155
414052686 43431279
414053467 ssz518
414363185 4223238
414965874 35071052
415015274 66894155 414965874 35071052
415015609 35071052 415015274 66894155
415386167 justforsp 414052686 43431279
416168647 fabulous41 415015609 35071052
416211296 41863581
416220484 40367438
416511009 67339532
416511259 3921385 416220484 40367438
416511536 et_oscar
416511722 3921385
416512988 callmesummer
416670705 66894155 416511536 et_oscar
416670766 66894155
416678196 3921385 416512988 callmesummer
416679161 3921385 416670766 66894155
416679623 3921385 416670766 66894155
416688497 34893612
417185035 63794132 416511009 67339532
418822683 66894155 416679623 3921385
418823909 67728013
418825096 ddddo
418926643 3921385 418822683 66894155
418927140 3921385 418822683 66894155
419189468 66894155 418927140 3921385
419192623 66894155 418927140 3921385
419210418 3921385 419192623 66894155
419214894 66894155
419422823 ljviva 416512988 callmesummer
419608828 3921385 419214894 66894155
