412130007 SunBaiian
412197993 33132526
412199247 3296154
412199272 55023120
412200642 fxx614
412202369 1447862
412209416 1344334
412210586 yilule
412216995 Olivialu
412239276 58939557
412366198 44251223
412458740 61273494
412458995 4587707
412544927 60158882
412560204 28430546
412615749 3633533
412617419 nana204
412714155 silencecry
412727328 63358840
412928732 43431279 412615749 3633533
412943631 54255838 412130007 SunBaiian
412948264 63246871
412948831 khrisee
413346508 66666251
413714161 flowerbysweet
413776663 47734952
413780748 carrielovelife
413783688 63169898
413790350 fourblondes
413792922 63169898
413816929 51815650
413937310 63492062 413816929 51815650
413940485 klose_y
413969492 43431279 413776663 47734952
413969699 43431279 413940485 klose_y
414053308 43431279
414055223 52776846
414055778 43431279 414055223 52776846
414068339 60043506
414070635 2821885
414135368 38508079
414138432 54704864
414167698 34413107
414170356 bolijiao
414283198 47734952 413969492 43431279
