412015768 3325754
412021299 bad4u2046
412024395 bijingfei
412025953 kanzo
412028007 2768898
412028521 heqiaoshuai
412030326 rantheway
412037833 56173595
412046008 jean_zx
412049794 54655948
412124368 30981508 412049794 54655948
412124788 30981508 412028521 heqiaoshuai
412124946 30981508 412028007 2768898
412128343 43431279
412130376 Adrianna_z
412131089 67031108
412135369 BigBearboy
412852799 wenbinwu
412855300 58198576
412868222 superabigail
413302071 gingerXboulevar
413837320 48862812 412855300 58198576
414077031 45060431
414079792 46140366
414081633 clp
414171572 bolijiao
414248968 Luvya
414329058 53595016 414171572 bolijiao
