412090553 32095052
412104919 66087486
412114169 kiki_362
412116347 60943302 412114169 kiki_362
412116635 60943302 412090553 32095052
412117436 60943302 412104919 66087486
412117555 zyxpaomian 412116347 60943302
412117893 yo35
412118356 60943302 412117555 zyxpaomian
412118663 60943302 412117893 yo35
412120357 66087486 412117436 60943302
412206957 fxx614
412873287 1429499
412880840 4596707
412881325 Aviator.1990113
412882848 Aviator.1990113
412884357 1429499 412882848 Aviator.1990113
412888519 66596490
412894403 waiting0605
412977645 60943302 412880840 4596707
412978196 60943302 412882848 Aviator.1990113
413352577 58102883
413716980 67242201
413758935 60943302 413716980 67242201
413759105 60943302 413352577 58102883
413914179 66567076
414351517 2240784
414625007 3521665
415086667 61273494
