412331144 55865383
412332617 49801656
412333337 50905939
412333771 2313862
412335673 55947457
412336726 xinlong1987
412346663 55865383 412335673 55947457
412346858 3112538
412357303 55865383 412333337 50905939
412357909 55947457 412346663 55865383
412361037 allscott
412361582 HDYZMN
412364675 55865383 412361582 HDYZMN
412366401 HDYZMN 412364675 55865383
412371158 55865461
412371588 55865461 412364675 55865383
412372289 49801656
412372815 32222992
412373933 57195865
412379736 66087486
412391701 60711027
412397219 50035326
412397748 hooibe
412399585 49232944
412440509 sunleiling
412447101 26467837 412399585 49232944
412448560 49798378
412456195 61273494
412462062 giraffe_olivia
412463277 1270948 412373933 57195865
412503394 26467837
412930946 taliyan
412987944 58611491
413002616 lilyisland
413046311 49232944 412447101 26467837
413046812 49232944 412447101 26467837
413050749 2681758
413059999 58114714
413214685 45380240
413229862 66596490
413231177 59597517
414060704 26467837
414062772 43763100
414073359 26467837 412397748 hooibe
414104531 54918081
414112941 53844275
414199486 26467837 414104531 54918081
