412441239 ilowo
412441619 65185781
412441935 65185781
412441954 31926355
412443791 Luvya
412456468 61273494
412457447 49993644
412469183 hexiecn
412471717 64264541
412478473 50603628
412486418 Luvya
412504894 jingfish1123
412506523 2389191
412507687 ginna
412510716 winejoy
412511112 39268690
412511419 50928371
412511743 hawkesyifuxie
412513089 52010368
412514004 4495727 412471717 64264541
412515076 64374444
412515273 misshanxi
412515400 51412089
412516299 67301203
412519099 46778596
412519813 bai220
412522740 2086869
412522815 46827530 412511112 39268690
412573337 Luvya 412522740 2086869
412581036 58939557
412592447 58760207
412624317 58229186
412625993 54395571
412627091 51937755
412627605 1270948
412628123 eaiziji
412629176 carrie99701
412642099 Luvya 412629176 carrie99701
412642801 Luvya 412628123 eaiziji
412644415 Luvya 412506523 2389191
412650393 miss-rome
412674860 3184442
412680842 bonjourdearest
412784123 Luvya 412674860 3184442
412784365 Luvya 412680842 bonjourdearest
412904674 clover1123
412906304 56242580
412912083 1447862 412507687 ginna
412913076 38896328
412918511 59902035
412953446 59034262
413352463 67376512
413375127 mylover0
413421115 57108817
413467556 leeeeeeeeeeee
413483473 yan77 412784365 Luvya
413502595 22768510
413504251 51668679
413506029 1103950
413512188 starxl
413521219 cworange
413531527 Luvya 413375127 mylover0
413531919 Luvya 413421115 57108817
413532724 Luvya 412918511 59902035
413533475 Luvya 413504251 51668679
413568399 67227158
413660006 3112335
413714593 51668679 413533475 Luvya
413715368 14198997
413717068 32025268
413858352 Luvya 412680842 bonjourdearest
413896138 mylover0 413531527 Luvya
413935499 63492062
413936165 53787947
413936932 66785376
413937909 57519169
414154939 Luvya 413937909 57519169
414155844 Luvya 413936932 66785376
414155978 Luvya 413936165 53787947
414221368 56239559
414603791 55560399
414709549 4423579
414920732 bonjourdearest 412784365 Luvya
414922032 Luvya 414603791 55560399
414922239 ziliuziliu
414922495 63419405
414923002 Luvya 414922239 ziliuziliu
414925070 ziliuziliu 414603791 55560399
414932869 55560399 414925070 ziliuziliu
414934407 55560399 414922032 Luvya
414936171 59964855
414937406 dora2231
415080567 64685678
415080712 51245014
