412632315 1270948
412632688 xiaomahou
412633601 49993644
412633743 60709551 412632315 1270948
412633785 52268464
412633963 1344334
412634860 xiaomahou
412634989 49335535 412633785 52268464
412636408 60709551 412633963 1344334
412637147 47827540
412637916 52081962
412638304 49801656
412638453 charleys
412639633 4522555
412639723 tong0508
412642833 55759493
412643395 60709551 412642833 55759493
412643516 yo_ly1989
412645382 64056693
412646231 3054972
412646915 Sw-Ting
412647361 60709551 412646915 Sw-Ting
412649179 yo35
412650321 7259477
412658049 1270948 412633743 60709551
412658893 65662671
412661269 63208098
412662873 53171610
412662967 51937755
412678761 yueliekkas
412690868 doitnow14
412706417 woanon
412706918 26601656
412707126 60282602
412708454 2549727
412710206 42082247
412713525 taliyan
412714282 yoyoyoyoyoyoyo
412716021 kikomilio
412719164 49933676
412720845 3112538
412721244 30981508
412722077 nicholewu
412722128 53663075 412636408 60709551
412722613 49993644
412722886 58376309
412722935 48984648
412724739 4428870 412713525 taliyan
412725048 4035605
412727194 lunar1017
412727636 66751491
412728332 4429676
412728846 49024341
412728851 49024341
412729068 IcedCoke
412730158 Lynn_ruier
412756243 42245321
412781485 whiteline
412781768 miantuomm
412782043 unusedivan
412795422 49433786
412796257 65537073
412801976 31926355
412802045 miyizs
412802305 evan499
412803694 doriablue
412810741 62491753
412959909 irisxtq
412988468 1447862
412990012 60709551 412988468 1447862
412990530 jiatianyu1
413000533 SALEM
413004508 yuyihan
413007561 4280298
413008081 Henry190
413175475 1447862
413179650 37705566
413181006 54458499
413185316 54896702
413186849 hengqiu
413304358 56956228
413841210 64161888
413854407 kelyz
413859579 45527797
414053487 43431279
414054066 43431279
414055491 43431279
414377552 67046681 412638304 49801656
414378862 66011611
414380988 Casey_0906
414381673 Casey_0906
414386063 61480722
414387599 big-girl
414388064 M-0130
414389670 42021524
414609039 55560399
414721715 43431279 414378862 66011611
414931901 2778562
414937487 61961144
414937894 60709551 414937487 61961144
414937926 66596490 414609039 55560399
415333936 51158660
415341640 66405760
415342947 64541767
415390836 3680331
415392726 catherine_1006
415395018 50659941
415395202 50659941
415517411 47233346
416487923 43431279 414937894 60709551
416488411 43431279 415517411 47233346
416488817 43431279
416528929 60709551
416631278 3320544
416645427 hi_nieve
417078094 1399115
417527783 hzkn
417528869 4075741
417529782 jamieevans
417530346 53181952 412634860 xiaomahou
