412834323 liuyini0722
412838322 1429499
412838791 55023120
412840528 67404269
412841734 52183929
412845414 yo35
412846090 62974863
412869764 57894009
412886978 licong14
412897028 mydouban002
412907476 61991883
412907874 61991883
413211548 45740802
413211850 1429499 413211548 45740802
413212005 45740802 412845414 yo35
413213567 45740802
413214049 1429499 413213567 45740802
413218395 45740802
413218924 1429499 413218395 45740802
413222098 45740802
413222512 1429499 413222098 45740802
413223439 4345890
413237294 2549480
413303572 66342408
413406019 mydouban002 413237294 2549480
413409853 43211384
413426414 1344334
413426667 66655509
