412969808 38718330
412971456 grace_xu229
412971647 heitangege
412972378 64790391
413018591 2973542
413019108 kyoyoung
413071623 2045178
413095761 yilule
413129907 54651928
413130313 minicatss
413164563 53123379
413658113 3112335
413755853 61025014
413757126 maeJ
413777004 47734952
413973642 38833299
414008872 43431279
414386533 65981355
414402980 sometime113some
414468454 2847609 412969808 38718330
414469611 57724721
414494401 38718330 414468454 2847609
414669479 62935774
414816727 joanntoo
415072205 47042347
415072514 53595016
415086747 61273494
415468725 mizuki-mizuki
415469184 ivliaoyou
415519726 3348478
415530019 64966969 412969808 38718330
415531996 38718330 415530019 64966969
415692391 littlekoala0526
416069612 eleven910909
416080758 58229186
416324557 42022565
417517286 summersadness
