413220728 istefcan
413220925 ilowo
413668228 yo35
413698773 cinderalla2046
413699096 66596490
413777484 47734952
414057946 43431279
414896959 67046681
414901222 2135032
414940224 vacutue
415085440 61273494
415087205 gray_gray
415088040 49994403 413220925 ilowo
415094260 51633445
415094379 CrookedY
415100463 mizuki-mizuki
415745953 beikabei
415961250 58564208
415962406 58564250
415962608 58564339
415962796 58564399
415962972 58564473
415963257 58564517
415963494 58564567
415963709 58564664
415963888 58564703
415964238 58564750
415964591 58564813
415964867 58564870
415965035 58564924
415965244 58564970
415965515 59872625
