413203460 4900400
413204095 41652806
413204400 48296587
413204583 51935925
413240877 foreverleo 413204400 48296587
413486094 48296587 413240877 foreverleo
413550812 63697271
413561036 63230572
413588354 50016585
413593442 60762952
413594468 ROYALATLAS
413976896 50716385
413986389 summerjane
413987024 dorischueng
413998830 2029019
414001130 harvey666
414002836 sasha_coco 413240877 foreverleo
414003268 66666251
414006010 3683925
414007420 catcatirene
414022294 muxia0311
414072923 Roryn
414073651 ALICE901
414073774 55512002
414188923 foreverleo 413998830 2029019
414223052 56239559
414225373 4897642
414533869 foreverleo
414535748 37245035
414551444 foreverleo
414555764 28217408
414556354 62637184
414556461 38718330
414790782 giraffe_olivia
414809652 48296587 414551444 foreverleo
414829964 foreverleo 414809652 48296587
414838192 59092180 414829964 foreverleo
414840274 32970705
414922235 foreverleo 414838192 59092180
415085709 61273494
415085821 58138781
415088406 61662760
415088635 astrozxm1988
415089249 3393179
415089460 3762024
415453832 Rabbicol
415493028 52232912
415499626 54505577
415502540 64193840
415503791 44226900
415508840 50424547
415513571 53026708
415515288 3415916
415570751 61029828
415572747 2562348
415577401 52103289
415580473 dqy1991
415585473 foreverleo
415586021 smile827
415713077 foreverleo
415923856 63537137
415950075 59488006
415951593 64021450
415951909 58407401
415954990 foreverleo 415951593 64021450
415966008 nemofishhome
415968463 61952834
415970191 58229186
415970313 55333642
415970332 55333642
415971825 foreverleo
415972789 27852457
416000759 59092180 414922235 foreverleo
416009406 64365249
416010985 48014624
416014581 misjessie
416527040 56413539
416531920 50710201
416896486 foreverleo
416897265 66360049
416901010 48751152
416901355 44757239
416901562 Freya_Yao
416901847 52083386
416959262 zengjing201111
417428368 63568240
417429843 4507208
417430234 sunshinesuzhou
417430235 sunshinesuzhou
417430359 jojobetterlife
417430443 67636040
417430958 monica0923
417441580 61273494
417779358 64790043
417779909 Sas1989
417780724 2171517
417783879 67738494
417785423 64056693
417798625 64056693
417822351 62234770
418186754 foreverleo
418186814 foreverleo
418188724 aiduoer
418937842 52325451
419702187 foreverleo
419708016 2364041
419711423 58324255
419982463 44515615
419983103 zhuhengheng
419983253 66991028
419983586 koalachange415
419983787 55618463
419983874 ever0530
419985838 xiejiangjiayue
