413397750 38508079
413397976 yoyika 413397750 38508079
413403526 purrverse
413403789 59034262
413404385 jesaispas
413406766 cmhere
413412030 65221756
413520011 yoyika 413403789 59034262
413520084 yoyika 413404385 jesaispas
413731488 yoyika 413412030 65221756
413733644 59248233 413520084 yoyika
413843575 64161888
413848886 zdq108
414009626 43431279
414011035 Relfectia
414014487 43763100
414353207 chendeshen
414409791 50950289
414409974 yoyika 413848886 zdq108
414985133 64814310
415395087 52678911
415396911 60645897
415399042 57498060 414409974 yoyika
415518408 47233346
415521654 itty 413848886 zdq108
415542179 nonosmall
415542637 sugar-m
415553330 yoyika 415396911 60645897
415600924 61973775
