413513134 thinkingmind
413519378 real_ryan 413513134 thinkingmind
413519730 thinkingmind
413520651 45654802
413520776 real_ryan 413519730 thinkingmind
413520891 2194011
413522344 cong0120
413522712 2194011
413522947 kanzo
413523812 constantinecui
413523935 yuuuuuuuuu
413524630 real_ryan 413520651 45654802
413524886 real_ryan
413524983 lovebobokiss
413525848 whereMonica
413525987 45654802
413531460 3538035 413520651 45654802
413605120 real_ryan
414008592 43431279
414026607 41680425
416778278 2924108
416855151 61273494
418166370 real_ryan 416778278 2924108
418669323 catisdying
418702015 50807214
418703162 3921385
418704449 2226933
418704498 musemusemuse
418839523 1378720
419609992 3921385
419612238 l_kids
419629806 ninitu
419895471 57984149
419896834 3393388
420013210 65179819
