413825926 66785376
413834563 67448029
413837020 59300055
413842721 64161888
413854156 kelyz
413860218 53123379
413865700 55485307 413842721 64161888
413983608 66833549 413825926 66785376
413983717 66833549 413834563 67448029
413983962 66833549 413842721 64161888
413984086 johnnyp
413984445 66833549 413860218 53123379
413986909 66833549
413995620 42387519
413998969 AnnieLion
413999819 43621016
414064271 66785376 413983608 66833549
414076147 34306353
414168302 66833549 413998969 AnnieLion
414168524 66833549 414076147 34306353
414169165 dadaliuxiaohua
414185540 64161888 413983962 66833549
414326934 66833549 414169165 dadaliuxiaohua
414327158 66833549 414185540 64161888
414328180 64161888 414327158 66833549
414329424 66087486
414335824 66833549 414328180 64161888
414338645 60284921
414346472 AnnieLion 414168302 66833549
414420766 66833549 414346472 AnnieLion
414421047 66833549 414338645 60284921
414421958 60151640
414423505 66833549 414421958 60151640
414423688 60151640 414423505 66833549
414423778 is_ayue
414425667 66833549 414423688 60151640
414426180 66833549 414423778 is_ayue
414439398 persephone.les
414450776 60284921 414421047 66833549
414450935 66833549
414451056 60284921 414423505 66833549
414451184 66833549 414450776 60284921
414452690 60284921 414451184 66833549
414452929 60284921 414423778 is_ayue
414534471 AnnieLion 414420766 66833549
414542475 maydaysxh
414546862 pilibei
414548108 62474747
414548446 EASONC
414693839 66833549 414451056 60284921
414693925 66833549 414546862 pilibei
414694104 66833549
414700316 57302341
414785658 66833549 414700316 57302341
414913878 62474747 414694104 66833549
414918444 66833549 414913878 62474747
414920123 59083999
414929654 zhian0802 414329424 66087486
414940478 66087486 414929654 zhian0802
414940976 66087486 414929654 zhian0802
415042396 66833549 414940976 66087486
415423491 48621452
415424071 joey7
415424900 54077648
415591778 66833549 415423491 48621452
415591961 66833549 415424900 54077648
415747960 3844430
415749859 29434892 413842721 64161888
415750366 Yqrwxf
415764099 55499874
415790665 64837792
415843951 53633134
415893116 66833549 415747960 3844430
415893281 66833549 415764099 55499874
415893418 66833549 415843951 53633134
415899958 yuki_yumin
415922384 3175216 413999819 43621016
415996570 3844430 415893116 66833549
416072132 64161888 415749859 29434892
416459363 66833549
416843905 61273494
416848489 48439779
416849971 hpcat0119
416882920 66833549 416849971 hpcat0119
417500279 hnn1995
417839072 66833549 417500279 hnn1995
417966171 pyd_zyy
418055338 48621452 415591778 66833549
418061331 59673895
418062501 59673895
418067694 ovvoq
418093809 66833549 418055338 48621452
418094001 66833549 417966171 pyd_zyy
418125968 persephone.les 418061331 59673895
418172839 59673895 418125968 persephone.les
418203113 59597517
418205936 summer-right 414328180 64161888
418246561 66833549 418125968 persephone.les
418246943 66833549 418203113 59597517
418247198 66833549 418205936 summer-right
418270806 59597517 418246943 66833549
418332308 64161888 418205936 summer-right
418358749 babyface39
418427310 66833549 418358749 babyface39
418427517 66833549 418332308 64161888
418427631 66833549 418270806 59597517
418429522 56347012
418514148 59597517 418427631 66833549
418516252 66999058
418574699 66833549 418516252 66999058
418625379 66999058 418574699 66833549
418777080 1069675
418918338 52924181 413860218 53123379
