413756893 lanbangjing
413793395 12000561 413756893 lanbangjing
413793572 67079152
413795419 15151591
413796687 2470309
413805895 12000561 413795419 15151591
413806236 12000561 413793572 67079152
413806296 12000561 413796687 2470309
413808284 67079152 413806236 12000561
413814768 2470309 413806296 12000561
413815446 Jacobzebra
413861184 53123379
413941788 12000561 413808284 67079152
413942060 12000561 413814768 2470309
413942795 2544227
413943186 12000561 413815446 Jacobzebra
413943431 12000561 413861184 53123379
413944789 67079152 413941788 12000561
413954838 12000561 413944789 67079152
413955160 shentingyu
413955222 12000561 413942795 2544227
413955401 greenismywife
413956898 67079152 413954838 12000561
413956914 67079152 413954838 12000561
413958098 12000561 413955160 shentingyu
413958730 61404464
413958797 12000561 413956898 67079152
413961993 ansansan
414067352 12000561 413961993 ansansan
414067642 60043506
414074540 45434798
414269734 12000561 414067642 60043506
414270246 12000561 414074540 45434798
415125396 45434798 414270246 12000561
