413751438 54286359
413754711 williamtse
413754856 54818470 413754711 williamtse
413756211 4672692
413756886 pationstory 413754856 54818470
413756934 pationstory 413756211 4672692
413758182 38733435
413758531 ding19840111
413759142 apiao
413759160 56523754
413760739 57108817
413826889 66785376
413856088 kelyz
413865128 54818470 413756886 pationstory
413866699 2083434
413867119 bigone
413867939 jenetguo
413893739 63631314
414055981 43431279
414123245 49580246 413754711 williamtse
414131268 65828013
414157731 56828499
414160863 cyshmily
414164676 vantcy
414181020 sdvndtydmduj
414215467 58898719
414218224 45811663 413756211 4672692
414221239 meetree
