413837329 2510124
413838318 cacabury
413858379 66785376 413837329 2510124
413858576 66785376 413838318 cacabury
413858658 2669316
413858759 beikabei
413859054 53123379
413859081 4245198
413859268 2510124
413859378 beikabei
413859638 4915837
413859841 shadowdl
413929050 66785376 413858759 beikabei
413929338 66785376 413859054 53123379
413929497 66785376 413859081 4245198
413930065 66785376 413859378 beikabei
413930575 beikabei
413930675 66785376 413859638 4915837
413931083 66785376 413859841 shadowdl
413931683 66785376 413859268 2510124
413932334 66785376 413859054 53123379
413933732 4245198 413929497 66785376
414130987 66785376 413930575 beikabei
414138752 goodboyyu
