413992086 47734952
413992263 47734952
413992504 47734952
413992798 47734952
413994217 40489068
413994843 43431279
413997369 50514687
414282375 47734952 413997369 50514687
414282751 47734952 413994843 43431279
414282937 47734952 413994217 40489068
414284204 olivia1124
414490212 plateau7623
414539359 47734952 414284204 olivia1124
414539447 47734952 414490212 plateau7623
414549111 plateau7623 414539447 47734952
414550375 58794497
414551648 findingeva
414552842 51148966
414621058 47734952 414551648 findingeva
414621787 3529317
414656759 47734952 414621787 3529317
415035681 away0127
415151255 67583584
415176159 47734952 415151255 67583584
415176442 47734952 415035681 away0127
415185578 53259175
415186839 cxasd331
415371461 47734952 415186839 cxasd331
415371739 47734952 415185578 53259175
415372469 51757295
415383666 1434867
415384450 46641289
415414197 3401482
415754528 47734952 415383666 1434867
415754680 47734952 415384450 46641289
415755658 47747849
415756552 47734952
415757608 51860481
415761366 47747849 415756552 47734952
415765293 gswylszj
415769790 noxin
415782960 dooooooora
415936584 1424236
415998141 aioriaharry
416043617 47734952 415761366 47747849
416044040 47734952 415769790 noxin
416044235 47734952 415765293 gswylszj
416044298 47734952 415936584 1424236
416044406 47734952 415998141 aioriaharry
416044569 47734952 415757608 51860481
416052646 4449544
416055013 47734952 416052646 4449544
416060319 4449544
416097243 1424236
416347788 54261618
416854260 61273494
417030711 3513225
417064531 47734952 417030711 3513225
417114281 3513225 417064531 47734952
417116343 43957874
417124412 larvido
417256389 58642213
418558443 SisyphusL
418568381 47734952 417256389 58642213
418568487 47734952
418568562 47734952 417116343 43957874
418596430 4114315
419923661 58642213 418568381 47734952
419931780 LonelyNightX
