414286468 50811004
414286552 yuuuuuuuuu
414286905 ilowo
414293463 25896998
414295455 10128811 414293463 25896998
414325655 53595016
414664512 HarryAirport
414671433 54213878
414673633 10128811
415052969 jesx
415053644 erinwei 415052969 jesx
415055209 59139980
415056420 45603420
415082270 10128811 415053644 erinwei
415085472 61273494
415263437 coffeeparadise
415290574 58451793 415052969 jesx
415311664 63491400 414295455 10128811
415311863 63491400 415263437 coffeeparadise
415339039 60709551
415709848 erinwei 415082270 10128811
416437416 Sweet_tooth
416440185 alianga 416437416 Sweet_tooth
416441338 RoyChan805
416835560 Olivialu
416835845 2591786
