414270600 ilowo
414271313 33132526
414271653 67520260 414270600 ilowo
414271837 67520260 414271313 33132526
414275019 4159676
414275702 67520260 414275019 4159676
414278707 arsenalofficial
414279719 55759493
414327517 33132526 414271653 67520260
414600772 67520260 414327517 33132526
415471511 mizuki-mizuki
415544840 sansanjin
415546410 59629465
415701239 67520260 415544840 sansanjin
415717623 manamihappy
415951364 64558797
416070221 eleven910909
416070408 damenya3210
416203933 55635049
416204071 anyisouth
416210255 ssz518
416210951 47734952
