414406747 41046123
414408851 sunshinesuzhou
414409299 50950289
414409663 41046123 414408851 sunshinesuzhou
414981205 52912755
414984092 49798378
415005620 65454053
415006198 43277190
415006874 56288607
415007663 12000561 415005620 65454053
415007939 12000561 415006874 56288607
415008721 41046123 415007663 12000561
415009120 41046123
415010156 65454053 415007663 12000561
415010709 12000561 415010156 65454053
415011275 icycloud
415011382 56288607 415007939 12000561
415011385 12000561 415008721 41046123
415011801 65454053 415010709 12000561
415012869 33762258
415015898 41046123 415011385 12000561
415016690 12000561 415011801 65454053
415017344 65454053 415016690 12000561
415018155 12000561 415011382 56288607
415019273 56288607 415018155 12000561
415019783 12000561 415019273 56288607
415035769 Sw-Ting
415036907 47874898
415424235 malin1103
415439274 xibaoniu
415517026 47233346
415526938 51760711
