414711429 sunleiling
415065045 67564410
415070938 67067913
415471834 mizuki-mizuki
416294774 48427467
416308305 67219433
416308330 67219433
416310059 58229186
416311080 6961377
416311802 Olivialu
416312415 3921385 415065045 67564410
416313170 49801656
416345188 CnShadowSoft 416311080 6961377
416346489 bananacircus
416347230 67466884
416365500 35197929
416825191 riotsofi
416830073 em_phie 416346489 bananacircus
416852549 61273494
417323635 1429499
417370829 4481869
417477188 47625762
417766882 52922801
418111275 gswylszj
418111478 54871386 415471834 mizuki-mizuki
