414620682 52689540
414620984 ilowo
414657443 47734952
414658102 dooooooora
414662513 chendc
414944425 ColaHsing
414946339 ColaHsing
414976134 30630336
414976759 Columbo
414978138 shuikuai
414979317 66805006
414979902 67564410
414982605 67508726
414991554 57469671
414996192 jessicarfield
415059775 ilovponq
415521980 ColaHsing 414979902 67564410
415522195 ColaHsing 414996192 jessicarfield
415522326 ColaHsing 414978138 shuikuai
415522535 ColaHsing 414976134 30630336
415523538 48598150
415524187 2591786
415526093 48148029
415562247 ColaHsing 415526093 48148029
415562698 ColaHsing 415524187 2591786
415562791 ColaHsing 415523538 48598150
415590450 67614969
415600800 66201557
415604230 2591786 415562698 ColaHsing
415611162 emilywood
415635721 ColaHsing 415600800 66201557
415635975 ColaHsing 415604230 2591786
415636166 ColaHsing 415590450 67614969
415681962 67486948 414979317 66805006
415689497 66106823
415690685 HarryAirport
415690881 HarryAirport
415696337 ColaHsing 415690881 HarryAirport
415702752 66805006 415681962 67486948
415703554 ColaHsing 415689497 66106823
415879789 62713371
415908857 67635833
415916325 2854997 414658102 dooooooora
415917058 65542610
415917320 miyizs
415928352 ColaHsing 415908857 67635833
415928456 ColaHsing 415917320 miyizs
415929045 liyinsiyuan
415929046 67635833
415929085 58468331
415934357 1434915
415951267 63952522
415951603 amiachan
415972476 ColaHsing 415929046 67635833
415973426 ColaHsing 415951603 amiachan
415973765 winniexuwen
415974329 ColaHsing 415929085 58468331
416122951 48148029 415526093 48148029
416126698 istefcan
416221341 48598150 415562791 ColaHsing
416239809 63794132
416638453 ColaHsing 416221341 48598150
416664390 48598150 416638453 ColaHsing
416665311 joanjacky 414979902 67564410
416665627 67564410 416665311 joanjacky
416665839 joanjacky
416853559 46661278
416859897 61273494
416960702 ColaHsing 416853559 46661278
416964910 46661278 416960702 ColaHsing
416965964 jackey1910 414658102 dooooooora
416966960 jackey1910
416970170 52038416
417112623 46661278 416965964 jackey1910
417122743 fybert
417124080 58328510
417124676 45069270
417176917 43957874
417213338 jackey1910 417112623 46661278
417213491 jackey1910
417225282 maomaoqiwu
417225433 67672625
417228188 62361048
417230251 hibuddy2004
417249871 ColaHsing 417225433 67672625
417250190 ColaHsing 417228188 62361048
417253633 57797104
417260409 14969202
417260582 14969202
417304962 39420107
417336745 60128880
417349917 TssTkun
417355291 61598963 414657443 47734952
417604413 ColaHsing 417260582 14969202
417604536 ColaHsing 417336745 60128880
417604715 ColaHsing 417304962 39420107
