414995274 50811004
414998856 rollyv5 414995274 50811004
415363316 guang407
415541011 lovets
415541789 2810163
415594934 67614969
415642622 rollyv5 415541789 2810163
415643811 rollyv5 415541011 lovets
415644256 rollyv5 415594934 67614969
415701880 67614969 415644256 rollyv5
415716338 53889946
415723964 4345890 415701880 67614969
415724706 4345890
415732835 57814432
415835355 lovets 415643811 rollyv5
415942114 1993399
415972288 rollyv5 415724706 4345890
415972664 rollyv5 415716338 53889946
416725917 MonkeyET 415716338 53889946
416856033 61273494
416857343 ying_6 415716338 53889946
416865381 53889946 416857343 ying_6
416868732 ivliaoyou
416870786 rollyv5
417396451 sqz1212
