414951483 50811004
414951631 27078885
414951893 ilowo
414952215 42096861 414951631 27078885
414952887 42096861 414951893 ilowo
414952971 42096861 414951483 50811004
414953313 lysy20100525
414954777 42096861 414953313 lysy20100525
414954982 2677084
414955206 lysy20100525 414954777 42096861
414955553 42096861 414955206 lysy20100525
414955671 42096861 414954982 2677084
414955894 2677084 414955671 42096861
414956325 42096861 414955894 2677084
414957068 lysy20100525 414955553 42096861
414957083 2677084 414956325 42096861
414957434 42096861
414957811 42096861 414957068 lysy20100525
414958122 lysy20100525 414957811 42096861
414958388 42096861 414958122 lysy20100525
414958947 2677084
414960014 42096861
414963410 tingtingss
414964673 xiarilin
414971111 42096861 414963410 tingtingss
414971305 42096861 414964673 xiarilin
415028332 tingtingss
415396513 60645897
415408031 49705670
415897369 aioriaharry
415944916 66947979
416084055 lysy20100525
416538392 lenesue2
