415113760 NINA0220
415117641 56288607 415113760 NINA0220
415705887 67614969
415707574 22251803
415707850 56288607 415707574 22251803
415707989 56288607 415705887 67614969
415709166 22251803 415707850 56288607
415709607 56288607 415709166 22251803
415710195 22251803 415709607 56288607
415711222 56288607 415710195 22251803
415712937 22251803 415711222 56288607
415717446 56288607 415712937 22251803
415723087 22251803 415717446 56288607
415726197 63234471
415733173 57860899
415733638 34147190
415733726 56288607 415733173 57860899
415772917 67614969 415707989 56288607
415774730 56288607 415772917 67614969
415778352 45930733
415782615 56288607 415778352 45930733
415783409 45930733 415782615 56288607
415784345 60017300
415784660 wa-wa
415850413 56288607 415783409 45930733
415850577 56288607 415784345 60017300
415850788 56288607 415784660 wa-wa
415854131 60017300
415859307 22251803 415726197 63234471
415861098 56288607 415854131 60017300
415862076 59769387
415862881 56288607 415862076 59769387
415895145 63234471 415859307 22251803
416093690 stef0628
416393163 56288607 416093690 stef0628
416422769 67187076
416463661 56288607 416422769 67187076
416464037 2841192
416464342 56288607 416464037 2841192
416464731 2841192 416464342 56288607
416465051 56288607 416464731 2841192
416465744 2841192 416465051 56288607
416465956 57968156
416479458 56288607 416465744 2841192
416479702 56288607 416465956 57968156
416487776 2841192 416479458 56288607
416496179 56288607 416487776 2841192
416543241 57968156
