415459272 mthigh
415459372 67046681 415459272 mthigh
415459415 65125141
415462908 66621706
415463502 55948475
415465669 2669073
415466733 67046681 415463502 55948475
415466834 67046681 415462908 66621706
415467874 mizuki-mizuki 415462908 66621706
415472979 28252850
415473147 dixie_chen
415473874 67046681 415473147 dixie_chen
415473943 67046681 415472979 28252850
415874945 mizuki-mizuki 415472979 28252850
416483943 feimaoaibinggan
416484241 vivideer
416630817 3320544
416847994 67046681 416630817 3320544
416848145 67046681 416484241 vivideer
416852124 61273494
416863599 37939973
