415518620 sola315
415521205 67580836
415521325 58376309
415522244 18179041
415522468 4099597
415524022 67046681
415525617 54080854
415534743 xgmy
415536652 2660906
415536866 Ean.Lee
415537318 3701063
415537803 54422782
415740678 52678911
415742419 2464744
415742689 42746681
415742961 Olga
415747266 janebunny
415754490 67626810
415754991 51749971
416453791 48476424
416456657 julie0402
416457029 57968156
416457881 lpa
416458439 62323279
416458528 44185527
416459495 55584107
416459910 44901095
416460128 creeppin
416460256 59083999
416461100 50779020
416464026 39755123
416470285 52891305
416471037 60683037
416471226 2841192
416472147 puersxcx
416472685 15309631
416472712 4839451
416476183 4634691
416476998 uknowimalegend
416477295 Seele_Leib
416560802 45864046
416565739 55607424
416565955 67567541
416566081 49473553
416568846 asuki214
416569158 Ran-XX
416569192 Tamilynn
416573658 44151418
416574597 43431279
416575586 43763100
416576300 9493079
416576669 1495852
416600322 knnnn
416615662 57036793
416616331 43702712
416618810 48557449
416620299 RedBlossom
416620392 RedBlossom 416616331 43702712
416620453 48239237
417860772 ki_33
417861050 wangting0318
417861677 61289090
417870442 rollyv5 417861050 wangting0318
417879321 sweetheartLZY
417960944 67500323
417971512 55703147
417980124 67755177
417987572 Hizoe
417989387 4347008
417990568 aillen1223
418009976 61208750
418472177 44727974
418472205 insomiac
418473184 49856827
418492662 2415999
418493524 jayee_
418496139 48659289
418498066 duyewei
418499206 58253858
418511188 37749115
418514114 4083545
418514610 51501277
418579338 64286708
418651219 2854997
418843026 66894155
418844625 46033352
418890085 38840360
418973405 47233346 415754490 67626810
418973632 47233346 416471226 2841192
418973877 67571965
418975241 xiaofei153
418975413 47233346 418973877 67571965
418975430 27197435 418973877 67571965
418975510 xl080808zcg
418976401 67571965 418975413 47233346
418976735 67571965 418975430 27197435
418977038 47233346 418976401 67571965
418977682 52920934
418977733 27197435 418976735 67571965
418978572 67571965 418977733 27197435
418978994 67571965 418977038 47233346
418979548 27197435 418978572 67571965
418980596 67571965 418979548 27197435
418980988 justforsp
418981103 27197435 418980596 67571965
418981268 27197435 418980596 67571965
418981983 67571965 418981103 27197435
418982313 67571965 418981268 27197435
418983827 27197435 418982313 67571965
418987102 67571965 418983827 27197435
419028076 51842266
419031517 53238753
419102321 2841192 418973632 47233346
419102729 57007520
419106028 62942147
419113053 27197435 418987102 67571965
419114135 62639592
419115224 alalei214
419664506 47233346
