415639340 56054696
415639503 lovesm
415642430 4702060
415642449 grace_xu229
415649817 thinkingmind
415651400 icykiko
415661343 66201557
415661822 yan77 415649817 thinkingmind
415662148 42122126
415667113 sammi-s
415667348 nicoleyxs
415789033 43431279
415845435 2821885
415845700 huary
415868771 4029863
416083352 66597803
416085261 58229186
416431284 42123114
416434594 63606985
416697068 Itischunchun
416697481 58735119
416709682 61700515
416710725 4420800
416844253 mizuki-mizuki 416709682 61700515
416845169 Olivialu
416852277 61273494
416852786 qikui
416852905 sun37
416854308 57797104
417257788 58642213
417309956 31984389
418154601 55504043
418167240 45675384 415868771 4029863
418491953 2415999
418517005 foxrain1215
418519933 65125141
418681690 67046681
418697458 57303542
418698117 4029863 418697458 57303542
419207287 48130091
419207339 knnnn
419622036 zouzou05
419622069 rouble-w
419628706 Missya
419629045 clianca
419629915 ninitu
419849663 TiFFany_Wy
419851164 SunBaiian 419629045 clianca
