416023567 49225096
416024088 murongsh
416025301 4680481
416036543 45691739
416843834 61273494
416862273 summersadness
416865193 julie0402
417127907 35528888
417128698 66666251
417225758 maomaoqiwu
417344809 f45z
417491916 45548626 417344809 f45z
417495406 60043506
417602809 63234471
417607443 46747303
417885945 52357717
417887435 devindeng
417894613 lynnie9
418102277 54089696
418161104 62323279
418246758 43651106
418370143 3378543
418372085 58068013
418474780 50011062
418483638 63244515
418483987 61991883
418484031 47806283
418484513 49849872
418484855 48599383
418607147 56230767 417495406 60043506
418646882 58898719 417491916 45548626
418647618 66805006
418648144 mockingnumb
418648383 58898719
418718699 57823672
418729403 53282108
419265723 40656450
419268454 itsSMELLY
419715963 lool
419854192 xtqqqqcn
419855579 64256306
