415972392 41413945
416039264 67614969
416079780 58229186 415972392 41413945
416080336 41413945 416039264 67614969
416080400 41413945 416079780 58229186
416080941 58229186 416080336 41413945
416081470 58229186 416080400 41413945
416081489 36793528
416081798 41413945 416080941 58229186
416081828 63726013
416081965 41413945 416081470 58229186
416083245 54635444
416083364 58229186 416081798 41413945
416083565 58229186 416081965 41413945
416083742 58229186 416081828 63726013
416083963 41413945 416083364 58229186
416084422 58229186 416083963 41413945
416084707 58229186
416085834 41413945 416084422 58229186
416086500 58229186 416085834 41413945
416086685 41413945 416086500 58229186
416088710 58229186 416086685 41413945
416088887 41413945 416088710 58229186
416194815 41413945
416194827 41413945
416220207 58229186 416194815 41413945
416220335 58229186 416194827 41413945
416220442 41413945 416220207 58229186
416220703 41413945 416220335 58229186
416222590 58229186 416220703 41413945
416223134 41413945 416222590 58229186
416310221 58229186 416223134 41413945
416310944 Olivialu
416311275 39002982 416310944 Olivialu
416311442 58229186 416310944 Olivialu
416313584 49473553
416313979 Olivialu 416311442 58229186
416345217 43957874
416387708 41413945 416310221 58229186
416574055 54635444 416084707 58229186
416574469 43431279
416647935 58229186 416313584 49473553
416648024 58229186 416574469 43431279
416648170 58229186 416387708 41413945
416648278 58229186
416746566 49473553 416647935 58229186
416943712 58229186 416746566 49473553
417266523 49473553 416943712 58229186
417266660 yawuho
417267069 Freya_Yao 416310944 Olivialu
417687094 c20h25n3o 416080336 41413945
417695615 41413945 417687094 c20h25n3o
417792077 ToffeeMocha
417818101 58229186 417695615 41413945
417818182 58229186 417792077 ToffeeMocha
417818974 58321939
417819315 clddcl
417821610 63296563
417826238 ToffeeMocha 417818182 58229186
417832264 58229186 417818974 58321939
417832362 58229186 417821610 63296563
417832478 58229186 417819315 clddcl
417832557 58229186 417826238 ToffeeMocha
417870038 clddcl 417832478 58229186
