416347131 24331722
416347220 yuuuuuuuuu
416347636 66720132
416348892 56054696
416349669 2453968
416349773 zergback
416349796 55876337
416350227 39295556
416351329 leewhenwe
416352375 54396735
416352568 zhengdongdong
416352720 2841192
416352784 zhengdongdong
416367364 35197929
416368938 50905939
416371723 nowaytogo
416977736 57968156
416977817 mikatang
416995996 sakihan
417019268 54396735 416371723 nowaytogo
417019610 54396735 416995996 sakihan
417027994 sakihan
417052140 skaka
417053335 57453206
417053949 sissi1235
417054149 55703115
417054501 61606749
417054569 fredjia
417054747 61616788
417055301 54250928
417055665 49993644
417076765 66666251
417078970 35071052 416352784 zhengdongdong
417080248 64541767
417080361 cc0212
417081871 yo35
417082561 54396735 417080248 64541767
417083358 64541767 417082561 54396735
417083921 18039338 417083358 64541767
417085948 64541767 417083921 18039338
417086170 64541767
417087192 54396735 417083921 18039338
417087422 sende175
417087603 18039338 417085948 64541767
417087803 18039338 417087192 54396735
417087981 64541767 417087603 18039338
417088246 64723947
417088591 64723947 417087192 54396735
417090378 fredjia 416352784 zhengdongdong
417099992 rn1223885240
417100548 4065002
417280730 nowaytogo 417019268 54396735
417281976 hellovivian
417283713 sometime113some
417284894 45646752
417463572 54396735
417765263 serialrapist
417765434 serialrapist 417087981 64541767
417781113 54396735 417765434 serialrapist
417782036 glasseye
417783731 44500358
417785042 64541767 417765434 serialrapist
417787831 serialrapist 417785042 64541767
417788117 serialrapist 417785042 64541767
417808206 64541767 417787831 serialrapist
417809773 61510191
