416343708 penny7kimi
416344638 60136594
416344971 CnShadowSoft
416358031 39544213 416344971 CnShadowSoft
416358135 39544213
416359340 3082027
416359725 66805006
416364118 39544213 416359725 66805006
416377898 60136594
416391941 seanhpp
416668318 39544213 416391941 seanhpp
416911145 63405538 416668318 39544213
416911833 48450068 416343708 penny7kimi
416962660 unruliness
416963448 luice3222
416963652 51906370 416391941 seanhpp
416968997 3319460
416970778 1426779
416970837 3513225
416975286 grace_xu229
416985310 57412779
416991050 laureltree
417022459 39544213 416985310 57412779
417023514 39544213 416970837 3513225
417024001 39544213 416911145 63405538
417540353 43059614
417541789 39544213 417540353 43059614
417557654 10560080
417600214 39544213 417557654 10560080
417601440 MIWHU
417602191 39544213 417601440 MIWHU
417716379 MIWHU 417602191 39544213
417717926 52012798
417718691 39544213 417716379 MIWHU
417788718 diqiushiyuande
417789114 10560080 417600214 39544213
417945506 39544213 417789114 10560080
417980032 seanhpp 416668318 39544213
418139207 10560080 417945506 39544213
418326645 baby.w
418352238 39544213 418326645 baby.w
418474019 32001760
418627389 39544213 418474019 32001760
