416616499 ziliuziliu
416743833 58210784
416855893 61273494
416856074 57797104
416857009 1148172
416858735 4330262
416862327 Columbo
416863498 Fabozzi
416864758 62474747
416885953 43431279 416862327 Columbo
416886225 Columbo
416886347 43431279 416862327 Columbo
416887842 43431279 416886225 Columbo
416888356 1975440
416890075 61529863
416891328 zjas
416892503 43431279 416886225 Columbo
416903004 1688780
416903432 54631487
416904106 62552109
416912265 43431279 416904106 62552109
416925462 2127901
416934835 subplant
416946603 2126335 416925462 2127901
416959319 ricsung
416960219 67508726
416961309 1605031 416934835 subplant
416991901 67614969
416995688 aioriaharry
417010122 ricsung
417012164 60709551
417015275 the4400
417021686 aioriaharry 417010122 ricsung
417027617 ricsung
417181186 60709551
417203520 43431279 417027617 ricsung
417209081 43431279
417210436 43431279
417210900 43431279
417215944 kyoyoung
417219062 worshipful
417270238 ricsung 417210900 43431279
417349218 43431279 417270238 ricsung
417393810 52640259
417655419 36471359
417686686 zisama
417687691 zisama
417860100 ki_33
417867968 1106317
418077466 43431279
418078048 43431279
418109609 60165958
418150640 zisama 418077466 43431279
418151647 zisama 418078048 43431279
418903311 43431279
418951412 zisama 418903311 43431279
