416849902 ying_6
416851843 61273494
416851868 48439779 416849902 ying_6
417317102 oliviapalermo
417317327 oliviapalermo 416851868 48439779
417323368 48439779 417317102 oliviapalermo
417323875 48439779 417317327 oliviapalermo
417323942 62474747
417325587 oliviapalermo 417323875 48439779
417325594 48439779 417323942 62474747
417326377 48439779 417325587 oliviapalermo
417365252 oliviapalermo 417326377 48439779
417367212 67748986
417752981 fulangmingg
417753350 bigone
417784408 48439779 417752981 fulangmingg
417856634 fulangmingg
417906039 48439779 417367212 67748986
417907323 48439779 417856634 fulangmingg
418150189 55504043
418151520 65467749
418153401 48439779
418153887 55504043 418153401 48439779
418186762 48439779 418153887 55504043
418194584 en89
418212872 55504043 418186762 48439779
418325616 48439779 418194584 en89
418325927 48439779 418212872 55504043
418502282 mockingnumb
418516741 55504043 418325927 48439779
418517061 55504043
418517065 47831249
418522551 61495498
418522957 doreen333
418570926 48439779 418502282 mockingnumb
418571638 48439779 418516741 55504043
418593127 55504043 418571638 48439779
418762878 48439779 418593127 55504043
418774917 62935774
418778470 ooosun
418781494 48439779 418774917 62935774
418781704 57959054
418782023 48439779 418778470 ooosun
418783813 neko_
418784668 48439779 418781704 57959054
418785700 57959054 418784668 48439779
418791969 48439779 418783813 neko_
418792965 48439779 418785700 57959054
418793856 en89 418325616 48439779
418795354 53063307
418903675 55504043 418762878 48439779
419041823 48439779 418795354 53063307
419043564 48439779 418903675 55504043
419071415 2512623
419072376 kazhuka
419133000 48439779 419072376 kazhuka
419163300 59693167
419191608 48439779 419163300 59693167
419207643 zousghost
419208682 59693167 419191608 48439779
419208988 fighttodeath 418325927 48439779
419274422 48439779 419208682 59693167
419275348 48439779 419208988 fighttodeath
419315344 fighttodeath 419275348 48439779
419323120 clare1991
419332429 3723476
419337313 49113095
419340289 48439779 419315344 fighttodeath
419340444 48439779 419323120 clare1991
419340864 48439779 419332429 3723476
419341402 48439779 419337313 49113095
419367732 kazhuka 419133000 48439779
419504229 48439779 419367732 kazhuka
419518901 45567834
419521090 48439779 419518901 45567834
