416860704 1691084
417360860 ilowo
417363115 4379883
417367020 52912755
417696531 54978616
418343008 54208735
418398064 56642335 417363115 4379883
418398273 56642335
418400767 22251803
418401249 lying007
418659580 50551930
418659822 44601581
418660210 44601581 418659580 50551930
418663332 56288607
418664575 4414113
418697647 50551930 418660210 44601581
418920890 52924181
418922229 Dorothycheer
418925090 hbobobo
418926899 57968156
418932515 67549834
419281987 12992904
419283809 justforsp
419284979 58203200
