417002377 miumiu444
417002808 60498482 417002377 miumiu444
417002919 60498482
417003002 kissjoseph
417003027 41413945
417003757 41413945
417004252 trustsun
417004522 53541389
417004698 60498482 417003002 kissjoseph
417005022 53541389
417005517 miumiu444 417002808 60498482
417005980 60498482
417006237 41413945 417005980 60498482
417006322 60498482 417005022 53541389
417006540 60498482 417006237 41413945
417007206 41413945
417007219 60498482 417005517 miumiu444
417007559 miumiu444 417007219 60498482
417007596 nananine
417007703 60498482 417007206 41413945
417007813 dbz52325
417008112 58323320
417008140 41413945
417015604 60498482 417007813 dbz52325
417016147 60498482 417008140 41413945
417016782 41413945 417016147 60498482
417017082 albeely 417004698 60498482
417017457 60498482 417016782 41413945
417025378 53541389 417006322 60498482
417026669 aioriaharry
417026945 aioriaharry
417177662 43957874
417653423 55783935
417654746 60498482 417653423 55783935
417657435 62713075
417703019 33132526
417714130 31596400
417724153 60498482 417714130 31596400
417725021 25062013
417725041 1771860
417731243 46537101 417724153 60498482
417821380 31596400 417724153 60498482
417821924 kinheechul
417824822 45060431
417825000 45060431
417825327 catherine_1006
417864584 41416982
417916008 55783935 417654746 60498482
417993067 gaoecho
417995984 Florasmile
417996900 kimleigh
417999757 60498482 417995984 Florasmile
418001534 60498482 417996900 kimleigh
418127247 HarryAirport
418127792 54651928
418183428 kimleigh 418001534 60498482
418199257 60498482 418183428 kimleigh
418201827 54871386
418203346 4522555
418203398 evcc503
418207451 60498482 418203398 evcc503
418222140 kimleigh 418199257 60498482
418525510 1727979 417653423 55783935
