417027751 aioriaharry
417033041 4345890
417033793 Jacobzebra
417035925 56413539
417045402 48427467
417046222 48427467 417033041 4345890
417046576 48427467 417035925 56413539
417046752 48427467 417033793 Jacobzebra
417046847 57968156
417047289 48427467 417046847 57968156
417102706 aioriaharry 417045402 48427467
417102961 48427467 417102706 aioriaharry
417103354 48659289
417146273 1194054
417147784 43957874
417211627 43431279
417212012 43431279
417214812 sewaiwoer
417235752 48427467
417235864 48427467 417147784 43957874
417236217 48427467 417214812 sewaiwoer
417236532 48427467 417103354 48659289
417236635 48427467 417146273 1194054
417236759 60709551
417237231 48427467 417236759 60709551
417255254 58642213
417256086 jesx
417257248 aioriaharry 417102706 aioriaharry
417261110 48427467 417256086 jesx
417262092 48427467 417255254 58642213
417272801 60709551 417262092 48427467
417287542 48659289 417236532 48427467
417292132 48427467 417287542 48659289
417292388 48427467
417294872 48659289 417292132 48427467
417294974 58113974
417296658 cxasd331
417298020 61273494
417454679 43957874
417454939 58135860 417296658 cxasd331
417471123 67466884
417471906 34558623
417925166 creeppin
417926975 5319903
417933086 sdemon
419924198 58642213 417262092 48427467
