417143088 3386956
417143222 52542889 417143088 3386956
417143349 ssz518
417143984 63526694
417175835 43957874
417212542 43431279
417213191 43431279 417143222 52542889
417213520 47549410
417213564 43431279
417223411 52542889 417143349 ssz518
417223459 52542889 417143984 63526694
417223581 52542889 417175835 43957874
417223711 52542889 417212542 43431279
417223861 52542889 417213520 47549410
417223907 52542889 417213564 43431279
417224656 Rabbicol
417224987 43431279 417223711 52542889
417229081 lemonball123
417658657 59321315
417676535 zwj5323478 417143088 3386956
417711068 3386956
417712231 aioriaharry
417712966 clare1991
418128726 63781925
418130088 58135860
418139100 3522630
