417573324 12023503
417575295 56391203
417576983 chendc
417577147 63659909
417581247 xiaoleizi11
417584719 47396161 417581247 xiaoleizi11
417584884 47396161 417577147 63659909
417598568 48577660
417601371 64594472
417601494 emily0722
417601702 66907574
417607353 47396161 417601371 64594472
417607486 47396161 417601702 66907574
417608140 39544213
417608561 2617499
417608724 64594472 417607353 47396161
417609780 47396161 417608140 39544213
417609910 47396161 417608724 64594472
417610337 47396161 417608561 2617499
417613113 64594472 417610337 47396161
417613172 kakisama
417614354 45886049
417640757 66907574 417607486 47396161
417640835 52683880
418144866 34411385
418844984 kawalaa
418854805 53595016
419051491 52137207 418844984 kawalaa
419174929 princessbany
