417676393 Spongeriri
417676731 ilowo
417678395 1604393
417678528 49407943
417678612 49407943
417679533 59132566
417680518 minneli
417682475 59132566
417685744 3914901
417686900 59132566
418091986 aaxxiu
418126953 HarryAirport
418127270 67508726
419452739 43626200
419453023 43626200
419455237 43431279 418091986 aaxxiu
419460549 43779453
419461316 48457199
419461754 59132566 419461316 48457199
419463303 33132526
419463780 59132566 419463303 33132526
419482683 32628988
419493133 3691994
419493641 3555293
419499341 aaxxiu 419455237 43431279
419570635 43431279 419499341 aaxxiu
419572710 aaxxiu
419594355 33132526 419463780 59132566
419596728 3691994
419742446 64488912
