417810685 Spongeriri
417810780 46518282
417810876 46518282
417810954 gedy
417811192 61661160
417811891 14198997
417811933 10560080
417812670 2290567
417816664 54871386
417821227 65626199 417811192 61661160
417822753 50346918
417823846 tour1987
417823882 43277190
417824148 liluoke
417824582 fredjia
417824789 63234471
417826536 wacy3344 417810876 46518282
417826617 wacy3344 417812670 2290567
417828472 Illbethere
417828974 Balllley
417829720 50905939
417830194 shuangerrr
417832402 cxasd331
417834500 58229186
417857734 67614969
417885801 2290567
417890638 66454944
417901919 lovenomilk
417936396 46518282 417810954 gedy
417936672 46518282 417824789 63234471
417937642 48427467
417938080 xinrupuwei
417938230 cocoguan
417938624 44056842
417941326 gedy 417936396 46518282
417952715 51521265
417953556 64790391
417954058 Binnie_Allen 417810954 gedy
417954803 shero-
417955139 50551930
417955473 57611559
417955642 oniontony
417955721 30940970
417956220 eariko
417957511 gedy 417954058 Binnie_Allen
417962319 3734754
417963481 1429499
417963895 mengweiyang
417964457 59941637
417965015 3785642
417965204 4662924 417823882 43277190
417967418 39544213 417811192 61661160
418007661 vampireluvbenny
418008548 missif
418009012 44466040
418009083 wadw
418061736 43058759
418064424 33964522 417823846 tour1987
418065864 48670215
418066116 gengzhituzi
418066348 67155812 417824148 liluoke
418066630 67155812 418061736 43058759
418067003 keepout
418067412 57455964
418068152 48207886
418068709 toni1203
418068940 2282448
418069437 61661160 417967418 39544213
418071956 prq 417810876 46518282
418072689 67814631
418073416 dada340
418075799 kami_qu 418066116 gengzhituzi
418076251 60750331 417810780 46518282
418077032 67787054
418078945 maowandianxia
418080479 aaaaap
418081227 sunny_ye
418082744 42849922
418083692 elmo21
418084307 38840360
418084487 42994406 418068152 48207886
418167251 43058759 418066630 67155812
418167573 43058759 418071956 prq
418167942 kxxxx
418544353 mockingnumb 417810876 46518282
418552989 MisaL 417823882 43277190
418555174 45071682
418558461 zhajiangmian219 417829720 50905939
418558659 zhajiangmian219 418167251 43058759
418559718 KimKingJ
418560391 45128843
418561263 lishi19
418562653 yan77 417810954 gedy
418565355 dvivian
418565692 ninahuang713
418565779 33733167
418567653 Turna 417810876 46518282
418567726 Turna 418565779 33733167
418567988 IVYstreet
418571240 Gl3ria 417810954 gedy
418779689 Miss7Mint
418781912 57968156 417901919 lovenomilk
418782297 28365747
418944326 myhilter 417823846 tour1987
418945120 39801052 417828472 Illbethere
418945758 12410068
418946654 wenisy
418947794 3785383
418948399 i7days 417810780 46518282
418949206 37258627
418955777 54955967
418969009 61961336
418970588 fruitchao
418970658 41635622
418971072 4024435
418971480 fulangmingg
418971918 fulangmingg
418972153 4429740
418973388 tour1987 418944326 myhilter
418974342 syoung
418974449 snonollf 417834500 58229186
418977586 46518282 418944326 myhilter
418978115 songsongpig
418982522 50660991
419360607 lovenomilk 418781912 57968156
419362528 46518282 418071956 prq
419362716 46518282 418076251 60750331
419362885 46518282 418080479 aaaaap
419363044 46518282 418084307 38840360
419363250 4587707
419363384 60329021
419363663 46518282 418971480 fulangmingg
419363708 2996377 417857734 67614969
419365695 ann_chiang
419366491 wondertree
419367305 61753814
419368011 antlulu
419452120 43626200
419504998 50392258
419518352 45567834
419521519 46518282 419368011 antlulu
419523244 28252850 417811891 14198997
419523518 3921385
419524172 14198997 419523244 28252850
419524386 ciweijiajia
419524993 4659657
420024342 64784805
420024779 50389440 418974449 snonollf
420028214 42425345 418061736 43058759
420028608 phoebezzf
420038268 mizuki-mizuki
420044976 funnylibra
420047767 2485969
420058381 58642213
420058791 condensed_milky
420059628 bessiemyq 418970588 fruitchao
420062054 16962105 417810954 gedy
420062452 16962105
