417952693 Spongeriri
417955282 55009630
417956389 summerjane
417962930 1429499
417968869 64558797
417969225 troublehust
417978220 54871386
417995417 Florasmile
418127385 HarryAirport
418127451 springijs
418128075 dingdingrun
418273352 52579825 418127385 HarryAirport
418273635 52579825 418127451 springijs
418484774 springijs 418273635 52579825
418592245 2847609
418624910 52579825 418592245 2847609
418868431 2847609 418484774 springijs
418871880 49391559
418918753 springijs 418868431 2847609
419157719 chris19901011
419158390 shanshanyouai
