417950490 50811004
417950491 Spongeriri
417950567 itsSMELLY
417951723 cxasd331 417950490 50811004
417953321 cxasd331 417950567 itsSMELLY
417956438 mayuyu
418105208 67614969
418105313 xiaoqingcheng
418105363 fredjia
418105532 fybert
418105656 woainiwodengni
418106081 3325754
418106179 45886049
418106900 43023028
418109725 lilymanics
418218402 cxasd331
418219435 cxasd331 418105208 67614969
418224216 45886049 418218402 cxasd331
418232915 61961336 418219435 cxasd331
418235731 serialrapist
418239126 glacierer
418239225 48393363
418242201 soooyoung
418242885 58376309
418243184 62474747
418247340 52965050
418254185 lydia8766 418247340 52965050
418275245 cxasd331
418282133 soooyoung 418275245 cxasd331
418287161 52965050 418254185 lydia8766
418843880 66894155
418844045 bikoi55
418844268 66894155
418845823 60165958
418932184 soooyoung 418844268 66894155
418932569 soooyoung 418844268 66894155
418933684 43431279
418935335 ayumishin
418938302 3921385
418943286 48659289
418943360 3668867
418949584 66894155 418844045 bikoi55
418994641 67614969
419087287 cxasd331 418994641 67614969
419106848 3668867 419087287 cxasd331
419122132 66894155 418933684 43431279
419273391 lydia8766 418287161 52965050
419342458 52965050 419273391 lydia8766
