418038498 ilowo
418044487 62234770
418048057 58229186 418044487 62234770
418048554 58229186 418038498 ilowo
418097817 unbelieve
418304153 58229186 418097817 unbelieve
418307343 unbelieve
418435208 58229186 418307343 unbelieve
418438348 sunjie21
418442593 58229186 418438348 sunjie21
418442955 3325754
418443464 58229186 418442955 3325754
418443771 3325754 418443464 58229186
418452782 42971889
418574736 58229186 418452782 42971889
418574865 58229186 418443771 3325754
418683678 sunjie21 418442593 58229186
418684652 58229186 418683678 sunjie21
418782392 sunjie21 418684652 58229186
418911210 58229186 418782392 sunjie21
419188331 sunjie21 418911210 58229186
419205843 58229186 419188331 sunjie21
419584687 sunjie21 419205843 58229186
419876008 58229186 419584687 sunjie21
419965781 sunjie21 419876008 58229186
420038437 58229186 419965781 sunjie21
