418145950 55504043
418146527 55504043
418146682 shinejamesli
418146745 55504043
418146875 55504043 418146682 shinejamesli
418148427 Icy_JaM 418146745 55504043
418148929 55504043 418148427 Icy_JaM
418152695 shinejamesli 418148929 55504043
418153360 55504043 418152695 shinejamesli
418375866 3378543
418513313 55504043 418375866 3378543
418921550 52924181
418922183 67635755
418934463 43431279
418939361 ToffeeMocha
418978935 47233346
419471615 55504043 418921550 52924181
419471880 55504043
419472123 55504043 418934463 43431279
419472205 55504043 418939361 ToffeeMocha
419472371 55504043 418978935 47233346
419472972 60760847
419573085 55504043 419472972 60760847
419655455 67635755 419471880 55504043
