418225160 61961336
418258016 64287773
418303614 58229186 418258016 64287773
418303739 58229186 418225160 61961336
418304093 67041314
418304806 58229186 418304093 67041314
418307545 59217361
418321601 46093255
418329271 54208735
418334085 32928900
418334505 hmilyhen 418334085 32928900
418434364 58229186 418334085 32928900
418434704 58229186 418329271 54208735
418434851 58229186 418321601 46093255
418434981 58229186 418307545 59217361
418493078 64287773
418574386 58229186 418493078 64287773
418930351 dadaliuxiaohua
419012673 58229186 418930351 dadaliuxiaohua
419525424 ciweijiajia 418574386 58229186
420031904 blbouvivi47
420036780 58229186 420031904 blbouvivi47
