418556025 41413945
418556670 emptylake
418556936 zhajiangmian219
418557724 55980421
418604986 56230767
418605872 missssssing 418604986 56230767
418607036 42994406
418609313 geshhen
418612498 54057867
418622710 4227430
418623592 62104542
418623914 isabella1112
418624630 dusk.xiyang
418625023 47358615
418625069 joker_ranger
418635674 54655948 418612498 54057867
418636227 54655948 418623914 isabella1112
418864935 42962787
418866723 54655948 418864935 42962787
419050044 52137207 418557724 55980421
419051721 pengqize
419063391 mobbyca
419153455 54655948 419051721 pengqize
