418646298 shelia_sl
418649600 2109064
418652974 50339566
418664862 4414113
418700392 42510359 418646298 shelia_sl
418701319 42510359 418652974 50339566
418701664 42510359 418649600 2109064
418701934 42510359
418855045 6728172
418870723 42510359 418855045 6728172
418871566 49391559
418881894 2453723
418882417 forthefuture
419177046 princessbany
419189654 someboby
419377111 42510359 418871566 49391559
419379635 42510359 418881894 2453723
419425217 ljviva
419455489 LonelyNightX
419466273 33132526
419470037 Olivialu
419470174 Olivialu 419379635 42510359
419503335 42510359 419466273 33132526
419505708 52579825 418652974 50339566
419580272 bubuminmin
419594923 33132526 419503335 42510359
419595094 33132526 419503335 42510359
419607381 3447116
419614702 42032209
419650620 42510359 419595094 33132526
419678632 33132526 419650620 42510359
419719112 47127239
