418595945 4114315
418598609 54970911
418618547 57036793
418620215 hylee
418622072 o.iu.
418653872 yuyanbuxiang
418664798 daodaobo
418704388 55980421
418704536 55980421 418598609 54970911
418705264 55980421 418618547 57036793
418705735 55980421 418620215 hylee
418705882 55980421 418622072 o.iu.
418706325 55980421 418653872 yuyanbuxiang
418706537 55980421 418664798 daodaobo
418712620 46778596
418742312 4438233
418743247 hooibe
418745537 67571965
418750358 57302341
418750815 57302341 418706325 55980421
418751080 55980421
418751797 57968156
418752266 mumucuicui
418755034 graylucky
418756307 62953005
418758154 55980421 418745537 67571965
418758725 55980421 418751797 57968156
418759300 55980421 418752266 mumucuicui
418760811 55980421 418755034 graylucky
418761187 57968156 418759300 55980421
418761735 mengmengdong
418763863 mengmengdong 418755034 graylucky
418765286 mengmengdong 418761187 57968156
418765708 52388681
418766423 55980421 418765286 mengmengdong
418766717 55980421 418765708 52388681
418766855 67571965 418758154 55980421
418767290 mengmengdong 418766423 55980421
418767477 55980421
418768656 55980421 418767290 mengmengdong
418769192 55980421 418766855 67571965
418769577 2029019
418770040 67571965 418769192 55980421
418770985 lubianjiejiao
418772176 55980421 418770040 67571965
418772436 mengmengdong
418774132 67571965 418772436 mengmengdong
418774854 mengmengdong 418774132 67571965
418775039 67571965
418775240 52219054
418775394 67571965 418774854 mengmengdong
418775920 mengmengdong 418775394 67571965
418776147 67571965 418775920 mengmengdong
418883657 daodaobo 418706537 55980421
419176108 princessbany
419191625 55980421 419176108 princessbany
419196188 ycc1210
419425750 55980421 419196188 ycc1210
419442921 52442310
419475600 55980421 419442921 52442310
419478657 50034383
