418654876 e.pamela
418654951 9493079
418654963 54286359
418655141 mengmengdong 418654951 9493079
418655347 mengmengdong 418654963 54286359
418655358 3785383
418655362 liweixin
418655550 mengmengdong 418655358 3785383
418655578 summer-right
418655686 mengmengdong 418655362 liweixin
418655782 mengmengdong
418655958 54286359 418655347 mengmengdong
418656053 3723476
418656358 mengmengdong
418656490 summer-right 418655782 mengmengdong
418656513 effyhan
418656756 o.iu.
418657054 connic
418657227 mengmengdong 418656756 o.iu.
418657457 51667804
418657470 mengmengdong 418657227 mengmengdong
418657523 connic
418657720 52920934
418657774 mengmengdong 418657457 51667804
418658041 mengmengdong 418657523 connic
418658561 mengmengdong 418657720 52920934
418659133 mengmengdong 418655958 54286359
418662633 54286359 418659133 mengmengdong
418664678 mengmengdong 418662633 54286359
418670278 66569409
418671661 52795124
418672787 59751649
418674166 61289090
418674567 65537073
418674622 fruitchao
418674995 42609203
418693539 67848927
418694051 8916978
418695234 45790778
418698184 44185527
418700283 MaHom
418707840 3854270
418709787 33644190
418710515 52200885
418710773 62401205
418712663 pjh
418717636 4716151 418712663 pjh
418718234 50389440
418719896 mengmengdong
418752142 hibuddy2004
418760155 mengmengdong 418752142 hibuddy2004
418768360 Miss7Mint 418655550 mengmengdong
418770612 mengmengdong 418768360 Miss7Mint
418770945 Miss7Mint 418657457 51667804
418771760 mengmengdong
418772240 Miss7Mint
418773285 mengmengdong 418772240 Miss7Mint
418774816 3194988
418774891 3194988
418775502 mengmengdong 418774816 3194988
418777743 66438724
418779105 64155433
418779757 mengmengdong 418779105 64155433
418787438 64155433 418779757 mengmengdong
418788414 61583627
418798031 mengmengdong 418787438 64155433
418917202 64155433 418798031 mengmengdong
418918722 34306353
419075399 2512623
419100823 63234471
419103038 63360374
419129871 66306240
419131974 qixiaoran
419133813 mengmengdong 419129871 66306240
419523557 66306240 419133813 mengmengdong
419589882 libra_myj
420036030 44083207
420046617 mengmengdong 420036030 44083207
420050039 55759493
420055648 3818594
