419002791 58564208
419003117 58564250
419003281 58564339
419003439 58564399
419003607 58564473
419003833 58564517
419003980 58564567
419004235 58564664
419004396 58564703
419004644 58564750
419005074 58564813
419005263 58564870
419005499 58564924
419005723 58564970
419006030 59872625
419006172 59872751
419006427 59872840
419006632 59872956
419006896 59873070
419007218 59873172
419007479 59873279
419007647 59873337
419007858 59873401
419008189 59873536
419008502 59873601
419008758 59873673
419009042 59873749
419009462 54978559
