419353915 1344334
419358985 43431279 419353915 1344334
419359680 43431279 419353915 1344334
419363901 49194914
419365650 43431279 419363901 49194914
419366526 poppypanther
419375596 32819169
419377902 60709551
419378968 60709551 419366526 poppypanther
419379067 constancez
419379128 60709551
419379198 3959472
419379734 49807584
419379797 60709551 419379067 constancez
419381258 Spirited-Away
419381291 60282602 419359680 43431279
419384258 60709551 419381258 Spirited-Away
419384890 constancez
419386698 60709551
419387491 lookism
419387962 constancez 419386698 60709551
419394562 65583096
419402126 Sssha
419403429 36986176
419414391 43431279 419366526 poppypanther
419414998 43431279 419375596 32819169
419415460 43431279 419379128 60709551
419415846 43431279 419379067 constancez
419416156 43431279 419379198 3959472
419416221 60709551 419414998 43431279
419416342 43431279 419379734 49807584
419417721 43431279 419381258 Spirited-Away
419418541 43431279 419403429 36986176
419419080 43431279 419402126 Sssha
419419353 43431279 419387491 lookism
419419748 43431279
419421397 43431279 419381291 60282602
419422207 38033801
419422932 cecilialovelife
419423748 67913131
419424975 constancez 419419748 43431279
419425572 43431279 419423748 67913131
419426822 3539316
419427237 pinkytyger
419427521 3959472 419416156 43431279
419428160 43431279 419422207 38033801
419428814 59673895
419429300 43431279 419427521 3959472
419429664 43431279
419429821 junexi
419430249 54852185
419430296 connic
419430556 43431279 419426822 3539316
419430964 unusedivan
419431834 43431279 419429821 junexi
419431971 1344334 419359680 43431279
419432309 59673895 419429664 43431279
419432406 43431279 419430249 54852185
419433409 43431279
419433841 38033801
419435395 junexi 419431834 43431279
419437152 48014624
419437215 43431279
419437617 43431279
419438471 43431279
419438927 59673895
419439417 52205392
419439434 43431279
419440512 38033801 419438471 43431279
419440662 38033801 419437617 43431279
419440707 43431279
419441144 2591786
419441273 justforsp
419441281 43431279
419441724 43431279 419441273 justforsp
419442539 justforsp 419441724 43431279
419444160 43431279 419431971 1344334
419444573 43431279 419442539 justforsp
419445146 justforsp 419444573 43431279
419445198 honeyice
419447173 43431279 419445146 justforsp
419447686 a41055
419447995 36986176 419418541 43431279
419448864 43431279 419445198 honeyice
419449156 38033801 419441281 43431279
419449268 51297077
419449308 justforsp 419447173 43431279
419449669 38033801 419439434 43431279
419450867 jesx
419451606 43431279
419452077 43431279
419452435 43431279 419449308 justforsp
419452873 66634831
419452902 58113714
419452931 60709551
419452951 43431279 419450867 jesx
419453089 43431279 419452931 60709551
419453104 65530347
419454066 50808565
419454082 justforsp 419452435 43431279
419454639 43431279
419455071 43431279 419454066 50808565
419457143 a41055
419457789 junko1217
419458219 a41055
419458617 43431279
419459894 a41055
419460613 50002661
419460934 43431279
419461223 x_4ever
419461262 50002661
419461285 50808565 419455071 43431279
419461300 43431279
419461716 43431279 419461223 x_4ever
419462337 43431279
419463151 43431279
419463837 43431279 419461285 50808565
419465181 2005602
419466613 43431279 419465181 2005602
419467579 a41055
419469228 4320623
419471213 bikoi55
419472348 43431279 419471213 bikoi55
419472580 43431279 419469228 4320623
419473261 14198997
419478380 51412089
419484884 3691994
419487336 jesx 419452951 43431279
419499551 3921385
419501741 junko1217 419499551 3921385
419513449 49807584 419416342 43431279
419575873 43431279 419484884 3691994
419577477 43431279 419487336 jesx
419581615 mecyy
419582445 43431279 419581615 mecyy
419584495 hengqiu
419586005 jesx
419586461 43431279 419584495 hengqiu
419606641 66894155
419606705 66894155
419615881 l_kids
419637152 4320623 419472580 43431279
419640315 2193400
419643225 itree1120 419353915 1344334
419647723 1344334 419643225 itree1120
419648878 64837792
419650492 1445373
419655763 hengqiu 419586461 43431279
419822213 helloTiTi 419452435 43431279
419943970 43431279 419822213 helloTiTi
419949287 helloTiTi 419943970 43431279
419953800 60377935
419959739 43431279 419640315 2193400
419964553 60165958
419965830 53210925
419970215 wenisy
419970606 bellaw
419975209 43431279
419976464 43431279
419980097 43431279 419964553 60165958
419981336 60165958
419983459 43431279 419981336 60165958
419985330 60165958
419985968 43431279 419985330 60165958
419986152 Sirenfairy
419986251 60165958
419986534 43431279 419986152 Sirenfairy
419987585 43431279 419986251 60165958
419988270 43431279 419986251 60165958
419988510 T.X
419989237 T.X 419983459 43431279
419989257 43431279
419989764 43431279
419989899 jijillwang
419990364 why-alfalfa
419990398 43431279 419989899 jijillwang
419990969 aaxxiu
419991074 T.X 419989764 43431279
419991380 shannon_au
419991832 T.X
419992932 jijillwang 419439434 43431279
419993112 loci 419466613 43431279
419993300 43431279 419965830 53210925
419994141 60165958 419987585 43431279
419994502 43431279 419993112 loci
419995176 43431279 419994141 60165958
419996358 60165958
419996454 43431279
419997201 T.X 419996454 43431279
419997817 43431279 419996358 60165958
419998810 60165958
420001490 43431279 419992932 jijillwang
420001880 43431279
420003331 43431279 419991380 shannon_au
420005069 43431279 419998810 60165958
420006430 shannon_au
420006572 43431279
420006720 43431279 420006430 shannon_au
420006976 shiguagji
420007266 43431279 420006430 shannon_au
420007370 43431279 420006976 shiguagji
420007582 shiguagji
420007609 43431279 420006430 shannon_au
420007913 rainytail
420008276 douya20cn 419359680 43431279
420008424 43431279 420007913 rainytail
420008493 43431279 420008276 douya20cn
420009247 shannon_au
420009264 wenisy 419976464 43431279
420009459 43431279
420010041 shannon_au
420010207 43431279
420010866 shannon_au
420011028 2724313
420011078 60165958 420005069 43431279
420011188 43431279
420011324 shannon_au
420011415 43431279 420011078 60165958
420011554 zhongchihan
420012139 shannon_au
420012373 43431279 420011324 shannon_au
420012454 60165958
