419682953 ccshu2
419683098 14444633
419683368 44898035
419683613 44898035 419683098 14444633
419683945 14444633
419685272 44898035 419683945 14444633
419685948 51842266
419686420 sinverguenza
419689156 44898035 419685948 51842266
419690945 50054227
419693129 44898035
419693486 dxwlyy
419695109 55460112
419696210 44898035 419693486 dxwlyy
419697127 44898035 419695109 55460112
419698384 51842266 419690945 50054227
419698627 51842266 419689156 44898035
419705642 44898035 419698384 51842266
419708164 51842266 419705642 44898035
419709458 59627608
419712338 44898035 419709458 59627608
419712628 charlotte1993
419715961 44898035
419718383 mu2046
419793457 dqy1991
419906381 44898035
419906598 57968156
419906682 57968156 419715961 44898035
419908990 blacksparrow
419910703 44898035
419912088 44898035
419918163 rouble-w
