419617155 l_kids
419617208 irisyn
419617254 15387564
419617291 l_kids 419617254 15387564
419617365 l_kids 419617208 irisyn
419719471 65609580
419719947 47400203
419794632 55835837
419800084 57964960
419805830 misscotton
419806715 64808817
419815525 saffron1104
419816553 2194011 419617291 l_kids
419817557 58027666
419820223 66999058
419820493 3692597
419820678 66999058
419821026 m1ssfe1
419821174 56271941 419719471 65609580
419825155 AbysmalVision
419827421 releven
419828544 Kibum_xx
419873609 graylucky 419820678 66999058
419900508 l_kids 419816553 2194011
419900892 l_kids 419820223 66999058
419901095 l_kids 419828544 Kibum_xx
419902690 4607243
419903482 43136451
420005624 66999058 419873609 graylucky
420005723 66999058 419900892 l_kids
420012901 66994256
420051568 65609580 419821174 56271941
420054528 kyoyoung
420054976 49438625
