419964055 24331722
419992098 1344334
419993451 53025358
419993862 64161738
419994082 61721170
419996369 52924181 419992098 1344334
419996622 52924181 419993451 53025358
419996815 52924181 419993862 64161738
419997187 52924181
419997396 53025358 419997187 52924181
419998635 52924181 419997396 53025358
419999194 45455545
419999285 52924181
419999733 52924181 419999194 45455545
420004324 1344334 419996815 52924181
420005122 52924181 420004324 1344334
420006715 1344334 420005122 52924181
420009744 66994256
