83057173 2480780
83057237 jyu
83057476 Mr.P.
83057549 teresatian
83057809 2008490
83057950 jyu
83058448 2008490
83058709 owlet
83060498 2008490
83060567 doppleganger.z
83060632 doppleganger.z
83062990 vanessalee
83063277 kalezhao
83064167 2008490
83065052 Maldini4ever
83067496 dante
83069352 2632195
83069402 3151584
83079113 6961377
83112191 iwoohyuk
83112839 rebeccarsl
83114334 3332733
83114427 lili0516
83114843 qushanyi
83114853 Pluto134340
83115305 r9ronaldo
83115994 indieco
83117399 2029048
83139852 mok
83577871 yimi.
83578918 bijingfei
83579851 1929758
83582322 idore
83598465 1832732
83604327 lyntj
83605485 lili0516
83606401 9596610
83629770 Maldini4ever
83655236 jdh233
83655279 bigAnut
83658057 SOKO
83658522 rebeccawang
83660272 1092960
83661425 2315568
83671539 iwanderer
83684830 piggy77
83685612 enjoy7
83712311 tiaoyuedepangzi
83718068 Mr.P.
83757932 wangmei
83892141 3317218
83893097 1033077
83895508 andjia
83911975 1199417
84050232 yangshuangblue
84051520 cos719
84372154 momo.cameron
84436927 F1og
84445852 momo.cameron
84472523 frances_cl
84748950 silyhy
84749512 1242575
132325858 3314594
132330128 3652062
132330894 1738127
132338933 stephy0627
132343419 4585091
132343651 bloodytears
132358287 3790922
208165479 35749166
208167707 readoor
208172906 vvvvviola
208173233 readoor
208173699 49424375
208181114 pagett
208184917 14407703
208187485 vacare
208201452 38874568
208201825 howcafe
208202800 1315020
208203122 yaominzhu
208237644 45189682
208245926 1031567
208251775 eleven910909
208251953 patoganso
208252340 35851349
208256729 caojingcj
208282633 cynthia.li
208295442 42493216
208300656 1971956
208316391 2008490
208335683 sphinxking
208343292 zheyang
208361988 4560609
314165287 52157405
340080738 43408167
340082869 59507001
340083406 53345947
340088765 45226944
340107416 1776607
340107680 Mr._Celay
340631784 3296696
340644058 53080934
340646363 rainy525
340669168 4918234
350540376 3427086
350579550 61782377
350593036 sangsang521
350598171 Simone_smile
350685326 sangsang521
350844756 4615287
354242123 53901829
354401931 55309710
354409860 60264564
354473367 3764845
354533391 posuoluo 83579851 1929758
369177429 PIRACY 83911975 1199417
369179843 ever_bright
369194322 lenky
369196878 charlotte9014
369203090 43604530
369268410 61273494
369469872 39390343
370533718 62835606
370695205 halens
370752266 2175508 340083406 53345947
389772811 mintpalace
389773568 mintpalace
389855733 65318226
390046853 46212493
390050254 64393880
390129241 memoryway
390131207 cyy520
391463776 41512441
391583874 1718001
392718597 1287585
392719817 51672537
392720949 48058927
397250835 zecy
418296599 45566367
418940428 48427686
418940640 56347012
418940752 48427686 83062990 vanessalee
418941225 48427686 83112191 iwoohyuk
418942061 48427686 83658522 rebeccawang
418942742 48427686 208167707 readoor
419206435 48427686 314165287 52157405
419208856 sweetlalalove
419524790 ciweijiajia
