106317352 AnneFF
106317561 mickey777
106318391 24162007
106318868 yuilu
106319527 MeganShen
106319591 josephineS
106319837 roger_yag
106320027 onlyz1
106320147 Lucifer666
106320635 wangwen4465
106320679 yuilu
106321349 3922883
106322180 yuilu
106322270 summer-sols
106324156 henrysoul
106326407 1832732
106327198 yuilu
106327254 f234f234
106327721 1832732
106338200 croftyoung
106429090 1048180
106450649 2683237
106451192 charlottedbb
106451512 NEUORSCIENCE
106451807 wingwy
106451844 slmy
106451924 bijingfei
106452784 luoxuan2379
106454635 yuilu
106458322 yeahniggaigga
106459715 shuothegreat
106459973 tempchan
106460659 2517828
106463751 1233627
106472812 bonnie0217
106504589 Alasse
106525736 sphinxking
106535359 sunpie
106537793 vicc6
106649287 35001002
106683564 reinando
106738366 yuilu
106739719 sheeparker
106740282 Kyle.Teddy.
106741454 bleudodo
106848797 yuilu
106855853 3013632
202978648 youleren
202980132 Mosquito33
202980170 1688780
202984560 swxs
202985839 kane-zhu
202995645 kaijie
202997134 bartowski007
203155143 41828372
203156304 43378055
203158754 wondrous
203161917 sumiki
203201386 yuilu
203208093 26568891
203264629 3675437
203264766 47318431
203265079 max1216
203265524 45477692
203554975 49397185
203555315 49397185
203555373 49397185
203555479 34322497
203561241 2008490
203562039 letianzhipai
203755702 zolo23
203758082 oagqx
203759833 kevinxu19
203760109 bobobox
203784873 guoyan1983
203794714 49395324
203802313 45693911
203811662 jiongxiongmao
203813206 catisdying
203824745 youleren
203834366 mustafaserdar
203959162 tequilamax
203961882 Seryozha
203964862 49424375
203965760 3114403
203966078 terrylcsy
203973831 44232292
203974280 ddddo
203975040 manjusaka.
203975305 fantasylake
203978078 kurtdz
203988493 vic24
203998996 wan1889
204001170 nanobot
204004519 4345890
204007422 39957659
204011745 4345890
204113458 fantasylake
204634996 pissoff
204635037 pissoff
289960779 fiasco
289962239 neogao
289987596 Discojockey
290119221 37779743
290124622 huangdadi
290128838 55743786
290128916 50551930
296367191 54443889
296468143 mathilda.chi
296490665 yuying-yang
296498567 44471050
296498847 pennyroyalt
296502179 3256648
296504585 53102293
296506219 53102293
313524151 yuilu
337764273 1695149
337766624 WHIPMOORE
337778338 snagbin
337781016 44610423
349072010 2440819
349142906 zuodengxianbing
355543684 44480319
370152791 45101555
370158593 finalkun
382157272 4183195
382764729 yangyang625819
382791229 50289370
382795264 momoni
383319519 shoot001
383332114 yeyuran
383419615 52081962
383453895 47840013
383847179 47840013
412207323 2545265
412210093 istefcan
412217834 63768975
412460353 61273494
412477400 5315295
412480281 45675384
412543576 4328699
412700861 48519082
412706912 zhouxiaoke
413627306 58222231
413631553 joanntoo
413634562 huisiumui
413642807 58214036
413643981 Xxx..Q.
413644442 66596490 413642807 58214036
413680416 ceciliatse
413686633 piankexianbuzhu
413691296 SalanC
414021975 dorischueng
414447598 bravebiatchjl
414461722 60252395
414723540 36121970
414729062 48197174
414732542 49223655
415019795 istefcan 106327721 1832732
418370937 wuchaoyu
418373200 58068013
204636734 ccshu2
204637651 groupies_1234
204639534 xinyufaye
204639743 xixilidaodeyu
204715197 4480947
204717435 3948401
204720627 starclot
204796986 xinyufaye
204844106 youleren
205000947 4303438
205010031 30306308
206538392 41729317
206718635 youleren
206735727 4919094
225963961 50938659
226056024 50929074
226057386 47392126
226060585 4568185
226063574 NERV_sky
226063587 NERV_sky
226064439 rainwu
226078960 ashley726
226080136 Mr-Birkin
226080947 saganono
226081334 2028624
226123611 mickey19900513
265949054 53696895
265954286 musemusemuse
265958847 nomorewait
265960258 1412591
265963325 SEON_u
266896239 47608264
267604019 47953335
268979971 yetier
269011273 seroro
269157534 xm02120
269164677 53748408
269303110 river_me1212
269389023 PIRACY
269389726 34322497
269392462 yanyan8156
270495814 27179449
270500654 yuilu
270563393 seroro
276738983 jamesamwt
276891679 4499859
280033091 the_moon
280036135 39383300
280041859 riotsofi
280051984 51715849
280463829 ashleychenyiyi
280954908 9379439
280955027 9379439
280959181 Rainkiss-GZ
280962496 melody4everyoun
280962918 1033077
280965341 claire1908
280983947 lazypussy
280986173 imjason
281022070 2545265
281031895 mrrrrr
281036953 2672697
281038627 yujiaoji
281299165 3934930
281299717 October--
281300638 lady_a
281407996 ashleychenyiyi
281457142 Daisyjing
281458796 3093209
281458934 SuremoreChow
281459520 47524796
281459833 yuecheng0925
281462678 43877815
281462835 45073925
282047755 ahmay
282048171 cenacena
282049081 qppxx
282123234 billiondollars
282400446 penguin1031
282401217 Raymond0451
282401306 54092198
282401796 9834985
282404396 4257122
282405479 icheney
282951409 3033434
282956072 40141022
283033605 ceciliashan
283108317 niyoki_lynn
283108457 niyoki_lynn
283109341 Lily530
283122851 53779347
289641384 55704485
289642110 WHIPMOORE
289710002 40911964
289753112 lilyj67
289756278 46496142
289852016 55651578
289942910 40915754
289950391 gloria18
289957426 ddonggua
