178772821 4665960
178772910 xujing
178772917 11297431
178773245 DawiMatki
178773642 Mr.China
178773770 fnix
178773845 istoby
178773891 atom
178774157 gensky
178774288 yanzixiao
178774425 11297431
178774640 First.Story
178781252 joko14
178781472 churchwu
178787622 yoo_long
178788009 yA_3an
178788637 bonnebonnie
178790020 cirrus
178798385 42182507
178800741 rotam
178801278 Rych
178801603 canUfindme
178803277 jasonmo
178809544 halcyonall
178809559 halcyonall
178810328 3887989
178811231 11297431
178813229 w44
178885449 vipskinna
178896780 shelia11
178897222 atom
178897627 christophers
178906617 XIANGXIANG611
178986486 hachikun
178987837 raving
179040094 amandafox
179048157 wlan_xian
179137099 doubanisdead
179137439 nana5168
179240441 ruili9472
179305861 applefong1011
179316314 zmd
179336844 yashabb
179426280 cominglate
179468666 hachinn
179540109 1815917
179543905 4382913
179544457 Catherine.WJL
179579062 11297431
179592907 41593951
179604838 11297431
179627057 41593951
179722597 11297431
179907061 2561474
180273715 34437949
180273962 MoreTan
181454782 11297431
192133106 babybao
195533125 twohuang
196422437 wuxiaohua
198211000 purewhite
202586331 kot
202730053 l92599
203252176 mamaking
214628591 44300968
215165591 xiaogulu
215166572 nicherrysure
215175114 junoni
215177985 40298141
215179518 uncledark
215183237 svens
215183775 mcdream
215184351 zhoudahe
215188127 xiudahuaer
215188874 benjay
215188918 benjay
215188964 benjay
215189082 benjay
215189143 benjay
215212228 kathy_lee912
215216909 nwcrazy
215216940 args
215231190 2782661
215232032 mengfenfei
215245691 48055399
215299726 40275315
215305222 lewis2117
215314205 Jelloisgood
215331801 milejun
215332762 sminar
215535894 4825051
215535928 4825051
215535948 4825051
215535997 4825051
215536138 4825051
215536169 4825051
215536207 4825051
215536250 4825051
215536307 4825051
215536394 4825051
313206356 alirv
313523738 43371715
313587559 arlene199111
313662230 John_Chen
313663027 29780035
313743305 56119326
313822088 nighteen
313916011 geniejiang
314029025 huangqyao
314102256 lfive
314328831 tory6
314384569 ravage
314455842 vifoo
314492621 57797883
314532017 owoy
314616560 45501286
314717885 myqzy
314730272 deysi-chan
314783182 Cristal12
314787249 synchronized
315014504 53714885
315145267 tvxqdan
315441583 58297583
315459674 3446910
315658479 ywxiaoyu
315790822 44330676
316353310 lotus_ran
316519762 wangmingyue
316613887 46906814
316661071 banboru
316755846 3888373
316911418 farefeng
316968161 57415963 178773642 Mr.China
317956543 lym813
318328184 53194253
318364685 53226869
318506061 56160032
318506695 openflowers
318617654 limboli
318698520 jojozsx
318747257 wonkyu407203
321341947 sidengqinglan
321357609 fxxkyou
321371150 54122953
321373782 4615004
321407045 missyinxingren
321471190 48757402
321507929 58824234
321508276 58824234
321523258 esgape
321549259 haiyangdeyang
321549295 haiyangdeyang
321632894 voodoo_guitar
321827824 56641137
321862141 54074593
321947304 49196898
322097941 gothic7
322346527 takumisama
322348127 evey42
323215444 59087759
323296444 roadrunner
323303032 41573466
323994888 52974670
324096866 3340314
324337553 memeng
325206426 embracet
325208149 lyliaris
326718330 59445163
326761874 HualliuDeDHan
326825841 3477215
326874968 39837959
326891392 52160521
327241084 51415384
328155040 50002661
329250782 7657971
334621066 gb.8
334772055 59058413
336458207 pissoffman
338572905 52218429
341904482 46312663
341962101 design_
343014781 54475001
346758185 36877826
348152563 laoyaoyy
349268738 48782742
349481153 czy_1209
349941434 seven-mirror
350348168 40872290
350626308 fishcanbe
351107750 tzyyzty
354973047 57083471
355161092 53613536
355167427 Gzq359719979
356179846 62398402
356366137 mollydai
356425288 lovels1314
356618706 37813192
357108861 6545384
359597559 mouranfeicui
361315442 jerrylou
215536473 4825051
215536563 4825051
215611379 3846053
215829223 loveubefor
215916143 47912833
215973967 yooki
216236792 33980661
216499830 wxqtechie
216564187 AKO-HUI
216732327 46490607
216735514 47670671
216788752 4690358
216791671 wuxianggeda
218225845 xiximuye
218493055 43830479
218767106 samuier
219203050 nickge
219214228 marlontrademark
219217987 LAMidnight
219549558 nigooe
220109561 43984511
220460635 3827211
220564602 3344782
220614730 evilmoe
221445074 4025465
221446967 htnesq
221447087 liuxinqi
221458042 yangchengjie
223661307 yingxiaoniu
223912103 3527710
225265632 maidou77
225827350 piupiu4
227786894 xodiudiu
228825133 damiguo
228997225 ultrajellyfish
229080986 zhiyu2011
229136976 Gzq359719979
229137170 Gzq359719979
229361321 1629757
229375040 rachel.dai
229468454 4185067
229585733 48162578
229804422 baohu
229987448 34239185
230147304 36668421
230148716 2869552
231072700 50745827
231576488 45982000
231712154 iris.choco
232294307 wjyiyayiyayo
232295428 DFeng
232481746 anchun
233000331 49765576
233098372 47990243
233321212 29100203
233937816 47518845
234109527 leingyi
234132194 xiangshangshang
236367967 lastlove_kiss
236497148 Sunalls
237328698 felixsuihong
237718522 Kishimoto
237835119 46559696
237868335 pandaxpanda
239506782 renxiaoxin
240481092 1788529
240486845 51787936
240770599 35224631
241098755 mabi27
241492545 51442498
242077226 1627064
242316857 berry7
242366944 48596443
243117171 emanon6828
243214730 pbb
243757526 43949122
243840673 4109619
244226231 qing76329551
244264022 mrscats
244495315 Zsuyto_tututree
244740162 vkc
244776688 majiajing
245338071 51111388
245719028 51578017
246117599 a870810228
246121846 RumiSaotome
246412127 4479540
246863486 dali4ever
246875352 renbirth
246979168 3924205
247097708 zjf02991
247542938 madcase
248346698 loulosting
248427345 BaoziL
248549138 vickle
248550495 anotherbird
248689249 43523479
248695717 yexiaocuo
248731430 40681077
248817077 45258058
361985077 52248610
362537152 63040226
363036418 41032363
365038126 Andra
366199002 30255537
366508136 53679658
366805857 Shirley2012
367423609 32489943
367615481 Reneeshao
368052809 47013608
368460346 48440230
369454179 57768220
369459815 lylvyi
369488050 wire-d
371399451 Carolinev7
372969111 sphinxt
373206176 62450111
373726009 48217483
375718984 63564856
375973622 63103101
376498789 2816389
378383154 stupid1992
378599290 doraemon63
378667443 58697636
378706090 64198194
379812744 52225629
379815086 34715795
380035808 tiffanyliu
380334386 54614815
380380184 cheese-cream
380484657 62650425
381561575 60908910
381757337 27222851
381757755 63324933
381794941 51688716
381859304 maodou_
381859472 33647371
381859672 49399908
382136703 56322812
382475248 20652328
383073454 S-Daisy
383516088 53292486
383620329 64678152
383648123 39535939
383882566 48461900
383884567 60132863
384075998 54731160
384235850 52412280
384328216 49891926
384832225 yujimufeng
385490023 64711439
391509015 58653935
391516425 Chenyigee
391988957 57601145
392212354 50667587
392212711 50667587
392879398 3721989
392920150 applebin
392935941 thx4visiting
393123298 heatherhx
393476030 loveless5547
394123274 angelakitty
394190358 45119000
394191713 65518397
394299873 zhangxiaomao
395025281 Crazy5forever
396300972 53691690
396338325 64185400
396348886 44097984
396349131 60547163
396518847 41965405
396602711 65879349
396654264 47577601
396706679 64865773
396813594 51205974
396840446 60723776
397052083 pelham
397814034 47218543
397921362 jofya-fong
397975681 49125515
398571092 49373971
398789170 mangobear
398946667 Newtime
398949197 48709534 178773891 atom
398949477 48709534 398571092 49373971
398952514 atom 398949197 48709534
400848183 langui_x
400978690 49506077
401207166 55897153
401225495 shancun13
401336719 65232430
401677889 57821138
402106499 4691116
402178494 51476263
402299927 lovely-zi
402329930 lucank
402624389 59731052
402642179 45065016
402746713 61939288
403060636 65870767
292375344 lorienlove
292375407 lorienlove
293004713 47696493
293782080 55025322
293782597 51957451
294691853 zshuangluvu
294827754 51952297
294865976 JIJI101
295025486 kekemie
295096358 56018600
295103460 colour1992
295157997 51869566
295226716 12222276
295525866 46873059
295974405 xiaoyaoyunwai
296277682 56364606
296450157 56097815
296463016 46256611
296684481 39158050
296756840 nvalhalla
296760584 54709144
297001791 55843502
297168294 demo_3
298294378 bee_bear
298821618 sonysong
298841232 xianyifan
299362843 34374319
301450049 30316676
301597436 52331085
301645298 alirv
301767375 amiaobuzai
302519091 easpunk
302542916 47528276
302962726 41556566
302979343 52392571
403092335 38930319
303587450 50918691
403299341 littlejuanr
303680941 55431202
403307492 58591814
303913844 57026607
403385920 43848298
304053620 nagedeshui
403513329 mohoko
304181089 49508043
403535019 63439520
304216789 53835715
403657416 58928893
304287802 baiyu3637
403658176 55470481
304364422 2932450
404102107 wizuki
304530152 57280172
304715271 46894082
404464734 58893673
304740276 zxcxc
404857312 zhaocong1015
305131476 momo_neverland
405472577 2872984
305203641 Lizztone
405766492 48067352
305728242 Alanisrabbit
405781223 yinyumeng
406091131 47734952
305807966 48994302
406114058 46984667
305826082 bsydudu
406574448 48468074
306859196 abouteli
406911323 55586631
306859386 8580064
407157265 50452650
307038424 4598785
407792088 66839842
307128133 36916932
408305552 marskingring
307411562 cattyking911
408853015 63637508
307643846 Vansweet
409500669 58520959
307693223 byfrank
409980706 ARZIGUL
307717634 57404993
410458166 saisas
308229680 55010502
308442452 Lora19910124
411081854 52781368
308463925 sep17cassie
411087217 54568558
308478536 49891926
411226424 ai-xiaomuwu
308491863 gy7
411226539 ai-xiaomuwu 411226424 ai-xiaomuwu
308558182 57320624
411916062 53980392
308728076 57640207
413109291 59724504
308798055 2069963
413735354 62872424
308826816 54709144
413735442 62091552
308830083 50675387
414096090 52313471
308931248 Idewonderland
415223780 56972010
308964508 TimCCho
415275391 52313471 415223780 56972010
309059577 21034015
415645630 48642213
309096617 16607798
415655249 62548795
309368655 liuandx
415657083 44673389
309462069 littlelace
309527727 littleRflower
417016861 sadmimi 178772821 4665960
309600933 49419840
417023640 42087177
309611973 53732974
417036600 67709186
309893473 47271686
417592897 67777729
309916539 ilikebluewater
417600997 51602539
311004440 wonkyu407203
417644562 65128950
311054369 57877589
418477313 66321058
311186793 xuxianJJ
418777824 40970144
311426314 cemily
418783136 56506922
311784047 40310274
418961394 47667720
311785802 56682099
419156698 63327184
311868075 33487671
419918620 64994718
311885634 46537179
311994289 57949721
312232227 38315732
312306997 57606325
312384319 40823801
312515753 chenxiaotong
312515916 zyyzyyyyz
312879794 taken-tee
313029012 durianwang
313029191 47349625
313186308 52843654
313206269 alirv
313206326 alirv
248830595 44888358
249289293 46827594
249544210 caitlynd
249544240 magusjk
249896866 L.Valentine
250033289 loloy
251853606 52231688
252434494 52758762
253014841 52077066
253139593 awayzhou
253149671 52077066
253176859 chat01
255816940 hankayou
255874050 49049875
256404124 42754743
256545103 cigarflower
257228336 46671089
257712162 jessieloverain
258333583 maoyao520
259454155 4635479
259854843 53301506
261088710 2608234
261089865 53429686
261155879 misscat1108
261545868 5265274
262404965 51099737
262556147 lren
262954759 3645824
263001694 xue_dan
263774030 Sakurada_Saki
264136090 13621899
265300519 4012417
265309013 oyqy313
265960392 3574641
266129273 7393154
266885153 howdoyoudorose
267075032 im_twin
267255241 22256742
268705342 xiaoban520
268968155 44626404
268982557 53908352
269086227 Isforever
269246376 44815697
269292005 luvian119
269801023 2243546
270471991 Annebaby_2008
271274725 other7
271767181 52355522
272167051 36991235
273283598 Lsanic
273403075 lesignbuture
273597864 KiK0
274248491 caosiying
274527844 Mixdietrich
275857384 50171274
277067983 asianxtc
277068078 i_tu
277205167 samxxx
277230809 stefaniewayne
277970954 madelady
278380015 Enjorla
279125587 kyoyasama
279171097 jinxiaoli
279171144 jinxiaoli
279187221 jinxiaoli
279187270 jinxiaoli
279506846 41846134
279511245 46430144
279710943 4884569
280107883 zmxstc
281479116 smy.ls
281479136 smy.ls
283183798 49622651
283961857 52623061
283962273 4036504
284018993 4351682
284315192 35047320
284347732 GreenArlene
284687663 49985357
284737673 48059919
284761494 shui123
284794999 41599363
287664193 solituo
287888560 50634293
288632476 34643491
288791027 usayhello
289235371 a-shun
289677090 52208576
290124087 cat_cy
290384248 dynnn
290410245 albeedesert
290790937 ZXY19871114
291102020 alkimiya
291102074 alkimiya
291871794 51754393
291874800 smyr
291876063 grandgod
291892820 52149250
292289778 yangchengjie
292375141 1730064
