239735292 xianglulu
239885277 cassie111
239887447 absintheye
239913449 xianglulu
239917267 olivia_q
239917551 mizhilu
239923694 xianglulu
239924792 adrian12
239925276 46953948
239927059 xianglulu
239989669 fance1122
240226378 pandaxpanda
240227069 sesame325
240290898 xianglulu
240361023 jiaqiqi
240497195 maxgage
240498237 hinatapan
240513788 4261340
240515941 1454015
240528187 xianglulu
240785678 sorami
240913579 xianglulu
242383449 yuan1992
242386427 zoeh
242445413 babypink-7
242681708 qiqi56
242682792 41881891
242683521 Lacire
243036616 xianglulu
243037453 xianglulu
243218409 45505840
243246782 50275537
243249140 susuanmy
249201047 48494718
249201167 yu_cx
249202547 wang2v
249255404 xianglulu
249353005 52052520
249355290 MAYA1989
249372029 32432106
255395306 47827906
255396112 34417462
255418029 48642787
255728102 4746129
255788712 51850871
256086669 solo7
256088105 Trou_Ble
259119821 4343068
259120945 tingting1900
259122237 50342096
259123063 flowerplane
259123117 flowerplane
259172841 azinelady
259174750 damiguo
259182173 52877903
259309563 mariko886
262045992 3157039
262046841 xintongxintong
262290513 50061704
262799082 scoplion
316248212 whateveryouwant
316250112 50960588
316250646 paradise-city
316252390 ymmymm 242681708 qiqi56
316274814 49316177
316308265 qiqi56
318357666 xqassn
349142449 51387328
349808355 1042913
349809591 Chohin
349816238 weimao
349817423 churentoudi
349817897 churentoudi
350164433 manmanmanman
350187835 daisydoo
351241735 Rong_Doris
351242268 fetisher
351242536 fetisher
351732238 xianglulu
351732550 3807930
351733974 34679851
351738683 yys_viola
415719473 29277022
415721482 47935498
415721941 47935498
415737846 61660477
415741680 4323774
415742054 63490586
415742318 mariko886
415743282 49473520
415905677 3747845 415742318 mariko886
416051696 mariko886 415905677 3747845
416063111 35197929
417438838 halobeauty
417439304 63605623
417446526 2278020 417439304 63605623
417447811 4734021
417448615 50680625
417481677 58872570 242445413 babypink-7
417482601 56744970
417483670 35306776
417501790 48601577
417515098 xianglulu
417515954 vermis_sum 243036616 xianglulu
417516891 xianglulu
417517418 xianglulu
417518986 songe
417519836 4286288 417516891 xianglulu
417527948 EchoGreennn
417528674 EchoGreennn 259123063 flowerplane
417536770 52259246
417579564 xianglulu 417527948 EchoGreennn
417582625 gunandloli
417583082 42495584
417584367 49025669
417604799 pbchen 240361023 jiaqiqi
417605868 jiaqiqi 417604799 pbchen
417606257 pbchen 417605868 jiaqiqi
417609555 66224322
417611058 jiaqiqi 417606257 pbchen
417619651 63605623 417446526 2278020
417620492 63605623 417446526 2278020
417623131 pbchen 417611058 jiaqiqi
417625172 4024435
417626496 clean20
417629866 43723167
417630632 43723167 417609555 66224322
417631929 43723167 243036616 xianglulu
417633853 36461233
417635143 EchoGreennn 417579564 xianglulu
417714025 66224322 417630632 43723167
417735847 42114496
417786469 niki0414
417807325 43723167 417714025 66224322
417807810 43723167 417786469 niki0414
417817642 mr-hug 242445413 babypink-7
417820193 50079396
417946246 40787770
417946542 40787770
417946875 2565874
417947536 49542126
417954130 66224322 417807325 43723167
417957396 60756737
417960263 carosff 316274814 49316177
417960397 3585695
417962339 52323530
417964105 52258974
418018677 62972994 242445413 babypink-7
418048464 carosff 417960397 3585695
418050491 menzi
418052438 46654668
418054636 MYVr
418062275 48795306
418064361 36008787
418065714 shmi3701y
418072498 52121904
418078076 49316177 417960263 carosff
418201840 3585695 418048464 carosff
418839819 53159802
418841874 sono_chou
418842034 destinyzhao 239885277 cassie111
418842224 destinyzhao 417583082 42495584
418842353 destinyzhao 239917267 olivia_q
418843428 46180334
418854631 ciyuanlalian
418877860 cod4soap
418908806 lamouryzj
418916010 nikita_ng
