249634963 yangchengjie
258235712 11297431
266790434 53436134
273708795 48164874
274145111 ljn0824
276749795 2759174
283865719 4090709
286393941 yangchengjie
286404238 Crinum
292368280 strongerlima
292409756 48433524
293028458 ljn0824
293069666 yangchengjie
293340079 sd3312918
293343911 2759174
293344133 2759174
293383204 yangchengjie
293395886 2759174
294559118 YUI_XXZ
294618587 yangchengjie
294619561 YUI_XXZ
299655090 44697298
299725406 yangchengjie
301039166 53173596
321566415 yangchengjie
390792506 46531600
392380830 57195865
393983412 karenbabyY
395040026 3407641
395047948 3407641
395321610 61196243
395322254 61196243
395338871 yangchengjie 395321610 61196243
395368776 61196243 395338871 yangchengjie
395369858 yangchengjie 395368776 61196243
395370079 61196243 395369858 yangchengjie
395371551 yangchengjie 395370079 61196243
395373930 61196243 395371551 yangchengjie
395375407 61196243 395371551 yangchengjie
395981526 64449153
395982180 64449153
395986054 yangchengjie 395981526 64449153
396023138 64449153
396023396 64449153
396025939 yangchengjie 396023396 64449153
400461762 54196296
400462181 54196296
400490171 yangchengjie 400461762 54196296
400492898 64590837
401022685 rikofung
401037279 yangchengjie 400492898 64590837
401037418 yangchengjie 401022685 rikofung
401163877 46519089
401973986 justify
405057871 4672692
405464735 honeyxd
405513566 yangchengjie 401163877 46519089
405513679 yangchengjie 401973986 justify
405514365 yangchengjie 405057871 4672692
405514680 yangchengjie 405464735 honeyxd
405525633 46519089 405513566 yangchengjie
405578517 honeyxd 405514680 yangchengjie
405584426 yangchengjie
405741837 1388485
405742384 43677701
405907442 1388485 405742384 43677701
405915243 yangchengjie
405935553 1388485
405974083 43677701
406148962 58159102
406175032 1388485 405974083 43677701
406192111 43677701 406175032 1388485
406248433 1388485
406420226 yangchengjie
406564734 jeepers
406573537 yangchengjie
406574100 jeepers 406573537 yangchengjie
410207844 66908651
410208593 66908651
410219652 yangchengjie
410223693 66908651
410231634 yangchengjie 410223693 66908651
411228414 ai-xiaomuwu
411229220 ai-xiaomuwu
411231591 yangchengjie 411229220 ai-xiaomuwu
411235588 ai-xiaomuwu 411231591 yangchengjie
411237956 yangchengjie
411239454 ai-xiaomuwu 411237956 yangchengjie
411239718 ai-xiaomuwu
411239825 ai-xiaomuwu
411241771 yangchengjie
417038289 67709186
