254870837 50395720
254934085 childberry
254989494 52368182
255003297 xx111
255003482 star1
255031776 haishini47
255054033 chat01
255078345 36100283
255079178 joyenjoyjoy
255079675 waitwho
255097220 suki5201069
255106048 angelchou
255143788 52368182
255144859 ifirst
255145306 chihuanggua
255145472 21836212
255197910 chenzhaozhao
255248336 35510577
255248682 50275537
255250154 animalming
255479613 arie86
255482739 lrc893
255484491 liufeichina
255533814 soloapril
255534012 48096954
255542299 52444654
255553380 2402523
255553981 veronica0
255568139 emma0105
255591140 52265137
255592632 brosnail
255598698 youmushixin
255611975 ms_bye
255615011 dameiG
255642397 7230609
255830984 52368182
255831226 52368182
255832204 52368182
255963936 2985503
255965295 yousha
256085578 52566073
256088933 Trou_Ble
256112318 wangqiuku
256114572 50275537
256137730 47407232
256139977 50297599
256193231 52368182
256207620 37729198
256210444 1536398
256211675 N_0619
256235997 yekeliang
256292681 37729198
256292910 37729198
256293206 37729198
256293358 37729198
256294708 50277952
256295652 2686169
256308247 DystopiaBlanca
256348130 39892729
256378354 yekeliang
256380599 52368182
256383172 2925690
256384621 o__0
256386920 rex2xt
256413602 sunnymo
256427848 yekeliang
256453055 43906400
256454838 37959619
256456429 miss.money
256618623 2796824
256621122 48069198
256621240 48069198
256659919 DystopiaBlanca
256661288 52368182
256661935 52368182
256821090 45736209
256836215 tangjueye
256970262 miss.money
256972165 51435650
256990138 40209469
256997299 52368182
257065554 ceningcening
257122462 oops5p4
257131625 htnesq
257150238 49085487
257255661 7786886
257339704 52368182
257346455 50277952
257346840 lossloss
257348036 49632542
257463770 canzhouzhou
257660311 37885923
257661453 Burlesque
257662773 48726835
257779026 JiDuowansheng
258040517 scorpius_plant
258798629 53045839
262073053 3157039
262080674 zealotxx
262158083 imrumy
262168127 animalming
262172972 sandsaysusan
265654842 withliancheng
265668041 lingXmin
265703962 loveablejay
265732441 ljn0824
265734612 caijz
265736146 winglanxin
265872552 39275852
265875073 damiguo
265981609 15914853
266282373 NataliePadme
266745702 DystopiaBlanca
266792574 haomy
266874680 46958400
266891166 imeishaonian
266891348 forzajuve
266934656 hellomine
267685382 beiyannanfei
267688261 53220419
268001048 3795583
268122699 52218072
268309091 52866015
268309871 love0728
268310596 ssxxzzyyaabb
269317884 52368182
269535003 sylvia0720
269659850 Sherringtown
269679185 sishuifurong
269774436 50250896
269776957 notworry
275123350 52368182
275290526 54269955
275290771 zhenglin0577
275302087 junjun0309
275408088 ritabear
275421279 50188136
276035412 shabibi
276077354 kisswax
276320455 52805405
276516951 50035464
276745903 2759174
276842931 edc1980
276921296 dada123654
276921675 SkinAUV
276927781 48542351
277390835 SupperZ
277418240 52365210
277426074 45711760
277440860 wuyingaga
277443967 nkskyshn
277491300 yaojia825
277500118 twobeNo1
277562198 fanshuang
277565273 shuirudan
277568030 duadu2008
279084989 missvon
279085126 53875153
279103174 51573984
279106156 Sam817
279120721 tlmgt
279120952 kyoyasama
279384323 52368182
279696075 4884569
279822548 43738610
279926030 nvmengshou3
279931277 47027119
279942797 RabitAmen
280115958 mina1921
280116086 mina1921
280216974 51753148
280236230 mensaode
280242262 Sweet.MixYao
280243588 47417389
280247872 3016921
280964014 lostcindy
280965552 sytaotao
281306118 fangcao5
281310608 missxi
281488471 38399853
281959592 pavemrnt
282050015 shijyac
282074088 45967080
283717257 sumo321
283729817 sherjiera
283730601 54207870
283733335 daisy_cheung
283740061 4351682
283747001 ch4heaven
283778609 quzhongrensan
283782705 keke-lee
283850288 41859297
283852634 daheiluozi
283855799 iyding
283859601 forever.b
283902676 policeZZ
283951687 juanajuan
284096211 jessiechoumm
284165017 whiten
284284708 50903917
284287163 seasonforjuly
284291373 36018711
284291614 av
284308814 skyleedi
292042143 albeedesert
292121470 45801810
292137850 qyuer
292709676 SMX513684947
292782932 angelapple_zh
292875988 minicherry
292909063 ishama
295455961 mysanta
295461912 45401002
295608673 4024435
295609397 16870721
295609462 16870721
295733098 52368182
295735889 52368182
295736303 neednotto_argue
295738199 46389197
295741779 53643794
295742349 53643794
295742470 50590335
295743550 47729763
295743769 2330476
295762663 32682514
296394729 53891400
296463052 iheartu
296500814 43280977
296501002 43280977
304350719 40798857
304508989 52935013
304509008 52935013
304519247 ProfessorChen
304521717 53376246
304524932 Assado
304921350 my__love
304987934 56966990
305049959 46836492
305105767 53893736
305170122 48390831
305170192 48390831
305653052 56668798
305656075 Dr.Moth
305657397 55668481
305658493 zayinjane
305658856 goodbyemylover
305698881 56668798
305701405 feiyou
305716707 57246700
305726316 xiaobohe
305729156 blackzms99
305752799 deaRyyy
305762033 49238826
305774564 54326785
305776987 forvendetta
305778274 38305202
308403730 huanniziyou
308403930 2820406
308475626 36065536
308478430 53790952
308478877 49891926
308479237 wangjiang-amy
308483085 52272911
308484049 LinaIsHere
308490061 30734435
308505355 53457971
309034998 beyondhide52
309579124 16607798
309580157 44679393
309647654 3929718
310083357 melody95
310084804 plasticme
310085935 49423198
310086103 49423198
310086656 38651738
310087418 christineye 256661935 52368182
310088437 Lovein_Hae
310095822 xiaozhoushizhu
310098129 mexl
310100390 49423198
310139220 wodeshudong
310139654 4028083
310147827 smonus
310158437 c-c7
313358433 1500282
313358671 phdshine
313373202 hrf1027
313374210 lanhejc
313409142 50217791
313410449 berry7 255144859 ifirst
313486548 49143432
314149830 bkf999
314206112 57298202
314206684 HenryW
314206907 bumaidou
314238839 50382909
314241988 4884569 310100390 49423198
314281587 1452241
314282407 51554814
382351046 gethc
382473507 migaor
382531023 jhere
382532439 37865374
382532691 6223552
382532722 wiping
382680184 afallingstar
382703974 33743732
382704283 MaZai
396605908 44097984
397671962 59959521
397757193 48046553
397758093 60420717
414339494 58711305
414350337 43682498
414351328 55329755 256137730 47407232
414352116 58001728
414353015 63714144
414353242 63714144
414353549 63714144 295735889 52368182
414354319 14295425
414355296 14295425
414358412 65600524
343735653 60263106
343737810 ifirst 343735653 60263106
343738180 60263106 343737810 ifirst
343741579 ifirst 343738180 60263106
343743357 59826961 257463770 canzhouzhou
343780291 44431683
343839200 60263106 343741579 ifirst
343849013 45829676
343850292 42583875
343872644 48429209
343873010 3575819 255591140 52265137
343873265 33575649
344607054 migushiwoo
344613213 ceningcening
345822094 pyd_zyy
345854809 lynndu
350165782 43974081
350169007 57631780
350169727 55984972 256456429 miss.money
350174902 mixmimi 279120721 tlmgt
350414768 CCJR
350420528 17313983
350685248 43917205
350686435 cash15
350921936 48142863
351148595 cccvv
351148836 cccvv
351150269 54456394
351150450 asahikawa
351150826 54456394
351151032 54456394 343849013 45829676
351155181 cccvv 351150826 54456394
351160301 melodyshin
351187216 54456394 351155181 cccvv
351321711 cccvv 351187216 54456394
351931951 48767589
351933296 33979390
351945866 nju-zj
351970904 28499757
351977631 re-poko 255097220 suki5201069
352388800 suki5201069 351977631 re-poko
352402731 37364863
352423084 4031918
352424613 ybh1126 350169727 55984972
352426333 54827071
352546091 17033223
353239988 56305933
353576649 47255950 343849013 45829676
353577477 siouxsie7
353780317 56997684
353789324 59864392
355638924 baotuanciwei
364652518 46876772
364666021 52044923
364673568 yysunnyy
364687864 2443960
364689214 62874394
364692554 53415743 256294708 50277952
377279392 onthewayyyy
377299723 alicttino 277390835 SupperZ
377301072 Richthofen927
377807165 SupperZ 377299723 alicttino
379460144 59079515
379562075 57804928 255963936 2985503
379562629 cocoke 254870837 50395720
379581319 ryoyuma
379583180 57476272
380366606 64413698
380405947 sphinxt
380444602 52210453
380444864 52210453 364689214 62874394
380445806 62341368
380577671 34795809
380645253 53950449
380720344 64504620
380721219 64504620
381186754 35389815
381196849 xiedidi
381198205 54237696
381198612 63814839
381199564 Hifana 254989494 52368182
381201672 5947260
381266164 52473550
381267716 50064069 255031776 haishini47
381267848 yimja
381272112 54979545 255097220 suki5201069
381272795 2774292
381273083 2774292 350414768 CCJR
381758254 suki5201069 381272112 54979545
381760311 buerchouchu
381761688 isfool 380720344 64504620
381839540 49685319
381869357 64504620 381761688 isfool
381871995 lovingviviany
381872947 54968086
381882850 50353732
381948491 yeahdance
382282237 4464451 381869357 64504620
382291116 34270643
382305454 64504620 382282237 4464451
314285606 bpcat
314288344 fanmengya
314289178 3427392
314289272 3427392
314290081 55923124 269317884 52368182
314339975 xiaoqianhui
315038356 ellielf723
315038757 feifei1012
315139980 49064899
315140006 49064899
316371604 1669727 255965295 yousha
316402049 2139101
317774509 sokin
317774639 55697335
317774847 57081977
317775126 53805899
317811171 55686268
317811721 43706973
317815629 lym813
318039215 fanmengya 315139980 49064899
319990254 lnln000 269679185 sishuifurong
319990315 Alonelytramp
319991962 49595983
319994817 49144227
320006391 jlsuger
320047156 3148487
320048040 hello.L
320048508 43869163
320142411 52368182
320142994 52368182
320147876 4028083
321680442 47165353
321683287 esse1992
321685634 13998355
321916766 27751864
322052099 52368182
322052971 MAYA1989
322053930 52368182
322479202 loveariel
327726549 49446598
329653295 58711305
329709854 notworry
329711349 mornight
329714075 echosana
329714155 echosana 329711349 mornight
329776525 56641137
329792087 mornight 329714155 echosana
329802437 echosana 329792087 mornight
329958786 42370102
329960490 55527975
329960943 wenbangjun
329994583 41522133
329995595 sandy0812
333093907 dawnca
333095353 dawnca
338961698 58995750
338964954 48463543
338999736 Mirror9
339001256 59606768
339002317 lynndu
339005792 44701159
339022293 42325678
339024552 lingxunyin 280115958 mina1921
339025004 lingxunyin
339027082 3083490
339033612 sumoran
339035791 2564047
339041299 lb1125
341833598 52368182
343040462 56240686
343725649 47733314
343727888 51957367
343727986 60263106 255144859 ifirst
343728116 42238178
343728501 60263106 254870837 50395720
343728666 57698350
343728766 60263106 255054033 chat01
343728931 60263106 255097220 suki5201069
343729125 ifirst 343727986 60263106
343729160 60263106
343729382 2647783
343729448 60263106 255484491 liufeichina
343730068 60263106 255568139 emma0105
343730263 60263106 255642397 7230609
343730552 56108972
343730606 60263106 255143788 52368182
343730716 hygzero
343731477 60263106 255832204 52368182
343731632 60263106 256085578 52566073
343731975 60263106 256308247 DystopiaBlanca
343732250 60263106 256453055 43906400
343732809 60263106 257122462 oops5p4
343732918 60263106 257150238 49085487
343733341 60263106 257661453 Burlesque
343733630 60263106 265668041 lingXmin
343733702 13857452
343734123 60263106
343734186 60263106 275408088 ritabear
343734436 60263106 277426074 45711760
343735246 60263106 295735889 52368182
