273988861 luoluowuchenxia
274001890 sui_time
274007511 lalimaomao
274019559 2111053
274045813 tatabox
274618650 suxinyi
276648171 43885501
276944509 sinky1020
277276177 2759174
277337106 2111053
277341487 1254959
279152703 kyoyasama
279320464 c52andy
279328688 48898223
279337570 44421805
279339872 51075825
279340448 boluojun
279345702 liebeistzudumm
279347000 sveenland
279424539 xiaoyaowang
279530314 2111053
279532022 summerthing
279536703 39880022
279550238 candy521
279552722 40439957
280906072 41394631
305059915 38621388
305074354 lindalinal
312894056 c-c7
312920541 58053352
313045273 locked
313049924 48819425
313050359 liuliu6600
313057313 gigiwawa
313060493 2789221
313153933 2111053 312920541 58053352
313157228 19828594
313160731 lipanp
313227889 58053352
313898329 2776805
313923338 52832766
314186369 4634330
314246860 4208393
314247095 samstar
314899632 4202007
314901498 myqzy
323529610 52421570
323772691 sjnwxixi
324981435 52859872
324981660 52859872
326037115 geniejiang
326037625 nowstill
326043180 2201636
326043412 Sweet.MixYao
326590089 sleep_ago
326592635 58365037
326793508 51134903
327677029 52486373
327678737 52816854
327680893 40681077
328069044 59630875
328069227 59630875
328069384 59630875
328070653 48980187
328332808 w_a_y
328894337 47025122
328896229 bynash
351654454 61961910
351654928 61961910
352344087 60177907
352345365 Ann_L
352348071 siyi521
352349831 59563272
352349878 58320321
352352518 speak
352366998 siyi521 352349878 58320321
352367355 siyi521
352460961 3155304
352482640 61439016
355555539 49572545
355557777 46224963 352348071 siyi521
355558535 siyi521 355557777 46224963
355558899 siyi521 355557777 46224963
357084231 62543853
368294069 mishidepopo
368629344 liulong218
369089949 14115255
370897450 63747708
370899813 63747708
370900270 62579648
370901244 5643394
370902636 shinydx
370907714 hieiyuu
370912069 AprChi
370912493 AprChi
370914657 4834248
371114180 63004570
371321375 55954197
371322772 47503793
371325124 deatheaters
409604798 3558942
409606265 3184442
409848782 unknown2825
409850205 55961364
409852088 41777380
409887038 4079908
409892504 55848068
409992659 2077167
410611839 aboutUs
410734989 Juliana_Z
415467024 qyshen
415468466 45663922
415469711 45281430
415473396 64248840
415476180 47376701
415477028 55459708
415477852 58549782
415478179 qicocoa
415480172 37097251
415483273 62951020
415555344 hello_DQ
418999231 galvin2012
419232737 64594907
419252230 4252859
419253744 49096396
419254335 55954197
419255806 57716602
419256865 JellyJellyJ
419257038 52200885
419257543 61408825
419257591 35295591
419260014 4150209
419996177 43849492
419997402 58902823
419998362 59973017
419999360 63787247
420000255 42347461
420016012 san1004
420016329 4910312
371326159 36950966 352348071 siyi521
371326224 36950966
371327274 wxy--_--wxy
371329088 1969797
371332295 51103620
371332683 50136254
371341376 girlsaretrouble
371359083 47216279
372222104 50798252
372937950 AprChi
372968081 57635744
372968971 3518136
377088409 50361470
377089135 2774292
383728773 5554896
383738670 42484601
383740227 4398119
391023664 64826644
391109060 48880582
391109199 Wayne1206
391112912 mizizi
391113424 49472518
391114947 53698079
391429411 61571897
391430703 a86247931
391431557 Sillygril
391432151 52210453
391432607 42062652
391433092 canyanluan
391433237 likegreen
391433686 aibayun
391434361 37567011
391504699 2111053 391434361 37567011
391506319 sjl435330923255
391507013 58479967
391514164 36943560
391523957 49713069
391532458 1350609
391580605 45932604
391582571 nacuiyouhun
391582773 nacuiyouhun
391591599 snail_may
391600473 4246173
392997504 65455200
392997954 tiffanyYUYI
393017210 sawakoluvian
393018940 47862747
393019054 missZsy
393019154 IrisUp
393019778 nemofishhome
393019900 2390565
393354694 aboutUs
393399462 7890891
393957159 65455200
393960511 50771540
393962241 47324577
398223932 48412617
404929358 qyshen
404967812 64454830
407194241 51673291
407194814 61585370
407195253 47074004
408083655 66920209
408085852 MolinCheung
408089323 lostblue
408238648 cong-cong
408239777 66928427
408241421 38986839
408246246 4294514
408247694 52480061
408291371 64752795
408293148 22258354
408293663 57239058
408295019 59958076
408309491 songlsy
408310165 48468074
408313647 CANCAN198787
408314587 wanto
408384915 cong-cong
408388248 muorhaha
408388724 sue-fighter
408388892 nuannuanjiajia
408395507 4079908
408395693 4079908
408397016 4079908
408403018 4079908 408310165 48468074
408404824 annuanxi
408406261 2892545
408445346 54137591
408552837 wanto 408397016 4079908
408555418 51163944
408882689 65340003
409451657 wanto 408397016 4079908
409467017 2984241
409469563 Ellyback
409488849 1694495
409490443 2652727
409581983 4079908
409584942 zhiyu2011
409604009 wanto 409581983 4079908
