279418746 50277952
279418976 littlebluebaby
279419057 jinxiaoli
279420552 sqreal
279422512 47849385
279422663 jinxiaoli
279422990 xiaoyaowang
279425627 45187756
279425791 jinxiaoli
279431727 50031036
279447484 sqreal
279447987 latexfreak
279450298 sqreal
279450489 d_sugur
279450551 huangagou
279450947 daneng
279450981 cheners
279451143 cheners
279457083 sqreal
279457223 sqreal
279458738 sqreal
279459770 sqreal
279475239 51929881
279491590 huangagou
279492590 pansy11
279504278 53118421
279508864 33992953
279510969 suki5201069
279565517 sqreal
279567546 sqreal
279568234 sandraxie
279568473 semiss
279570188 46660730
279572463 ricky12348
279575316 sqreal
279577753 Jayichi
279577848 gaohame
279590958 sqreal
279591170 sqreal
279594782 sqreal
279594948 sqreal
279664190 suki5201069
279668936 veronica0
279669897 lalatxt
280121671 sqreal
281029895 lostcindy
281031743 katharineou
281031863 32561363
281036184 lalatxt
281043710 48768979
281060251 cks
281061551 fanshuang
281062362 cigarette_sue
281776371 sqreal
281776610 sqreal
281776771 sqreal
281792165 littlebluebaby
281799429 eustachon
281912605 stellabao
281914630 abusyman
281915517 dashiji
281915826 dashiji
281966448 42947670
281967794 44831953
281970665 Xus27
281971790 49444047
282005486 47532357
282007342 46631841
282008215 luanne
282008745 babyfac-e
282012229 MolaisonLoo
286602455 fengcp
286603588 yvettej
286607426 convil
286607569 binfancy
286608821 1617724
286608972 52725192
286609160 1617724
286609568 onlyella28
286610123 onlyella28
286616877 jewelsoul
286620995 1617724
286621102 modamo
286621694 42148540
286621939 weiweiweiwei
286644392 nata.r
286833808 a-Joel
286842933 47648895
286844440 i_KiDing
286865438 Vanessa...
286873004 1617724
287077218 pure_ko
287079573 40891098
287082964 1971168
287089488 huhuxiang
287101167 ding118
287276634 muamu
287336329 ArthurHowe
287336489 zene2
288180273 beataandmiu
321890901 2907610
321891850 2907610
322185012 40131558
323484530 35182213
323583712 53080934
323586982 45784525
323862952 summersick
324317019 51346304
324324001 40932341
324325438 44291170
325378535 fengcp 324317019 51346304
328116844 54927142
328123565 1486284
328131101 weiaiJaychou
328297341 vvvvicky
328301445 36612162
328303541 missdessy
328305796 damfool
328305976 48583637
328307701 bobo6000
328314689 fun4ever
328326325 44716190
328361544 39773289
328366281 ymcgdll
328374736 momo_11
328376271 amphisin 279570188 46660730
328377843 49293730
332720723 moyei
332721687 36080246
332721991 4876329
332725016 M567277
332764106 46765874
332772218 3083490
332808407 densirenji
332810825 4429740
334004904 fengcp 332772218 3083490
334005100 fengcp 328376271 amphisin
334005539 fengcp 328377843 49293730
334006752 53505578
334007214 55771761
334011545 50096153
334015328 44948237
334018222 41976843
344589809 61354016
344902869 honey2010
346603393 fengcp
346605681 Azure61
346610930 60547853
346616304 60547853
346703847 2277340
348280608 ciaoer
348284270 55984972
348287217 55984972
348296569 ciaoer 348287217 55984972
348297942 55984972 348296569 ciaoer
348340755 ciaoer 348297942 55984972
348343494 acidirisy
348362351 54752003
348556402 relax
348556957 relax
348821029 40456350
349319374 47397410
349319970 kiseky10ve
349920243 fengcp
363653306 17862627
363701059 3855320
363702023 3855320
363705427 2363324
363775047 2363324
363775589 60326845
363776416 51608585
363820534 63004570
369012064 yixingfengyue
369135841 3855320 328123565 1486284
381657748 fengcp
381678191 yysunnyy
381685799 48206402
381685869 zerorose
381688549 48206402
381696424 yysunnyy
381703665 58229297
381703864 58229297
381745583 suyiwan 279664190 suki5201069
381751869 58699731 279664190 suki5201069
381757678 suki5201069 381745583 suyiwan
381765806 31984045
381771821 49452669
381872942 47346092
381893738 47840663
381928479 60832491 279669897 lalatxt
412710571 52471140
412776941 43730670
412779602 4814464
412782996 64352845
412785676 62205454
412982457 60011840
412984878 56109490
413003407 4898393
288293206 sqreal
288293454 36473201
288312214 jenniferz
288317633 36473201
288326376 2573984
288326989 fion
288367802 hide10
288903808 VagraFox
288905578 oscar9257
288950261 46768477
289487080 baobaoyou
289585797 daisy_cheung
289863206 devilnora
289922259 51427952
289945082 49399472
289946555 Xishun
289947647 32432106
292603134 13698620
292604267 banque
292605606 yvonne718
292605865 22722357
292606041 yvonne718
292613520 47434871
292613840 47665995
292615956 csssss
292645441 sqreal
292699661 47604751
293029187 2819401
293033775 53109950
293053214 yywz
293062357 44330489
293064024 feicuibaicai
293094864 18968002
293101763 2510124
293114672 yilinqueen
293121391 32817756
293142242 qingzi1218
293158738 yinyet
293188329 dashiji
293450434 miehahaha
293453397 duxiaoluo
293456175 49467353
293487555 kongfanfan
293489948 4639857
293497771 zombie512
293658407 55783188
293711594 51869566
293713044 ymcq
293713082 cutcutdown
293714496 36473201
293719447 miehahaha
293739872 52693633
293744211 sammy_sxm
293752201 Omelu
294185902 44330489
294190116 holy90
294192781 punkkiddo
294209077 Taurus_Flora
294213476 vixendol
294249987 44330489
294304726 44950811
294348492 44330489
294515248 w85824
294515779 w85824
294516502 hhtytgfgg
294518679 aiyaogun
294522336 4254327
294522478 df233
294559627 wen8421
294568439 bluesJonny
294580321 yuweeney
294581764 4503202
294582320 4503202
294582953 55743254
294584053 19590929
294584912 FJYT
294585704 chensexy
294670985 44330489
294672386 41720246
294795047 addiction_15
294916937 sunseawind
294940247 2280250
295047449 eneason
295057052 even2009
295104693 kumacyann
295988126 56163405
295990967 2687138
296099080 4513933
296103701 4513933
296115438 3620907
296818413 maiqing
296821056 55743254
296821979 muaicc
296915427 45567853
296916796 realcatty
296928118 forever_smile
297111184 56163405
297135488 sqreal
297135548 sqreal
297135595 sqreal
297527504 46586331
297531978 mbxx
297652500 sophia921
297686883 sqreal
297724281 44630559
297725999 bullshitfuck
297824539 mbxx
297948629 zi3
297953039 34050546
297956178 4028083
298007402 48055399
298198812 elaine1114
298213016 37284497
298213085 37284497
298221462 44330489
298270873 sqreal
298271716 fuckregulation
298272874 6637424
298571315 fengcp
299013899 2880912
299022695 joylan
300302989 ishama
300308987 pcblayout
300314365 winstry
300328102 sleep_ago
300480519 youyong01
300482711 shinydx
300483350 55743254
300485569 Never_mind
300487525 x87
300487908 55433248
301195895 Zrabbit
301212120 m1ssfe1
301352421 56163405
301358341 1315025
301359364 pgdzhua
301367048 fgh
301369988 nepal
302149127 fengcp
302161430 lesliett
302166044 33948721
302739343 1257931
302745170 PeterPanLaLaLa
302746827 1002226
302885906 sleep_ago
304029320 56163405
304035315 anitatu
304173042 oozly
305364357 oozly
305367045 33325450
305376555 4005102
305377403 4005102
305608128 silence198992
305705456 jkbez
305739203 56668798
305740491 sqreal
305740718 sqreal
305740842 sqreal
308891456 private-whisper
308892971 ranjing
308896690 3082632
309624914 aikotachibana
309631856 54909603
309640269 56872457
309912887 sorryenn
309912895 sorryenn
309977842 Cain_
309978696 Cain_
309988446 kwosen
310462220 daisy_lan
311847493 yooki
311873339 dalaowang
311897453 50216406
314174606 Kristie0719
314367845 sachi227
314370287 6443193
314375923 4884569
314378044 4884569
314379281 ElisaDay
314606468 sleep_ago
315240574 sqreal
317069421 fengcp 314606468 sleep_ago
317150728 55287459 279510969 suki5201069
317151772 suki5201069 317150728 55287459
317193350 lcwlcw
317206058 56724775
317213677 mtwmznl
317224016 52323530
317227382 zhangtiaotiao
317234572 32598966
317234986 32598966 317151772 suki5201069
317238243 35142292
318296207 46759443
318750496 Faustine
318768745 demo
318800311 57458780
318810926 4202007
318811849 youanna
318922704 yvonne718
318925128 43194636
