282699739 junefourth
282699973 46723557
282706958 unicorno
282707688 junefourth
282708749 unicorno
282711493 37466577
282711909 dlllzb
282742012 yao321
282742927 37499713
282743090 Seele_Leib
282743425 souvenir_pasca
282748491 4379688
282752251 34828721
282754841 FJYT
282757022 xuehan
282800838 unicorno
282801564 waiter7
282803870 yancc
282803924 tuiyoushifu
282848586 kyoyasama
282850772 anyincha
282854885 44950811
282857082 mangosteen28
282858246 jiazhuangshiti
282861831 smy.ls
282862184 2426432
283052437 policeZZ
283118501 liu773780263
283123433 4479476
283140821 thincat
283148820 le-renard
283152581 54903727
283179403 duadu2008
283180058 wuyimao
283181417 duadu2008
283187301 leinlein
283227040 tinygeng
283231742 ciweiguliang
283242586 latexfreak
283388041 jk670057284
283391206 stareofserit
283399165 1377166
283400207 1377166
283402242 hotowl
283406181 hotowl
283511206 k-boy
283515905 p7_0
283516622 2686169
283554285 52990254
283647510 32067496
283652248 46940562
283653236 eli.yen
283654110 thethirdmonth
283673665 ishama
283681060 miss.noise
283681091 50142323
283690489 WJWL1987
283701837 42892906
283702925 miseria
283706096 seasonforjuly
283713075 26659176
283724290 fionfan
283762328 42892906
283763784 aoao_home
283769998 amyjet
283770608 2426432
283773061 bizkit
283778608 CHANGE530
283816489 2139101
283817013 yeewill
283840847 50383318
283848234 yinsigongzi
283851580 guoyiting106
283860039 dreamseaworld
283914210 36116398
283919517 4255689
283928999 sophiabsb
284001518 FSRMD
284266815 42793962
284285878 26659176
284670035 42137154
284748809 yexiaocuo
284772862 collay
284775924 xiaoxiangtui
284776312 seymiyake
284776844 godzchilds
284848932 liwei10000
284852818 1895961
284913316 zywkeep78
284991914 53180660
284992320 meking
285011066 hrf1027
285011637 Inever
285019194 43392200
285062148 53429686
288239791 4372651
288239800 10564212
288239887 ylx
288239911 ylx
288246620 49929235
300295107 xilakuyu
300295397 38890563
300296259 becky2005199
300296882 46804021
300297810 missheeeee
300298199 sun_baobao
300298426 zcwby
300299061 bluesponge
300299549 1365918
300299646 lucifer1900
300304421 albina
300305575 jianjiabailu
300306383 45772226
300307749 maxiaomao
300307813 superKK
300309338 14407857
300310368 16259294
300310832 37652306
300312721 36155226
300315113 miss_octopus
300316555 17033223
300320831 3604538
300322091 48074979
300323523 48022681
300323786 wsadcs
300332979 37166994
300336580 Chircle.
300342357 3140916
300343329 lolitaenen
300343618 4696799
300348390 ChooseChange
300349446 laokk
300353121 chenzhuzi
300355925 49132023
300359318 56868801
300361826 4662153
300363001 tahir
300368319 liuhuodao0519
300369675 zhangleyuan
300371304 9961285
300372070 bluesponge
300377579 BurjAl
300390686 kikinotyou
300396645 8193917
300406937 54504486
300408085 noah_honeysuckl
300409005 54504486
300410244 37776345
300410937 diunama
300411424 49003482
300415540 squid911
300418440 28693843
300419072 3640188
300423384 30741192
300428652 tanyuhong
300431547 kaihong
300433343 kaihong
300434218 3859883
300434220 3859883
300441408 le-renard
300441462 av
300462666 liusc
300472063 14788801
300473216 leilingsha
300474568 mandycute
300474741 c099
300478580 32321056
300482796 xianzhidawang
300507165 31375949
300514985 eric-fhc
300544094 lu
300546434 lu
300563681 xtf_ff
300568386 39515750
300573797 2291062
300585256 annonymous
300612456 10409542
300618572 10409542
300624292 49132023
300636629 odetteyi
300649433 chenchen3036
300672399 10409542
300679175 32436733
300679795 chenchen3036
300755604 ludion
300759184 32436733
300761831 qskaren
300775760 ludion
300930661 chenchen3036
300940750 2806718
300963791 alex707b
301068382 6996634
301083789 laihailong
301088822 chenchen3036
301096509 HeraHenry
301104300 Sahoxin
301106572 noreenll
301112661 ishama
301465292 chenchen3036
301477402 yao12
301478016 49977093
301526053 1953474
301527810 29453735
301540040 fuckregulation
301542151 yoursong_tu
301562006 A.mosquito.
301564454 feilikesi
301595403 bullshitfuck
301597220 4639857
301610079 47777932
301660260 wowmushroom
301956020 50908439
302292591 zhangsimon
302293974 alex707b
302294893 3825348
302297566 yuejin
302820380 txl280244645
302927822 44879370
302985169 54190652
303030322 6171459
304621379 legendforever
304697303 55856525
304843600 53448948
304846809 yooyzozo
304849897 candy001
305215815 parkyc
306536716 leenks
306602510 xiaoyu_rain
307417155 loment
307454163 14827915
308467445 selavi
308487328 fiting
308493079 selavi 282706958 unicorno
308497679 36457443
308531947 Melancton
308937537 53480710
309197891 soulmate_01
309249605 4767728
309280453 50248646
309280997 allice
309288032 44834356
309368632 27189320
309442100 celery87122
309445146 stonyyy
309445443 44555153
309466726 pinksu
309563442 4481712
309779055 1180924
310023400 domino06
310028795 50973005
310230710 shua
310500767 56135729
311064441 57877589
311076385 kimmy418
311192014 appeal
311193521 37679030
311194506 23333724
311220954 hrmerel25
312362320 4555610
312373004 ac_star
312392122 sevenyy
312406189 47401967
312411751 2937741
312417430 2434240
312443398 douban9021
312467617 8616903
312474623 3358322
312487805 delkys
312490386 jkbez
312495433 43471807
312537661 38901969
312553781 musemusemuse
312575068 47135241
312596109 sunguangk
312631991 2773570 311192014 appeal
312640596 49238826
312649038 sheep864
312662990 Jaychou19790118
312669971 runfast
312670116 smonus
313466489 appeal 312631991 2773570
313604986 4356706
313793609 wqlzoe
313794559 pansy11
313800755 mary22
313821422 littlefall
313921093 2773570 313466489 appeal
313978210 51456095
314001978 muicemarap
314002603 47935498
314015545 appeal 314001978 muicemarap
314034568 p85912
314057676 mabi27
314085446 Mr-Birkin
314095866 52979901
314132582 annonymous
314132634 annonymous
314189548 54577419
314194661 49956323
314195314 54577419
314199988 zzzzd 300396645 8193917
314200142 lrydouban
314202931 Su5555555555555
314202980 MENGYAYAYA
314203962 emmy00080
314205709 pengpengxiang
314218363 49991383
314219761 54189356
314220347 lovenorth
314221540 46903946
317910068 3851427
318098720 36379741
318099461 baiyu3637 282757022 xuehan
318137653 55884149
318139649 53714885
318141242 4744464
318634392 helone
319512377 Lindy_L
319563189 jlsuger
319573838 shuimeilv
319576883 34922890
319578713 58623623
320566076 54451742
320742645 sjdt
320781042 50438695
320817568 xiaoshuang1018
320820124 Jessica-129
333221784 3317392
333230910 57917517
333233292 chenchen3036
333249687 59141730
333256038 2921799
334663938 4071065
334706117 vyfly
334706646 zk1683710
334728648 Hitachi
335718111 59958076
335728953 yimaxxduck
335733420 60192538
335937870 51509571
336354898 39687732
336356716 48802243
336357130 helone
336366448 liulan
336368510 50474457
336375806 xiaofenhong
336384659 beens
336567750 yoyohelio
336602822 yexiaocuo
336627991 wumaomao 336602822 yexiaocuo
336657554 babebewithme
337800746 moushang
337806284 wangjieeee 300396645 8193917
337807442 1116375 283148820 le-renard
337807657 14480544
337808166 lirovise
337811004 kinkiluo
337811133 sabrina89
337842384 sigridyy 288246620 49929235
337857160 52384177
337866032 60133950 288246620 49929235
337867504 60133950
337870544 60133950 300396645 8193917
337876540 35239784
338056056 52298067
338132049 1493020
338134662 60151640
338140250 53087381
338337293 52659051
338345171 bukaopudexiaosh
338350573 4614630
338360317 47133748
338360321 3285945
338362895 Y.H.D
338855892 57492504
338867214 yingbao
338906019 3398804
340084151 57395725
340132582 27580251
340151494 42599783
340194631 GuteNacht1
340230005 niewa
340282601 i.m.possible
340287603 57273867
340289747 zzmanbaby
340551409 wuxin8523
340847782 4552770
340855323 luckyugliest
340877448 47975830
341257708 duiweier
341509176 41781409
341649747 46136490
341727295 galvin2012
342096619 46206709
344477889 34522136
345545316 44051707 282848586 kyoyasama
346750450 fudian2011
346849026 52659051
351797261 60372684
352557447 62029581
289598098 blanche77
289614004 Killerrrrr
289614317 Killerrrrr
290803254 49929235
290820285 49699004
290919306 beataandmiu
291053550 Escapisim
291103756 53909131
291118466 bonnie_smile
291220732 3042979
291246250 dengxiaoxian190
291323198 xiaofangqi7
291324209 1355665
291326095 fangcao5
291335641 49929235
291339180 lkrrfu
291356045 13305753
291360477 46522940
291365141 FJIABAOBAO
292464198 2713334
294191535 wwy0215
295338651 2759174
295345290 49638002
295345513 44003813
295420840 flower369
295427812 felizfelize
295428744 sui_time
295526640 22135314
300018219 luckynv
300019899 noonyue
300026713 thebusyone
300028573 54125995
300028971 ditounonglianzi
300106649 unzhe
300150081 43414240
300154410 35663217
300156094 etern1ty
300156326 50089176
300159631 AimeeTseng
300163299 34771888
300167483 chenchen3036
300167574 chenchen3036
300200735 danen
300202483 56105198
300230274 47787817
300231668 missiisa
300232769 aalensich
300232848 39668487
300238915 54909995
300241001 45895638
300247866 noah_honeysuckl
300255385 kongto
300264595 tianzhengjing
300265165 nineforyou
300266878 zylew
300269498 yangchengjie
300269567 alex707b
300270471 yimaxxduck
300270958 46799454
300271144 36956129
300271148 46799454
300271426 4732828
300271428 alex707b
300273398 56657947
300274787 shenjun35
300275333 dahuali
300275393 connie_concon
300277288 23351072
300277363 Melody_0523
300278340 49667776
300280161 Meva
300280497 monjardin
300280635 hotonwang
300281351 pupurommel
300281421 monjardin
300281793 yimaxxduck
300281885 budget
300282163 Jerry-feng
300283784 duxiaoming
300283908 m1ssfe1
300284036 budget
300285504 12903127
300285556 2230994
300286210 12903127
300287465 56657947
300288314 shmilykame
300288464 chixixiaoyu228
300288594 1349702
300289743 cat-rae
300290986 yoursong_tu
300291249 monjardin
300291277 XXXBAOZI
300291471 3391157
300291505 hhtytgfgg
300292196 sh1j1e
300292465 cenamm
300292477 gaonene
300292727 37770382
300293164 dayeWang
300294755 56657947
409960598 59811530
409960773 51970004
411098588 43120849
411284509 chocoliar
411289861 53770446
411332968 59112471
411350216 flamemaster
411472770 mr-hug 301540040 fuckregulation
411475055 Scorpio-Pisces
411476210 readitnow
411477911 lvseyaowan
411478975 geminiberylz
411480718 66785376
411481673 67215111
411481793 56621633
411482863 51222575
411482964 58798657 282699739 junefourth
411489389 emma717
411691709 62525705
411724493 64498016
411727246 64498016
411744149 RebornTong
411749106 64498016 411744149 RebornTong
411751468 RebornTong 411749106 64498016
411752943 aaaaacqa
413038069 Chloe-IZUMI
413050711 48180071
415242153 liccccccccc
415267005 45673649
415436927 Anyas
415438022 miumiu444
415438717 aprilwalnut
415438805 buliaogai
415440645 35389815
415460895 serpentv
415465566 hanzey
416576667 xiaochan1012
417117248 Bagraer
418579577 52188304
397472286 43835234
397479884 AI____Jin 282708749 unicorno
397482006 55787367
397490934 47905851 300433343 kaihong
397493885 piggyhoo
397500187 43835234 300305575 jianjiabailu
397500923 cxsllhq
397508519 chenchen3036
397514970 liccccccccc
397729430 53116355
397751866 45666588
397997517 57089371
397999225 3847056
398010500 54099629
398061975 50798252 282800838 unicorno
398064477 64358023
398069766 49704586
398070378 59710120
398071370 65755682
398080367 49982205 283652248 46940562
398081436 akiais
398082657 40178415
398082699 29290250
398216304 65755682 300270471 yimaxxduck
398217521 yimaxxduck 398216304 65755682
398226697 65755682 398217521 yimaxxduck
398227574 60594810
398228259 yimaxxduck 398226697 65755682
398229594 65755682 398228259 yimaxxduck
398231546 40913793
398232776 yimaxxduck 398229594 65755682
398233520 gylLaura
398233647 65755682 398232776 yimaxxduck
398234038 58345434
398236639 niky_1114 300336580 Chircle.
399372972 3357411
399375035 idfor
399379832 49941721
402033382 40114709
402040960 mysweety
402093256 57998798 283181417 duadu2008
402096853 57998798
402100299 chenchen3036
402107360 65144437 300349446 laokk
403108306 zhangmingcheng
403976952 liuxinzhe
404101513 needshe
405062618 Miki0622
405071654 38562332
405076437 finoh
405123525 64578907
405123694 64578907
405123937 64578907
405321012 liccccccccc
405323705 kk234mm 283848234 yinsigongzi
405326602 66674212
405346363 yinsigongzi 405323705 kk234mm
405347969 4229801
405376100 kk234mm
405380211 chenchen3036 405376100 kk234mm
405380836 kk234mm 405380211 chenchen3036
405440178 2771612
405444073 44350031
405459478 4509709
405461749 46473919
405464018 louder
405469353 36861367 283702925 miseria
405477334 13084040 333249687 59141730
405530051 2510124
405677205 59141730 405477334 13084040
406209324 66674212 405464018 louder
406427475 louder
406480876 35176152
406490623 1473286
406670719 4044366 290820285 49699004
406680846 mysweety
406694609 54600672
409199307 54530057
409364744 L___lee
409405292 54778613
409422583 59679361
409579123 58821006
409584455 RebornTong
409584792 LuckyStrikeF
409585162 RebornTong
409585603 xiaomo901017
409686920 48676004
409687654 49214416
409689321 jill.tang
409691522 54748106
409692402 54766602
409693907 52085125
409719531 pinkoo
409768495 64332103
409771369 vivianwang18
409781982 62806189
409908126 35769018
409910648 40780679
409960347 4172257
409960556 59811530
352572303 mayb1
352575128 chenchen3036 352557447 62029581
352577207 hexiecn
355219261 wanzhongwu 300200735 danen
356575270 61808231
356976600 50346068 313794559 pansy11
357142843 pansy11 356976600 50346068
357152417 50346068 357142843 pansy11
357174039 pansy11 357152417 50346068
357220134 50346068 357174039 pansy11
358047625 44000643
358064767 49829764 300265165 nineforyou
358067506 weimao
358068835 kingcox
358068971 4208393
358069554 weimao
358070370 49829764 302985169 54190652
359086188 ccihr
363217089 19180745
363313599 youlideqinglizi
363316055 43607054
365970433 lov3u
365990372 4875441 358067506 weimao
367753187 48565680
367784925 32436733 367753187 48565680
367828916 42488537
367964573 52827854
368091720 34417462 283181417 duadu2008
368332222 40466695
368817970 55954197
368825338 62101468
368966361 48541605 300433343 kaihong
369412237 47660711
369449828 dondemon
369450009 cxl517
369459054 impedance
369459806 impedance
369497223 littleonion
383469716 1047151
369498327 55570956
383495153 twiggyling
383612913 3796092
369500800 Cash2046 288246620 49929235
383613097 31019517
369500960 Cash2046
369501476 51763986
383613553 2028624
369501759 57150414
384081970 60832491
369508329 parity 288246620 49929235
384724942 pink
369566609 13753332
384917173 2701295
369616022 35389815
384933322 52817876
369616200 45097818
384934817 linyuanxianyu
369617340 stellaaa
385057948 39438406
385059381 47924135
369638419 kaihong 368966361 48541605
385660525 2701295
369667169 48541605 369638419 kaihong
385790702 lxj995 282706958 unicorno
369752219 kaihong 369667169 48541605
385926677 50346068 385660525 2701295
369777528 milkyguai
385935458 47788211
369850266 7528192
385967602 55341950
380747827 50346068 369497223 littleonion
385970801 48845455 283400207 1377166
380752803 linzhenyi566
385971595 52466552
380777994 2488132
385973061 guankeborninmay
380786024 littleonion 380747827 50346068
386017188 kiitool
380817813 55373287
386041370 moki_anchoret
380820347 63727078
386270402 43618125
380967362 supersaiku
386276584 guoaguozi
381167545 54560871
386317939 24567946
381169240 4107356
386330507 sissi0913
381186489 jjwakin
386416064 2701295 385926677 50346068
381186492 jjwakin
386416673 52210453
381366692 bloodsakura
386427128 61000492
381378172 52863524
381384066 57660080
386494839 50346068 386416064 2701295
386701528 62428166
381385121 48460706 282752251 34828721
386706405 MolinCheung
381385744 48460706
386708076 37864525
381385868 48460706
386722258 51289180
381386611 58888417
386724221 iljyya
381394413 34828721 381385121 48460706
386748839 60011770 368817970 55954197
381395155 48460706 381394413 34828721
386749564 chenmugou 283187301 leinlein
381635252 53559804 290820285 49699004
386822612 54267337
382463960 44762447
386824429 groovyX2
382694183 heradarling
386824912 3734656
382714460 39713045
386870171 51173113
382778855 58747414
387170425 48667604
382800669 4027827
387174519 pinkoo
382804876 56351870
387187074 dr.hydra
382806777 3996946
387190076 62470458
382819005 49491225
387190993 55321024
382824882 50951653
387191663 zero-.yummy.
382826230 CaptBonnie
387194756 50350219
382826588 53991242
387202680 HouseM.D
382851297 49066765 290820285 49699004
387225261 49256373
382854619 32748837
387346275 1486824
382930474 BMZY
387370377 13202170
383266182 lee906
388543186 60996613
383286476 44675044
389742118 56776247
383286851 51045361
389742723 64011478
383295750 no_future
389746541 2771396
383296310 4154706
389754150 45932604
383296574 47542376
383298676 47542376
389755484 1813564
390746748 47583619
383299162 4714022
390766529 45786849
383304102 yxyyxyyxy
390778092 45968141
383306235 Chloe-IZUMI
390778494 10245252
383460219 60832491 289598098 blanche77
391088428 Y0307
383463122 1931976
391833665 sfks21131
391861595 goo1007
391960207 64970446
392024548 justniuniu
392026030 anybreathing
392034497 asdffdsa
392081965 28559746 392024548 justniuniu
392086021 34334392
392098945 63681224
392098948 63681224
392100400 1173901
392107656 59666239 283654110 thethirdmonth
392115157 foxtang 283148820 le-renard
392240402 4737871
392240649 64021369
392286343 37539803
395769504 3716728 282848586 kyoyasama
395936448 heycheer
395990849 Alice1900
396004048 xiongmaoxue
396032562 56326545
396255103 3968865 300288594 1349702
396255601 2053942
396268657 21261948
397147539 2077167
397150509 2856256
397355557 55806222 301477402 yao12
397384222 2744127
397419008 beryl_Y
397420765 47888750
397422151 Mellin
397424650 65399383
397426166 64981773
397467725 43835234 300280635 hotonwang
397469530 2830395
397470735 2830395
397472116 27706733
