283001614 summerlk
283001780 53447838
283001927 seymiyake
283002235 49622651
283002346 49622651
283002447 4351682
283002547 49622651
283002804 49622651
283003301 xk
283005955 wymiaoc
283013217 xialiyan
283014179 reney
283018366 4532945
283018840 45688884
283022263 manbaobao
283039218 XRan
283052219 49622651
283052812 49622651
283079031 xialiyan
283170528 sage_meng
283170643 sage_meng
283183329 49622651
283251015 3207345
283255173 phos007
283283162 49622651
283283297 49622651
283296128 4622933
283594880 zhuxin
283621993 mewmewguai
283623414 54695006
283682707 49622651
283700085 daisy_cheung
283703520 44068233
283777065 bigfacek
283778854 hemoli.
283780197 Cya
283783459 realcatty
283836505 2230719
286876893 fengcp
286883573 39804632
287074316 48164874
287104016 hrf1027
287155697 bajibajibo
287158850 49583130
287162460 38749668
287190656 49622651
417464988 67168532
417465086 48601577
417466632 43352136 283783459 realcatty
