283825102 bedas
283825679 av
283825769 iyding
283825890 44068233
283826081 orange511
283826389 14584689
283826666 yan-fay
283827191 lelesay
283827323 51059118
283827330 zw8622
283827412 bedas
283827637 14584689
283827928 36904120
283828072 14584689
283828685 iyding
283829418 woaifanbuxie
283829915 shinydx
283829968 14584689
283830299 14584689
283830542 40891098
283830635 14584689
283830837 weimoo
283830948 49085487
283831300 endless618
283831361 14584689
283831481 23459040
283831497 14584689
283831744 terrylcsy
283832079 14584689
283832309 47563383
283832373 14584689
283832466 lanmaolan
283832535 14584689
283832754 14584689
283833097 14584689
283833150 47563383
283833226 Seeless
283833727 14584689
283833773 zhi.kui
283833929 35289033
283834283 35289033
283834662 14584689
283834795 gone1983
283834826 zhi.kui
283835163 terrylcsy
283835226 14584689
283835440 14584689
283835582 54974746
283835754 14584689
283835870 sugarmore
283835923 Kibum_xx
283836463 49085487
283836516 zhi.kui
283836689 14584689
283836957 14584689
283837420 14584689
283837561 52358564
283837723 14584689
283837928 14584689
283837937 dujie0320
283838115 sweetya246
283838267 3476899
283838485 zhi.kui
283838739 didoq
283838884 zhi.kui
283839318 14584689
283839415 Oyys
283839502 ivyiforu
283839665 14584689
283839674 47766545
283839753 14584689
283839776 vixendol
283839841 44758524
283839934 14584689
283840255 bazingaa
283840587 14584689
283841305 2571083
283841705 44758524
283841833 bingoo921
283842267 14584689
283842408 14584689
283844187 sylviaxi
283844376 14584689
283844589 sweetserena
283844891 14584689
283844931 sweetserena
283845123 sweetserena
283845157 14584689
283846679 15788660
283846890 14584689
283847516 52602746
283848017 14584689
283848165 scarlett528
283848631 32480266
283849031 14584689
283849619 sweetserena
283849710 scarlett528
283850009 14584689
283851360 49085487
283851596 14584689
283851847 14584689
283852947 dreamseaworld
283853717 49085487
283853771 forever.b
283853782 4550653
283853998 4550653
283854729 50138467
283855508 forever.b
283855767 14584689
283855995 4550653
283856436 14584689
283856635 4550653
283856727 14584689
283857041 14584689
283857438 2372928
283857881 14584689
283858037 4550653
283858089 2372928
283859164 14584689
283859969 maxixi
283860152 14584689
283861062 45529291
283861256 4550653
283861391 14584689
283862088 4550653
283862268 14584689
283863167 4550653
283863329 14584689
283864515 4550653
283865118 5470964
283865267 49085487
283866101 14584689
283866398 14584689
283867668 14584689
283868574 14584689
283868775 4550653
283869018 35289033
283869471 14584689
283870513 4550653
283870956 14584689
283888133 5470964
283888800 14584689
283961410 scarlett528
283963176 14584689
284030272 sweetserena
284033223 delilah1019
284034921 dollybabe
284035989 4550653
284059823 tingran
284060811 52725192
284073843 metaphor
284080206 14584689
284080402 14584689
284091453 hemoli.
284092671 2625732
284100440 14584689
284100521 14584689
284169505 25967932
284179081 14584689
284244502 amandyu
284245418 kettle
284245806 kettle
284246319 zerozaki_kagami
284250346 1513821
284258570 14584689
287148323 bajibajibo
287156661 49583130
287157444 36473201
287157468 qppxx
287170998 50104306
287622204 14584689
287622397 14584689
287637123 sammy_sxm
287639549 bravedelia
287640263 14584689
287640472 14584689
287641722 bravedelia
287642476 14584689
287643298 bravedelia
287646702 1454383
287649031 36787935
287651084 tiffany8911
287651887 bravedelia
287652577 leocoldplay
287653745 14584689
287664713 34322497
287665472 46059196
287669887 hellodaylight
287672177 14584689
287673260 rabbitzfl
287675137 39565570
287679298 49699004
287680917 goo1007
287681344 hellodaylight
287689961 3420291
287728905 anpinglu
287781585 relax
287782493 relax
287784988 14584689
287787047 sammy_sxm
293744686 14584689
293753392 peiling0515
293788896 sileen
293789758 twilight1234
293790054 twilight1234
293790638 twilight1234
293800673 peiling0515
293851173 14584689
295670043 enmil
296903374 14584689
298020470 OutmAn.XD
298995146 DavidAndy
298995275 DavidAndy
298995348 DavidAndy
298995407 DavidAndy
298999636 4174815
299003648 rainyz
299027614 14584689
299071601 DavidAndy
299107644 14584689
299112706 DavidAndy
299113816 DavidAndy
299118419 14584689
299119515 14584689
299127364 luvymy
299130465 DavidAndy
299130683 DavidAndy
299130877 DavidAndy
299143857 14584689
299144608 14584689
299144929 14584689
299146870 14584689
299147147 14584689
299147714 14584689
299148324 14584689
299151938 vegin
299153325 14584689
299154753 vegin
299155321 14584689
299155661 vegin
299156215 14584689
299157110 vegin
299174923 seymiyake
299196668 14584689
344017022 Log_cabin
344146466 53080934
344283046 hinsh
381030597 61158870 283844891 14584689
381036740 cccccccccccliuh
381038553 29603086
381039503 ashinpanda
381049940 45233114
392350560 14584689 381049940 45233114
392517973 48601577
392528348 fay1923
392559085 georginas
408900195 jurane
409150775 62625348
409172989 57725549
409274776 33193303
409275545 KKKKZ
419698515 14584689 408900195 jurane
287787501 zxff111627
287788642 zhaotongtong
287792847 cryaway
287795420 hellodaylight
287795998 25729004
287806871 14584689
287807166 14584689
287807723 14584689
287819451 4481053
287821811 14584689
287824825 cryaway
287826688 47025948
287826848 14584689
287827464 14584689
287912177 SFishFei
287913203 14584689
287913500 14584689
287918822 SFishFei
287929462 vivi1
287949684 AvrillA
287950348 qyschloe
287952697 lareinaqueen
287962085 14584689
287962780 14584689
287963511 im_yours
287973277 qiqi_77
288305853 Liubiyuan
288327634 manman0125
288328723 manman0125
288331681 14584689
288344947 tabu
288502248 39102781
288848786 39379175
288875595 kyoyasama
289067721 buku675hot
289085892 Andsu3
289673201 forever.b
289704682 40646196
289902483 14584689
289902721 14584689
289933472 19513740
289933527 19513740
289933653 19513740
289981878 3943882
290448288 atom0806
290552366 Qln9_.
290641450 2970039
290757591 26538096
290763836 14584689
290763990 14584689
290764267 14584689
290781817 2970039
290785430 14584689
290819577 2875804
290850512 52100062
290952002 tuzz
290974497 14584689
290977071 twilight1234
290980672 melody0830
290982160 kevinsmemoirs
290988531 da-xiong-mao
290990606 14584689
290991596 2377525
291029274 54413607
291117363 52100062
291142428 20875837
291147771 14584689
291148058 14584689
291735481 42087732
291838389 14584689
291875845 twilight1234
291876600 twilight1234
291876777 51303787
291900138 twilight1234
292076553 47604751
292082301 14584689
292398173 2875804
292402333 twilight1234
292675079 3742534
292710654 13999141
292712793 twilight1234
292926147 14584689
293074704 3742534
293078007 14584689
293080087 3742534
293100795 53924463
293105537 14584689
293117713 doctordoll
293128651 peiling0515
293150504 14584689
293151737 53924463
293168567 peiling0515
293169999 meshailey
293171056 1256486
293172804 meshailey
293173335 two2roubao
293208268 14584689
293208527 14584689
293209748 meshailey
293659178 twilight1234
