286832119 luoluowuchenxia
286832156 yuanlaiyaai
286834133 FJYT
286834647 yuanlaiyaai
286836616 47488156
286836920 36360632
286836945 51969376
286837052 44697298
286837143 tenten1031
286837280 yuanlaiyaai
286837466 47598527
286837745 yuanlaiyaai
286838299 36360632
286839297 yuanlaiyaai
286839676 yuanlaiyaai
286840007 51059118
286840290 gun111
286840436 yuanlaiyaai
286840839 47648895
286840853 smilylzy
286840856 yuanlaiyaai
286841491 guangjun
286842541 yuanlaiyaai
286843584 yuanlaiyaai
286845050 46669208
286845602 i_KiDing
286848950 36360632
286858333 xbu
286858472 shuangerrr
286858549 huhuxiang
286858653 46940562
286861285 xiaxun2004317
286861876 zhangwanmeng
286864308 lotusm
286865235 le-renard
286866666 seymiyake
286870240 annieonly1
286871804 vacuainsie
286874709 september905
286875509 zene2
286885886 ichocu
286890098 yuanlaiyaai
286890463 cynthia0323
286891383 zcl_531
286892161 caiwei001
286892289 Xus27
286892466 kexinhaha
286893477 Xus27
286895296 51759590
286895545 yuanlaiyaai
286897079 yang15020090
286897108 GGGGGGGGGGGGG
286897459 yuanlaiyaai
286898346 Xus27
286900196 40565795
286900911 cks1063121
286901023 40891098
286929353 yuanlaiyaai
286940418 36360632
286942168 tongtongxdrl
286956516 40891098
286966321 wanghan1230
286966633 43217204
286969296 dearfreakear
286969560 bazingaa
286977677 yuanlaiyaai
286992149 43140268
286997116 45011948
287027145 yuanlaiyaai
287034119 9961285
287037594 3917311
287049835 yuanlaiyaai
287058117 46715234
287058961 iloveicecream
287063641 yuanlaiyaai
287064822 canrie
287067632 46821121
287071808 44330489
287074154 7884263
287074508 laa
287076741 linchuzhuang
287077568 laa
287080881 54631487
287082234 49956323
287092633 yuanlaiyaai
287093048 yuanlaiyaai
287093495 yuanlaiyaai
287095575 3112686
287095918 3250307
287097032 47295840
287098293 37069343
287105033 xuezhihe
287110045 yuanlaiyaai
287111474 momo-w
287111598 44330489
287113118 pp0702
287126267 54631487
287131542 ghhoho
287133454 qiansdyh
287133642 Isforever
291254033 40850821
291291106 yuanlaiyaai
291291979 yuanlaiyaai
291308588 3790294
291311561 ixixiy
291315054 1255748
291334391 yuanlaiyaai
291348526 lovefay
291348734 2314139
291350740 yuanlaiyaai
291351155 yuanlaiyaai
291353437 2314139
291357242 yuanlaiyaai
291359737 40178415
291429686 2314139
291439690 40850821
291444234 40820021
291445483 crimsonmoon
291445790 yuanlaiyaai
291445956 yuanlaiyaai
291450630 5644832
291450983 44701159
291459607 yuanlaiyaai
291470802 40850821
291488988 44701159
291501846 yuanlaiyaai
291503145 44701159
291506835 40508624
291511205 yuanlaiyaai
291560724 44701159
291570837 36465257
291570871 36465257
291571014 36465257
291571312 36465257
291588667 yuanlaiyaai
291599728 43772974
291628953 zombie512
291638459 yuanlaiyaai
291787932 44701159
291820169 40850821
291964657 yuanlaiyaai
291964824 yuanlaiyaai
292021383 40850821
292055608 51154853
292058142 yuanlaiyaai
292076749 44701159
292078252 40850821
292119029 ysqianyuqianxun
292140072 yuanlaiyaai
292140362 yuanlaiyaai
292140546 yuanlaiyaai
292161127 40850821
292185221 chouchoudian
292186584 yuanlaiyaai
292288334 miho.
292341636 40850821
292494212 yuanlaiyaai
292532138 happyami
292550395 irisinfj
292578349 40850821
292578625 51704908
292587154 wondertree
292606740 yuanlaiyaai
292606798 yuanlaiyaai
292614082 40850821
292614252 35987890
292617186 54490566
292644390 yuanlaiyaai
292644493 yuanlaiyaai
292646502 40850821
292650113 3502149
292657339 49748113
292662631 juedai
292718781 yuanlaiyaai
292760720 fongchueng
292769756 47099873
292815567 yuan20duan
294161055 guaguali
294203492 yuanlaiyaai
294223498 dora-yy
294228748 1527167
294230446 iris-smile
294234479 LivingEveryday
294239673 LivingEveryday
294240643 cara-chen
294243577 felizfelize
294250217 44313146
294321256 qieryao
294412231 yuanlaiyaai
294412561 yuanlaiyaai
294413002 yuanlaiyaai
294413344 yuanlaiyaai
294463064 40850821
294463096 40850821
294463138 40850821
294463243 40850821
294463318 40850821
294463412 40850821
294464603 40850821
294465752 4391458
294465846 4391458
294467233 40850821
294469089 yuanlaiyaai
294477293 chengzizi
294477570 3603090
294493920 40850821
294495924 iris-smile
294500128 batman_1121
294508968 yuanlaiyaai
294509013 yuanlaiyaai
294509077 yuanlaiyaai
294529175 piabalr
294530991 cuihuaer
294533267 xing245658239
294591652 luoposhusheng
294629613 40850821
294686693 yuanlaiyaai
294695270 jslsl
294707596 luoposhusheng
294739376 yuanlaiyaai
294749317 2314139
294753600 23459040
294795003 51340796
294796444 luoposhusheng
294842798 40850821
294843271 yvoneye
294844784 yuanlaiyaai
294845275 yuanlaiyaai
294845440 yuanlaiyaai
294849285 Mavis.m
294849679 40850821
294851165 12673221
294851592 yuanlaiyaai
294851815 yuanlaiyaai
294851909 yuanlaiyaai
294856364 yvoneye
294856591 12673221
294857758 yuanlaiyaai
294868485 3502149
294870958 xiaoki_2
294899586 yuanlaiyaai
294901635 2131158
294919200 es007
294924189 yuanlaiyaai
294926637 dbdb
294947795 es007
294953575 40850821
294976829 2810760
294992757 51469737
294996289 es007
295004316 3114493
295020989 yuanlaiyaai
295021805 flowerice
295037891 1183467
295038234 1183467
295076661 yuanlaiyaai
295076767 yuanlaiyaai
295081302 flowerice
295082260 fruit_tree
295093605 41920412
295100260 xiaoki_2
295108593 yuanlaiyaai
295110333 40850821
295110746 40850821
295113967 kingcox
295128404 yuanlaiyaai
295132576 39905084
295141225 40850821
295151292 41920412
295162400 chenmolan
295163408 yuanlaiyaai
295166334 41920412
295168596 40850821
295171124 41920412
295172395 40850821
295173393 yuanlaiyaai
295173766 41920412
295174041 41920412
295174166 chenmolan
295174230 chenmolan
295174430 chenmolan
295176661 50111035
295200739 yuanlaiyaai
295215318 cece1024
295226311 43688261
295250978 51124391
295261065 40850821
295261122 40850821
295261177 40850821
295261372 40850821
295261564 40850821
295264896 40850821
295264935 40850821
295265012 40850821
295265151 40850821
295265249 40850821
295265324 40850821
295265357 40850821
295265427 40850821
295265465 40850821
287134019 qiansdyh
287134051 Bowie_Lam
287134432 51969376
287135038 misscrazy419
287135395 46610737
287136244 huhhu
287136425 2222156
287142249 yuanlaiyaai
287142775 huhhu
287148230 48578595
287152995 50691829
287154358 musiclby
287156943 54258242
287163122 mayday_lu
287164024 2712816
287164086 51319337
287164525 53574328
287165846 49719508
287166250 sweetcathy321
287180967 44104220
287183976 xixilianna
287186632 15609113
287186820 Bowie_Lam
287189274 47676531
287190546 47919745
287193225 suweia
287195109 dacong0
287211637 9453068
287224719 15609113
287238141 cheungyq
287239730 dora-yy
287330492 haishini47
287351224 agilera
287353053 zhaizhenaixi
287500622 51969376
287504432 lostcat84
287523800 36359578
287534049 2112382
287643414 3692740
287648349 41258870
287652751 36787935
287675858 yuanlaiyaai
287687074 fishyangyang
287705377 4663298
287707120 47919745
287709416 2904730
287714678 52990254
287717498 2686169
287733474 CHANGE530
287744196 hotowl
287745472 hotowl
287746176 hotowl
287781072 chukaye
287812660 yuanlaiyaai
287814911 49040341
287817405 44977844
287818464 nysola
287829707 47864877
287830558 40850821
287831945 yuanlaiyaai
287833313 40850821
287834092 40850821
287835621 40565795
287836700 yuanlaiyaai
287838327 40850821
287842612 yuanlaiyaai
287844132 40850821
287845793 lexiaolan
287851787 sonysong
287898696 35450021
287901160 3692740
287906940 44187914
287907838 46262357
287926878 huxiaodie
288066762 yuanlaiyaai
288070783 cat13021
288078764 40850821
288177752 lexiaolan
288187131 beataandmiu
288188417 believe584
288192283 7884263
288207940 addiction_15
288210089 yuanlaiyaai
288210257 yuanlaiyaai
288210564 yuanlaiyaai
288235330 42136852
288258990 2005999
288262177 4296881
288264790 banxia0723
288413569 zmd
288468859 jingyumaopaopao
288483004 46220314
288590268 52486373
288644322 yuanlaiyaai
288696788 4821466
288770463 girlanan
288955075 wondertree
288999861 3709198
289107227 yuanlaiyaai
289447382 yuanlaiyaai
289464082 40850821
289479113 yuanlaiyaai
289482775 49491745
289485890 Antony1258
289488575 40850821
289493079 princhy
289505506 8397125
289513266 yuanlaiyaai
289515505 4611169
289525452 yearui
289544704 15533340
289575286 blanche77
289575781 40850821
289584278 4380952
289586718 yuanlaiyaai
289591558 40850821
289599098 yuanlaiyaai
289605588 40850821
289750050 justforyou
289762527 47671162
289763300 ditounonglianzi
289785198 blanche77
289788800 St_J
289792590 53024343
289805875 Sa_
289825414 shukeer
289888647 yuanlaiyaai
289888955 yuanlaiyaai
289889228 yuanlaiyaai
289889871 yuanlaiyaai
289892943 40850821
289929220 St_J
290000136 yuanlaiyaai
290000251 yuanlaiyaai
290010794 yearui
290011543 33022692
290027047 qinb1925
290032390 40850821
290061491 dinni
290066541 sisili
290083855 40850821
290234337 yuanlaiyaai
290255118 54537468
290258983 addiction_15
290632073 yuanlaiyaai
290635253 dynamo
290691179 4398119
290752426 40850821
290754262 2812420
290760053 26538096
290762433 yuanlaiyaai
290762609 yuanlaiyaai
290762966 limbopp
290765771 dwn0810
290771486 34293017
290774255 3513225
290774964 yuanlaiyaai
290776794 4028083
290778453 dbcatdb
290780030 yuanlaiyaai
290782676 diudiuiris
290783480 mian213
290786505 19757839
290786603 dwn0810
290790718 yuanlaiyaai
290817783 2875804
290848138 40508624
290905253 anruoya
290932300 40850821
290933446 2875804
290934210 Azules
290986954 yuanlaiyaai
290987968 yuanlaiyaai
290988523 yuanlaiyaai
290996105 Azules
291002848 yuanlaiyaai
291005813 kidllife
291030880 babywanzi
291043968 45876729
291050804 tinagou
291060287 yuanlaiyaai
291062277 camelliafc
291062596 camelliafc
291062701 camelliafc
291064781 yebugui
291066794 44701159
291069190 ZhangXiaoXiong
291074694 joanne_do
291077182 16654108
291138544 yuanlaiyaai
291138779 yuanlaiyaai
291167446 44701159
291174191 44701159
291176595 hothotdarling
291228428 yuanlaiyaai
291228545 yuanlaiyaai
291234017 44701159
291244605 4704738
291253286 40850821
291253963 40850821
295265789 40850821
295267111 goo1007
295270112 10409542
295272425 yuanlaiyaai
295276813 bingdianhouzai
295279589 goo1007
295390134 yuanlaiyaai
295420163 Halo_effect
295420476 Halo_effect
295430104 yuanlaiyaai
295464439 Halo_effect
295471984 yuanlaiyaai
295472489 14829579
295608598 4024435
295646618 3502149
295694577 yuanlaiyaai
295728623 es007
295768724 yuanlaiyaai
295798693 49423198
295801377 yuanlaiyaai
295849739 40850821
295850164 40850821
295876591 yuanlaiyaai
295877094 40850821
295904081 yuanlaiyaai
295929815 3620907
296076069 yuanlaiyaai
296078810 40850821
296078883 40850821
296088495 mochasky
296175688 51225229
296179907 39749520
296198794 loisludi
296242679 TdolphinT
296260063 40850821
296268939 cy143
296273852 40604415
296279540 bettyvicious
296302806 yuanlaiyaai
296302910 yuanlaiyaai
296303073 yuanlaiyaai
296303277 yuanlaiyaai
296303419 yuanlaiyaai
296306117 3620907
296328277 pcblayout
296342298 tangjueye
296347567 2901236
296347593 yuanlaiyaai
296347828 yuanlaiyaai
296349890 yuanlaiyaai
296352165 40850821
296363238 yuanlaiyaai
296364286 40850821
296396069 yuanlaiyaai
296442143 51225229
296490597 yuanlaiyaai
296495720 imnothan
296537720 51225229
296626293 Halo_effect
296627753 yuanlaiyaai
296721722 sigengtian
296745498 4024435
296756712 wakenzhang
296769024 3427392
296806162 yuanlaiyaai
296806231 yuanlaiyaai
296846783 4894057
296873912 3427392
296874045 54523351
296876962 anttle
296882279 yuanlaiyaai
296891922 45567853
296895021 lixiaotaopuff
298260483 yuanlaiyaai
298261843 44376335
298264736 yuanlaiyaai
298586721 dbdb
298607208 LonelinessXimic
298669344 yuanlaiyaai
298791712 prudenceD
298798132 loveCX
298800958 i.feel.u.Joanna
298802489 52602746
298807598 yuanlaiyaai
299059295 40850821
299117181 50853298
299189900 yuanlaiyaai
299194911 48815871
299223881 yuanlaiyaai
299226312 48815871
299242397 4199682
299299973 2877015
301789299 xiaomaoni1229
301809323 45633647
302767142 Natalie_meng
302798976 44469392
302850489 anshengbuan
303117860 yuanlaiyaai
303119636 babe_cat
303121102 47777932
310164004 4430272
310164131 yanxinye
310197610 yuanlaiyaai 310164004 4430272
310262051 n1cetime9426464
310291797 yuanlaiyaai 310262051 n1cetime9426464
310300889 4430272
310323070 yuanlaiyaai 310300889 4430272
310372902 4430272
310424553 2422927
310429901 yuanlaiyaai 310424553 2422927
310436232 3275912
310442812 yuanlaiyaai 310436232 3275912
310447308 n1cetime9426464
310480510 jdmemo
310487899 wendyin430
310489311 yuanlaiyaai 310447308 n1cetime9426464
310489359 yuanlaiyaai 310480510 jdmemo
310489577 yuanlaiyaai 310487899 wendyin430
310523489 ifuloveme
310524250 27580251
310563821 yuanlaiyaai 310524250 27580251
310567058 27580251 310563821 yuanlaiyaai
310567992 yuanlaiyaai 310567058 27580251
310573449 27580251 310567992 yuanlaiyaai
310578965 yuanlaiyaai 310573449 27580251
310583306 jesscat
310583441 44053434
310584859 dawnca
310585538 alilisang
310585972 yuanlaiyaai 310583441 44053434
310586129 yuanlaiyaai 310585538 alilisang
310586261 alilisang
310590273 yuanlaiyaai 310586261 alilisang
310590952 alilisang
310594208 27580251 310578965 yuanlaiyaai
310628668 yuanlaiyaai 310590952 alilisang
310628802 yuanlaiyaai 310594208 27580251
310632801 limengxin
310633883 27580251
310642484 shmily333
310647300 yuanlaiyaai
310647445 yuanlaiyaai 310633883 27580251
310650044 40850821
310651201 27580251
310652512 alilisang 310628668 yuanlaiyaai
310653107 yuanlaiyaai 310650044 40850821
310653195 yuanlaiyaai 310651201 27580251
310653666 yuanlaiyaai 310652512 alilisang
310655794 alilisang 310653666 yuanlaiyaai
310688513 27580251
310719597 yuanlaiyaai 310688513 27580251
310722041 n1cetime9426464
310722616 n1cetime9426464
310723278 n1cetime9426464
310723394 27580251 310719597 yuanlaiyaai
310724174 yuanlaiyaai 310723394 27580251
310724571 yuanlaiyaai
310725324 52297602
310725819 yuanlaiyaai
310726025 27580251 310724174 yuanlaiyaai
310729062 yuanlaiyaai 310726025 27580251
310729353 52297602 310725819 yuanlaiyaai
310733352 yuanlaiyaai 310729353 52297602
310743168 40850821
310743888 52297602 310733352 yuanlaiyaai
310744846 yuanlaiyaai
310745161 40850821
310745740 2405722
310745742 emily0604
310746248 4397175
310759141 yuanlaiyaai 310746248 4397175
310759395 yuanlaiyaai 310745742 emily0604
311137020 57885643
311137951 4481712
311175499 zouran1
311205106 yuanlaiyaai
311208621 4481712 311205106 yuanlaiyaai
311213802 3254224
311246838 44843786
311251655 Tequila-HL
311292159 yuanlaiyaai 311208621 4481712
311332212 lightstorm
311332465 lightstorm
311393934 yuanlaiyaai 311332465 lightstorm
311401361 lightstorm
311490668 yuanlaiyaai 311401361 lightstorm
311743822 9980314
311745847 55372903
311770706 jasminechris
311823807 48616441
312013599 yuanlaiyaai 311823807 48616441
312139777 fionl
312711753 51064674
312757520 yuanlaiyaai 312139777 fionl
312774640 43436204
312776396 43914805
312776461 43914805
312820653 yuanlaiyaai 312774640 43436204
312828491 50013606
312828512 50013606
314662977 27580251
314664991 3938449 314662977 27580251
314665684 27580251 314664991 3938449
314666289 3938449
314667480 27580251 314666289 3938449
314669312 3938449
314669912 27580251 314669312 3938449
314672417 3938449 314669912 27580251
314672904 3938449
314672982 27580251 314672417 3938449
314673200 27580251 314672904 3938449
314690729 54992881
314700196 yuanlaiyaai 314669912 27580251
314700618 yuanlaiyaai 314669312 3938449
314709739 2820406
314736214 3938449 314700618 yuanlaiyaai
314832188 27580251 314700196 yuanlaiyaai
314865745 4202007
314874243 lotusm
314874758 yuanlaiyaai 314832188 27580251
314875357 yuanlaiyaai 314865745 4202007
314886467 56368304
314904813 Lee-Astro
314959433 tengziling
314968586 lucia7678
315010455 yuanlaiyaai 314959433 tengziling
315012178 tengziling 315010455 yuanlaiyaai
315033692 47488612
315037192 53805797
315066711 27580251
315103937 yuanlaiyaai 315066711 27580251
315104033 yuanlaiyaai 315033692 47488612
315104122 yuanlaiyaai 315012178 tengziling
315104422 47488612 315104033 yuanlaiyaai
315108487 tengziling 315104122 yuanlaiyaai
315109105 yuanlaiyaai 315104422 47488612
315109572 yuanlaiyaai 315108487 tengziling
315110641 47488612 315109105 yuanlaiyaai
315110643 tengziling 315109572 yuanlaiyaai
315148749 yuanlaiyaai 315110641 47488612
315148847 yuanlaiyaai 315110643 tengziling
315181757 27580251
315185392 yuanlaiyaai 315181757 27580251
315188312 superhelen
315212559 53805797
315212575 53805797
315212590 53805797
315250737 27580251
315299954 47488612 315148749 yuanlaiyaai
315303248 yuanlaiyaai 315188312 superhelen
315368654 yuanlaiyaai 315250737 27580251
315399504 27580251
315407314 emoic
315448595 opaidaxing
315453550 yuanlaiyaai 315399504 27580251
315454769 27580251 315453550 yuanlaiyaai
315518445 superhelen 315303248 yuanlaiyaai
315528102 47514656 287063641 yuanlaiyaai
315534229 46052936
315538790 yuanlaiyaai 315454769 27580251
315539258 yuanlaiyaai 315518445 superhelen
315539427 yuanlaiyaai 315528102 47514656
315561283 27580251 315538790 yuanlaiyaai
315564108 yuanlaiyaai 315561283 27580251
315564693 27580251 315564108 yuanlaiyaai
315610821 yuanlaiyaai 315564693 27580251
315612954 27580251 315610821 yuanlaiyaai
315735495 superhelen 315539258 yuanlaiyaai
315747202 yuanlaiyaai 315612954 27580251
315747330 yuanlaiyaai 315735495 superhelen
316006098 lanlan424
316038966 yuanlaiyaai 316006098 lanlan424
316148640 mbaoqin_1124
316157117 4497457
316180787 yuanlaiyaai 316148640 mbaoqin_1124
316306525 2820406
316311742 2820406
316355312 Tisays
316357965 yuanlaiyaai 316311742 2820406
316358046 yuanlaiyaai 316355312 Tisays
316369967 4283471
316405315 32757744
316423575 yuanlaiyaai 316405315 32757744
316430831 Tisays 316358046 yuanlaiyaai
316511054 yuanlaiyaai 316430831 Tisays
316513837 sonnewood
316553412 32757744 316423575 yuanlaiyaai
316592049 yuanlaiyaai 316553412 32757744
316592307 luoxiaobu
316724560 3938449
316729185 36787935
316733415 laobaixiaoda
316843103 32757744 316592049 yuanlaiyaai
316843690 yuanlaiyaai 316733415 laobaixiaoda
316843842 yuanlaiyaai 316724560 3938449
316844038 yuanlaiyaai 316843103 32757744
316898665 58261618
316899014 27580251
316902732 32757744 316844038 yuanlaiyaai
316905544 3938449
308735699 2820406
308738336 53612739
308738670 2820406 308738336 53612739
308744624 53612739
308745842 yA_3an
308756731 3110913
308762438 2820406 308744624 53612739
308764379 2497335
308764698 53612739
308781356 49334435
308812555 2584645
308841525 3598294
308843717 3598294
308843764 3598294
308844609 orange520
309004065 yuanlaiyaai
309004191 yuanlaiyaai
309004470 yuanlaiyaai
309004786 yuanlaiyaai
309005124 yuanlaiyaai
309005741 yuanlaiyaai
309006120 yuanlaiyaai
309006264 yuanlaiyaai 308812555 2584645
309006910 yuanlaiyaai 308843717 3598294
309008770 3110913 309006120 yuanlaiyaai
309009088 pesci7
309009645 27580251 309004191 yuanlaiyaai
309011015 53612739
309013689 51022511
309015946 yuanlaiyaai 309008770 3110913
309016226 yuanlaiyaai
309016309 yuanlaiyaai
309016403 yuanlaiyaai 309009645 27580251
309016540 yuanlaiyaai 309011015 53612739
309021839 53612739
309048210 pesci7 309016309 yuanlaiyaai
309062548 2820406
309083281 yuanlaiyaai 309062548 2820406
309083371 yuanlaiyaai
309093277 2820406 309083281 yuanlaiyaai
309112587 36853493
309132888 27580251 309016403 yuanlaiyaai
309165704 yuanlaiyaai 309132888 27580251
309166723 27580251 309165704 yuanlaiyaai
309170796 48376013
309200056 yuanlaiyaai 309166723 27580251
309201878 selavi
309202767 babyneonsay
309205049 27580251 309200056 yuanlaiyaai
309205165 27580251
309214799 cindereeeella
309217663 yuanlaiyaai
309217952 yuanlaiyaai 309205165 27580251
309218060 yuanlaiyaai 309214799 cindereeeella
309218232 yuanlaiyaai 309214799 cindereeeella
309221036 57513621
309221618 Beca
309248497 yuanlaiyaai 309221618 Beca
309259145 Beca 309248497 yuanlaiyaai
309278866 cindereeeella
309279039 cindereeeella
309286680 yuanlaiyaai
309298653 selavi
309299459 yuanlaiyaai 309298653 selavi
309352500 57513621 309214799 cindereeeella
309406375 27580251
309408391 57513621
309429249 3275912
309453269 yuanlaiyaai 309406375 27580251
309453362 yuanlaiyaai 309429249 3275912
309462369 27580251 309453269 yuanlaiyaai
309466555 yuanlaiyaai 309462369 27580251
309479906 27580251 309466555 yuanlaiyaai
309488010 mumuchouchou
309490024 pesci7
309520558 yuanlaiyaai
309520764 yuanlaiyaai 309479906 27580251
309543393 27580251 309520764 yuanlaiyaai
309837864 yuanlaiyaai 309543393 27580251
309848082 4430272
309849743 27580251 309837864 yuanlaiyaai
309876538 yuanlaiyaai 309849743 27580251
309876618 yuanlaiyaai 309848082 4430272
309877788 27580251 309876538 yuanlaiyaai
309877818 27580251 309877788 27580251
309881249 4430272
309892432 yuanlaiyaai 309877818 27580251
309893159 27580251 309892432 yuanlaiyaai
309894257 yuanlaiyaai 309893159 27580251
309894540 27580251 309894257 yuanlaiyaai
309897166 4744464
309924353 yuanlaiyaai 309894540 27580251
309943605 4430272
309958510 n1cetime9426464
309958641 n1cetime9426464
309960439 n1cetime9426464
310090637 yuanlaiyaai 309943605 4430272
310090867 yuanlaiyaai 309960439 n1cetime9426464
310091662 4430272
310102569 yuanlaiyaai 310091662 4430272
322875840 liu6liu6
322905805 yuanlaiyaai
322906647 yuanlaiyaai
322908122 liu6liu6
322908645 liu6liu6
322916704 17483084
322921364 51261442
322922441 38372332
322932418 40918321
322932926 49371830
323079603 yuanlaiyaai
323079631 yuanlaiyaai
323126069 2731306
323161631 yuanlaiyaai 322908645 liu6liu6
323171194 53021310
323821676 27580251
323832696 yuanlaiyaai 323821676 27580251
323837239 27580251
323846191 54568557
323865807 27580251
323877964 37301202
323879527 yuanlaiyaai 323865807 27580251
323891375 27580251 323879527 yuanlaiyaai
323894523 yuanlaiyaai 323891375 27580251
323895794 2245338
325623461 xiaozhu22
325754920 yuanlaiyaai 325623461 xiaozhu22
325913734 xiaozhu22 325754920 yuanlaiyaai
326042719 yuanlaiyaai 325913734 xiaozhu22
326059172 1499607
326199838 46522532
326208919 40518270 286832156 yuanlaiyaai
326242159 2314768
326259264 ding777
326266017 yuanlaiyaai 326259264 ding777
326272396 45356436
326315577 45475346
326724541 40579527
326736097 55793983
326745227 yuanlaiyaai 326724541 40579527
326747113 Rebecca1989
326747291 liu6liu6
326817081 yuanlaiyaai 326747291 liu6liu6
326819184 48236983 286892466 kexinhaha
326836506 48236983
326959277 laohu32
327004366 yuanlaiyaai 326959277 laohu32
327010033 45657471
327028024 laohu32 327004366 yuanlaiyaai
327053672 yuanlaiyaai 327028024 laohu32
327820167 48662713
328718198 54754037
328728263 27580251 328718198 54754037
328742157 58202843
328778514 31739750
328781112 48659454
328782025 jue.W
328782932 lsp1007
328784153 zhouxiaodu
328798568 56784544
328841252 lsp1007
328855280 53205427
328861430 yuanlaiyaai 328782932 lsp1007
328864043 lsp1007 328861430 yuanlaiyaai
328866197 yuanlaiyaai 328864043 lsp1007
328868182 lsp1007 328866197 yuanlaiyaai
328876425 yuanlaiyaai 328868182 lsp1007
328880261 XIADAN4
328935247 mableyama
329044632 yuanlaiyaai 328880261 XIADAN4
329064273 XIADAN4 329044632 yuanlaiyaai
329066297 37770382
329067811 yuanlaiyaai
329069290 wxy--_--wxy
329990751 38552055
330002513 58595969
330084260 yuanlaiyaai 329990751 38552055
330512239 snooppi
330527578 saoirse
330609883 58465277
330626665 cbhtomcool
330632753 36548132
331221133 4371750
331227632 beewengwengweng
331953115 yuanlaiyaai 330626665 cbhtomcool
331953227 yuanlaiyaai
331966002 saoirse
331968528 yuanlaiyaai
331982262 saoirse 331968528 yuanlaiyaai
332016990 yuanlaiyaai
332018491 saoirse 332016990 yuanlaiyaai
332020673 50195266
332021040 50195266
332030460 yuanlaiyaai 332020673 50195266
332070029 48914580
332135838 yuanlaiyaai 332070029 48914580
332153162 49194367
332244131 50195266 332030460 yuanlaiyaai
332257610 27580251
332276322 48914580 332135838 yuanlaiyaai
312836705 yesxixi
312842963 46081803
312848184 42786249
312848953 30282249
312851773 australian
312857315 4217827
312870968 3982428
312922433 Borijgen
312975404 yuanlaiyaai 312828491 50013606
312975463 yuanlaiyaai 312848184 42786249
312975613 yuanlaiyaai 312922433 Borijgen
312989926 39295356
312999670 47867553
313214368 39856638
313274258 yuanlaiyaai 313214368 39856638
313426716 42796913
313451672 lovelesskiss
313454910 anitatu
313485868 49143432
313566027 yuanlaiyaai 313454910 anitatu
313566392 yuanlaiyaai 313451672 lovelesskiss
313572813 52306034
313664927 27580251
313688410 28499757
313737176 yuanlaiyaai 313664927 27580251
313743947 dajing26
313751581 27580251 313737176 yuanlaiyaai
313752085 yuanlaiyaai 313751581 27580251
313753127 27580251 313752085 yuanlaiyaai
313753591 yuanlaiyaai 313753127 27580251
313754107 27580251 313753591 yuanlaiyaai
313755167 yuanlaiyaai 313754107 27580251
313764289 27580251 313755167 yuanlaiyaai
313764899 yuanlaiyaai 313764289 27580251
313765139 27580251 313764899 yuanlaiyaai
313765496 yuanlaiyaai 313765139 27580251
313765970 aqkz
313772643 yuanlaiyaai
313775772 27580251 313765496 yuanlaiyaai
313776250 yuanlaiyaai 313775772 27580251
313777494 27580251 313776250 yuanlaiyaai
313777878 yuanlaiyaai 313777494 27580251
313784231 27580251 313777878 yuanlaiyaai
313784489 yuanlaiyaai 313784231 27580251
313784997 27580251 313784489 yuanlaiyaai
313788307 yuanlaiyaai 313784997 27580251
313801557 27580251 313788307 yuanlaiyaai
313801760 yuanlaiyaai 313801557 27580251
313813578 27580251 313801760 yuanlaiyaai
313857134 wqlzoe
313865877 anitatu 313566027 yuanlaiyaai
313871326 yuanlaiyaai 313857134 wqlzoe
313877082 yuanlaiyaai 313865877 anitatu
313889953 anitatu 313877082 yuanlaiyaai
313889959 44294153
313904152 46537179
313965011 yuanlaiyaai 313904152 46537179
313968073 n1cetime9426464
313975592 yuanlaiyaai 313968073 n1cetime9426464
313977725 51456095
313980120 27580251
314003198 yuanlaiyaai 313980120 27580251
314024512 4703476
314039323 yuanlaiyaai 314024512 4703476
314043103 4703476 314039323 yuanlaiyaai
314049080 29823768
314051056 anitatu
314053699 2201636
314067045 yuanlaiyaai 314051056 anitatu
314067151 yuanlaiyaai 314049080 29823768
314068459 anitatu 314067045 yuanlaiyaai
314080297 yuanlaiyaai 314068459 anitatu
314116380 29823768 314067151 yuanlaiyaai
314117392 yuanlaiyaai 314116380 29823768
314124248 42019076
314190455 49293730
314199153 41650928
314199307 yuanlaiyaai 314199153 41650928
314306119 41650928 314199307 yuanlaiyaai
314309322 44693357
314342007 yuanlaiyaai 314306119 41650928
314343227 SSQBS
314377443 yuanlaiyaai 314343227 SSQBS
314385259 awildsheep
314389824 SSQBS 314377443 yuanlaiyaai
314399016 48938904
314414017 yuanlaiyaai 314389824 SSQBS
314437204 27580251
314446822 53369978
314494588 yuanlaiyaai 314437204 27580251
314495293 27580251 314494588 yuanlaiyaai
314560330 yuanlaiyaai 314495293 27580251
314599519 27580251 314560330 yuanlaiyaai
314618380 yuanlaiyaai 314599519 27580251
314630249 gigiandgege
314658391 27580251
314658454 27580251
314658562 27580251
314662521 3938449
314662609 3938449
316905768 3938449
316906103 3938449 316899014 27580251
316917589 yuanlaiyaai 316905544 3938449
316917660 yuanlaiyaai 316906103 3938449
316918509 yuanlaiyaai 316899014 27580251
316935229 jinnjia
316936461 18626473
316937599 runfast
316971251 yuanlaiyaai 316937599 runfast
317010699 jybl
317074086 27580251 316906103 3938449
317101485 54782568
317106450 iamtea
317137452 yuanlaiyaai 317101485 54782568
317233856 2820406
317280927 yuanlaiyaai 317233856 2820406
317442914 ClaireWong
317450517 6716575
317534388 ClaireWong
317539563 yuanlaiyaai
317539587 yuanlaiyaai 317534388 ClaireWong
317557893 sonnewood
317608424 55686268
317629237 yuanlaiyaai
317629354 yuanlaiyaai
317629699 yuanlaiyaai 317608424 55686268
317630193 37255247
317661680 4023755
317833291 3930442
317861976 53805797
317901911 yuanlaiyaai
318224127 yuanlaiyaai
318256991 45567853
318266827 yuanlaiyaai 318256991 45567853
318267096 56683873
318275916 yuanlaiyaai 318267096 56683873
318281534 56683873 318275916 yuanlaiyaai
318759702 Faustine
319400698 4572131
319447082 yuanlaiyaai 319400698 4572131
320234707 44431718
320246439 53805797
320302322 47547214
320341527 yuanlaiyaai 320246439 53805797
320691613 47923709
320691765 amo-li
320692617 48366178
320695091 sukata
320736873 yuanlaiyaai 320691765 amo-li
320737490 yuanlaiyaai
320737879 yuanlaiyaai 320695091 sukata
320751508 amo-li
320888375 M-makeup
320899178 yuanlaiyaai 320751508 amo-li
320899611 vippasser
320900598 amo-li
320901206 xiongge
320957391 40841235
321047539 yuanlaiyaai 320900598 amo-li
321047657 yuanlaiyaai 320901206 xiongge
321054494 amo-li
321062397 4892026
321079106 hellohuman
321113260 4071065
321167520 yuanlaiyaai 321062397 4892026
321167588 yuanlaiyaai 321079106 hellohuman
321202684 48051248
321205272 yuanlaiyaai 321202684 48051248
321243662 jessie1589
322262591 2245338
322417693 4185514
322432029 27580251
322452132 yuanlaiyaai 322432029 27580251
322602993 EdiEni29
322606859 yukitarot
322769329 27580251 322452132 yuanlaiyaai
322817850 yuanlaiyaai 322769329 27580251
322818337 27580251 322817850 yuanlaiyaai
322818563 yuanlaiyaai 322818337 27580251
322818972 27580251 322818563 yuanlaiyaai
322822395 yuanlaiyaai 322818972 27580251
322823082 27580251 322822395 yuanlaiyaai
322823120 zanyyang
322824929 yuanlaiyaai
322825421 is_ayue
322825767 wukaka2093
322828554 zanyyang 322824929 yuanlaiyaai
322830261 yuanlaiyaai 322825421 is_ayue
322830542 yuanlaiyaai 322828554 zanyyang
322830847 3938449
322833246 memeover
322839318 44286246
322839678 nanaer
322848691 liu6liu6
322853298 50836265
322863717 yuanlaiyaai 322839678 nanaer
322865180 nanaer 322863717 yuanlaiyaai
322872344 yuanlaiyaai 322865180 nanaer
322874084 liu6liu6
322874218 liu6liu6
303144581 yuanlaiyaai
303155493 laolide
303165744 54125995
303169344 vvvvvvvvvvmz
303175352 34558213
303204560 summercandice
303205734 55532792
303305146 kingstop
303322164 yuanlaiyaai
303340653 3595788
303384684 Natalie_meng
303420112 yuanlaiyaai
303420157 yuanlaiyaai
303420260 4686223
303421950 50117670
303423043 39628288
303423125 43062718
303423324 43062718
303511460 yuanlaiyaai
303516034 yuanlaiyaai
306158427 53407719
306158581 53407719
306180295 scozy
306193078 43809820
306223996 yuanlaiyaai
306273520 xuzhao
306277435 ClaireWong
306691013 tracyfake
306695052 55646831
306707404 yangxianwen001
306716110 lalafan
306781613 tian_abao
306811990 54191112
306913381 yuanlaiyaai
307089439 54191112
307184451 yuanlaiyaai
307211839 51201568
307220255 42044467
307234140 51064674
307234663 47535606
307245252 annzsy
307245957 53633476
307372943 heymaggie
307445962 52395371
307472204 yuanlaiyaai
307477281 aylei
307498622 50565376
307499487 50282521
307643103 2680866
307737711 calla
307944707 yuanlaiyaai 307737711 calla
307948865 amiaobuzai
307961832 yuanlaiyaai 307948865 amiaobuzai
308027442 AphraJ
308094044 yuanlaiyaai 308027442 AphraJ
308100566 3110913
308158823 AphraJ
308192921 yuanlaiyaai 308100566 3110913
308193000 yuanlaiyaai 308158823 AphraJ
308197291 40464413
308219632 yuanlaiyaai 308197291 40464413
308221616 40464413 308219632 yuanlaiyaai
308229074 wudijingang
308229236 wudijingang
308241043 yuanlaiyaai 308229074 wudijingang
308241356 wudijingang 308241043 yuanlaiyaai
308247925 52646099
308251643 eavanla 308241043 yuanlaiyaai
308269844 yuanlaiyaai 308241356 wudijingang
308270631 wudijingang 308269844 yuanlaiyaai
308276164 2539716
308292998 54902037
308344772 yuanlaiyaai 308292998 54902037
308347397 4778143
308348515 54950071
308382956 LunaSunny
308390414 2820406
308394116 50557450
308416967 ciaciachen
308434768 yuanlaiyaai 308390414 2820406
308449404 qin5aide0
308475876 54902037 308344772 yuanlaiyaai
308493208 yuanlaiyaai 308475876 54902037
308518865 54902037 308493208 yuanlaiyaai
308520995 3388365
308521133 3495505
308544443 yuanlaiyaai 308518865 54902037
308546181 27580251
308547049 aimar 308544443 yuanlaiyaai
308550129 yuanlaiyaai 308547049 aimar
308630828 2820406
308671248 54902037 308544443 yuanlaiyaai
308676243 53612739
308679594 2820406
308716507 yuanlaiyaai
308716599 yuanlaiyaai 308676243 53612739
308726537 2820406
308727201 4638178
308727219 2820406
308732076 53612739
332319411 3496317
332340374 yuanlaiyaai 332244131 50195266
332340496 yuanlaiyaai 332276322 48914580
332345173 48027730
332356375 yvoneye
332360389 yvoneye 325623461 xiaozhu22
332395784 yuanlaiyaai 332356375 yvoneye
332405827 yvoneye 332395784 yuanlaiyaai
332406069 yvoneye
332444357 yuanlaiyaai 332406069 yvoneye
332448461 24576319
332477639 4371750 331953227 yuanlaiyaai
332514216 yuanlaiyaai 332477639 4371750
332537274 yuanlaiyaai 332448461 24576319
332549559 53706175
332565543 carioca
332573707 4371750 332514216 yuanlaiyaai
332574227 yuanlaiyaai 332565543 carioca
332574616 yuanlaiyaai 332573707 4371750
332607602 3640629
332616731 yuanlaiyaai 332607602 3640629
332620235 qiaoqingxin
332684717 godblesstanya
332710238 13722052
332710280 13722052
332777648 osearay
332780126 51055324
332792188 JOYXIE23
332792494 tokiteddy
332828395 3395223
332906794 yuanlaiyaai 332684717 godblesstanya
332907097 godblesstanya 332906794 yuanlaiyaai
332908238 yuanlaiyaai 332907097 godblesstanya
332963522 godblesstanya 332908238 yuanlaiyaai
332975439 yuanlaiyaai 332963522 godblesstanya
332978738 godblesstanya 332975439 yuanlaiyaai
332979545 yuanlaiyaai 332978738 godblesstanya
333038677 godblesstanya 332979545 yuanlaiyaai
333039050 yuanlaiyaai 333038677 godblesstanya
333051017 3489514
333052171 zhoujialin
333063092 49399464
333063457 47546544
333268659 yuanlaiyaai 333052171 zhoujialin
333281120 Lovemeeveryday
333281610 xin1105
333281830 godblesstanya 333039050 yuanlaiyaai
343490798 yuanlaiyaai
343496838 sokin
333347161 yuanlaiyaai 333281830 godblesstanya
343815027 41499868
333347208 yuanlaiyaai 333281120 Lovemeeveryday
344154365 z2011
333348444 zetababy
344472322 buzaibuzai
333357792 50616890
344535000 yuanlaiyaai
344567484 47866207
333393745 57458780 286832156 yuanlaiyaai
344858572 yuanlaiyaai 344567484 47866207
333413073 yuanlaiyaai 333357792 50616890
344868972 59215245
333414559 yuanlaiyaai 333393745 57458780
344873410 lanran 286837280 yuanlaiyaai
333421874 50616890
344873712 yuanlaiyaai 344873410 lanran
333427536 57458780 333414559 yuanlaiyaai
344876078 lanran
333434752 yuanlaiyaai 333427536 57458780
344902365 yuanlaiyaai
333437630 yuanlaiyaai 333421874 50616890
345952611 47866207
346134551 atte
333438165 yuanlaiyaai 333421874 50616890
346345538 yuanlaiyaai 345952611 47866207
333523737 57458780 333434752 yuanlaiyaai
346392237 3958939
333529448 yuanlaiyaai 333523737 57458780
346392744 3958939
333535090 2300993
346406870 3958939
333596877 40850821
346415313 50852966
333648706 yuanlaiyaai 333535090 2300993
346415825 yuanlaiyaai 346392237 3958939
333648751 yuanlaiyaai 333596877 40850821
346421102 50852966 346415313 50852966
333952588 40850821
346537224 3958939
333984430 yuanlaiyaai 333952588 40850821
346537673 3958939
333990776 41142564
346601380 4224058
333994121 40850821 333984430 yuanlaiyaai
346635771 yuanlaiyaai 346537224 3958939
346641183 4224058
334003117 yuanlaiyaai 333994121 40850821
346641735 4224058
334040662 48297379
346735527 3958939
334184198 4219314
346814760 yuanlaiyaai 346735527 3958939
334230955 yuanlaiyaai 334040662 48297379
346814957 yuanlaiyaai
334481878 SANZOU 334230955 yuanlaiyaai
346826668 SuperMarioHSU
334510312 yuanlaiyaai 334481878 SANZOU
346836143 3958939 346635771 yuanlaiyaai
334527212 SANZOU 334510312 yuanlaiyaai
346846898 yuanlaiyaai 346836143 3958939
334533319 yuanlaiyaai 334527212 SANZOU
346866329 34740405
347040440 2089766
334552029 SANZOU 334533319 yuanlaiyaai
347096774 yuanlaiyaai 347040440 2089766
334552760 yuanlaiyaai 334552029 SANZOU
347249812 39421864
334559222 1752797
347473892 2839453
347571093 2063305
334566565 SANZOU 334552760 yuanlaiyaai
347582879 3958939
334586610 yuanlaiyaai 334566565 SANZOU
347600573 60335946
335741143 58799161
347708251 yuanlaiyaai 347582879 3958939
335744166 zhangby2
347723111 44301281 289107227 yuanlaiyaai
336615802 42015736 333648706 yuanlaiyaai
336621394 56633799
347731266 yuanlaiyaai 347723111 44301281
347746142 yuanlaiyaai
336628483 yuanlaiyaai 335741143 58799161
347790041 58934049
336628567 yuanlaiyaai 335744166 zhangby2
347956941 yuanlaiyaai 347600573 60335946
336660012 1485877
336696608 58793595
347974863 60335946 347956941 yuanlaiyaai
336721962 zhangby2 336628567 yuanlaiyaai
347982812 wenshy
336748334 yuanlaiyaai 336721962 zhangby2
348004926 yuanlaiyaai 347974863 60335946
336872327 34089643
349240145 yuanlaiyaai
336873090 daisyg
352154900 yuanlaiyaai
349443895 4590469
337041701 yuanlaiyaai 336872327 34089643
349449901 xiaomaomiaomiao
337049284 46561282
352154992 yuanlaiyaai
337049687 51064674
349459767 Yi_June
352175059 43180147 352154900 yuanlaiyaai
349460836 MeMeLT
337051445 46561282
349505829 xulingjun
352175585 yuanlaiyaai 352175059 43180147
337057602 persicalee
337073044 aqkz
349700294 yuanlaiyaai 349459767 Yi_June
352212110 tgsbye
352595334 44301281
349813559 ximeimei
352598640 57472845
350455558 yuanlaiyaai 349813559 ximeimei
351284342 62009277
352672350 yuanlaiyaai 352595334 44301281
352672458 yuanlaiyaai 352598640 57472845
351287455 fengcp
353145749 49143432
351437495 yuanlaiyaai 351284342 62009277
351437601 yuanlaiyaai 351287455 fengcp
351458696 40391236
351486386 godblesstanya
351510180 yuanlaiyaai 351458696 40391236
353148694 33609403
353149831 oceanlove
351510523 yuanlaiyaai 351486386 godblesstanya
353210991 yuanlaiyaai 353145749 49143432
351514570 godblesstanya 351510523 yuanlaiyaai
351519684 40391236
353211061 yuanlaiyaai 353148694 33609403
351540476 yuanlaiyaai 351519684 40391236
353233663 49143432 353210991 yuanlaiyaai
351540601 yuanlaiyaai 351514570 godblesstanya
353245961 33609403
351549221 godblesstanya 351540601 yuanlaiyaai
351550536 love19347310
353268155 yuanlaiyaai 353233663 49143432
353268186 yuanlaiyaai 353245961 33609403
353272932 49143432 353268155 yuanlaiyaai
353287293 yuanlaiyaai 353272932 49143432
351555100 anan_0925
351559913 yuanlaiyaai 351550536 love19347310
351585297 love19347310 351559913 yuanlaiyaai
353297763 49143432 353287293 yuanlaiyaai
351590627 3049380
353313340 59651778 286834647 yuanlaiyaai
353629161 43058813
363573743 ljyt
363574489 ljyt
353913173 yuanlaiyaai 353629161 43058813
351621087 yuanlaiyaai
351627381 3054972
353973287 49762339
363593273 ggai
354039140 3135370
351735144 fengcp 351437601 yuanlaiyaai
354046932 csb
363594918 yuanlaiyaai
351757971 yuanlaiyaai 351627381 3054972
354126871 60372684
363595041 yuanlaiyaai 363593273 ggai
351758244 yuanlaiyaai 351735144 fengcp
354132094 52984821
354747940 40789862
351872620 fengcp 351758244 yuanlaiyaai
363638342 58841103
351892420 yuanlaiyaai 351872620 fengcp
355109320 yuanlaiyaai 353233663 49143432
363640518 iyding
351908268 tgsbye
355207679 49143432 355109320 yuanlaiyaai
363653567 yuanlaiyaai 363638342 58841103
351908301 tgsbye
355230676 yuanlaiyaai 355207679 49143432
351909480 oQueeno
363653675 yuanlaiyaai 363640518 iyding
352046775 yuanlaiyaai 351908268 tgsbye
355363672 49143432 355230676 yuanlaiyaai
363656652 41265625
352096312 tgsbye 352046775 yuanlaiyaai
355382980 bluewatch
363657340 SANZOU
352099352 30290719
355384778 yuanlaiyaai 355382980 bluewatch
363671773 58841103 363653567 yuanlaiyaai
357241656 50346068
352119304 yuanlaiyaai 352099352 30290719
357251192 28551035
363693598 57971076
352119376 yuanlaiyaai 352096312 tgsbye
352122970 50816673
363759992 yuanlaiyaai 363657340 SANZOU
357311040 yuanlaiyaai 357241656 50346068
357397119 62568396
352123868 2089766
357451957 49121190
352126859 lucytian
363760191 yuanlaiyaai 363671773 58841103
357592087 hang_l
352127703 yuanlaiyaai 352123868 2089766
357638634 3869536
352132126 41738440
357688987 36712692
363818130 58841103 363760191 yuanlaiyaai
352138829 43180147
357690949 crystalat
352148117 anysunshine
363818272 yuanlaiyaai
357709829 moleslee
337102730 55988970
357737408 62599891
337252622 yuanlaiyaai 337049687 51064674
357738552 62568396
363819696 58841103 363818272 yuanlaiyaai
337252855 yuanlaiyaai
357768973 1478501
363820064 yuanlaiyaai
357816151 48914580
337254297 42214232 337252855 yuanlaiyaai
357825966 55433063
337383816 60133950
337389516 2810760
338231737 4749312
358026231 yuanlaiyaai 357688987 36712692
363821569 58841103 363820064 yuanlaiyaai
363823735 yexiaocuo
358026955 yuanlaiyaai 357816151 48914580
338466983 51476179
363824667 yuanlaiyaai 363821569 58841103
358027443 yuanlaiyaai 357825966 55433063
338490707 rose1226
358032416 62568396
363827700 58841103 363824667 yuanlaiyaai
338510790 yuanlaiyaai 338490707 rose1226
358047978 45517162
338511416 Olivia-h
363830784 yuanlaiyaai 363827700 58841103
358123927 xyrh
363831834 58841103 363830784 yuanlaiyaai
358305854 yuanlaiyaai 358032416 62568396
338511943 54934896
363834155 25705715
358307283 59257154
358324704 26354145
363840229 yuanlaiyaai 363831834 58841103
338514684 yuanlaiyaai 338511943 54934896
363852166 2733408
338517053 54934896 338514684 yuanlaiyaai
358944599 yuanlaiyaai 358324704 26354145
363854418 58841103 363840229 yuanlaiyaai
338519523 rotam
359220422 shuo1991
338519600 rotam
359508277 40450839
363863043 yuanlaiyaai 363854418 58841103
338519817 rotam
359529196 sylarx
338524927 yuanlaiyaai
371969936 2252419 291351155 yuanlaiyaai
338525093 yuanlaiyaai 338519817 rotam
359543644 yuanlaiyaai 359529196 sylarx
371976920 yuanlaiyaai
359544101 sylarx 359543644 yuanlaiyaai
338740909 rotam 338525093 yuanlaiyaai
371981014 2252419 371976920 yuanlaiyaai
359545051 yuanlaiyaai 359544101 sylarx
338784350 yuanlaiyaai 338740909 rotam
371987728 yuanlaiyaai 371981014 2252419
359547699 sylarx
338825728 rotam 338784350 yuanlaiyaai
371989986 1467697
359623980 yuanlaiyaai 359547699 sylarx
359767194 xiaopb
338830180 yuanlaiyaai 338825728 rotam
371994950 2252419 371987728 yuanlaiyaai
359771405 58436147
338830923 rotam 338830180 yuanlaiyaai
359987632 48333371
371997281 yuanlaiyaai
360166869 48914580
338831259 rotam
360417346 rernse
372012078 2252419 371997281 yuanlaiyaai
360468433 s-erbai
372013770 yuanlaiyaai
338836002 3930090 286977677 yuanlaiyaai
372019622 59015777
338848140 yuanlaiyaai 338831259 rotam
360617034 yuanlaiyaai 359771405 58436147
372031389 1769930
360617094 yuanlaiyaai 360166869 48914580
372102080 2252419 372013770 yuanlaiyaai
338850561 rotam 338848140 yuanlaiyaai
362023603 SANZOU
372104407 SalanC
362024817 cherryin9
372112335 yuanlaiyaai 372019622 59015777
362348905 yuanlaiyaai 362023603 SANZOU
338881455 yuanlaiyaai 338850561 rotam
362423158 38659368
338906583 rotam 338881455 yuanlaiyaai
372112553 yuanlaiyaai 372104407 SalanC
362644135 yuanlaiyaai 362423158 38659368
338922467 yuanlaiyaai 338906583 rotam
372112732 yuanlaiyaai
363397338 48343421
372114432 caramel_G
363420685 44089409
372116338 SalanC
363422416 rabbitsheila
338924063 rotam 338922467 yuanlaiyaai
372118718 2252419 372112732 yuanlaiyaai
363431712 49156125
338925076 yuanlaiyaai 338924063 rotam
372123043 suki5201069
338928093 49630862
372190413 40642781
363452139 yuanlaiyaai 363422416 rabbitsheila
339052765 rotam 338925076 yuanlaiyaai
372203220 52569387
363456555 58841103
372203440 annonymous
339118574 yuanlaiyaai 339052765 rotam
363458328 yuanlaiyaai 363456555 58841103
372210789 60488832 363594918 yuanlaiyaai
372219840 56110502
339162991 rotam 339118574 yuanlaiyaai
363476762 rabbitsheila 363452139 yuanlaiyaai
372223596 yuanlaiyaai 372203440 annonymous
339177058 binfenai
339185148 singol
363477288 yuanlaiyaai 363476762 rabbitsheila
372240036 yuanlaiyaai 372223596 yuanlaiyaai
339200778 1897051
372240983 abbey-L
339201666 yuanlaiyaai 339177058 binfenai
363495649 45509034
339255785 chentontongtong
372242022 annonymous 372240036 yuanlaiyaai
339378473 yuanlaiyaai 339255785 chentontongtong
363533999 58841103 363458328 yuanlaiyaai
372262439 3790469
372262962 hellohillary
339793101 cloverxy
363537664 yuanlaiyaai
372265928 yuanlaiyaai 372242022 annonymous
363538391 ggai
363540167 44473202
340083384 yuanlaiyaai 339793101 cloverxy
372266419 yuanlaiyaai 372262962 hellohillary
340095598 45235384
363546821 58841103 363537664 yuanlaiyaai
372269328 19481906
340145328 3168160
363569275 yuanlaiyaai 363538391 ggai
372270129 freshsunflower
340527700 huaer.duoduo
363569447 yuanlaiyaai 363540167 44473202
340528636 bio7
372312403 4024435
363569612 yuanlaiyaai 363546821 58841103
340802659 2375408
372312875 4024435
372331841 annonymous 372265928 yuanlaiyaai
340804095 SantiagoY
372333342 yuanlaiyaai 372269328 19481906
340962674 48333371
372333429 yuanlaiyaai 372312403 4024435
341368293 yuanlaiyaai 340804095 SantiagoY
372337005 51455681
341373579 reddancingshoes
372337019 3986230
341399481 yuanlaiyaai 341373579 reddancingshoes
372363054 xwhite
372373912 34708293
341509156 reddancingshoes 341399481 yuanlaiyaai
341509547 yuanlaiyaai 341509156 reddancingshoes
341514228 barbieq 337252855 yuanlaiyaai
372380886 dollpinkie
341526201 49906023
372382809 Woo55555
372387850 52122177
341526996 49906023 307961832 yuanlaiyaai
341527964 41901826
372413681 yuanlaiyaai 372337005 51455681
341528450 yuanlaiyaai 341526996 49906023
372413813 yuanlaiyaai 372382809 Woo55555
341531484 28088228
372413996 yuanlaiyaai 372380886 dollpinkie
341538891 49906023 332514216 yuanlaiyaai
372414209 yuanlaiyaai 372337019 3986230
341540301 49906023 341531484 28088228
372414883 Woo55555
341543255 49906023
372416116 dollpinkie 372413996 yuanlaiyaai
341548355 yuanlaiyaai 341531484 28088228
372416652 yuanlaiyaai 372416116 dollpinkie
341548507 yuanlaiyaai 341538891 49906023
372422147 dollpinkie 372416652 yuanlaiyaai
341548950 yuanlaiyaai 341543255 49906023
372422465 dollpinkie 372416652 yuanlaiyaai
372422891 58003849
341576298 49906023 341548950 yuanlaiyaai
372423151 dollpinkie
341578968 yuanlaiyaai 341576298 49906023
372432532 dollpinkie
341582908 3923443
372436659 46235545
341583636 49906023 341578968 yuanlaiyaai
372463267 41394631
341609943 yuanlaiyaai 341583636 49906023
372481593 yuanlaiyaai 372422465 dollpinkie
341614271 26025091
372482314 yuanlaiyaai 372422891 58003849
341637035 yuanlaiyaai 341614271 26025091
372482522 yuanlaiyaai 372432532 dollpinkie
341656584 49906023 341609943 yuanlaiyaai
341677883 53080934
372483134 yuanlaiyaai 372463267 41394631
372489042 connic
341684556 yuanlaiyaai 341656584 49906023
372490794 35960188
341693465 49906023 341684556 yuanlaiyaai
372490893 35960188
341719613 hazychou
372506085 61543029
341732154 28088228 341548355 yuanlaiyaai
372506309 61543029
341732300 28088228 341540301 49906023
341735956 33337697
341784565 yuanlaiyaai
342238160 reddancingshoes 341509547 yuanlaiyaai
342242516 yuanlaiyaai 342238160 reddancingshoes
342301960 SANZOU 342242516 yuanlaiyaai
342306397 reddancingshoes
342351418 yuanlaiyaai 342301960 SANZOU
342351505 yuanlaiyaai 342306397 reddancingshoes
342558047 reddancingshoes
342561193 Fai-Cai
342720909 yuanlaiyaai 342558047 reddancingshoes
342839703 2246509
343166318 56378487
343167678 lovebeans
343167688 lovebeans
343167699 lovebeans
343167709 lovebeans
372508090 kiwiiii
372517683 dollpinkie 372482522 yuanlaiyaai
372519714 iyding
372531734 G_smile
372536786 yuanlaiyaai 372506309 61543029
372536954 yuanlaiyaai 372490794 35960188
372537175 yuanlaiyaai
372539539 28352156
372544278 dollpinkie 372537175 yuanlaiyaai
372546035 neverland19
372561266 dollpinkie 372544278 dollpinkie
372562278 yuanlaiyaai 372544278 dollpinkie
372563745 yuanlaiyaai 372561266 dollpinkie
372564117 yuanlaiyaai 372539539 28352156
372564396 dollpinkie 372563745 yuanlaiyaai
372573211 yuanlaiyaai
372581956 dollpinkie 372573211 yuanlaiyaai
372588470 59651778
372630677 yuanlaiyaai
372662059 57458780 372564117 yuanlaiyaai
372673516 ryoyuma
372674152 ryoyuma 372662059 57458780
372739949 yuanlaiyaai 372674152 ryoyuma
372870846 57458780 372674152 ryoyuma
372871412 57458780 372739949 yuanlaiyaai
372875620 Hedy_z
372914890 yuanlaiyaai 372871412 57458780
372915609 48726924
372923272 33431487
372935205 reddancingshoes 372337019 3986230
372946596 1085473 372870846 57458780
372947547 1085473 372539539 28352156
372948007 1085473 372506309 61543029
372950669 1085473 372463267 41394631
372951997 1085473 363538391 ggai
372957719 62141146
372962860 ggai 372951997 1085473
372981289 1085473 372962860 ggai
372986866 28352156 372947547 1085473
372988958 1085473
372989405 57458780 372914890 yuanlaiyaai
372989681 57458780 372946596 1085473
372990791 41515044
372994354 37564370
373028124 60424417
373040260 ggai 372981289 1085473
373067420 yuanlaiyaai
373067934 yuanlaiyaai 372957719 62141146
373068213 yuanlaiyaai 373040260 ggai
373076416 41515044
373163768 53786754
373217290 58468257
373243947 46981172
373435445 iyding
373470650 47604751
373489635 4465739
373523648 yuanlaiyaai 373076416 41515044
373523752 yuanlaiyaai 373435445 iyding
373523943 yuanlaiyaai 373243947 46981172
373524195 yuanlaiyaai 373470650 47604751
373628158 46981172 373523943 yuanlaiyaai
373640790 lovemyLD
373642351 yuanlaiyaai 373628158 46981172
373642584 shuiyangchenyan
373711786 46981172 373642351 yuanlaiyaai
373797645 yuanlaiyaai 373711786 46981172
373809714 46981172 373797645 yuanlaiyaai
373815047 48937793
375572200 41271558
384265323 47862747
384387444 Mia1110
384441519 Yan323
384444616 35389815
384455822 40684249
384457111 yaya890401
384457146 yaya890401
384512184 Christian77
384514392 xianini
384531088 40866436
384552562 iisyu
384752792 45464201
384755855 meery52
384756665 53632641
384759861 yuanlaiyaai 384265323 47862747
384759952 yuanlaiyaai 384755855 meery52
384760066 yuanlaiyaai 384457111 yaya890401
384760487 yuanlaiyaai 384387444 Mia1110
384765112 52068353
384767983 Mia1110 384760487 yuanlaiyaai
384772599 yuanlaiyaai 384767983 Mia1110
384774271 Mia1110 384772599 yuanlaiyaai
384780891 yuanlaiyaai 384774271 Mia1110
384788528 enjoyYClee
384790318 27014623
384860204 43925349
384864480 cicisun
384866008 48385316
384868518 stedhya
384874167 52564236
384877563 2178514
384940374 61250041
384949384 41463107
384976661 48780748 294413002 yuanlaiyaai
384977281 44701159
384979580 41463107
385017286 4058454
385034793 yuanlaiyaai 384864480 cicisun
385034982 yuanlaiyaai 384790318 27014623
385035375 yuanlaiyaai 384868518 stedhya
385035768 yuanlaiyaai 384979580 41463107
385036017 yuanlaiyaai 384940374 61250041
385036195 yuanlaiyaai 385017286 4058454
385036334 yuanlaiyaai 384874167 52564236
385039667 a86247931
385042851 si555qi
385043352 CANCAN198787
385061506 41463107 385035768 yuanlaiyaai
385062251 4374538
385093720 yuanlaiyaai 385061506 41463107
385099370 59056785
385101403 10846703
385154312 XYST4XDUSTB
385156191 52564236 385036334 yuanlaiyaai
385161462 yuanlaiyaai 385154312 XYST4XDUSTB
385161764 yuanlaiyaai
385162244 52564236 385161764 yuanlaiyaai
385164052 lovepepermint
385164196 yuanlaiyaai 385162244 52564236
385165113 52564236 385164196 yuanlaiyaai
385165319 wjsayybrwtxl
385165696 yuanlaiyaai
385165906 yuanlaiyaai 385165319 wjsayybrwtxl
385171353 wjsayybrwtxl 385165906 yuanlaiyaai
385171659 52564236 385165696 yuanlaiyaai
385171825 yuanlaiyaai 385171353 wjsayybrwtxl
385172167 yuanlaiyaai 385171659 52564236
385172787 52564236 385172167 yuanlaiyaai
385173015 yuanlaiyaai 385172787 52564236
385173526 52537910
385175514 52564236 385173015 yuanlaiyaai
393086867 56027797
393087278 56027797
385177073 44852891
393116457 yuanlaiyaai
385187385 54752498
393116649 yuanlaiyaai
385194168 yuanlaiyaai 385175514 52564236
393116940 yuanlaiyaai
385214442 52564236 385194168 yuanlaiyaai
385220897 29991857
393118384 yuanlaiyaai 393086867 56027797
385224135 yuanlaiyaai 385214442 52564236
393170787 4509709 393116649 yuanlaiyaai
385327656 48579433
393173286 yuanlaiyaai 393170787 4509709
385331694 48579433
393173997 4509709 393173286 yuanlaiyaai
385397084 senses058 286832156 yuanlaiyaai
393175066 yuanlaiyaai 393173997 4509709
385409643 yuanlaiyaai 385327656 48579433
385409938 yuanlaiyaai 385397084 senses058
393178809 4509709 393175066 yuanlaiyaai
385692826 48579433
393184953 48308384
385693066 48579433
393234544 yuanlaiyaai 393184953 48308384
385712319 55330431
393534058 59886372
386344050 yuanlaiyaai 385712319 55330431
393547662 46246050
396267395 hogai
386344516 yuanlaiyaai 385692826 48579433
396277432 3831805
386373189 47862747
396325533 3800005
387237367 19757839
396330571 zouzou8
387986137 zhangziyuan 286832156 yuanlaiyaai
398201190 1487394
398202910 63114619
388076704 yuanlaiyaai 386373189 47862747
398219734 aiifor
388076843 yuanlaiyaai
398224034 3115187
388092284 zhangziyuan 388076843 yuanlaiyaai
398540662 51191185
398768923 63468822
388095500 yuanlaiyaai 388092284 zhangziyuan
398769125 61422074
388099142 2857050
398785606 57559228
388109673 19483572
398799973 63468822
388110000 dingdang0405
399102623 62296458 286895545 yuanlaiyaai
388142879 57916768
399187325 yuanlaiyaai 396330571 zouzou8
388236984 yaya890401 384760066 yuanlaiyaai
388241891 robin-fei
399187717 yuanlaiyaai 399102623 62296458
388245590 blessbell
399843030 hogai 393234544 yuanlaiyaai
388298465 45673902
400216500 1046956
388308395 54579885
400297471 66232469
389321745 yuanlaiyaai 388298465 45673902
400420929 51125957
389326635 sywyoyo
400481316 jjm
389329125 45673902 389321745 yuanlaiyaai
400492028 43140268 287027145 yuanlaiyaai
389334410 yuanlaiyaai 389329125 45673902
400492280 43140268 400481316 jjm
400493665 cccccco
389396034 45673902 389334410 yuanlaiyaai
400496835 yuanlaiyaai 400216500 1046956
389448915 yuanlaiyaai 389396034 45673902
389590174 50346068
400497290 yuanlaiyaai 400481316 jjm
392330406 47250459
400497461 2488132
392414773 46332832
400530172 22251803
392616553 4509709
400538255 hizai 353145749 49143432
392623325 49196465
400539529 weixiao321
392631024 49736546
392631733 64799329
400557139 yuanlaiyaai 400538255 hizai
392697720 hey.brio
400558428 hizai
392698358 tomorrow88
400562284 hizai 400539529 weixiao321
392723668 48308384
400589340 58654662
392861379 vivier594
400641525 jenning_S
392955801 wyt0317
400650471 48806989
392969655 42874903
400663015 2534301
392971948 YYCELERY
400803831 41271558
392981427 peppermintcandy
392981429 kameaiko
400821605 66272609 296260063 40850821
393005270 49762159
400837202 66272609
393024724 48828131
401580584 godblesstanya
393059840 58828962
401804213 62324605
393066126 55342400
401822731 45350480
393082174 39245038
401863220 yuanlaiyaai 400558428 hizai
393086468 56292958
401863302 yuanlaiyaai 400641525 jenning_S
401863534 yuanlaiyaai 400821605 66272609
401863680 yuanlaiyaai 401580584 godblesstanya
401874736 godblesstanya 401863680 yuanlaiyaai
401900936 yuanlaiyaai 401874736 godblesstanya
401907530 godblesstanya 401900936 yuanlaiyaai
401910657 yuanlaiyaai 401907530 godblesstanya
414893497 41243559
414894819 yuanlaiyaai 414893497 41243559
414898981 41243559 414894819 yuanlaiyaai
414900688 45074245
414908017 yuanlaiyaai 414898981 41243559
414909583 64191265 292058142 yuanlaiyaai
414928266 yuanlaiyaai 414909583 64191265
415058291 64191265 414928266 yuanlaiyaai
415059762 inmars
