288775292 hellodaylight
288775756 hellodaylight
288776087 hellodaylight
288776320 3709198
288776355 45187756
288776362 chenzhaozhao
288776461 1499607
288776515 3709198
288776543 justradio
288776740 Duen.Z
288777011 lexiaolan
288777029 hellodaylight
288777071 49473520
288777535 3709198
288777822 hellodaylight
288778595 3709198
288778895 big_peach
288779043 justradio
288779185 3709198
288779209 justradio
288779532 3709198
288779861 justradio
288780496 3709198
288780835 hellodaylight
288781037 justradio
288781143 hellodaylight
288781488 3709198
288781920 hellodaylight
288782080 3709198
288782459 clamgu
288782520 3709198
288782718 1888739
288782721 hellodaylight
288783854 3709198
288783891 40704913
288784811 summerkui
288785067 justradio
288787108 3709198
288787522 summerkui
288787837 3709198
288788018 xubin0410
288788786 summerkui
288789245 3709198
288789671 lostcat84
288790102 hellodaylight
288790227 3709198
288790776 43346057
288792177 nblinlin
288794841 vkc
288798694 chara4
288799489 47648895
288802443 30661208
288803051 orange511
288803879 yoyo12
288804008 43410413
288804637 Subwaiy
288804948 8960333
288805244 SuremoreChow
288809314 43885772
288809572 42836965
288810258 fangkuaier
288810657 52127830
288810684 52127830
288810743 4446578
288810915 3790294
288811014 xuemankeying
288811070 xuemankeying
288812861 haishini47
288813979 jinmoli
288814201 Januaryyi
288815881 Nero.
288816640 38704140
288819413 35253268
288822740 46881200
288823515 3275884
288823794 42266893
288826048 cherry528
288826331 imlittlehana
288826547 keaidesi
288826664 iloveicecream
288827284 hxmmzl
288827836 g680
288829637 41482318
288829834 3709198
288830392 3709198
288831412 3709198
288831663 queen_alice
288832436 3709198
288832791 helloleehello
288832835 summerberry
288833217 summerberry
288833762 amneisa
288834243 hellodaylight
288834366 3709198
288835216 43295029
288836949 51225229
288837367 maizi-Jia
288837673 3836643
288837844 1682787
288838284 3709198
288839818 3709198
288840200 3836643
288840269 cherry528
288840374 sunday.07_07
288841422 3518787
288841501 april1234567
288844938 49213803
288845411 holyseven
288845503 mitchdrmy
288846449 3709198
288846610 3709198
288846739 relax
288847087 naonaosun
288848962 holyseven
288849593 43295029
288851093 3709198
288851095 holyseven
288851138 hellodaylight
288851182 holyseven
288851403 holyseven
288852397 nblinlin
288852444 49213803
288852500 rouguangbaobao
288854200 hellodaylight
288864599 3836643
288866973 catye
288869728 shabibi
288870097 43956016
288871040 45198163
288871433 tianuo
288871827 4379688
288872338 kathrynkang
288872762 zhuzaishuijiao
288873488 puxiaofei
288898905 2925474
288901753 Aldrberan
288902221 hapiwq
288902392 39698369
288906502 quzhongrensan
288908660 bullshitfuck
288910502 3709198
288911309 oscar9257
288914635 40891098
288927013 xxiixx
288928299 36510059
288935043 40094112
288968331 34828635
288977660 cherry528
288990262 forever_smile
288991778 chubaobu
288994825 hellodaylight
288997409 40954310
288997559 Xus27
288997798 sevenvimi
288998448 hellodaylight
289018197 48643327
289019688 xiayueyue
289020544 42711214
289025837 dang_dang_dang
289026536 44677023
289033043 LittleS.
289038621 baily.vg
289043672 3139746
289044164 t1ng628
289057360 8397125
289059732 iyding
289061085 buku675hot
289064743 sorrow_fan
289078287 3048950
289088876 convil
289103178 buku675hot
289104114 2853564
289144124 hellodaylight
289144451 skn
289145347 49877297
289154884 2510124
289155042 lingXmin
289158063 3709198
289162222 lostcat84
289166196 3000252
289185305 6996634
289193741 sophiabsb
289194621 didaochenaili
289195353 34200295
289206872 jmix
289208120 jmix
289208338 48643327
289208779 2632749
289215800 46951514
289220922 quanquan517
289223095 av
289225251 34828721
289228478 baobaoshuo
289230378 47705503
289234671 1454383
289236243 3709198
289236511 3709198
289244397 2632749
289244539 2632749
289245601 51225229
289246606 51225229
289248857 31843178
289252370 jmix
289255578 8016345
289258925 49683500
289262734 romaweb
289272559 dayezhi
289275500 beataandmiu
289279146 42644661
289280707 qiansdyh
289282579 cherry528
289283540 3802386
289284210 cherry528
289285917 51461162
289288085 jianxiong
289302301 3709198
289303140 37074931
289305294 3709198
289305521 3709198
289308439 3709198
289309440 48903565
289317238 48730305
289323496 37074931
289325275 2773570
289326816 yeah-yeah-yeahs
289339388 meiyea
289364980 TinyRed
289371929 zyckzl
289397064 39275852
289398088 3709198
289424838 51225229
289436992 contagioussss
289459540 contagioussss
289459827 LuckyStrikeF
289462915 popzoe
289484641 16487568
289485719 32769082
289566598 summer89
289569521 zhoulishiqiu
289570891 37805219
289584940 3709198
289590313 daisy_cheung
289592938 hellodaylight
289598890 49699004
289608120 angelales
289611119 zaishilaozi
289612477 3709198
289614627 zit0131
289618592 septembermo
289645716 xinyicheerup
289649913 2806993
289661325 michelle825
289671417 30741192
289680868 sexyjuice
289708971 3557901
289709329 yanxinxin
289713959 4156106
289714769 ParanoidKid
289720295 47298612
289726185 muaka
289728641 muaka
289730149 2124549
289731523 48963501
289751015 25995384
289756126 3709198
289756286 3709198
289756641 3709198
289758535 ParanoidKid
289760429 47671162
289763498 medusa_mia
289764575 albeedesert
289766134 lightstorm
289785117 hellodaylight
289792749 greatjean
289804673 suyusu
289807538 ssdlh
289833612 3366801
289846948 devilnora
289868802 51216225
289879614 3442303
289897799 48294645
289899044 huohuoa
289900304 carelessxm
289907324 49699004
289924878 16756598
289931660 31787100
289952567 3709198
289957147 32469797
289967730 guiqulaixi
289975093 ginny_sc
289981685 xueleibingxin
289983902 50293575
289988014 yeyiyi
289988677 julysunflower
289993811 49213803
290015805 28353083
290019257 3240985
290024318 51142481
290034114 43058813
290035110 friendsbar
293140416 55578277
293141221 blackpiggy
293141292 35543524
293476593 54892931
293480292 1705079
293487473 spritevikky
293633634 47101024
293645050 47255950
293718289 55025322
293737813 moemoeduck
293739768 51265370
293745611 3619211
293771444 vanunu
293793855 55382663
293794903 sutoto
293796769 4185067
293801865 43000180
293820300 yeyiyi
293827236 43000180
293832550 4185067
293912641 4024435
293923551 pcblayout
293924321 2806993
293925912 yangrong
293955284 Varae
294152563 guaguali
294212190 45727227
294213236 hohop
294213867 llllam
294237479 55851854
295782971 44925029
295785287 greennedays
295884179 liuyajing811025
295889331 51969376
295908112 tsiyan
295926445 khalil-chili
295984830 elaine1114
295986817 Qseveny
295990088 MrsBaloch
296120045 elaine1114
296121423 26535221
296122057 pansy11
296122267 28963190
296125905 ecstasyDC
296141286 cherry528
296163449 2246509
296163781 SERENALIN
296177589 37643916
296184997 kumajuju
296271614 3653995
296355138 53936271
296360464 vivi.d
296536765 46256611
296559276 51055351
296597344 43861513
296609555 44089409
296893181 fuckingoff
298335242 3377445
298337025 chixixiaoyu228
298342074 enchanter0606
298344808 53678053
298345634 Yi_June
298347872 45633373
298440977 limbopp
298531613 love4568
298533298 orange2vic
298534618 vegin
298598521 guoaguozi
298665805 4635996
298672477 ifthereisoneday
298776896 daybreaking
298777479 elikea
298779023 48192607
298781324 xing245658239
298782449 felizfelize
298817918 3619211
298847397 missjulia1115
298892208 flaura
298958916 kongfanfan
299052040 joylan
299115716 47214768
299317070 princehan
299455587 2970039
299469292 zhjulia123
299540791 3223198
299596496 bei19890221
299605397 addiction_15
299683244 47434871
299695784 3788707
299766943 50124811
299792484 43861513
299827742 miao722
299832922 yeah-yeah-yeahs
299839487 1540449
299854800 42570768
299889817 sweetheartso
299925179 46039581
299934206 oksleeptims
299935896 46755827
299936952 dearmia
299960031 little_bird
299962603 xoxo_ms
299966599 42812439
299969502 xoxo_ms
300060884 49156733
300129688 muamia
300134878 blacoffee
300206753 46369628
301050610 zozoe
301190148 33025547
301194351 3529317
301216706 50286508
301225803 43885501
301306731 aivin777
301308481 leslie-y
301309037 lalayeah
301309496 55912912
301348094 2267795
301348170 karmaeh
301366213 shanghai11
301389253 q1mj
301394185 50960588
301496826 netochka
301566345 2731306
301568353 36018711
301571974 41850333
301586948 51845004
301594234 silvia213
302076726 53955434
302628619 47401967
302927758 54991537
303251558 bettyvicious
303255354 Audream
303257765 48225396
303259892 SBboy
303262361 faxie
303271487 Magicbobbi
303282886 vicki.c
303302428 30915866
303396389 55998424
303403726 venla
303405516 misscurious
303531593 2980076
303542810 47910437
303586716 4417540
303609952 momocj
303615265 3184442
303626460 2686371
303633540 39228838
303666462 41224610
303667825 Daxid
303672216 8197485
303672494 herb-tea
303672844 ruby199204
303673280 2675567
303678045 MavisChau
303694468 37770382
303695384 4559511
303718636 lxh_raffaella
303724896 wlan_xian
303724953 2377525
303725742 40373491
303730288 dulanduo
303731416 4642883
303732150 16648574
303735025 xiaoxiongmaoyx
303750776 46243918
303751827 8952275
303753292 1743073
303753622 4481712
303753896 supersaiku
303760498 43785112
303769519 40495451
303771736 matilda789
303781697 2501927
303789609 2161866
303799901 45433701
303830232 rainbowei
303845842 1617724
303861279 2788443
303862752 cheer312
303955295 tianlei1119
304492591 44454037
304495473 48269903
304561462 i_KiDing
304562261 i_KiDing
304562693 i_KiDing
304562832 i_KiDing
304583867 missguzi
304585739 carina-cat
304589160 48932933
304592805 1617724
304594919 ProfessorChen
304597278 wushengecho
304658646 vasman
304706477 tana323
304706951 48366178
304707389 hellodaylight
304720732 vivian1991
304739708 46243918
290035205 friendsbar
290058873 2238984
290062231 sensen915
290065484 hellodaylight
290066730 yewlee
290068125 cleancityin1988
290081361 jmix
290085332 zerozaki_kagami
290097895 3709198
290121318 4060212
290253970 14323530
290254260 35987890
290263373 xueleibingxin
290282209 44975769
290287562 40891098
290292635 michelleignore
290307052 mochasky
290395296 wuyuekuangxia
290405517 hellodaylight
290407383 av
290649583 qiansdyh
290681966 yishuishuo
290693998 hellodaylight
290767245 49221705
290815028 nowdow
290817112 2875804
290827565 28205651
290827703 qiuqiongxu
290829858 28205651
290832972 48844415
290836186 leemin_tu
290840291 smonus
290849897 27672588
290850367 5580854
290850888 ksy.
290851654 5580854
290852029 vivi-rainbow
290894263 46723737
290936401 2875804
290938897 ParanoidKid
291043920 49845955
291056800 hellodaylight
291060147 49845955
291060795 49845955
291061233 tata419
291062591 hellodaylight
291066438 1830681
291071918 49845955
291089942 2875804
291195669 xiangbuchu
291219287 cherry528
291219934 3042979
291230070 AzurePetal
291236228 hellodaylight
291267214 43410413
291291191 3709198
291297332 hualishu
291310621 sutoto
291315320 54950422
291363600 hellodaylight
291372911 3527056
291378561 diyichulian
291460877 juemonce
291560662 yuet
291671383 cherry528
291672192 hellodaylight
291672418 cherry528
291708538 34405463
291709227 c099
291709394 c099
291742120 detriny
291772404 43910643
291832699 jmix
292313262 fjfjfj
292319300 53128584
292397269 2875804
292399381 35987890
292406425 auroragd
292409099 4606090
292423123 9260407
292426314 Yi_June
292535294 4280882
292562747 orchidlucy
292563019 2510124
292579447 54238274
292584620 2904730
292670816 sure1990
292676928 4572131
292786878 3619211
292796624 NAROOOOO
292796691 NAROOOOO
292900122 Halo_effect
292940089 3042979
292942830 Yi_June
293053686 10286587
293064668 queban92
293066606 49447708
293068059 LEMon-JFM
293075903 47220831
293125291 cherry528
304740393 32394542
304749992 beautifui
304754037 4267527
304756450 54441048
304761645 49108368
304762838 helloditto
304812525 1802336
304814166 yiyufenhan
304835511 53448948
304839573 haoimagine
304882209 ccalifo
304886052 Never_mind
304935073 3709198
304983892 babyneonsay
304985288 wangrong521
304987414 tanyuhong
304989570 Tose
304989642 woyaozuodahema
305024591 2544380
305026212 38046879
305026286 for-underworld
305039544 kameaiko
305130026 xnmo
305132514 spring328
305138228 forever.b
305168760 54567362
305413725 hellodaylight
305419749 Lostmisa
305489189 aimo03
305813511 sssomebody
305821522 2820406
305965805 lorna816
306242397 36065536
306410450 53835715 288864599 3836643
306411161 53835715 288911309 oscar9257
306454110 2142314
306474699 49686060
306624300 lovae
306676036 44417593
307000873 leerlala
307038967 carelessxm
307218590 fangchen
307218861 catttttttttt
307317426 palace
307459530 39561069
307546664 50853952
307565141 2405891
307793545 lily1208
307927752 seven000
308053009 phoenixfff
308220614 1935099
308230390 da-xiong-mao
308244385 57578366 307317426 palace
308248240 nanmomo 301306731 aivin777
308280376 sutoto
308527684 49560350
308622407 aivin777 308248240 nanmomo
308762820 2584645
308820861 d5dy
308832321 56236830
308885403 sennikk
308890530 3082632
308892491 51321506
308910961 zhuzidan
308913171 55670986
308932901 palace 308244385 57578366
308935358 32837946
308974132 34182751
308974726 1918032
308981967 v.y
308988056 41001358
309004346 pnwong
309029116 4092155
309289822 1479978
309313213 caylcyx
309810053 57152547
309853308 54909603
309854583 lulalala
310544136 50218716
310673689 57601523 288826048 cherry528
310690109 4432654
310690701 50973797
310691643 33919837
310703132 NCR
310708191 57631780
310712305 48941995
310758000 52812680
310803027 loment
311847454 yooki
311867777 moukey
311869240 kubierque
311869522 38138389
311914993 firp825 305024591 2544380
311915232 firp825
311921425 chenchen3036
311966742 yooki
311967330 38388889 307317426 palace
312316866 4152712
312398958 38388889
312399021 38388889
321519657 3473623
321530270 22418503
321532675 growingrong
321558610 45943737
321570862 4198419
321701803 51708309
321748742 ziwubucai
321770554 cherry528
321779019 yamiyuki
321864378 liwei10000 321770554 cherry528
321866502 51078620
321874581 maomaoxiaojie
321900066 27751864
322226201 Rosa_multiflor
322497616 saoirse
322526274 lovezhx
322551199 1866794
322579288 48213384
322652622 jo_ada
322661564 3039819
323235921 55021676
323244689 50516361
323269199 sjnwxixi
323272702 shcjx0414
323358633 48494718
324070252 3923045
324103234 51568828
324106954 3709198 324103234 51568828
324126530 51568828 324106954 3709198
324130365 3709198 324126530 51568828
324599824 catneck
324603033 zhoulishiqiu
324636222 47581930
324745161 qyschloe
324748555 35694255
324749440 nianhuaweibie
324758267 newtranquil
324759710 yclnjj
324762428 mushro
325139979 milkzzs
325827272 48227684
325902336 realist
326275551 1904200
326516553 42629467
326763097 50547198
326763313 cinderfish
326766546 28168206
326767990 39619456
326768075 songofwind
326769130 sophie_suh
326774141 joyou
326800039 lqclhlove
326803467 lanny0926
326811753 2774837
326812921 gummy
326813530 gummy
326823128 Cacid
326834352 Lotus-love
326855789 hee-line
326875277 mib1985
326905076 42311684
326911667 3429816
327012066 45657471
327109885 annabel828
327171991 46746515
327197891 sumiaoshiguang
327300068 17390770
327327107 4369699 288826048 cherry528
327338767 30588727
327342336 3567761
327348530 54340616
327356185 zhi_cao
327391840 tinytearsdrop
327405945 Cybelesmile
327408822 33539442
327410327 clearuphe
327453362 33539442
327455870 47535606
327461215 YANYUYU
327470132 janeccy
327474091 vanessaa
327745976 36008787
327872109 36008787
327878617 50126860
327883810 51274626
328312369 53080934
328548342 54116362
328883233 58494009
328884872 58494009 327474091 vanessaa
328967687 carmenfan
329006638 CindyChen123
329229592 charlotteslow
329267592 beautifulkb
329295792 zhina
330498200 58462933
330498912 lucymouse
330504118 sx18
330507008 50144618
330511071 hpcat0119
330813851 1485877
331577726 51245014
332590724 27797122
333372334 48303081
333382064 43859346
333479718 mintdream
333525390 59967851
333525765 helone
333535400 53137337
333561264 3305891
333562609 54204356
333562906 fan.fancy
333562915 seesken
335416044 3227193
335462439 37263878
335462780 44268286
335469722 47011437
335472616 41979916
335473565 10346700
335475626 52122177
335484744 sheldonmyf
335489874 42135569
335493489 ginnyG
335497958 47530117
335594120 miayang
335599403 34174318
335737631 2999003
335997828 43642284
335998745 53079035
336003522 54473705
336026712 46873059
336032217 chris7soul
336033449 46289084
336036020 laopozi
336050954 36471642
336050988 36471642
336409692 44630559
337400029 38728809
337410247 38728809
337558686 Maggie00
338050856 4378081
338059296 51555898
338065655 46206709
338230250 4749312
341430249 HelloBunny
341431664 44701159
341445185 43545088
343450660 seerless
343452188 seerless 322551199 1866794
343461712 35182512
345132421 50662246
345251361 cristine11
345276747 3844296
345281303 61137134
345316596 gerzer
345331721 3044951
345339604 46517767
345660647 4481712
345820128 47530117 337410247 38728809
346334033 48498521
346879041 54216769 289018197 48643327
346880563 54216769
346881744 54216769
346886298 fucky0u
346886515 40487135
346898354 hbqinter
346900826 4749312
346900831 4749312
346900833 4749312
347333534 61435937
347350441 47514656 346886298 fucky0u
349507117 41777380
349638418 43974081 288776320 3709198
349641039 43974081 288788018 xubin0410
349641881 43974081 343450660 seerless
349647657 irisfish 349641881 43974081
349649630 43974081 324126530 51568828
349671608 2871385
349672923 yukeyrong
349673201 61840238
349685143 grace098709
349695428 cemily
349752701 56616209
349754212 43327285
349758271 momoshim
350931412 NAROOOOO
351271601 46566858
351272387 57406246
351273841 2136062
354577329 48598023
354642055 tangfe48
354645761 pp9095
354647909 lulusheep
355285255 48643327 346879041 54216769
355289092 dansx
355349716 35486198
355355975 37567011
355358076 a0623
355810407 1707961
355852151 morning22
355930608 1540939
355932757 zhaoxuanboa
355938552 54241328
355939464 2637631
355942905 52063810
355952085 50217791
356441533 55651857
356445854 61586179
357494509 33416472
357512270 40901036
357548604 52157777
357554437 qiqi0725
357557680 43693157
357560782 2682206
357588942 49981821
357608262 48443202
357610087 51628297
357618511 52242726
357620241 50423002
357620754 59117339
357622185 jing222
357630981 50933374
357649928 46617491
358050119 3619211
358050653 57988069
358481760 49762339
358483891 43585263
358516121 41895423
358597396 3709198 358516121 41895423
358607317 50456327
359045646 61988311
361619153 nine.n
361640523 62660312
362045061 53650516
362062897 2804554
362178297 3269856
362215485 sorrow_fan
363407561 48343421
363419135 52997275
364957198 51959966
364963730 59020446
364965881 46134569
365120464 y_un
366387729 49717588
367672856 38192972
367680554 littlezed
370839430 2354901
371115382 63004570
371197948 49526692
371653337 a371623866
371726220 63174342
371754278 jayee_
371781134 30176423
371811853 47890038
371816472 4651610
371955790 39629212
371963220 celiawzy
372134178 53082229
372217710 50798252
372220894 48533766
372225461 2153795
372226327 2153795 358597396 3709198
372228961 xiaomengsha
372261005 3123758
372331065 58604687
372336750 42619991
372339563 3709198 372226327 2153795
372363451 xwhite
372365238 eblisbaby
372460495 dollpinkie
372491860 51547085
372492469 46164614
372506896 61543029
372507387 Yutephanie
372522915 46958357
372546440 2153795 372339563 3709198
372553771 sweetcandy
372584602 ningzixiaoyatou
372763483 RAINBOWKEKE
372792941 49061555
377022485 ccccccca
377053161 49545644
377055212 InkinkMen
377571497 momolady
377577149 48982789
377622790 49126409
377625677 luomengdi
377815786 60243255
377898491 qixi
377924431 57540844
377924578 63234471
378044521 beiluohere
378048785 63898924
378062364 2708291
378070775 52253620
378091843 55915230
378211798 44020741
378215574 hana0815
378218413 63752522
378219894 MissLvfan
378233115 40841280
312440723 9225151
312442647 49686060
312448816 4481712
312467352 8616903
312502721 indistance
312504937 4198103
312510349 54470452
312511864 57877220
312563887 57298202
312588003 54470452
312894819 44630559
312934303 51911454
312934665 47535606
312937654 50054227
312987382 4722072
313022033 47663042
313183410 49334435
313209139 52605109
313215390 zhangyaoxingzi
313216009 hyy714
313219029 46168188
313220218 49308471
313220403 49334435 290938897 ParanoidKid
313220948 49043712
313248171 iparadisy
313249630 56079012
313254850 46723557
313258101 48289085
313259496 tangtanghl
313262056 49584531
313339470 mp4
313383450 40824096
313385409 54101830
313487281 sutoto 313254850 46723557
313491178 lonelyroadzy
313633802 yiningself
313641703 whogirl
313690452 dudu3220
313981666 53486929
314570250 1023610
314624876 ningmengya
314627293 35537594
314627553 yayainbeijing
314694116 55986543
316017204 48333371
316028849 47537959
316481102 guoaguo
316614239 54361228
316815114 58023082
316817755 3619211
316819429 joicezhu
316819668 kuanglu1003
316823625 hopemissu
317260656 4690177
318296441 47087122
318304230 49298219
318328818 49956323
318342850 46586331
318354954 1294950
318355896 Even007
318380969 zhangxiaochu
318382400 4513067
318384525 46617491
318703639 54625784
318709920 57415963
318711911 52862060
318743680 48827946
318857153 52299167 288781037 justradio
318984360 Rabby-here
318985715 56539787
318985897 4413004
318988051 42645982
319059513 44630559
319102972 eklavya
319102982 eklavya
319113877 42645982
319188468 55299508
319195118 46166705
319546627 53053744
319559718 2462920
320309395 kiwiflmi
320309802 47822892
320322771 PILOT.AA
320384615 luckyugliest
320386163 purepale
320402692 57687829
320854743 50442605
320999020 ayisiteru
321020929 cm_sweety
321230468 self-identity
321450409 yajuanhello
321459705 liwei10000 288840269 cherry528
321475939 liwei10000
321496324 51568828
321496801 50576887 305024591 2544380
321498084 3709198 321496324 51568828
321498272 11232311
321499931 48429209
321507896 enxiaforever
321513576 comicbbk
381553548 46224963
381559513 60765094
381560813 40114709 337410247 38728809
381561807 40114709
381655693 61610613
381663659 62485062
381668607 8580551
381691054 52124133
381750961 erismirror
381768086 37009528
381768141 37009528
381769863 2774292
381794891 44866273
382548712 aleilee
382549344 49794630
382558816 49064899
382563030 64077419
382650386 45662792
382657889 59510773
382661006 45943737
383010838 61610613 326812921 gummy
383016580 jspzliuyue
383020812 43095070
383034016 50064069
384130178 64808741
384991091 daQ
385223394 54731160
385243231 echram
385335633 34444386
385338701 nanahjy
385349971 53437961
385434144 52821118
385501052 38565662
385502236 3702912
385507158 taltalxun
385612138 63310078 303673280 2675567
385617759 46845129
385618070 2675567 385612138 63310078
385624925 38617469 288781920 hellodaylight
385627696 noodlesay
385629464 51608049
385631239 IAXSM
385650470 54373749
385718348 momoxin
385746036 64682598
386304588 45718557
386304589 45718557
388083575 64370758
388089953 44950342
388090520 3885875
388091473 49505671
388093270 46564815
388099857 misluforever
388108788 dayday301
388111434 64967492
388115027 40396522
388115444 44984346
388123542 4224344
388126669 56156295
388132436 49055331
388148054 3672200
388166544 moyiwana
388249976 57747051
388251066 24331080
388251530 57931811
388283071 2363758
388625262 2774846
388628825 50425329
388841042 64325676
388841987 mualifeo0
388876482 eethouth
388944202 ssmario
388950941 freedancer
388954185 jane_lee
389041888 4346386
389437842 59534793
389576581 hanaeda
389576942 1467425
389577106 4238154
389592539 meilijiushiguan
389594487 34691870
389597184 jullllla
389606319 giselle-sword
389629662 59907681
389634733 pianziyatou
389637004 supniuzi
390366807 58168623
390367936 47531635
390371775 2490497
390450303 64562182
390521797 50062390
390769937 45786849
390909754 57313353
390962337 50730606
391542273 cicisun
391545260 64189222
391826380 noelani
391853204 51949652
391911685 pumann
391913893 63028250
378234432 25248621
378266205 44275517
378267607 41334984
378280452 qinjunyao
378293219 41394631
378452990 just_memoryless
378454025 59165174
378454542 wilmawang
378455245 polly.
378455738 groovyX2
378456290 47987897
378457344 43986034
378459821 58229297
378476017 57257244
378486108 49717421
378486336 41647402
378772114 38471691
378803118 57846787
378804491 47889545
378828370 47390200
378828588 chocheni
378852837 38728809
378947766 59660386
378952004 51911105
378957255 64317946
379102845 we_we
379108242 43899724
379314215 44824995
379316109 58219000
379318880 alralehaha
379321691 fanfandewo
379326666 60380051
379331735 64253079
379344028 42114496
379368593 dontworrylee_so
379370009 4024435
379449950 28955528
379451361 4193022
379457298 50690801
379459376 3307188
379461442 biubiuoooo
379560888 miao.xu 358597396 3709198
379562006 4070863
379784512 60940498 288826048 cherry528
379787427 60940498 288779532 3709198
379787783 60940498 288784811 summerkui
379793480 50260997
379801482 cherry528 379784512 60940498
379801662 cherry528 379784512 60940498
379814577 3709198 379787427 60940498
379816967 jkx
379817689 51065070
379818209 30878519
379818522 52927349
379903856 42344151
379904322 45718405
379906725 1444932
379996215 63310078
379997117 39713045
380044215 guoaguo
380151747 35670089
380153085 35670089
380158343 35670089
380203956 fingernail
380211386 CANCAN198787
380248775 46337228
380250061 sueyyy
380273481 davidlien
380279501 Mealie
380297831 2558581
380297920 2558581
380298063 2558581
380298222 2558581
380298389 depressheart
380315203 35670089
380319634 3213573
380321290 44504861
380322034 35846621
380417375 54851757
380564825 55524179
380566300 41986725
380643594 61684079
380859685 cjchnwscqwsbsy7
380923924 60940498 379801662 cherry528
380955106 liwei10000 380298222 2558581
380964558 50111350 372339563 3709198
380969341 61911071
380969764 nemofishhome
380977062 cherry528 380923924 60940498
380977794 gaziqian
381059500 60940498 380977062 cherry528
381061131 veronica_yunyi
381064159 37865374
381103084 cherry528 381059500 60940498
381363276 27014623
381487524 wan9ha0
381516504 60133191
381531620 lolita911205
381546855 datouwmy
381548031 OObsidian
391918870 mylsng13
391922548 51192121
391925037 chongzix
392006090 3527049
392018715 fanfanle
392019799 52104359
392026823 56609736
392047766 33925240
392160292 60103956
392197954 53489022
392200840 4070863
392209435 1173901
392246158 binfenai
392263619 49981821
392327277 aboutUs
392687134 matilda0633
393282905 nonoyoyo
393302954 heyhom
393479889 seven00
393684788 51056438
393688619 58345434
393797636 enxiaforever
393813104 Q7
394017366 56151968
394044467 F_float
394044516 F_float
394045392 F_float
394136406 3124109
394140563 cherryxle
394142489 cherryxle
394164224 49704586
394178520 ning0118
394181896 54957328
394203730 3521086
394211758 65336673
394213083 lolita911205
394230257 47030890
394334508 53909052
394339013 WWW926
394381845 momo.mogu
394525576 psyco
394558407 missZsy
394570891 54985849
394579672 40870746
394582858 60820364
394582866 60820364
394582875 60820364
394585292 58600549
394585422 sor1
394587882 51710217
394588212 3894225
394588743 usuallybaba
394588773 cry_like_rain
394617153 64972344 288826048 cherry528
394624122 xms_1987
394639395 4776031
394865104 29567704
394866659 3548272
394870459 53612827
395247410 1554899
395254687 47697886
395254871 briss-do-mar
395266867 4024435
395488716 a-c
395579494 47794891
395805640 L_memo
395807430 61561192
395808922 51238413
395827163 44625852
395838569 NanNancyN
395839156 NERV_sky
395839244 49648801
395843681 rill18
395893368 58118211
395893995 63234471
395895085 61128266
395895984 YXY993
395931179 supu192009
395934650 suxiaoyao
395935065 48118730
396355763 52038400
396391241 jianyi
396400780 3971587
396449654 46143324
396450749 40230203
396451921 56394821
396463292 52606469
396465326 62774806
396471318 pima_y
396479574 57322754
396481255 hazai
396488232 49032670
396488835 melody-summer
396490729 49892886
396494497 57298202
396494604 36118915
396495095 61277438
396495106 64975003
396495652 48443360
396627030 xwhite
409977592 sensendekudang
409978326 56548750
409979304 hooiphone
409979481 APRILKA
409982063 1553542
409984320 61782297
410005273 minershuo
410039113 absolutelytff
410048172 60144512
410054539 4509709
410065785 memorize1996
410841903 49207328
411944837 66066061
412317482 kentrell
412343069 61038001
412344042 43162229
412352281 huisiumui
412352682 64800609
412362760 2183204
412536864 41838524
412632369 62186166
412678748 65163599
412683359 53814933
412684832 34147190
412686802 59939345
413139081 saoirse
413195494 65380671
413197890 37245035
413296160 golf1986
414104211 34995510
396629480 jesuswong
414111503 60522233
396709210 1461929
414111959 kimrabbit
396776078 45718557
414112565 abitof
396780139 51362440 316819429 joicezhu
414114014 66338625
396838480 45509034
414114243 4157067
396838795 1179060
414114598 44003943
396839928 46091221
414114851 55444790
396848648 57440670
414115921 48910503
396849315 canyanluan
397141158 58935775
397141196 58935775
414166711 richard1991
397149177 2722263
397391677 52078710
414171584 Yanyin11
397448395 48856882
414288532 55444790
397449730 dipolar
414293186 4457540
397463111 61792936
414295490 58962760
397467448 44323685
414299531 4252859
397477123 53280984
415432501 doublef1sh
397480618 49368438
397483278 miRroRtic
415499499 58834383
397485905 48310690
415505877 44257993
415507305 3748647
397514559 50831981 291672192 hellodaylight
415511681 67394295
397516699 50831981 295984830 elaine1114
415551294 19817684
397517060 songk
415552537 45174745
397518932 youjingnian
415554726 tamiwang
397520322 53116355
415556455 qyshen
397526357 anysunshine
415649305 4225253
397527229 36630558
415653572 46254629
397527271 3424199
415666193 67104160
397532293 diwusiran
397534191 62440215
415667505 52279133
397541233 57342702
415669327 60701686
397559629 57934966
415813986 34642827
397562019 wenwenlulu
415817694 57836251
397567331 40927845
415818589 yunyunk
415828601 3622346
397584877 hellodaylight 397514559 50831981
415829151 62966367
397593615 baise87
416010060 4150299
397615919 kafish
416571627 64211572
397840673 48136342
417246257 chara547
397843313 catherine1986
417247837 25199543
397887255 taintedtruth
417881650 64165260
398040638 lolita911205
417908726 39520234
398253759 49346206
417961266 oycy
398256639 64248364
417962496 65759550
398258870 mmmsue07
417971123 41336999
398264564 2098235
417975082 40082200
398277749 2124286
417993046 55332058
398505828 2606564
418003852 56233110
398831630 lizier
418005565 TOYOFF
399768376 angelia7e7 293794903 sutoto
418152402 14407605
399768696 44101935
399969712 52120986
399976019 miatsou
399981366 43000741
399984793 49125515
399987626 65980989
399991207 51649235
400004938 yvetteee
418223207 disappearing
400025750 62869877
418225589 28311341
400042382 58140964
400111126 40017309
418226321 64065583
400112527 40017309
419237022 51260962
400274252 42454564
400541998 66258970
400554612 48786558
400556121 54968086
400602684 2534301
400887713 48686017
400890606 4256520
400891356 miRroRtic
400894229 57559187
400899135 42212735
400901562 44539836
401051938 9355378
401057503 45356735
401162544 47387171
401175489 imblind
401180630 MYVr
401181571 57667810
401182687 61741025
401189919 50719550
401212133 3469671
402667529 F_float
402667543 F_float
402670714 42276485
403537351 2986789
403539230 66371268
403549886 54151474
403623769 43060611
403643718 delilah1019
403646807 65946085
404320613 37844828
404322286 hltomato
404324189 lnnlnn
404395689 48739144
404403573 fancheyuwei
404413139 47110064
404530009 52384608
404534039 40394067
404633967 29642050
404639737 4398171
404647649 66598578
404648223 47977374
404648255 X_daphne
404648992 cuixinyi
404654685 49230028
404655217 65914880
404667479 sunlu_88
404930534 joy520
404934405 64851223
404934594 heyt
404937453 58703063
404939306 41090444
404945497 47191120
405107752 66368407
405123858 49219599
405867721 wuxiaohan
405879252 42051144 405867721 wuxiaohan
405893238 16892150
405930109 46749636
405939120 44579275
405939125 44579275
405939667 64498674
405943171 helloamsa
405945879 43440361
405945976 3221141
405946034 49904110
405977772 55329747
405979474 51577354
405981879 journey8457048
405983775 4199382
405986632 65735567
405987753 53533681
405989156 2407069
405990312 63343061
405991775 49511968
405994346 wwy5320
405999189 65325624
406000689 16191256
406032957 loveveela
406041153 66224322 406032957 loveveela
406052915 42906393
406058423 Leeeegendary
406067247 37387429
406111949 50049805
406207139 wuxiaohan 405879252 42051144
406209803 48697348
406223061 4377120
406225653 4377120
406226410 64043165
406229205 61239477
406230427 4377120 288779209 justradio
407274192 42470977
407364765 zhengzhouzhusu
407370473 3243878
407370903 53612827
407385115 61032746
407542153 hunk00
407549671 Ellyback
407555480 cxy1211
407556898 50206732
407614738 kjkljl
407618961 52734390
407624137 64444919
407627845 50470751
407627976 50470751
407628124 50470751
407628733 64444919 341431664 44701159
407629537 2752823
407630828 2028624
407631603 Christine_zi
407635155 36847010
407635662 50973005
407643718 2708219
407700555 4682488
407717441 lizhitaoer
408338485 kobezhen
408343495 46323575
408362827 46102749
408367638 MXYMXYMXYMXYMXY
408516280 62147492 397516699 50831981
408533923 65759773
408544371 53273633
408640698 53454341
408786598 zyy616266455 288782520 3709198
408825156 3709198 408786598 zyy616266455
409168117 vivianwang18
409226802 38863881
409238819 60610283
409252979 50970836
409339923 44157497 406230427 4377120
409902956 icykiko
409962032 ARZIGUL
409963619 52356357
409973778 autumnbird
409974930 51114580
409975545 51830100
409976468 62122601
409976510 50811004
409976530 50811004
