290317564 47142853
290345787 2026969
290346242 gayu
290347255 horsejacket
290435445 47142853
290879095 40508624
290881826 ccccfei
290886931 vkcain
290888093 av
290917383 linlang0308
291341149 47142853
291342367 47142853
291342647 47142853
291343026 tasangmo
291343535 3370795
291343651 3370795
291344362 absintheye
291403494 smy.ls
291451270 crimsonmoon
322758416 southseven
322759077 4379883
322762351 44289887
323113935 53951728
323115069 4372651
323116865 fanini
323117648 50593944
323240815 58103757
323241503 59087759
323247497 liwei10000
323253874 sveenland
323465497 lazybeer
323466782 iloveicecream
329862207 fuckyouidontcar
339240456 a.k
351771978 47142853 291403494 smy.ls
351773553 Iris_L
351784839 47142853 322759077 4379883
351785016 47142853 322762351 44289887
351785091 47142853 323466782 iloveicecream
351785210 47142853 329862207 fuckyouidontcar
351785255 49956323
351785389 11868565
418488538 65091579
