292853830 mrrat
292854474 XIADAN4
292855424 five_eren
292855631 XIADAN4
292856246 kikiaok
292856885 yoyo12
292857921 kikiaok
292858886 44727183
292860042 kikiaok
292862065 XIADAN4
292863896 3406899
292866338 yovitam
292866724 yovitam
292868499 1803717
292909307 mrrat
292930325 kk1121
292944049 48164874
292947265 mizizi
292948583 54608124
292950068 hindme
292953929 48164874
293081997 1803717
293084034 zhaoyafei
293089784 44727183
293106938 fuckyoua
293111263 veronica0809
293112948 55578277
293115438 kk1121
293130084 33206167
293131750 trick_trick
293134354 tantanbuhuai
293134967 aplum
293159007 4077682
293172880 yanshenbuhao
293173329 47407232
293189464 nata.r
293279439 waiguayeshigua
293280337 gone1983
293281360 chami
293283395 2028624
293290659 tttol
293294876 51869566
293296244 jinchenLeola
293296521 36786543
293297095 4077682
293297889 46208771
293298351 jinchenLeola
293298360 46208771
293298778 keaidesi
293299386 30538914
293299493 46208771
293299735 ccccfei
293300589 2383189
293300673 46208771
293302635 stgrave
293303294 mrrat
293303697 46208771
293303926 zombie512
293304637 46208771
293403552 livelife.zy
293403672 38552055
293405784 4077682
293417734 MBcore
293441769 1803717
293443212 neednotto_argue
293447480 yishionPP
293448462 usi
293470004 miehahaha
293471843 29453735
293474665 4238022
293474846 55743254
293478249 ChooseChange
293558503 fuckyoua
293561230 53181902
293562219 fuckyoua
293563477 zhaoyafei
293564223 45526024
293565127 53181902
293568310 kettle
293568553 Miaime
293598548 46208771
293608862 iheartu
293608863 47183129
293610968 MeMeLT
293612899 32398568
293613109 14788801
293616034 53181902
293619819 ljn0824
293684896 38837181
293702950 Fan1130
293703184 40792146
293769915 46208771
293803285 kk1121
293804949 2713334
293906674 ChooseChange
293907206 neurasthenia
293907219 neurasthenia
293907230 neurasthenia
293907242 neurasthenia
293908303 petra_lu
293920696 46208771
293924804 49180868
293925162 sarahtiantian
293926586 huangiqngyu
293933011 huangiqngyu
293939254 shelleyyuki
293940619 brown-birds
293941025 brown-birds
293945439 46208771
293945637 46208771
293945665 huangiqngyu
293947938 49243261
293948156 46208771
293954928 brown-birds
293958319 46208771
293960622 nancy_boy
293962239 yinzia
293965938 46208771
293966163 46208771
293980180 51619272
293988191 jinchenLeola
407414472 32398568
407414781 32398568
407415639 zoule
407418783 37436434
407426016 44240274
407443825 imleon2003
407457322 youlideqinglizi 293134354 tantanbuhuai
407468243 5831202 407457322 youlideqinglizi
407468628 62535204
407474716 53361133 293134354 tantanbuhuai
407476183 njxule
407477599 aleilee
407478689 52121118
407480058 deng1008
407481403 kklljji 293619819 ljn0824
407482051 youlideqinglizi 407468243 5831202
407482307 youlideqinglizi 407474716 53361133
407484268 ljn0824 407481403 kklljji
407484949 kklljji 407484268 ljn0824
407485474 kklljji 407484268 ljn0824
407486042 ljn0824
407487647 ljn0824 407484949 kklljji
407488538 kklljji 407487647 ljn0824
407492069 flowerU
407492391 too-rex
407493800 60420717
407494948 53532061
407495497 60420717 293939254 shelleyyuki
407500779 54013917
407553390 49990221
407555203 yuyear 292947265 mizizi
407555394 49410981 293283395 2028624
407556907 49410981 293297095 4077682
407558211 49410981 293302635 stgrave
407558334 54918694
407559143 2897863
407559683 mangguoguantou
407559913 yuyear
407560009 fangong
407560163 mangguoguantou
407561094 mangguoguantou
407561383 56428016
407561803 yuyear 407560009 fangong
407562608 yuyear 407561383 56428016
407562657 mizizi 407555203 yuyear
407563480 lucyandcity
407563846 41710575
407564189 yuyear 407562657 mizizi
407564733 56428016 407562608 yuyear
407566580 yuyear 407564733 56428016
407568960 L_memo
407569300 63714144 407560163 mangguoguantou
407570133 60180257
407570348 evebanger666
407570534 60180257
407572204 60180257
407575931 muyuezhusijun 292853830 mrrat
407576330 muyuezhusijun
407577485 38365301
407578607 muyuezhusijun 293134354 tantanbuhuai
407578733 muyuezhusijun 407577485 38365301
407580938 50740046
407581344 sevenmay512 293608863 47183129
407582392 45790778 407563480 lucyandcity
407583152 3742072 292853830 mrrat
407585395 49044832
407610803 XIADAN4 407576330 muyuezhusijun
407611165 56428016 407566580 yuyear
407612050 64198194
407615256 33487671
407615607 33487671
407618557 54646619 407580938 50740046
407622585 44240274 407564733 56428016
407624858 petra_lu
407626577 65851494
407632213 yukipo
407633459 50978745
407636942 3928754
407658612 maydaysxh
407659587 50184076
407659678 50184076
407674771 NCR 293417734 MBcore
407675749 MBcore 407674771 NCR
407734229 yuyear 407675749 MBcore
407735298 NCR 407675749 MBcore
407736445 NCR 407734229 yuyear
407736776 kklljji
407738163 yuyear 407736445 NCR
407739246 43645816
407748038 yuyear 407739246 43645816
407748747 Crk7
407751844 24025697
407752264 kenfantuan 407500779 54013917
407759097 49430010
407761073 loveshe
407762500 NCR 407738163 yuyear
407763234 loveshe 407739246 43645816
407766537 46039010
407773368 3650765
407774316 53914612
407805342 MBcore 407735298 NCR
407807020 55688077
407812149 Frank921208 407748747 Crk7
407904946 Rose_07 292853830 mrrat
407909123 54978646 292853830 mrrat
407909876 43607054
407910983 65479640
407911326 kicy
407913539 66225037 292856885 yoyo12
407914547 66225037
407915418 66225037 292863896 3406899
407916281 66225037 292944049 48164874
407916488 66225037 292947265 mizizi
407916967 kicy
407917166 66225037 292948583 54608124
407918827 jjm
407918937 Hey-Hey
407927884 53129349 293130084 33206167
407931528 Crk7
407940851 50051112
407942414 58284586
407946607 gino1107
407947014 60284921
407949921 miserying 407748747 Crk7
407950392 totochang
407998483 Frank921208
408070809 54608124 407917166 66225037
408071399 3577394
408090160 66225037 408070809 54608124
408102168 54608124 408090160 66225037
408112542 66849324 293173329 47407232
408119712 66849324
408137359 59786246 293106938 fuckyoua
408515690 2028624 407555394 49410981
412761472 66225037 408102168 54608124
