293017446 Bassquela
293280965 49582311
293313253 49484547
293313439 liz00hj
293315447 minicherry
293317980 mmmary
293324683 OPFANS
293324724 liz00hj
293336392 detriny
293373299 ZhouQiQi1990
293377233 tlmgt
293411629 benben861214
293476065 liz00hj
293476426 NONOJIA
293533174 4884926
293796097 2314139
293796666 36828312
293796948 Oyys
293910296 woshihaoren123
293918015 maxlvw
293921658 mumudele
293924111 TdolphinT
293941852 49956323
293983313 zhanglejing
294179779 justoday
294180587 55864437
294246755 qieryao
295320095 2759174
295435798 itiban
295741603 dorothyloveu
297821146 astray
297857420 44697298
305746430 53835715
306866727 abouteli
312528989 2232645
319874412 58753250
319875607 4676356
321921006 sun5n
323215283 59087759
330458568 58057519
346534706 58428643
353632098 lilynwt
354960165 53272138
356037305 Christine_meiya
356318038 mdkmp
361985403 52248610
367825934 40466695
367833102 61684706
367834683 blodles
378438401 yangchengjie
382339087 MISHIDIDAI 378438401 yangchengjie
383776559 ecfrenchbaby 378438401 yangchengjie
394419238 62673211
394453340 62834977
394454140 pandapan819
396515143 sail2011
396602470 65879349
396605880 65777331
400961728 48033515
401619851 56693216
402111998 1836415
402601771 64392677
403112640 YogurtBear
403409152 59679361
404765396 memoryzhu
406076615 1256486
406111257 46984667
406113189 58826916
406481581 65418455
408003182 49443491
411122261 50042393
412303014 believeingod
417958712 44548449 412303014 believeingod
