297545134 mumudele
297545333 mumudele
297545462 mumudele
297547954 40792146
297548975 4268607
297549758 mumudele
297550391 mumudele
297550871 superprism
297551118 mumudele
297594880 hellodaylight
297598749 jessienj
297603721 39521153
297603901 tt120
297604739 10020774
297613227 sunnysisi
297613439 42524633
297613452 48164874
297616088 3300494
297616332 40809043
297616440 neednotto_argue
297616782 Isforever
297617070 huangiqngyu
297619030 34828721
297623985 mumudele
297626677 mumudele
297627867 nata.r
297631691 kinkiman
297633594 keaidesi
297633656 mumudele
297633782 2856256
297634990 T-Pei
297637256 mumudele
297639207 mumudele
297639407 9755327
297640638 nanas520
297643063 40925003
297643754 56179970
297643906 mumudele
297645145 mumudele
297646102 yingluo7
297647346 quzhongrensan
297649483 nanas520
297651214 xiaoqianhui
297651594 48164874
297651779 48164874
297651803 Kristie0719
297652492 mumudele
297653496 mumudele
297654199 mumudele
297655791 mumudele
297656559 mumudele
297662253 25995384
297670626 ccbai
297671767 modamo
297676780 49638002
297682209 48164874
297682272 mumudele
297684360 rouguangbaobao
297686874 BaDa..
297693740 ccbai
297693883 32282479
297694950 3513225
297719205 4024435
297724018 bullshitfuck
297728485 kongfanfan
297734123 low910411
297737440 mumudele
297738474 48164874
297758820 mumudele
297762583 milchreis
297766441 56542289
297767792 mumudele
297768206 yiyidai
297771284 renee529
297775233 Green666
297776401 49638002
297800604 RUOYUN88
297805299 yeyiyi
297830908 mumudele
297843927 Halo_egg
297869710 keaidesi
297879672 mumudele
297884284 27576640
297889961 amygogo
297897089 47239238
297897212 vimi4
297897217 over_cast
297897732 50042548
297900224 catslater
297903070 tooshameless
297903429 pp0702
297905701 48164874
297905710 56058896
297928077 mumudele
297928489 mumudele
297932228 54469789
297980725 3184442
297982359 mumudele
297984968 luvymy
298023573 shero-
298030680 45633373
298035580 10718535
298037815 3514603
298044334 54469789
298046059 54469789
298052998 mumudele
298084180 keaidesi
298090076 54469789
298102930 54469789
298104626 mumudele
298105748 banque
298106431 3514603
298107029 Coolki
298107715 49473520
298181752 54469789
298197968 elaine1114
298230295 mumudele
298244291 52990254
298245150 wandu
298249266 47671162
298267603 10718535
298284489 45633373
298286531 45633373
298289818 mumudele
298298842 54469789
298300857 54469789
298326841 45633373
298331058 45633373
298331923 45633373
298332567 45633373
298333059 45633373
298334056 45633373
298334608 chixixiaoyu228
298334697 54469789
298334904 45633373
298335141 54469789
298336530 54469789
298337841 meimeidouban
298338358 54469789
298339021 45633373
298339485 45633373
298339806 45633373
298340365 45633373
298341383 54469789
298341713 nata.r
298342671 54469789
298344743 45633373
298345827 54469789
298347236 45633373
298353934 mumudele
298355979 54469789
298360219 mumudele
298361016 nata.r
298362397 siyue1988
298381221 mumudele
298397754 54469789
298502626 3184442
298505519 13998355
298750262 meganonline
298770001 48164874
298771517 3739230
298773607 48164874
298775544 48164874
298802492 mumudele
298818015 vegin
299539046 jj201
299540569 ninidays
299602817 mumudele
299615402 10718535
299615873 10718535
299618042 yeyiyi
299620586 3669641
299621370 46496277
299659363 44697298
299674332 44831498
299679799 lh10220505
299683045 wxbshell
301059054 46594465
301070104 1705079
301240797 45959469
301253309 bobo1052058
301411198 45633498
301509758 4024435
301526785 46594472
301529244 45857378
301600137 52331085
301731887 45633588
301810170 45633647
301900129 15770826
301903497 2696296
301909972 mumudele
302016663 45633373
302277535 45633498
302547033 liu773780263
302685298 32472543
302948091 divingsun
303035921 46496277
303037714 yanxinxin
303040228 46496277
303048324 52104359
303186948 jxiaomao
303592537 reginatone
304102850 46496405
304760665 46836549
305050920 46836492
305315078 45924026
305693923 45923929
305706281 mumudele
305727515 wwkihgd
305744561 53835715
305862606 xionngmeng
305862753 xionngmeng
306031902 mumudele
306224170 feiervivi
306270429 winnie4ch 297634990 T-Pei
306272439 52395371
306273462 2937741
306299170 43707075
306344600 mumudele
306376107 allisonson
307405935 45923864
307406265 45923864
307722663 i1tchy
307759005 49973246
307777499 lqclhlove
307983245 45923864
307988713 45922867
308025856 sugar-song
308059019 gxy1022
308060294 beilaxiaoxiong 297984968 luvymy
308061556 cherry528
308615916 45633498 308059019 gxy1022
308617454 mumudele
308621125 45633498
308621968 45633498
308634618 mumudele 308621968 45633498
308651757 PIXYINK
308652539 PIXYINK 308621968 45633498
308652735 PIXYINK
308659613 mumudele
308904622 45633588
308904980 45633588
308905166 45633588
309141594 45633647
309142168 45633647
309144228 52482202
309146288 48433233
309176666 endaym
309177405 endaym
309228191 liuhequn
309390968 eternal-ping
309397131 3648441
309418047 mumudele
309424343 45923308
309426123 endaym
309426339 45923308
309426956 mumudele 309426339 45923308
309428039 45923308
309797177 46594454
309797320 46594454
309815112 mumudele 309797320 46594454
310558126 45545386
310606627 38388889
310625066 45287913
310626492 suntianyang
310681312 bad11tooth
311284510 j1028l
311846690 yooki
312791948 49311817
313519388 46594472
313544234 46594487
313850655 46594492
314143159 46594524
314241138 mumudele
314276449 Halo_effect
314448754 46594513
314464305 49334435
314468994 mumudele 314448754 46594513
314472851 2966161
314485231 lavenderwfl
314495098 50756908
314659995 54422760
314661895 54422760
314685555 oxxi
314764888 1390221
314829657 52389180
314864550 woaifanbuxie
314872605 3427392
314963776 46594513 314468994 mumudele
314969192 46594513 314661895 54422760
314972962 beens
315032897 chouchouCp
315268512 52063368
315282869 mumudele 315268512 52063368
315335457 43941314
315563685 anmolan0216
315566520 mumudele 315563685 anmolan0216
315566943 anmolan0216
315569731 anmolan0216 315566520 mumudele
315570824 mumudele
315645792 hanhou
316234444 54469789 315569731 anmolan0216
316236260 anmolan0216 316234444 54469789
316238147 54469789 316236260 anmolan0216
316239674 anmolan0216 316238147 54469789
316320213 48324375
317170103 45924026
317378220 2103623
318298302 44021843
319404459 44021591
319529955 loveariel
319538079 cat_yr
319569321 sweattt
319772729 4023755 316236260 anmolan0216
319777734 17859116
319779378 kuanglu1003
319799478 1754879
319802237 1754879
319803192 chilaweng
319878656 choulinlin
319888078 heather0125
319997846 1754879
320142961 53238872
320437507 53421111
321062678 53256020
321106654 53421155
321120214 hienk
321128485 31019517
322029817 58103757
328003589 59621922
328232704 59647029
328235307 yanglingyun
328576411 42464139
328619796 realist
329371237 beautifulkb
331801857 59602616
341514308 49401275
351237855 41518887
351263806 mumudele
351267063 mumudele 351263806 mumudele
351278833 42266893
351292318 51358291
351328819 7786886
351333673 41518887 351263806 mumudele
351807630 caochun
351819260 44374463
365495677 4496778
368900523 orange2vic
381911318 2918350
381937677 64325676
381941888 2600403
382527998 35389815
382678086 46845129
382756659 little_lady
383171925 35389815
383251692 3307188
383261400 56638355
394493414 1845432
394577390 mumudele 394493414 1845432
395067745 47080296
397471958 47659392
405556800 53410586
405568447 58199590
405580929 Miki0622
405582021 lulu0109
406518005 39554513
406526512 37844828
406553238 nonoyoyo
406689114 60586682
406700236 48343421
406811032 Leeeegendary 297603721 39521153
406864265 14137580
409709612 51481460
412718882 mumudele 406811032 Leeeegendary
412725519 63437029
412849569 loooooooooo
412936926 57538090
412948466 53814933
