297925742 darlingxy
297926000 nicoleyue
297926240 7528192
297936130 ritaxu
297939681 27803329
297941117 50332687
297947133 54068017
297947556 crowtina
297965012 xiaoqianhui
297967474 sheep864
297986125 50129963
297987047 luvymy
297987232 outetsu
297990090 55677995
297991024 55677995
297991149 IloveWilliam
297992565 55677995
298005996 vampiretree
298006832 53438067
298009691 2696296
298010711 2922290
298276448 guanximei
298280311 37751827
298281900 fengqingwei
298284877 1527167
298285338 yes1270
298285479 yes1270
298287687 ridgechoi
298295433 candy001
298295933 55677995
298297929 55677995
298298951 37751827
298300994 55677995
298486632 liwei10000
298488262 cos719
299049995 joylan
299133950 Coolki
299134845 48815871
299135404 wobujiujie
299137124 41045894
299144498 48294645
299263588 2028624
299322494 48324375
299327175 ssheng32
299329113 lixiaotaopuff
299374884 47216279
299381745 52693633
299382825 15960847
299387373 Jes_lulu.
299388251 51069683
299476951 50796255
299504683 16870721
299508257 16870721
299707299 55677995
299708899 55677995
299712233 55677995
299713865 Jes_lulu.
299714236 55677995
299715826 Ranma_Chen
299716086 lianer66
299716422 xxxrose
299718995 Ranma_Chen
299830094 Oberlippe
299832046 1745408
299849417 fuckeggs
299852663 42570768
299865011 35663217
302118053 55677995
302118509 55677995
302121844 55677995
305387961 44919783
305388803 50284125
305390044 zisukaka
305392532 13640138
305392632 13640138
382063716 liwei10000
396435561 2003488
415807976 55677995
