298408148 4149186
298409428 45753979
298412660 2723220
298413009 yiyidai
298413275 laurn
298413711 xuyi.JR
298413972 xuyi.JR
298414152 47354475
298414383 marjorie.shi
298415070 xuyi.JR
298415524 54653482
298415819 good9
298439144 stellabao
298439186 liverhan
298439889 46198351
298440433 3739230
298442325 missmiumiu
298442918 yingwenyeeeeeee
298442996 xuyi.JR
298443632 missmiumiu
298444012 missmiumiu
298444173 xuyi.JR
298446061 missmiumiu
298450637 summer_rock
298467946 44758524
298469017 no_future
298469289 44758524
298469485 44758524
298470119 44758524
298471019 44758524
298471651 sisidayemener
298471780 44758524
298471880 41751653
298472045 44758524
298472354 44758524
298472923 44758524
298473381 44758524
298473644 44758524
298473790 sisidayemener
298474302 Cindyjia
298474467 34828721
298474966 44758524
298475030 Eleanor_Mc
298475220 44758524
298475222 sakina_s
298475562 44758524
298475803 44758524
298476981 sisidayemener
298478768 39051094
298479504 44758524
298479746 44758524
298493333 33423930
298497462 novaa
298507047 44758524
298507070 44758524
298507171 44758524
298507882 wuyimao
298508278 iCOOOOO
298508314 cellopeipei
298508392 iCOOOOO
298509127 ridgechoi
298511723 Cindyjia
298543954 novaa
298544380 tsukirin
298585933 44758524
298586205 44758524
298586684 44758524
298586813 44758524
298587080 44758524
298587329 44758524
298588810 44758524
298593397 xiaoshir
298594716 44758524
298603237 ridgechoi
298642308 xuyi.JR
298704303 44758524
298705804 44758524
298706432 XiongTianran
298706447 44758524
298709629 babyneonsay
298711522 54709144
298713852 44758524
298723357 Hitachi
298724652 4280882
298725208 44758524
298725693 44758524
298726743 kazhuka
298727242 44758524
298728202 44758524
298728719 50470736
298753635 54709144
298756257 45823813
298777883 Cindyjia
298788368 53920174
298788519 Kibum_xx
298798781 xuyi.JR
298975525 44758524
298975678 44758524
298975767 50470736
298975817 44758524
303652862 44758524
303653063 44758524
303657663 huaidaolvxing
303659907 44758524
303664652 palapalabear
303665137 44758524
303665793 palapalabear
303670784 39051094
303671662 44758524
303707712 4077682
303724066 44758524
303888076 qiansdyh
303889781 44758524
304000889 qiansdyh
304993155 44758524
305335123 orange2vic
305337336 missiisa
305552238 44758524
305552437 44758524
305552563 38552055
305711431 rcpenny
305738884 53835715
305911471 44758524
305912105 44758524
305930941 11045186
305955348 53835715
305969594 44758524
305969850 44758524
307082970 53835715
307130711 12212796
307707719 44758524
343546704 50664424
346981323 48979296
414419788 46167375
414422398 4244237
298976327 44758524
298976424 44758524
298976525 44758524
298976751 44758524
298984507 44758524
299046341 wuyimao
299106955 49748190
299107209 49748190
299107234 49748190
299107243 49748190
299107376 49748190
299141002 30284111
299163004 seymiyake
299169643 42137154
299177339 53920174
299244779 44758524
299245786 44758524
299246000 44758524
299246531 44758524
299339078 39051094
299339796 bedas
299462944 44758524
299617922 4149186
299619271 meowism
299631269 53920174
299654584 44758524
299654806 44758524
300029421 46075428
300029576 46075428
300068787 44758524
300162175 46075428
300163132 37084330
300165767 pthkex
300166289 45083937
300381018 44758524
300390252 3570682
300399548 44758524
300399866 44758524
300421612 shuity
300423823 44758524
300492420 shuity
300497167 10002911
300499090 44758524
300500400 mayoko
300503485 44758524
300505085 44758524
300505436 shuttlebus
300514225 candy001
300517902 val
300534760 44758524
300534869 44758524
300535295 44758524
300540971 val
300541792 44758524
300545264 shuity
300546231 44758524
300546802 shuity
300547029 shuity
300547756 44758524
300560181 44758524
300567128 shuity
300640204 44758524
302209704 smiling-fish
302210003 luckynv
302234763 40761901
302294847 30284111
302328209 44758524
302811408 candy001
302851332 calla
302881408 VVcook
302887956 amatolee
302888694 childberry
302889278 adia-lv
302918534 orange2vic
302920259 deshe
303043666 candy001
303045224 44758524
303045454 44758524
303045779 44758524
303045970 44758524
303046139 44758524
303046323 44758524
303052504 52104359
303054402 44758524
303428469 46647218
303591604 30284111
303604979 44758524
303605320 44758524
303606704 30284111
303614999 44758524
303630346 palapalabear
303636520 44758524
303641492 is-ice-hot
303642206 44758524
303643344 amyjet
303644215 is-ice-hot
303644628 palapalabear
303648695 huaidaolvxing
303652150 44758524
303652664 44758524
