302668697 43601253
302690932 2169667
302693230 33806597
302694561 2169667
302712799 33806597
302712956 DFeng
302713033 33806597
302719483 yulin007
302721026 nature-sky
302721332 lrc893
302734693 2169667
302735882 4513933
302736678 2169667
302737206 2869552
302737534 2169667
302738051 2169667
302740437 2169667
302740671 waitdoraemon
302741141 waitdoraemon
302741230 2169667
302741652 2169667
302742294 waitdoraemon
302744123 33806597
302744449 33806597
302745560 2169667
302746166 33806597
302746349 2169667
302746416 43275941
302746788 2169667
302747814 2169667
302748014 2169667
302750992 miuka123
302756386 2169667
302757028 33806597
302757480 41516313
302757569 aa14
302761362 2169667
302762792 2169667
302764743 2169667
302764889 51225229
302765458 2169667
302772972 48460720
302774949 2169667
302776535 48460720
302777304 kidwingfly
302780693 33806597
302783267 2169667
302784319 33806597
302785118 huaiansj1989
302785547 huaiansj1989
302788476 lrc893
302788785 2169667
302788847 lrc893
302790157 2169667
302790660 2169667
302795819 2169667
302796581 4513933
302797808 2169667
302798284 2169667
302816651 33806597
302820907 2169667
302838238 anshengbuan
302838705 flyinashes
302843526 2169667
302844606 flyinashes
302844786 kidwingfly
302844821 2169667
302846796 2169667
302847647 39228838
302849235 2169667
302849982 2169667
302850676 2169667
302850999 39228838
302851952 2169667
302857074 2169667
302879841 2169667
302880386 2169667
302919585 anshengbuan
302928259 1883591
302938712 52693633
302970029 2169667
302971137 2169667
302971981 chilaweng
302973165 2169667
302974953 2169667
302976767 6594109
303035264 46496277
303039008 lutaoaitc
303045627 2169667
303049691 lutaoaitc
303051968 2169667
303056860 StevenCheung
303057505 StevenCheung
303059747 2169667
303061201 2169667
303062113 StevenCheung
303062410 StevenCheung
303063970 2169667
303064451 StevenCheung
303065565 2169667
303065678 xiaokucha
303067609 2169667
303068086 StevenCheung
303069552 48550760
303069634 2169667
303072651 StevenCheung
303105917 33806597
303106223 47335485
303120469 2169667
303122144 2169667
303122282 56866618
303122513 2169667
303123225 56866618
303123700 anshengbuan
303124238 38702452
303125286 2169667
303125435 O0onion
303125456 38702452
303125691 38702452
303126547 2169667
303127003 O0onion
303127567 2169667
303127861 O0onion
303128521 2169667
303129102 2169667
303132038 38702452
303132997 2169667
303428006 kidwingfly
303443787 2169667
303445069 sinky1020
303445206 50035464
303445544 2169667
303445723 2169667
303446808 clz3374315
303448377 2169667
303454653 clz3374315
303455395 2169667
303455820 2169667
303456089 clz3374315
303457325 2169667
303458366 2779582
303459055 kikinotyou
303459182 2169667
303459940 clz3374315
303460005 2779582
303461001 2169667
303461377 kikinotyou
303461631 36749921
303462348 kikinotyou
303462992 2169667
303463645 36749921
303464712 2169667
303465438 kikinotyou
303465617 2169667
303466401 2169667
303466718 36749921
303469505 kikinotyou
303472078 2169667
303477743 2169667
303482401 chant-stream
303483755 2169667
303534773 bunny_H
303535617 2169667
303535722 2779582
303536371 2169667
303536971 2779582
303537531 2169667
303540012 mazihei
303540148 2779582
303541858 2169667
303542446 hollyor
303542707 2779582
303544027 2169667
303544847 2779582
306063378 39105245
306068453 33325450
306069983 4565005
306084067 3377379
306151916 kidwingfly 303443787 2169667
306164134 2169667
306164831 2169667 306068453 33325450
306166856 irsis
306168653 2169667 306166856 irsis
306168810 irsis 306168653 2169667
306169486 2169667 306168810 irsis
306169706 2169667 306168810 irsis
306171366 28324813
306171531 28324813
306180744 2169667 306171531 28324813
306181114 KLPK
306181269 2169667 306181114 KLPK
306181965 shinemodarel
306186977 39105245 306180744 2169667
306190277 hbdm
306210132 xiaoxiongmaoyx
306242367 2169667 306190277 hbdm
306243017 2169667 306186977 39105245
306272155 kidwingfly
306272288 xuzhao
306275544 lose_g
306275591 lose_g
306277841 2169667
306278694 2169667 306275591 lose_g
306279163 lose_g 306277841 2169667
306279371 lose_g 306278694 2169667
306279826 yzqs
306282090 2169667 306279163 lose_g
306282984 lose_g 306282090 2169667
306285210 2169667 306282984 lose_g
306285697 39105245 306279826 yzqs
306286504 2169667 306285697 39105245
306288530 kidwingfly 306279826 yzqs
306289360 2169667
306289955 good9
306290607 2169667
306299659 1608850
306303870 2169667 306299659 1608850
306327230 50013606
306328708 wakenzhang
306330521 2169667 306328708 wakenzhang
306331232 2169667 306327230 50013606
306331430 33806597
306331968 2169667 306331430 33806597
306339999 33806597
306354738 kidwingfly 306339999 33806597
306361446 wuyuedexue
306371889 1608850
306372722 1608850
306376687 2169667 306361446 wuyuedexue
306377097 2169667 306354738 kidwingfly
306385710 33806597
306391515 2169667 306385710 33806597
306398013 33806597
306432948 wuyuedexue 306376687 2169667
306433142 wuyuedexue 306279163 lose_g
306434737 25535194
306437625 2169667 306433142 wuyuedexue
306438020 2169667 306434737 25535194
306446017 45711760
306448516 2169667 306446017 45711760
306467481 wakenzhang
306492384 2169667 306467481 wakenzhang
306509304 50013606 306331232 2169667
306512819 cissy1123
306519780 kidwingfly 306385710 33806597
306520279 1608850 306303870 2169667
306520379 1608850
306522427 2169667 306519780 kidwingfly
306522616 2169667 306520379 1608850
306533453 1608850 306522616 2169667
306533604 1608850
306547091 33806597
306549331 kidwingfly 306533453 1608850
306585722 25535194
306679148 2169667 306549331 kidwingfly
306679280 2169667 306585722 25535194
306681200 kidwingfly 306679148 2169667
306685455 2169667 306681200 kidwingfly
306687312 wakenzhang
306687922 2169667 306687312 wakenzhang
306687970 2169667 306687312 wakenzhang
306705394 baidodou
306709515 yaohoo
306812590 2169667
306815926 44698623
306815927 44698623
306816337 2169667 306815926 44698623
306816507 2169667 306815926 44698623
306905336 1608850
306935726 2169667 306905336 1608850
306943128 hbdm
306943335 37691659
306946481 2169667 306943128 hbdm
306957560 12903127
306958781 wakenzhang 306687970 2169667
306973067 1608850 306935726 2169667
306974256 55460533
306975197 1608850 306974256 55460533
306979609 55460533 306975197 1608850
307020270 2169667
307020478 Immortal-mo
307021572 2169667
307046620 1608850 307020270 2169667
307046845 1608850
307063764 kidwingfly 306812590 2169667
307081510 2614350
307082894 2169667 307081510 2614350
307084783 2169667 307046845 1608850
307085616 2169667 307046845 1608850
307086470 2169667 307063764 kidwingfly
307091338 1608850 307084783 2169667
307094456 2169667
307129359 2169667 307084783 2169667
307416651 2614350
307416850 2614350 307416651 2614350
307443944 2169667
307446201 2169667
307446321 2169667
307447144 2169667
307447263 2169667
307488030 kidwingfly
307495076 diunama
312166743 gychouniu
312167591 48334389
312171757 vloVelu
312192191 2169667 312166743 gychouniu
312196094 49014353
312204134 Et0ile
312205402 gychouniu
312310530 2169667 312205402 gychouniu
312400956 gychouniu
312983516 xue_dan
313083622 2169667
313095165 3681689
313121612 sancy.w
313122452 33806597
313148021 2169667 313095165 3681689
313148101 2169667 313121612 sancy.w
313249729 40874765
313260319 27782016 306186977 39105245
313316743 2169667 313260319 27782016
313659086 May.may.
313921395 sancy.w
314342648 3377379
314354031 Halah
314409682 2169667 314342648 3377379
345199199 2405643
345577132 47461844
345595167 kindleren
345861821 LLdeodorant
346643519 gychouniu
400132032 33806597
400172224 Oioroso 400132032 33806597
400247981 57903379
400263336 33806597 400172224 Oioroso
400597197 Oioroso 400263336 33806597
400622989 47906476 306084067 3377379
400624266 chendierle
400799197 33806597 400597197 Oioroso
400885444 Oioroso 400624266 chendierle
400885669 Oioroso 400799197 33806597
400885906 4039163
401098543 33806597 400885669 Oioroso
408283246 2169667 401098543 33806597
408295611 57903379
408370586 56230767
408429016 41777380
408434141 62239376
409248962 62190827 303065565 2169667
409272428 52817264
409275311 49302669
409287170 2169667 408429016 41777380
409288818 2169667 409275311 49302669
409292376 2169667 408370586 56230767
409628390 49302669 409288818 2169667
409630396 50651470
409638604 2169667 409630396 50651470
409654628 55311377
409687732 50651470 409638604 2169667
409691146 48824915
409719735 2169667 409687732 50651470
409721339 2169667 409654628 55311377
409739053 kenjiaodelele
409787222 2169667 409739053 kenjiaodelele
409964963 55311377 409721339 2169667
410290695 58457381
410291260 wuhanna
410471529 2169667 410291260 wuhanna
410881751 41777380
413884720 badashou120
413889401 48593530
413893543 dearCharlane
413967542 2169667 413884720 badashou120
413968201 2169667 413893543 dearCharlane
413969246 2169667 413889401 48593530
413981240 badashou120 413967542 2169667
413987653 2169667
413992317 wjsayybrwtxl
413996723 wjsayybrwtxl
414052499 MsHsu
414052903 65129835
414053215 53184598
414054312 60737338
414054835 xiaoyaowang
414064036 2169667 414054835 xiaoyaowang
414066753 3549730
414069366 57903379
414074316 badashou120 414064036 2169667
414077939 57208529
414084713 xiaoyaowang 414064036 2169667
414087008 1482464
414092828 keaner
414123614 2169667 414066753 3549730
414124001 2169667 414069366 57903379
414124632 2169667 414074316 badashou120
414126042 2169667 414087008 1482464
414140943 badashou120 414124632 2169667
414141257 50705995
414152126 tankelaine
414153139 candyclouds
414153923 candyclouds 302736678 2169667
414154463 candyclouds 302746416 43275941
414154602 64617309
414156970 2169667 414153923 candyclouds
414158280 candyclouds 414077939 57208529
414160852 3393179
414161286 candyclouds 414152126 tankelaine
414163049 candyclouds 414156970 2169667
414172641 3393179 408429016 41777380
414174380 60692929
414179934 57208529 414158280 candyclouds
414180788 Agoni_Sx
414186058 candyclouds 414174380 60692929
414186348 candyclouds 414179934 57208529
414271356 2169667 414163049 candyclouds
414272305 2169667 414186348 candyclouds
414272984 2169667 414186058 candyclouds
414273529 2169667 414180788 Agoni_Sx
414274711 yvonny
414276619 dooot
414291464 60692929 414186058 candyclouds
414317617 candyclouds 414272305 2169667
414318027 candyclouds 414291464 60692929
414329327 2169667 414317617 candyclouds
414373300 candyclouds 414329327 2169667
414378969 2169667 414373300 candyclouds
414407246 Agoni_Sx 414273529 2169667
414459088 candyclouds 414378969 2169667
