304129824 albeedesert
304130287 huyangchuan
304130474 2892545
304130600 26524730
304130743 3706880
304130788 dakouheshui
304131584 52815251
304133075 killua2630
304140496 akstrongdog
304140948 hxmmzl
304141433 25411044
304141706 40807278
304142037 SprinQuan
304142900 40807278
304213992 47274383
304221621 53073700
304226085 1174583
304247804 40664182
304248804 4820115
304260504 40664182
304260565 blacoffee
304260621 blacoffee
304262013 40664182
304262852 47598527
304263025 47598527
304267424 40664182
304268594 burningscorpion
304276161 journey_g
304276471 53069194
304279517 luyuxin
304279985 siyi521
304283376 42334860
304283608 1427555
304283825 4120722
304285959 50888075
304286105 50888075
304286108 50888075
304286746 40807278
304287427 54956701
304290472 lovesunday
304295575 claire1101
304297583 52666019
304297808 ziyou011
304303137 daisy_cheung
304306792 51621197
304312169 40807278
304313820 sophiabsb
304403475 40807278
304404391 vanishvan
304404653 39733056
304404658 lostcheung
304405554 2771694
304406891 3681582
304408144 3706880
304411624 49542126
304452885 19180745
304456685 amberbo
304459081 kumapp
304459912 40807278
304467556 35155692
304481737 46768477
304487792 sorryenn
304489573 babyfaceY
304490936 55274629
304498189 40664182
304498339 eyesl
304500853 1608850
304501640 40664182
304510048 1225791
304510128 1225791
304575027 3264529
304649624 40807278
304656764 6026302
304720924 44697298
304721702 lavenderwfl
304722726 FeiFeiW
304724079 ttgia
304731631 56185715
304733383 lizilizi724
304733413 lizilizi724
304734167 mumuok
304734819 3503513
304735037 budapest
304735839 littlelambofgod
304736171 3264529
304736212 snowkit
304736242 3264529
304736268 3264529
304736420 50623408
304740824 Mo_s
304744483 1608850
304744798 4267527
304764104 silencewong
304765067 silencewong
304768168 4614630
304771061 53742913
304783117 renatelli
304800430 1608850
304810742 36080246
304812323 40807278
304819427 53742913
304824170 56185715
304862974 Aimees
304867832 40807278
304867974 3370795
304874948 1608850
304876025 kameaiko
304879384 Aimees
304991803 40664182
305006446 1225791
305006662 fatgirlfan
305088382 carrot9002
305093905 Jelenaye
308390534 FJIABAOBAO
308402223 40590666
308406545 miyocyan
308410917 yitinglu
308411206 yitinglu
308415997 anzhinuosu
308419271 lisawang7
308421996 1586490
308472047 2375864
308472395 2375864
308479380 49891926
308531245 ritaxu
308542058 Krystallosssss
308547366 55876258
308558745 saiyajun
308567322 remmber
309387634 fatgirlfan
309388507 mizhipeng
309520142 jiazhuangshiti
309566100 54909603
309567172 40102588
309570343 34246338
309573304 54909603
309575598 aguagua
312287026 4149159
312298091 3359296
312298210 3359296
312299017 2148486
312717215 cenir0701
312731396 1694011
312826448 sutoto
315196871 49638002 312826448 sutoto
315200836 sutoto
315286252 whateveryouwant
315291244 whateveryouwant
315529458 54306946
315543822 48083079
315546806 3547608
336147597 50919106
336168784 42555783 304810742 36080246
336176022 1099616
336180653 39275852
336186298 heibaimicai
336187152 heibaimicai
336188081 heibaimicai 308410917 yitinglu
336197095 xiamumu
336203862 36080246 336168784 42555783
336264080 48101216
336284602 1099616 336197095 xiamumu
336681845 1459051
336793074 sumoran
336795719 sumoran
336809388 gaolei0521
337709911 daydreamerfan
337889618 christyhan
414439613 52006574
415064083 rayrene
415065242 shenxiaomi1991
415103490 65106967
415555443 mmmp
