309572437 RUOYUN88
309573201 54909603
309573238 57331875
309573532 mint224
309574404 56533866
309575196 liuqingyur
309577534 57331875
309579893 57331875
309581079 43225254
309582526 57331875 309581079 43225254
309582822 SIHEishere
309583089 dear-sore
309583484 57331875 309582822 SIHEishere
309584010 2904730
309590483 monkeydoll
309591945 57331875 309590483 monkeydoll
309593994 3406899
309595369 3406899
309613416 57331875 309595369 3406899
309615535 2219602
309616533 3016921
309616555 47193303
309616853 47193303
309620841 honeyforest
309623902 maryl125
309697099 57331875
309714316 51568828
309714666 57331875
309714696 44053434
309714998 57331875 309714696 44053434
309715008 catofsky
309715637 57331875 309715008 catofsky
309716228 44053434
309719024 NaGeXiaoMing
309719068 14456791 309716228 44053434
309723324 44053434
309724105 timetodie
309731794 57331875 309719024 NaGeXiaoMing
309732399 57331875 309724105 timetodie
309740671 fanran
309741392 besthhui
309741938 57331875 309741392 besthhui
309742338 54002752 309574404 56533866
309742851 57331875
309742858 45254404
309743170 57331875 309742858 45254404
309746858 45254404
309747029 57331875 309746858 45254404
309747652 54002752
309748549 57331875 309747652 54002752
309754343 57331875
309755087 57331875
309756372 futariz
309757265 54002752
309758035 misscrazy419 309719024 NaGeXiaoMing
309759596 57331875
309764483 chuanziaixiaoch
309767460 55923124
309769051 queenmiya
309769160 57331875 309767460 55923124
309769650 queenmiya 309716228 44053434
309771683 36080246
309772132 Isforever
309772569 57331875 309771683 36080246
309772616 naxiaocai
309772929 naxiaocai
309774303 hkhot
309778083 57331875 309723324 44053434
309778134 57415267
309779474 naxiaocai
309782454 55923124
309786682 Rapunzel_y
309790394 46765569
309832452 shanshanshanqin
309833087 shanshanshanqin 309790394 46765569
309833812 naxiaocai 309833087 shanshanshanqin
309834410 naxiaocai 309833087 shanshanshanqin
309835508 34302554
309836193 c52andy
309837735 yan.
309838172 naxiaocai
309839096 yan.
309839213 lnhikari
309839247 naxiaocai 309839096 yan.
309839345 naxiaocai 309839213 lnhikari
309839478 3855320
309839563 GGGGGGGGGGGGG
309841427 orangeflower
309841439 53109950 309839345 naxiaocai
309841687 myenn
309842034 naxiaocai 309841439 53109950
309843076 anzhinuosu 309583089 dear-sore
309843482 4876530
309849745 lnhikari 309842034 naxiaocai
309850719 naxiaocai 309849745 lnhikari
309854996 lnhikari 309850719 naxiaocai
309855480 naxiaocai 309854996 lnhikari
309855865 lnhikari 309855480 naxiaocai
309855960 ritaxu 309843076 anzhinuosu
309856174 ritaxu 309790394 46765569
309856530 ritaxu 309719024 NaGeXiaoMing
309857095 ritaxu
309858199 miyanyx
309866739 57331875
309867739 big_peach 309841427 orangeflower
309886967 sateay
309888418 naxiaocai
309906176 36080246 309772569 57331875
309908281 naxiaocai 309906176 36080246
309921969 sherawong
309922602 calla
309927724 naxiaocai
309947315 shanshanshanqin 309834410 naxiaocai
309947396 shanshanshanqin 309843076 anzhinuosu
309947460 shanshanshanqin 309833812 naxiaocai
309947683 feifeihua
309947812 53109950 309842034 naxiaocai
309947881 hohoke
309949245 firp825
309951787 Scaredzeng
309952691 45484007
309953722 ritaxu 309947396 shanshanshanqin
309955221 1608850
309957833 52069017
310142349 cheryl-57
310146265 carromy
310147793 yuyu-money
310176214 dearzoo
310176814 35510577
310178880 hanaeda
310183855 57331875 310178880 hanaeda
310185258 on-my-way
310185918 wasaisai
310187116 emmazq
310187313 WZZ719
310187417 WZZ719
310187550 3162495
310188386 33025547
310202637 naxiaocai 309947812 53109950
310228664 kingstop
310233640 40874765
310242870 3619211
310250448 zerozaki_kagami
310259091 moumou2012 309856174 ritaxu
310262153 2411618 310259091 moumou2012
310269897 57331875
310279010 eileenisme
310376600 53109950 310202637 naxiaocai
310378877 naxiaocai
310389088 fetisher
310393893 4490377
310440879 52104359 309582526 57331875
310441811 52104359 310188386 33025547
310444461 chriseva
310449159 46958400
310585388 46765569
310601146 yoyo12
310603143 naxiaocai 310601146 yoyo12
310603485 yoyo12 310603143 naxiaocai
310605659 naxiaocai 310603485 yoyo12
310623143 superhelen
310829452 ritaxu 310623143 superhelen
310846630 nanaer
311137535 moumou2012
311150707 blair891
311150876 sogalin
311315742 tristesses18
311317858 11232311
311329757 sowrong
311370619 nepal
311375752 4089731
313641162 fionafeiyang
313642546 ElisaDay
313658564 iheartu
313665158 3164138
313666811 45187756
313667584 fionfan
316194599 weiweisun
316212111 22035892
316213181 weiweisun
316221223 fanini
316234591 53080934
316349285 57127447
316365510 toxic717
316382525 34828635
316561147 47636857
316573958 OnonoImoko
316579141 47563383
316587428 1743073
316594141 54361228
316609674 47787817
316610139 allice
316844487 linkatyan
316848880 48324375
316850259 38862896
317003063 52104359 316587428 1743073
317197049 lamouryzj
317457398 55783539
317459636 55783539
317712778 seastarlight
331328203 2889134
331334197 fance1122
331334919 fance1122
331335143 2889134
331335693 journey..
331336703 2889134
331337996 2889134
331353869 ffzhibei
331359228 2889134
331363151 ffzhibei
331397039 fance1122 331336703 2889134
331417213 2889134
331423948 Halo_egg
331475734 51309018 331336703 2889134
331476021 51309018 331417213 2889134
331478295 tataxu
331493159 gaozhiwen
331526412 realist 331335143 2889134
331526559 realist
331527536 realist 331423948 Halo_egg
331528106 realist 331359228 2889134
331528485 realist 331337996 2889134
331549694 lisawang7
331591956 2889134
331748301 realist 331591956 2889134
331801215 2889134 331748301 realist
344014503 2889134
344044151 57331875
344051383 2889134
344077196 ahsram
345776916 realist 344077196 ahsram
345777491 2889134 344077196 ahsram
348717153 H20.
356200903 43217204
356214437 43917205
356216100 ItisR
356231192 rachel88123
356235242 Hatirla
356240490 vien.chen
356248730 rubychang
356254138 onesunnyday
356258296 33806597 309581079 43225254
356268594 1796525
356278965 54490566
356281451 P_eat_world
356310580 26605722
356323755 fromfans
356324562 mo67er
356326193 ISJENI 316610139 allice
356351515 zhaoqiaoqiao
356352975 50505468
356355301 50505468
356387500 42086649
356390573 2810163
356433776 lovels1314 309832452 shanshanshanqin
356434285 lovels1314 356351515 zhaoqiaoqiao
356444445 zhaoqiaoqiao 356434285 lovels1314
356611494 46143324
356614400 veronica0809
356614702 50267941
356615962 youk 331334197 fance1122
356706502 lovels1314 356444445 zhaoqiaoqiao
366890892 52293460 345776916 realist
366891752 kyoyasama
366951831 realist 366890892 52293460
366976177 matatatata
370975332 xfilechen
371247742 23171423
371320374 56739852
376785712 52922965
376786187 52922965
376793695 summerkid7
376794733 52922965
376794876 41172647
376795505 48908135
376797581 rojajoven
376802440 57635744
377786969 Joannako
397561599 50675330
397573555 mixmimi
397598410 36451237
397968250 1688780
397985153 turandot1224 309951787 Scaredzeng
403418878 realist 397968250 1688780
403568491 1688780 403418878 realist
403587440 realist 403568491 1688780
416996747 61890153
417008119 4280679 309616533 3016921
417020238 9836748
417021966 jinran113
317724353 49298219
317726866 plut0
317745655 baijieke
317768971 Halo_effect
317901463 47025122
317980905 57331875
317986372 47025122 317980905 57331875
317987566 57331875 317986372 47025122
317989492 candyhu
318005554 47025122
318006364 57331875 318005554 47025122
318074373 wasysl
318090659 13556180
318090677 13556180
318090720 ineer
318091699 49365376
318092347 fance1122
318092503 fance1122
318095572 RyougiShiki
318096778 xk 318092503 fance1122
318100342 woshihaoren123
318190053 fance1122
318201311 4615699
318220662 45788939
318221935 xk 318190053 fance1122
318251750 45567853
318254363 57331875
318489270 disnick
318489664 dearzoo
318595490 camelliaaa
318595654 camelliaaa
318642745 4597734
318903452 4247798
318903875 allice
319042694 suehere 309583089 dear-sore
319323732 22035892
319377270 weiweisun
319377738 kimmyQ
319378773 huohuoa
319398995 57331875
319424323 44567179
319425856 mimi7
319429759 joyxu
319434545 57331875
319481975 dearzoo
319482078 Alonelytramp
325242276 doctorecho
325522718 52922965
325582650 22035892
325584881 wandu
325843495 lucong
325907950 jinran113
326573395 huing
326610684 shirleyniuniu
326611172 realist
326614484 realist
326616919 realist 309921969 sherawong
326617453 yoyosoda
326618435 realist
326618553 babysamisagirl
326619674 realist 311370619 nepal
326621228 realist 309767460 55923124
326638777 59012402 318090659 13556180
326655950 1904200
326690959 realist 326655950 1904200
326691839 56897103
326695214 4664655
326708024 realist 326695214 4664655
326709832 4664655 326708024 realist
326711234 2026969
326713623 42917645
326718140 buda35
326720425 ninonino
326724770 16003695
326726811 54261683
326727555 48692399
326788753 naxiaocai 317745655 baijieke
326818174 51523947 310176214 dearzoo
326843516 realist 326720425 ninonino
326853895 2148779
326867657 realist 317457398 55783539
326868411 realist 309955221 1608850
326870502 realist 316844487 linkatyan
326934054 ninonino 326843516 realist
326936761 ninonino 326788753 naxiaocai
326937402 naxiaocai 326936761 ninonino
326937687 ninonino
326937890 naxiaocai 326937687 ninonino
326938016 ninonino 326937890 naxiaocai
326938357 currygo 326867657 realist
327176186 46799815
327178171 41942820 318903452 4247798
327212511 realist 327176186 46799815
327773419 58796181
328602321 52922965
328619215 realist 328602321 52922965
329007965 keepba 309856174 ritaxu
329013436 48819425
329014827 byorange 309581079 43225254
331325434 2889134
