311266604 fuckregulation
311310898 xianzhikongjian
311330554 sowrong
311383623 2856256
311385121 tangtangtangs
311387688 eisntobe
311387992 wen19900814
311388272 zoelu
311388456 babylizi
311388698 57140627 311388272 zoelu
311389120 wen19900814
311389193 52689540
311389848 shuirudan
311402054 yovitam
311403471 55469868
311403960 ianianian
311404104 jjjjjjjjjjjjjjb
311470118 lizi0522
311470549 misstomato
311470670 emmazq
311471554 1513251
311493313 misslelouch
311494727 HELLOTT 311403471 55469868
311494917 HELLOTT 311389193 52689540
311496133 meitian 311494727 HELLOTT
311497964 2550719
311499338 dongnanqiao
311499359 53934158
311510656 2645273
311512114 2892545
311526662 momo6688
311528245 FJIABAOBAO
311529092 HELLOTT 311496133 meitian
311530147 kellyxue
311530611 45815816
311531302 lijialiu
311531734 i.m.possible
311549447 44679393
311555759 40205385
311557324 57340091
311558424 14456791
311560983 Mao..
311566028 52689540 311531302 lijialiu
311582826 lijialiu 311566028 52689540
311592662 52689540 311582826 lijialiu
311593092 Alonelytramp
311598957 log_l 311592662 52689540
311639622 55469868 311494727 HELLOTT
311724382 maryl125
311745966 janikaviva
311774767 2856256 311531302 lijialiu
311776913 caise
311777356 caise
311778022 caise
311778641 50688670
311779045 caise 311778641 50688670
311780898 iamdede
311785561 hazeleyes
311798428 perpet
311798795 BernieButler
312249599 47754905
312250651 vloVelu
312252978 nightmare7
312253648 25875060
312253884 vloVelu
312254423 3388021
312254466 xxdoubanxx
312255586 xhpiano
312255886 shinianbuwan
312256108 46590503
312256763 alive0919
312258116 hotowl
312258709 thefly
312265865 amyjet
312267025 LuckyStrikeF
312267601 4089731
312268020 4481712
312268032 4089731 312254423 3388021
312268983 41221702
312270654 envy13
312272006 DawnG
312272037 ljrrr
312273403 meowism
312273834 Vinnie.Wn
312317467 janikaviva 312268032 4089731
312318033 34237127
312318046 janikaviva 311774767 2856256
312318961 44885013
312324242 changchang0204
312325526 PrincessAlice
312327941 Yafyue
312329218 49310073
312333985 10674498
312334350 18174444
312360745 50907857
312715301 cenir0701
312718370 cherrygao 311526662 momo6688
312718863 54625504
312718922 54625504
312718960 54625504
313699127 amyjet
313699905 aivin777
313701510 14456791 313699127 amyjet
313705318 44415246
313705658 14456791
313706786 atom
313712086 33652980
313712844 44415246
313714622 sansan314
313716764 amyjet
313716845 amyjet 313714622 sansan314
313716980 1338192
313717134 yan3
313724050 sansan314 313716845 amyjet
313724234 juanajuan
313724910 sansan314 313716764 amyjet
313727146 daisyluoying
313728734 sansan314
313730751 tree19644
313730994 27144167
313732002 ssssssstarry 311526662 momo6688
313734096 48726835
313734333 2875804
313734944 48786932
313735678 timrex
313736036 36473201
313736672 amyjet 313728734 sansan314
313736696 susan_eee
313739085 miao722 313728734 sansan314
313753392 44415246
313753833 4345212 313739085 miao722
313754185 44101751
313755387 44101751
313755813 44415246 313754185 44101751
313757925 50248646
313758253 44101751 313755813 44415246
313759498 50248646
313762165 44415246 313758253 44101751
313763105 53893736 313759498 50248646
313764561 44101751 313762165 44415246
313766157 yeyiyi
313767462 44415246 313764561 44101751
313769862 47660711
313771753 40248881
313773976 esther1115
313780485 yunta 313736036 36473201
313785278 50248646 313763105 53893736
313790283 53893736 313785278 50248646
313807144 GoodbyeSo
313811118 guilt
313829803 momo6688 313732002 ssssssstarry
313832285 14456791 313716764 amyjet
313832578 14456791 313811118 guilt
313832730 x64
313833601 14456791
313838278 44415246
313838761 44415246
313838958 14456791 313838278 44415246
313839418 44415246 313838958 14456791
313842609 Jes_lulu.
313843089 14456791
313845781 44415246
313846191 44415246 313842609 Jes_lulu.
313847734 Janice_Lau
313848265 14456791
313852371 wzer825
313854603 esther1115 313811118 guilt
313855738 pishuang
313856692 53534943
313859139 guilt 313854603 esther1115
313859918 20773346
313877916 Jes_lulu. 313846191 44415246
313878908 Janice_Lau 313855738 pishuang
313886555 44415246 313877916 Jes_lulu.
313887883 mygarden
313897543 kcld
313935379 4816694
313947667 amyjet
313947703 etern1ty
313959451 Jes_lulu. 313886555 44415246
313960675 44415246 313959451 Jes_lulu.
313960751 44415246 313935379 4816694
313973779 abouteli
313979389 Janice_Lau 313947667 amyjet
313982194 jycalm
313991791 qmeango
314008225 lolala528
314020839 44415246 314008225 lolala528
314024821 yishionPP
314029746 yunlwei 311497964 2550719
314030398 yunlwei
314031632 Angiebest
314032823 moonsmile 311383623 2856256
314033305 huangqyao
314042369 2550719 314030398 yunlwei
314046740 GwendolynTan
314050259 lolala528
314051130 38975915
314052728 camelliaaa
314052730 hellorabbity
312719246 Mr_Adult 311526662 momo6688
312719743 mrclaw
312720802 2387156 311779045 caise
312721070 babyd
312895530 sachi227
312895800 sachi227
312896022 sachi227
312896137 sachi227
312896552 50906152
312896893 vixendol
312897333 sachi227
312897452 notworry
312899904 chundongxi
312925388 ianianian
312929758 49310073
312930208 49310073
312934481 sachi227
312942799 ianianian 312929758 49310073
312943681 17856572
312944429 49310073
312944486 49310073 312942799 ianianian
312944745 49310073
312945227 57251153
312946857 34557951
312948958 44051055
312957990 ianianian 312944745 49310073
312963963 shine2
312964457 3681689
312964891 naxiaocai
312965862 a.k
312966450 39561069
312966663 39561069
312966907 39561069
312970091 42836965
312977979 ianianian 312963963 shine2
312978039 3681689 312966450 39561069
312979954 39561069 312978039 3681689
313040809 iamtea
313041184 ggyyjjww
313042482 51214914
313042525 braveduck
313049201 persistence
313054969 49219599 311389193 52689540
313057494 55843596
313064300 2789221
313104204 sachi227 312944429 49310073
313105792 sachi227 312945227 57251153
313106287 sachi227
313110066 tamsin
313120997 33806597
313127246 dg4ever
313136229 songqueen
313160077 57251153 313106287 sachi227
313164305 xinruoai 311528245 FJIABAOBAO
313183652 39856638
313185228 yunta
313186270 14456791
313186805 14456791
313187391 symyself
313187649 symyself
313187951 14456791
313188589 14456791
313191153 2701612
313194469 13305753
313200680 4051438
313201424 4051438 312944745 49310073
313201894 4051438 312944745 49310073
313233482 43867387
313238677 janikaviva
313260923 mrclaw
313270808 pupa91s
313301281 sachi227 313185228 yunta
313302318 46312002
313302331 sachi227 313160077 57251153
313304373 sachi227 313127246 dg4ever
313324445 guilt
313462961 dg4ever
313610576 sarahshady
313632969 ckfsj
313680112 4884569 313632969 ckfsj
313680979 heiseren
313688941 14456791
313691935 amyjet
313692057 amyjet 313632969 ckfsj
313692146 14456791 313691935 amyjet
313693479 aivin777
313693708 31212777
313693948 51317195
313694212 14456791
313694521 aivin777
313694772 amyjet
313695346 14456791 313694521 aivin777
313695356 3883946
313696097 14456791 313694772 amyjet
313696324 aivin777
313696473 14456791
313696775 amyjet
313697437 14456791
313698139 14456791
313698584 47200600
314052856 camelliaaa 314050259 lolala528
314053302 camelliaaa 313724234 juanajuan
314053712 camelliaaa 313233482 43867387
314054400 VeiAn
314054638 camelliaaa 311530611 45815816
314055405 edcxixi
314056655 juanajuan
314057452 44626404 312254423 3388021
314058078 Angiebest 314054400 VeiAn
314059120 43784362
314064749 Angiebest 312942799 ianianian
314067581 ianianian 314064749 Angiebest
314072016 Angiebest 314067581 ianianian
314073747 54005754
314081099 44330489
314081235 49171412
314083949 lyy89
314085031 3427392 311388272 zoelu
314085558 lexiaolan
314085854 lexiaolan
314087012 yunlwei 314042369 2550719
314089168 doreenzhazha
314093905 56864116
314098798 sosilkke
314117005 14456791
314121590 sosilkke
314128189 2550719 314087012 yunlwei
314143694 44721273
314169810 57629062
314181780 56864116 314169810 57629062
314215465 50118662 312253648 25875060
314217906 50118662 313680979 heiseren
314218347 50118662 313693708 31212777
314218892 50118662 313717134 yan3
314219830 33318289
314273330 57629062 314181780 56864116
314274801 4635840
314275596 luyuxin 311494917 HELLOTT
314275660 luyuxin
314288569 52297602 311526662 momo6688
314332121 56864116 314273330 57629062
314360012 sachi227
314362632 14456791
314363668 sachi227 313807144 GoodbyeSo
314431105 Janice_Lau 314046740 GwendolynTan
314446372 GwendolynTan 314431105 Janice_Lau
314490717 chenchen3036 311389120 wen19900814
314490805 chenchen3036 311470118 lizi0522
314491408 chenchen3036
314492230 Janice_Lau 314446372 GwendolynTan
314502756 2856256
314506912 3681689 314491408 chenchen3036
314523452 GwendolynTan 314492230 Janice_Lau
314532353 sachi227 314491408 chenchen3036
314535607 chenchen3036 314506912 3681689
314535619 chenchen3036 314532353 sachi227
314535744 laimiu 311388272 zoelu
314544557 3681689 314535607 chenchen3036
314544855 zizhao
314545038 zizhao 314274801 4635840
314545484 Angiebest 314544855 zizhao
314545659 zizhao
314545828 zizhao 314545484 Angiebest
314546708 Angiebest 314545828 zizhao
314546854 43677701
314547062 43677701 312254423 3388021
314547408 wumaizi
314548102 4635840 314545038 zizhao
314548190 4635840 314502756 2856256
314549355 g-purety
314549370 guilt
314554244 zizhao 314548102 4635840
314563687 sennikk
314576232 4635840 314549370 guilt
314584345 bear1943
314590223 shengyouchang
314592463 1953474
314595229 Janice_Lau 314523452 GwendolynTan
314598854 sansan314
314599370 wumaizi 314598854 sansan314
314599444 56311249
314599943 48314246
314603125 misstoocarefu
314603998 shengyouchang 314599943 48314246
314608921 Lebb
314614434 theeye
314622538 TIMELESS_LEO
314628711 zuo_xiao_an 314085854 lexiaolan
314630573 lexiaolan
314651502 GwendolynTan 314595229 Janice_Lau
314678713 pishuang
314679967 pishuang
314682066 36395978
314685568 Janice_Lau 314651502 GwendolynTan
314694718 GwendolynTan 314685568 Janice_Lau
314699278 49034818 314608921 Lebb
314719262 50118662 314599943 48314246
314728779 chenchen3036 314544557 3681689
314735523 31260907 311389193 52689540
314735613 dounianyinghang
328020525 49983730
328020837 53128584 311389193 52689540
328035488 nowerfan 311389193 52689540
328043707 4767728
328062164 chaigul
328075559 3765882
328106240 sachi227
328662994 2824409 314590223 shengyouchang
328663648 2824409
328678686 coldfront4e
328678706 stefanie_law
328707096 58862186
329960302 3922883 328678686 coldfront4e
329960583 nuanxiaowang 311387688 eisntobe
330182953 coldfront4e
330183712 wiwi.
330184071 wiwi.
330189684 48038996
330238436 3922883 330182953 coldfront4e
330476730 coldfront4e 330238436 3922883
330500248 47910437
330536536 zouyazou
330606064 M567277
330678293 shinemodarel
330679563 pthkex
330694806 4713910 330606064 M567277
330698020 M567277
330725363 Zug
330756598 4136213
332216011 dreamingdrifter
332235876 island20 332216011 dreamingdrifter
332242114 59642351
332243045 14456791
332791432 shmilykame
332804328 4547726
332860729 45850763
332864117 bibobibo
332880959 4659227
332882717 2146317
332895617 amatolee
332896937 amatolee
332897667 moccayu
333079686 2708187
333114706 54334687
333122907 likegreen
364912593 4101197
364915422 47533910 311388272 zoelu
365708162 2363324 311529092 HELLOTT
365711488 2363324
365713242 NeverBack-
366314519 48452454
366320167 hatestrawberry
366335558 16839816
366352913 lamberry
366454644 53679658
366455290 53679658 312930208 49310073
366484994 48902239
366501742 53679658 314544855 zizhao
366507120 53679658 330184071 wiwi.
366535727 startravel
366539208 49840194
366567901 55465004
366578449 2634388
366612377 52157777
366613897 4586638
366664053 43914805 328663648 2824409
366672295 47999633
366680206 luckyugliest
366718006 48557449
366721189 wangyinqiu
366822698 6787739
366835308 58219000
366838004 dianafox
368039080 48775288
368046963 26829109
368063310 60415974 312715301 cenir0701
368634524 55934586
368634865 55934586 366567901 55465004
368636499 13950189
368658570 46384217
368661280 xj190
368698900 jjlayzq 332864117 bibobibo
368728209 grassmudhorse
368762236 55934586 313877916 Jes_lulu.
368782379 60547163
368814801 60547163 330679563 pthkex
368820557 60547163
368822451 voidyu
368833107 60547163
371339437 50263887 313302318 46312002
371341754 61041059 312718922 54625504
372022354 onion-hanhan
390700682 mmh007 313302318 46312002
390728185 mmh007 366320167 hatestrawberry
390733100 hatestrawberry 390728185 mmh007
390739833 nemofishhome
390892375 catcat0326
391247883 blindkale
391254898 50180306
393558979 FionaStayReal 312942799 ianianian
314735927 52689540 314735523 31260907
314740417 40565934 314083949 lyy89
314743536 35464633
314746453 lyy89 314740417 40565934
314748969 40565934
314750299 sachi227 314743536 35464633
314753135 35464633
314753768 35464633
314754774 yingluo7 313807144 GoodbyeSo
314762476 lyy89 314748969 40565934
314992859 55469868
315015529 16870721
315016172 16870721
315314575 moonsmile
315468895 cug17108110
315470294 54299076
315470700 44330489
315472940 amyjet 314595229 Janice_Lau
315496002 Janice_Lau 315472940 amyjet
315496386 37903824
315580485 46113059
315582534 46113059 315016172 16870721
315588427 syavalon
315632267 rockon
315734503 4051438 315580485 46113059
315774291 46113059
315774506 Assado
316228245 57113380
316231764 Su5555555555555
316258484 crazycat86
316279596 sysophie 313042482 51214914
316394015 wushanqi
316433224 floragarfield
316473482 sachi227 314753768 35464633
316474582 sachi227 314753768 35464633
316475938 35464633 316474582 sachi227
316541112 51214914 316279596 sysophie
316662428 45257645
316662719 pei_vivian
316672652 48446412 311385121 tangtangtangs
316677531 ranran1989
316723458 47231746 314548190 4635840
316801453 hellorabbity 316723458 47231746
317089965 55532603
317201456 island20 317089965 55532603
317210734 MBcore
317211459 cukoualuo
318354477 tangtangtangs 316672652 48446412
318376462 49104735
318377822 foxlive
318378574 Nagini
318921165 2103623
318954519 4261528
318957398 4728883
318972705 axier
318973198 axier
319001521 heli940613
319110630 48446412 318354477 tangtangtangs
319111420 38919889 311383623 2856256
319111815 mikeslowfuck 311403471 55469868
319113729 46799454 311499359 53934158
319116452 46799454
319117980 46799454 312944486 49310073
319119907 46799454 313120997 33806597
319122238 siyu41
319122478 46799454
319123018 luisinhongkong
319123518 49249960
319126336 46799454 315016172 16870721
319129466 siyu41
319157595 55469868 319111815 mikeslowfuck
319164751 55807985
319172078 galeno
319176248 xinshijinnian
319196609 TizzysoN
319244101 2856256 319111420 38919889
319253693 Doreen_nina
319326808 sachi227 319129466 siyu41
325586779 14006310
325589936 40932341
325590235 40932341 319164751 55807985
325606173 46564359
325624488 sahara1 325590235 40932341
325628182 42203231
325635207 56917272
325635377 56917272
325635556 56917272
325657984 flandre 311383623 2856256
326338745 2856256 325624488 sahara1
326339077 2856256 319164751 55807985
326679819 wy93
326723504 deaRyyy
327577343 mj615950497 314288569 52297602
327751405 52297602 327577343 mj615950497
327892942 mj615950497 327751405 52297602
327910106 43259276
327949881 52297602 327892942 mj615950497
327960824 arain0606
328018446 mj615950497 327949881 52297602
328020263 49983730
414498100 50595218
414498203 zk1683710
414501857 andotadao
414503967 44605202
414509849 65675536
414514276 heradarling
414516113 49460294
414516475 53710140
414520490 65675536
414522288 65675536 315470700 44330489
414522807 3551447
414523107 61943345
414524592 kingoftang
414524966 56501913
414526247 seymiyake
414529958 2138509 365711488 2363324
414530472 secretdoor
414530476 50552480
414552684 61132009 414520490 65675536
414569491 8640425 414522807 3551447
414635399 3551447 414569491 8640425
414666659 2543868
414667419 2543868
414669402 48677000
414679270 65675536 414552684 61132009
414679484 14606312
414682983 52318761
414695231 57756770
414699882 4110420
414710488 36537500
414722859 8640425
414760922 57903379 414635399 3551447
414773903 qiuwenxuan
414776847 67142987 311470118 lizi0522
414783744 3551447 414760922 57903379
414783966 3551447 414760922 57903379
414784783 67142987
414799600 57903379 414783966 3551447
414800109 57903379 414635399 3551447
414814923 TVBVSBON
414815650 48593530 314491408 chenchen3036
414816110 2134241 311388456 babylizi
414816383 60040891
414816757 3257158
414817168 2134241 311494917 HELLOTT
414818456 2134241 312254423 3388021
414819447 48593530 365711488 2363324
414824431 2134241
414825447 64890836 311383623 2856256
414825822 2134241 312966450 39561069
414845986 57903379
414847971 61006968
414871649 3551447 414800109 57903379
414872904 3551447 414799600 57903379
414874123 4058454
414911625 2134241 414845986 57903379
414912710 2134241 314051130 38975915
414914649 2134241 314599444 56311249
414916735 41566868 315496386 37903824
414916997 2134241 319111420 38919889
414919055 Alice.c.c 414530472 secretdoor
414919686 2134241 365711488 2363324
414920184 2134241 366352913 lamberry
414920609 51159529
414920788 63910968
414921047 2134241 368833107 60547163
414933170 lamberry
414937885 57903379 414921047 2134241
414938404 LuckyStrikeF
414938765 davidlien
414949841 59156459
414968072 48808520
414969206 48808520
414984635 33446695
415009554 43321808
415029007 damenya3210
415073324 mar20
415073326 mar20
415096098 1758758
416131890 42017394 311389193 52689540
416157416 secretdoor 414919055 Alice.c.c
416157787 secretdoor 414919055 Alice.c.c
416171115 2192289
416177724 40430230
416222676 wywmzyq
416225204 seeslulu 414530472 secretdoor
416227846 tracytaoahaha
416228767 1904049 313054969 49219599
416239583 46112060 315496386 37903824
416241397 59226139
416245381 40002871 311774767 2856256
416251228 mia_x
416309751 yang7si
416345938 secretdoor 416225204 seeslulu
418284415 jinxihexii
419922747 56058896
419922991 66175585
393785821 32308072 313935379 4816694
393786059 meganxyx
393945240 4058638
393957576 Deux_Pas
394392491 43488242
394447300 oldforce 312329218 49310073
395393803 52154496
395413281 65481979
395433522 claren
395473475 55585376
395483858 niko0728
395525823 47794891
395595211 62528142
396321278 BLACKcat-xuan
405823197 2768103 312718370 cherrygao
405828955 26510989 311387688 eisntobe
405831154 4480792
405832147 50726718
405839065 soundofjade
405843250 51837513
405849077 zhangqnick
406066918 63738178
406163279 prince_lam
406192440 60503327
406194572 miralawn 393945240 4058638
406202292 maoyanzhilan
406205121 3632080
406213185 60767301 314031632 Angiebest
409251774 62190827 312718960 54625504
409326825 59973680
409327845 pearltear 311389193 52689540
409333487 61132009
409340514 sachi227 409333487 61132009
409350502 61132009
409355060 61616673
409355587 64075257 311778641 50688670
409355881 66958230
409355969 64075257 311785561 hazeleyes
409356768 64075257 312255886 shinianbuwan
409357261 64075257
409357561 64075257
409357793 64075257 312327941 Yafyue
409358197 64075257 312334350 18174444
409359037 64075257
409360374 64075257 312942799 ianianian
409360900 64075257 312944745 49310073
409361768 64075257 313040809 iamtea
409362840 64075257
409363034 1329159
409364165 2169667 312978039 3681689
409365360 64075257 313301281 sachi227
409368364 64075257
409368612 64075257
409369096 64075257
409371436 baichibird
409378272 58121892
409380092 50755377 311389120 wen19900814
409413687 dreaming1 330678293 shinemodarel
409444736 coral007
409457429 zhaotq
409462011 dooot
409462390 kristen-11
409522432 2169667 409462011 dooot
409541886 10564212
409549379 dooot 409522432 2169667
409870254 1425472
409980468 61335684
409981195 66835325
409987184 56548750
409987581 catinbedroom 311388272 zoelu
411425982 67190714
411429223 51439903
411435461 p1anp1an
411441534 67070236
411445075 52489015
412630647 41036709
412715962 63503435
412739571 50761957
412762089 50148125
412786413 41868040
412788645 4732828
412801431 34090878
414136146 50595218
414139480 35476575
414155460 35197929
414156108 nb029
414172383 49460294
414259259 65448587
414261718 49956323
414303391 41266824
414310494 56493659 311470118 lizi0522
414326974 56493659
414336474 MavisChau
414348702 nigooe
414356820 Alice.c.c
414356890 Alice.c.c
414483061 44415246
414485291 48786558
414489836 50595218 414483061 44415246
414497413 44415246
