313049009 dounianyinghang
313049265 lostcheung
313049286 syounashin
313049344 sytdream
313049624 hundana
313049919 shenxueqi
313052524 49375005 313049919 shenxueqi
313052723 shenxueqi 313052524 49375005
313054131 limengxin
313054816 57601361 313049919 shenxueqi
313054959 57601361 313054131 limengxin
313055215 42855756
313055734 57601361
313056425 limengxin 313054959 57601361
313056445 57601361 313055215 42855756
313056976 57601361 313056425 limengxin
313057396 mrabin
313057433 Xiangbaihua
313057820 limengxin 313056976 57601361
313058716 2904730
313058982 41516313
313059358 2789221
313059999 34553150
313061102 Jelenaye
313061460 57601361 313057396 mrabin
313063316 57601361 313061102 Jelenaye
313064138 bluecotton
313064624 57601361 313059999 34553150
313064749 57601361
313065196 57601361 313057433 Xiangbaihua
313065647 matchsticky
313066086 39561069
313067972 Jelenaye 313063316 57601361
313069549 3399239
313069683 57601361
313070194 serenityforever
313070690 57601361 313067972 Jelenaye
313071293 tizzytod
313071352 57601361 313069549 3399239
313071467 57601361 313070194 serenityforever
313071778 57601361 313071293 tizzytod
313072125 57601361 313065647 matchsticky
313072581 57601361 313066086 39561069
313073248 57601361
313073353 sileen
313073526 symyself
313074220 57642284
313074287 fangyuan21
313074300 50619259
313074495 57642284 313073526 symyself
313075707 57379402
313075965 symyself 313074495 57642284
313076378 57601361 313073353 sileen
313076733 melancholy05
313076989 57601361 313076378 57601361
313079390 57642284 313075965 symyself
313079529 57601361 313076733 melancholy05
313079741 57601361 313079390 57642284
313079834 geniusyang
313080277 57601361 313075707 57379402
313080292 57642284 313079741 57601361
313080773 57601361 313074220 57642284
313080908 57379402 313080277 57601361
313081068 57601361 313079834 geniusyang
313081186 melancholy05 313079529 57601361
313081875 26107963
313081909 57601361 313080908 57379402
313082112 57601361 313081875 26107963
313082517 57601361 313081186 melancholy05
313083399 57601361 313081068 57601361
313083657 57601361 313073526 symyself
313084157 57601361 313074300 50619259
313084471 57601361 313074287 fangyuan21
313084673 3399239 313071352 57601361
313086043 13245971
313086557 57601361
313087051 57601361 313086043 13245971
313087390 symyself 313079390 57642284
313087480 57601361 313084673 3399239
313088264 symyself
313088299 57601361 313087390 symyself
313088412 57601361 313088264 symyself
313088663 57379402 313081909 57601361
313090693 48858338
313090704 57601361 313088264 symyself
313091103 45795083
313091211 51073749
313091719 57601361
313092739 57601361 313091211 51073749
313093615 41516313
313093974 41516313
313094383 28876703
313094577 57601361 313091103 45795083
313095214 3399239 313087480 57601361
313095722 57601361
313095980 41516313
313096303 4633480
313096957 57601361 313095214 3399239
313097054 symyself 313090704 57601361
313097846 symyself
313521038 57601361
313521179 57601361
313521575 57601361
313522172 57601361
313522612 57601361
313645958 43602714
313650948 binghuideo
314114226 45970411
314115162 wiwi.
314132282 2748445
314138643 2748445
314145180 46594524
314145231 54068017
314158391 daisy_cheung
314213170 57601361 314145180 46594524
314213288 57601361 314145231 54068017
314213394 57601361 314138643 2748445
314213586 57601361 314132282 2748445
314213750 57601361 314115162 wiwi.
314213863 57601361 314114226 45970411
314214484 57601361 313645958 43602714
314214726 57601361
314219454 wiwi. 314213750 57601361
314259343 1608850
314277906 stonechanged
314280156 losting722lc 313080277 57601361
314280233 Tien
314447782 57601361 314280233 Tien
314451895 57601361 314277906 stonechanged
314454521 57601361 314259343 1608850
314455583 57601361 314219454 wiwi.
314456584 57601361 314132282 2748445
314459488 stonechanged 314451895 57601361
314459623 58092312
314462579 57601361 314459488 stonechanged
314462763 57601361 314459623 58092312
314462975 stonechanged 314462579 57601361
314463975 49293730
314475673 3603090
314478670 42955568
314487946 57601361 314462975 stonechanged
314542573 57601361 314280156 losting722lc
314542615 57601361 314280156 losting722lc
314560627 littlestrange
314560852 snady 313055734 57601361
314566404 snady 314542615 57601361
314588692 oooivy
314715724 57601361 314588692 oooivy
314716209 57601361
314717570 57601361 314560852 snady
314718910 57601361 314560627 littlestrange
314722743 57601361 314560627 littlestrange
314725710 57601361
314741054 littlestrange
314758476 weiaiJaychou
314770415 natalie-c520
314806500 dolphinanan
314811805 cocoyana
314818602 45463776
314922669 57601361
314923080 57601361 314818602 45463776
314938669 57601361
314939020 57601361 314811805 cocoyana
314940323 57601361 314770415 natalie-c520
314942057 45463776
314948087 gegewusue
315011734 57601361 314948087 gegewusue
315011871 57601361 314758476 weiaiJaychou
315012106 57601361 314478670 42955568
315012241 26452164
315012287 57601361 314475673 3603090
315012560 57601361
315012748 57601361 314948087 gegewusue
315016620 26452164
315017086 wudixiaoyi
315017440 31928619
315041330 57601361 315017440 31928619
315041486 57601361
315042210 4633389
315043591 31928619
315053849 Daniela711
315228830 57601361 315043591 31928619
315229023 57601361 315053849 Daniela711
315229231 57601361 315042210 4633389
315275130 4633389 315229231 57601361
315318000 57601361 315275130 4633389
315327587 whateveryouwant
315421775 57601361
315421842 57601361 315327587 whateveryouwant
315427583 whateveryouwant
315451754 57601361 315427583 whateveryouwant
315455259 2625361
315470201 49293730
315523473 cocoyana
315583296 57601361 315455259 2625361
315583882 57601361 315455259 2625361
315584013 57601361 315523473 cocoyana
315584191 57601361 315470201 49293730
315587095 51225229
315638294 57601361 315587095 51225229
313289029 heralovezeus
313304303 57601361
313304464 57601361 313289029 heralovezeus
313304508 xblxbl
313304653 57601361 313289029 heralovezeus
313304940 57601361
313305050 57601361
313305313 rouguangbaobao
313305532 4481712
313306070 57601361
313315572 57601361
313316639 4006450
313326500 2789221
313328537 choulinlin
313332278 37284497
313335487 57601361 313326500 2789221
313335517 57601361 313332278 37284497
313335554 57601361 313316639 4006450
313337909 57601361 313316639 4006450
313340113 crt
313340384 4461604
313341213 57601361
313341323 57601361 313340113 crt
313341874 taken-tee 313074300 50619259
313342370 57601361
313342445 50619259 313341874 taken-tee
313342480 taken-tee
313342511 57601361 313341874 taken-tee
313342803 taken-tee 313342445 50619259
313343067 crt
313343088 50619259 313342803 taken-tee
313343164 57601361 313342480 taken-tee
313343387 50619259
313343440 57601361 313343088 50619259
313343535 57601361 313343387 50619259
313343675 57601361
313343794 taken-tee 313343164 57601361
313343887 57601361 313342445 50619259
313344032 50619259 313343535 57601361
313344048 taken-tee 313343088 50619259
313344123 50619259 313343887 57601361
313344235 57601361 313343794 taken-tee
313344295 57601361 313344123 50619259
313344526 57601361 313344048 taken-tee
313344648 mixcute
313344661 taken-tee 313344235 57601361
313344680 x64
313345638 49857179
313346749 2789221
313347732 57601361
313350025 57601361 313344680 x64
313350088 57601361 313345638 49857179
313350473 57601361 313346749 2789221
313350633 57601361 313344648 mixcute
313350873 57601361 313344661 taken-tee
313350935 2789221
313351026 57601361 313344661 taken-tee
313351495 57601361 313350935 2789221
313351628 aguagua
313351776 taken-tee 313351026 57601361
313352118 2789221
313352420 57601361 313351776 taken-tee
313353059 aguagua
313353129 57601361 313352118 2789221
313353823 aguagua
313353853 2789221
313354347 57601361 313353059 aguagua
313354462 57601361 313353853 2789221
313354571 57601361 313353059 aguagua
313354667 57601361 313353823 aguagua
313360696 57601361 313353059 aguagua
313373958 aguagua
313375083 54726574
313422708 dearfreakear
313427073 thatshuai
313454012 iamdede
313456850 meking
313459404 3670436
313464400 20708008 313071352 57601361
313466766 meking
313467302 heralovezeus
313492775 57601361
313492904 57601361 313464400 20708008
313493117 57601361 313459404 3670436
313493463 57601361 313454012 iamdede
313493793 57601361
313494278 57601361
313494356 y-young1025
313495724 57601361 313422708 dearfreakear
313496195 57601361 313494356 y-young1025
313496446 dearfreakear 313495724 57601361
313496634 57601361 313375083 54726574
313496834 57601361 313422708 dearfreakear
313498709 57601361 313351628 aguagua
313499333 stonechanged
313499676 y-young1025 313496195 57601361
313500318 y-young1025 313499676 y-young1025
313502965 4208393
313511474 thatshuai
313517831 a-shun
313098764 57601361
313099846 57601361 313097054 symyself
313100511 57601361 313096303 4633480
313100848 41961788
313101958 57601361 313097846 symyself
313102320 57601361 313093974 41516313
313103236 45795083
313103736 symyself 313101958 57601361
313105146 57601361 313093974 41516313
313105175 54068017
313105325 57601361 313103236 45795083
313106347 57601361 313105175 54068017
313107046 57601361 313103736 symyself
313108713 57601361 313105175 54068017
313108822 BITCHES 313057396 mrabin
313109366 BITCHES 313108713 57601361
313109449 57601361 313049286 syounashin
313109738 57601361 313109366 BITCHES
313110109 57642284
313110158 57601361 313108822 BITCHES
313110222 BITCHES 313109738 57601361
313110310 57601361 313110109 57642284
313111298 48858338
313112171 57601361 313110222 BITCHES
313112415 45011948
313112806 57601361
313112989 57601361 313112415 45011948
313113859 48858338 313112806 57601361
313114297 57601361 313110222 BITCHES
313114619 57601361
313115897 57601361 313080292 57642284
313116112 45011948
313116823 57601361 313116112 45011948
313117584 2789221
313118557 57601361 313117584 2789221
313133410 3619211
313134036 1557301
313134041 1557301
313134254 DDT666
313137124 mrabin 313108822 BITCHES
313188904 57601361 313134036 1557301
313191086 57601361 313134254 DDT666
313191378 57601361 313137124 mrabin
313191764 53997197
313192984 57601361 313191764 53997197
313193698 57601361 313191764 53997197
313193838 57601361
313198434 57601361 313057820 limengxin
313199752 px5000
313200537 57601361 313058716 2904730
313202309 57601361 313199752 px5000
313203547 57601361 313199752 px5000
313203884 2904730 313200537 57601361
313204039 57601361 313134254 DDT666
313204506 reom
313204730 57601361 313203884 2904730
313205467 57601361
313206222 reom 313205467 57601361
313206442 53997197
313206526 sonnyji
313206854 Fan1130
313207473 57601361 313206442 53997197
313207837 57601361 313206854 Fan1130
313207959 57601361 313206526 sonnyji
313208743 Fan1130 313207837 57601361
313208960 57601361
313209144 57601361 313208743 Fan1130
313209583 Fan1130 313209144 57601361
313209654 57601361 313208743 Fan1130
313209819 Fan1130 313209654 57601361
313210131 57601361 313209583 Fan1130
313210539 57601361 313209819 Fan1130
313210721 Fan1130 313210539 57601361
313212155 hxmmzl 313210539 57601361
313212431 57601361 313212155 hxmmzl
313212702 57601361 313210721 Fan1130
313213155 Fan1130 313212702 57601361
313213951 phz0612
313214893 hxmmzl 313212702 57601361
313217696 tanyawithjae
313218726 57601361 313214893 hxmmzl
313219691 57601361 313217696 tanyawithjae
313219936 57601361 313213155 Fan1130
313220700 57601361 313213951 phz0612
313220799 hxmmzl 313218726 57601361
313221652 57601361 313220799 hxmmzl
313224619 geniusyang 313081068 57601361
313225883 57601361 313224619 geniusyang
313226113 geniusyang 313225883 57601361
313226920 57601361 313226113 geniusyang
313228093 geniusyang 313226920 57601361
313228698 52725192
313231085 57601361 313228698 52725192
313231307 57601361 313228698 52725192
313231997 57601361
313235974 vixendol
313236406 57247943
313252435 mp4 313055734 57601361
313257097 limengxin 313198434 57601361
313267872 4006450
328900199 47025122
328905977 zhainanbudui
328914232 59665406
328916906 monsterkk
328919423 2393195
328920372 15769452
328933319 Dabaoxue
329503918 vivianzhow
329692069 hedy_1005
329692110 hedy_1005
329692213 hedy_1005
329698159 8616903
329708304 mirandaH
330120663 57601361 328914232 59665406
330120891 57601361 329698159 8616903
330121234 57601361 328919423 2393195
330121493 57601361 329692110 hedy_1005
330121639 57601361 329708304 mirandaH
330121747 57601361 329503918 vivianzhow
330121826 57601361 328933319 Dabaoxue
330122052 57601361 328916906 monsterkk
330122317 57601361 328905977 zhainanbudui
330122446 57601361
330122682 57601361 328920372 15769452
330130944 8616903
330130952 8616903
330148203 57601361
330203942 zhainanbudui 330122317 57601361
330297829 Dabaoxue
330325205 zhainanbudui 330148203 57601361
330353097 47025122 330122446 57601361
330353656 49412420
330504289 49468977
330505242 baiyu3637
330514349 monsterkk
330516103 xiaoxiangxitong
330610337 yll44 330203942 zhainanbudui
330623334 zhainanbudui 330610337 yll44
330624847 yll44 330623334 zhainanbudui
330645946 zhainanbudui 330624847 yll44
330667908 yll44 330645946 zhainanbudui
330669453 49829764 313083657 57601361
330806459 zhainanbudui 330667908 yll44
330809476 4199682
330814421 Kanakubo
330819231 helloaka 313057396 mrabin
330820180 helloaka
330821665 helloaka 328919423 2393195
330822398 helloaka 314114226 45970411
330822958 helloaka 330809476 4199682
330829262 4154706 330819231 helloaka
330840317 helloaka 328914232 59665406
330841613 helloaka 330829262 4154706
330842721 helloaka
330843372 helloaka
330844698 59665406 330840317 helloaka
330845863 hulagirl
330853133 hehuiwen
330858719 Sasameyuki 313257097 limengxin
331006776 42202479
331327271 57907087 330645946 zhainanbudui
331421923 zhainanbudui 331327271 57907087
331422798 3184442
331429201 53213535
331614632 57907087 331421923 zhainanbudui
331711451 zhainanbudui 331614632 57907087
331713794 42401261
331836444 57907087 331711451 zhainanbudui
331838462 zhainanbudui 331836444 57907087
331838775 zhainanbudui 331836444 57907087
331840228 yll44 331838775 zhainanbudui
331840381 yll44 331838775 zhainanbudui
331850168 zhainanbudui 331840381 yll44
331850764 50257886
331946927 48482827
332042261 3184442 331422798 3184442
333455645 19513740
333457305 c0coon
335305381 in710
386067412 53126610
387856271 52250579 314770415 natalie-c520
387859303 natalie-c520
387860772 38886735
387865677 38886735 313137124 mrabin
387873357 52250579 387859303 natalie-c520
393126150 ahojya 313117584 2789221
393129336 52935013 313083399 57601361
393129827 52935013
393130302 52935013
393136804 60973350
395044106 57601361 393130302 52935013
395064554 60141113
395188999 zbaitb
397656775 57601361 395188999 zbaitb
397656957 57601361 395064554 60141113
397664999 3489514
403108012 62675642
403117134 YogurtBear
403122509 guilan
409979616 ARZIGUL
315643202 51225229 315638294 57601361
315706121 woaizengzheng
315887464 57601361 315706121 woaizengzheng
315903727 woaizengzheng 315887464 57601361
316033124 57601361 315903727 woaizengzheng
316047099 42256360
316129155 yetianci 315638294 57601361
316141540 HoneySuki
316142987 whateveryouwant
316216091 57601361
316216264 57601361 316141540 HoneySuki
316216602 57601361 316142987 whateveryouwant
316217004 57601361 316047099 42256360
316244540 honey-honey
316250389 yetianci 316216091 57601361
316437671 57601361 316250389 yetianci
316437739 57601361 316244540 honey-honey
316455458 whateveryouwant 316216602 57601361
316456666 lynnspring
316477564 57601361 316455458 whateveryouwant
316477657 57601361 316456666 lynnspring
316655149 57601361
316655461 beiruanjindemao
316794813 57601361 316655461 beiruanjindemao
316865741 57601361
316869588 58261618
317130017 57601361 316869588 58261618
317138477 sonnewood 313061460 57601361
317264897 57601361 317138477 sonnewood
317268346 xxxxl
317789942 57601361 317268346 xxxxl
317843734 sevendream
318322593 57601361
318556690 57601361
318580375 56917272
319297130 57601361
319297495 50058178
319301828 47364529
319313602 51809905
319316841 43707075
319421670 48152760
319431524 zini1900 313354347 57601361
319432706 lovemiya
319433254 26524730
319434353 37342724
319458872 bonymiao 313061460 57601361
319461017 bonymiao 313350025 57601361
319464320 3062697
319573426 57601361
319615255 Cacacacanning 319573426 57601361
323036953 57601361 319433254 26524730
323036968 57601361 319464320 3062697
323036983 57601361
323037011 57601361
323037045 57601361 319615255 Cacacacanning
323037062 57601361 319432706 lovemiya
323037084 57601361 319431524 zini1900
323037108 57601361 319434353 37342724
323037145 57601361 319421670 48152760
323037176 57601361 319297495 50058178
323037236 57601361 319301828 47364529
323229162 zini1900 323037084 57601361
323230051 45157224
323369134 3062697 313088412 57601361
324156455 57601361 323230051 45157224
324156629 57601361 323229162 zini1900
324180361 zini1900
324875000 yll44
325250222 57601361
325341082 MassBabely
325349933 kidsoffeiya 313049919 shenxueqi
325381416 oooivy 324875000 yll44
325381716 oooivy
325381866 xing245658239
325391132 chuhui
325393714 35283866
325395191 sheliwang123
325415549 yll44 325381416 oooivy
325522001 57601361 316250389 yetianci
325522230 57601361 325393714 35283866
325522490 57601361 325395191 sheliwang123
325522729 57601361 325391132 chuhui
325526903 57601361 325381866 xing245658239
325527413 57601361 323230051 45157224
325529815 35283866 325522230 57601361
325634619 chuhui
325745050 57601361
325745187 57601361 325634619 chuhui
325814136 bynash
325815334 bynash
326703923 lenasang
326710374 kanameonison
327116464 57907087
327373955 57601361 326710374 kanameonison
327373985 57601361
327373992 57601361 327116464 57907087
327374026 57601361 326703923 lenasang
327374103 57601361
327380044 youngforu
327887596 57601361
409979654 50811004
415689075 57099863
416234621 48152760
416235202 4360161
416243366 46112060
417967976 35389815
417970336 46437360 313061460 57601361
