314648043 Uergaby
314650860 43800086
314651248 47183377
314651649 alonedeer
314651850 2026969
314652380 Tisays
314654022 relax
314656246 luice3222
314657857 Uergaby
314659335 wuyimao
314661581 luice3222 314657857 Uergaby
314662062 luice3222
314662527 so_yu
314664004 50590335
314664598 Uergaby
314664689 Uergaby
314665356 queenland
314665799 wtfitis
314667053 45399372
314676356 Uergaby 314667053 45399372
314685118 cac2
314689685 jyrz
314691904 tuxuan
314693854 Uergaby 314691904 tuxuan
314695024 babyneonsay
314698787 Risababy
314698882 4236859
314730872 rojajoven
314738241 8392872
314739553 55995884
314778539 tuxuan
314791895 wassermelone
314792591 pinkoisapig
314796596 47604751
314798247 34394557
314832041 46067720
314839893 lijianliang
314853308 miehahaha
314853864 53997197
314867453 Agnese
314996296 Uergaby 314778539 tuxuan
314997017 Uergaby 314853308 miehahaha
314997371 Uergaby 314853864 53997197
314998017 Uergaby 314796596 47604751
315024675 MY1231
315065536 Uergaby 315024675 MY1231
315114593 tuxuan
315118550 wwkihgd
315120729 48311483
315144658 4481712
315153705 51201568
315158417 miehahaha 314997017 Uergaby
315221498 c-c7
315226330 1800003
315227544 Uergaby 315158417 miehahaha
315228131 Uergaby 315226330 1800003
315230182 49584531
315276919 31792419
315300021 14456791
315300993 53997197
315303998 14456791 315300993 53997197
315305584 53997197
315306590 53997197
315306627 14456791
315306836 14456791 315306590 53997197
315307889 40891098
315309489 53997197
315309937 4372651
315310032 53997197 315307889 40891098
315310132 14456791
315310811 DOSO
315311985 14456791
315312979 53997197
315315096 Apple123
315316215 14456791 315312979 53997197
315317040 53997197
315319561 14456791 315317040 53997197
315320843 53997197
315325632 14456791
315373308 kakaxixi
315381522 48311483
315382308 48311483
315384887 Knox.Heo
315389777 51751964
315390729 49767506
315395089 vixendol
315395229 53997197
315395507 53997197
315395561 53997197
315442011 58297583
315466732 xiaominger
315478181 Uergaby
315478365 Uergaby 315466732 xiaominger
315478458 3513225
315478777 Uergaby
315479614 3622219
315500097 57616241
315518539 48311483
315519246 cangzhenwsl
315523608 48311483
315524302 1925789
315525082 Uergaby 315518539 48311483
315525207 Uergaby 315523608 48311483
315528084 14456791
315536932 48311483
315539196 Uergaby 315536932 48311483
315539738 53997197 315536932 48311483
315555800 watermeloner
315574284 doriablue
315579552 crisnaagua
315580349 crisnaagua
315581461 crisnaagua
315589746 48311483 315539738 53997197
315617381 53997197 315589746 48311483
315619298 watermeloner
315629855 44679393
315632180 Uergaby 315574284 doriablue
315633076 Uergaby 315619298 watermeloner
315639809 53997197 315619298 watermeloner
315641098 watermeloner 315639809 53997197
315642952 45833607
315643393 Uergaby
315659971 cangzhenwsl
315663869 crisnaagua
315669151 48311483 315617381 53997197
315675478 hellostella
315684909 50756908
315689141 shaoyini
315699481 53997197 315669151 48311483
315699514 55830291
315700108 53997197 315689141 shaoyini
316067525 55879062
316071877 4650652
316090750 14456791
316150764 Uergaby
316179612 14456791
316264931 40010203
316288951 absinthe-ai
316731539 Uergaby 316179612 14456791
316731968 Uergaby 316264931 40010203
316735526 yjfan7
316783704 39061433
316804170 1654666
316809796 maogugu 315663869 crisnaagua
316832556 crisnaagua 316809796 maogugu
316840581 14456791 316731539 Uergaby
316841940 zeg
316851852 14456791
316859831 49499872
316897684 48627569
316899059 littlegirlblue
316899209 17582594
316964959 Uergaby
317113354 47370540
317286242 Uergaby 317113354 47370540
317335851 47370540
317377101 14456791
317385182 lady_a
317477177 Uergaby 317335851 47370540
317505486 mortal0305
317521032 NyanCat
317521075 53997197 317505486 mortal0305
317521095 53997197 317521032 NyanCat
317521230 NyanCat
317521298 NyanCat
317521380 NyanCat
317521837 53997197 317521380 NyanCat
317531996 43112598
317541379 52404211 315663869 crisnaagua
317554877 NyanCat 317521837 53997197
317554952 53997197 317554877 NyanCat
317555630 47370540
317556219 NyanCat 317554952 53997197
317556427 53997197
317559548 NyanCat 317556427 53997197
317559731 NyanCat
317626595 crisnaagua 317541379 52404211
317669358 shadowha
317671966 armo
317674316 49767506 317554877 NyanCat
317678440 NyanCat 317674316 49767506
317679056 ccmm91
317787205 52404211 317626595 crisnaagua
317789513 emma717
317874404 crisnaagua 317787205 52404211
317874740 52404211 317874404 crisnaagua
317875540 crisnaagua 317874740 52404211
317877924 52404211 317875540 crisnaagua
317882367 crisnaagua
317914163 Uergaby 317521298 NyanCat
317915394 Uergaby 317669358 shadowha
317916594 Uergaby
317917076 Uergaby 317679056 ccmm91
317917417 Uergaby
317934976 sijixianshu
317939315 NyanCat
317975420 Uergaby 317939315 NyanCat
318920089 2103623
318926006 55806222
318932206 44187914
368888514 53997197
368888872 61062819
368890245 47831570 368888514 53997197
368894287 liulan
368903288 aspecial
368989602 4287232
368998858 wingman1985
371122396 Uergaby
371122586 Uergaby 368894287 liulan
371123079 Uergaby 368989602 4287232
371233924 huqifei
371236291 huqifei
371271962 58255896
373222393 lilyfearless
373246293 50856595
373383700 1899680
373448080 Paradise_Kiss
373454805 tongss
373455409 whiteout
373455724 37645073
373460048 AlexInner
373536647 peRFect1012
373572775 Uergaby 368888872 61062819
373573402 Uergaby 371236291 huqifei
373573649 Uergaby 373448080 Paradise_Kiss
373573961 Uergaby
373574225 Uergaby 373455409 whiteout
373574312 18014840
373575894 4015209
373597276 zackvergessen
373638904 Paradise_Kiss 373573649 Uergaby
373640501 61448637
373646947 lovemyLD
373658601 44243555
373675338 Uergaby 373597276 zackvergessen
373675769 Uergaby 373658601 44243555
373728425 zackvergessen
373833817 48464196
377428135 58341010
377432218 64162062
382937718 61114974
383078649 60248391 314998017 Uergaby
383078722 2488132
383274210 Uergaby 383078649 60248391
383968791 45925798
387621240 20189736
387625986 Catkin.t
387629861 47565512
387632069 64455899
387677634 2986940
387733505 jinwater196
387756592 48390831
387785516 60301931
387840613 52786932
387842279 justhfn
387843515 60851392
387855943 64021369
387877166 3235339
387917245 Uergaby 387621240 20189736
387917514 Uergaby 387677634 2986940
387917667 Uergaby 387733505 jinwater196
387917917 Uergaby
387918173 20189736 387917245 Uergaby
387918284 Uergaby 387843515 60851392
387918442 Uergaby 387918173 20189736
387918707 Uergaby 387855943 64021369
387918921 60558046
387919756 20189736 387918442 Uergaby
387919804 20189736 387919756 20189736
387920413 Uergaby 387919804 20189736
387920930 60851392 387918284 Uergaby
387922730 Uergaby 387920930 60851392
387923710 60851392 387922730 Uergaby
387952863 jinwater196 387917667 Uergaby
387979742 Jaslv
387982063 60301931 387917917 Uergaby
387984800 2019495
388115110 59769605
389246609 evebanger666
389247330 justpink
389275552 crystalat
389301790 realsugar
389359267 55504043
389361398 47126690
389374891 hatsunkeo
389410362 Uergaby 389246609 evebanger666
389410740 Uergaby 389247330 justpink
389419000 Uergaby 389301790 realsugar
389419413 Uergaby 389359267 55504043
389420261 1917761
389588808 62190827 315523608 48311483
389616882 S_san
389628124 ryanxy
389629930 60301931 389616882 S_san
389632388 65262276
389633939 S_san
389635320 59103798
389638754 54985849
389641977 62291778
389647042 46964151
390078353 Uergaby 389616882 S_san
390078909 Uergaby 389628124 ryanxy
390079138 Uergaby 389632388 65262276
390080393 65122202
390082265 S_san 390078353 Uergaby
390084070 64157242
390086163 49095866
390087922 52934729
390161290 clea
390692073 tielishu
390719032 53766021
390725148 55922279
390727345 nemofishhome
390763452 ErinZC
390764721 45786849
390764722 45786849
390828225 Uergaby 390725148 55922279
390828343 Uergaby 390719032 53766021
390828627 Uergaby 390161290 clea
390828852 53766021 390828343 Uergaby
390843979 55922279 390828225 Uergaby
390847123 Uergaby 390843979 55922279
390853377 55922279 390847123 Uergaby
390862546 58734148
390878033 1157509
390881937 49012195
390995281 53766021
391251033 53766021 390847123 Uergaby
391255961 Uergaby 391251033 53766021
391485224 65217615
391513481 51965783
391517916 ivolvo
391553143 47533910
391556714 39833775
391560061 honeygil
391583431 55546548
391584051 constantinecui
391585756 48273115
391600333 40013410
394971624 qingsebudiao
394977345 64835885
394990811 3259942
394991441 3412610
397453936 48856882
397462803 Uergaby 394991441 3412610
397462938 Uergaby 394990811 3259942
397463162 Uergaby 394971624 qingsebudiao
397463292 Uergaby 391513481 51965783
397463942 3549730
397570583 3412610 397462803 Uergaby
397589473 Uergaby 397570583 3412610
397591726 63784260
397631229 55321400
397646367 nectar
398045503 41836272
401934512 62310068
401937462 sbith
410240016 Uergaby 401934512 62310068
410247854 cherry1207
410264714 3795122
410288707 melody95
410363848 49571367
410365545 queenism
410366256 58942952
410366693 muorhaha
410378415 2893118
410380251 64660771
410385428 54000290
410397365 66948572
410876558 62310068 410240016 Uergaby
410877899 58255506
411755459 62158520
411757510 4196011
411759551 DOOMSDAY1989
411760169 zannalulu
411796945 Uergaby 411757510 4196011
411801187 4673442
411809153 48310690
411813182 54331163
362884745 3054972
362885836 3054972
362888633 roxieee
362898396 yunta
362902700 3054972
362975215 lkmcl37
363000634 turandot1224
363027024 snowy710
363034377 57846787
363060883 51608585
363104192 4656597
363171186 Azulgrana_mila
363172148 58168183
363177362 nanban2006
363239721 Uergaby 362898396 yunta
363239925 Uergaby
363240089 Uergaby 363177362 nanban2006
363248322 yunta 363239721 Uergaby
365842338 57574091
365845573 62443612
365849299 20189736
366354865 2908968
366458150 crashmyshadow
367470938 Uergaby 363027024 snowy710
367471211 Uergaby 366458150 crashmyshadow
367472112 Uergaby 365842338 57574091
367472603 Uergaby 365849299 20189736
367472823 catcabinet
367472903 Uergaby 365845573 62443612
367473214 59165174
367473482 59165174
367474216 Cathay_Wong
367477361 20189736 367472603 Uergaby
367480768 xiehuayingxhy
367480981 Uergaby 367480768 xiehuayingxhy
367484500 xiehuayingxhy 367480981 Uergaby
367484904 xiehuayingxhy
367487298 53959188
367497649 41126957
367498094 Uergaby 367487298 53959188
367498240 Uergaby 367484904 xiehuayingxhy
367501859 Uergaby 367497649 41126957
367504048 vera85
367504450 56954291
367516752 snowy710
367517806 41126957 367501859 Uergaby
367521101 Reine1123
367532997 miennefosse
367550037 58461226
367551062 Uergaby
367574979 62443612 367472903 Uergaby
367606013 57574091 367472112 Uergaby
367609728 57070212
367610646 kris_lala
367613084 jinqiangqiang
367617938 Uergaby 367606013 57574091
367618206 Uergaby 367610646 kris_lala
367618936 peoplehaha
367619102 peoplehaha 315306590 53997197
367622872 51241860
367636048 44350116
367637698 53997197 367619102 peoplehaha
367638223 48742027
367639768 sherry1991
367644032 fullmoon
367644125 irenede
367648259 peoplehaha 367637698 53997197
367650059 limeemil
367653050 Mr.Roi
367663325 60240457
367700589 58461226
367754392 48273115
367783946 61324193
367789478 53959188 367498094 Uergaby
367879110 3391941
367880598 48038996
368254099 peoplehaha 367783946 61324193
368254815 nutbean
368404955 jewellulu
368405411 jewellulu 315442011 58297583
368405906 33218874
368408521 jewellulu 315663869 crisnaagua
368414363 crisnaagua 368408521 jewellulu
368425538 45573967
368561751 53997197 368404955 jewellulu
368564328 jewellulu 368561751 53997197
368564680 53997197 368564328 jewellulu
368565127 jewellulu 368564680 53997197
368565446 53997197 368565127 jewellulu
368586249 jewellulu 368565446 53997197
368597140 2035043
368608772 52554731
368868227 wangyalu
368878879 47831570 368561751 53997197
368881532 53997197 368878879 47831570
368881849 orange2vic
368885453 47831570 368881532 53997197
368886454 53997197 368885453 47831570
368886505 53997197
368888176 47831570 368886454 53997197
318979655 hellohelene
318982109 2731242
320436496 jellysniow
320440747 pietyh 315466732 xiaominger
320444429 pietyh 317554877 NyanCat
320468905 45735492
320573543 chenlo1989
320589300 TauShu
321146929 xiongmaoa
324165787 kevinenroute
327969753 Uergaby 320468905 45735492
327970012 Uergaby 320573543 chenlo1989
327970320 Uergaby 320589300 TauShu
327970965 Uergaby 321146929 xiongmaoa
327971313 Uergaby
327976983 48482827
327987385 45806391
328000046 46517767
328086968 Uergaby 327987385 45806391
328087253 Uergaby 328000046 46517767
328092907 ILeoN
328095102 Uergaby 328092907 ILeoN
328096872 ILeoN
328119095 Uergaby 328096872 ILeoN
328392904 ILeoN 328119095 Uergaby
328422317 June7
328428913 49767506 328422317 June7
328431205 June7 328428913 49767506
328435599 49767506 328431205 June7
328441428 June7 328435599 49767506
328454840 49767506 328441428 June7
328462852 55843502
328542314 Uergaby
329566400 qiansdyh
329636965 4659227
329641463 rabbitsheila 329566400 qiansdyh
329646165 8616903
329675116 Haricot1984
329684844 Uergaby 329566400 qiansdyh
329685198 Uergaby 329646165 8616903
329685312 Uergaby
329687099 3529317
329689278 Haricot1984
329813577 qiansdyh 329684844 Uergaby
329817780 Uergaby 329813577 qiansdyh
329818344 qiansdyh 329817780 Uergaby
329818358 rabbitsheila 329813577 qiansdyh
329824735 qiansdyh 329818358 rabbitsheila
329825830 rabbitsheila 329824735 qiansdyh
329831313 47255940
329840085 qiansdyh 329825830 rabbitsheila
329856474 keaidesi
330097443 birdinthesea
330098009 september9452
330810026 4659227
330824033 u2vicky
330835218 zouyazou
331521354 51965783
331537880 Uergaby 330810026 4659227
331538058 Uergaby 331521354 51965783
331541170 51965783 331538058 Uergaby
331565713 59964267
331580442 Uergaby
331715833 59964267 331580442 Uergaby
331727338 Uergaby
331775387 59964267
331775974 56886614
332247019 46035770
332289834 Uergaby 331775974 56886614
332291672 Uergaby 332247019 46035770
332304311 56886614 332289834 Uergaby
332443634 10346700
332443731 10346700
332448809 57575189
332464741 Uergaby 332443634 10346700
332464853 Uergaby 332448809 57575189
332851568 57575189
333130405 10346700 332464741 Uergaby
335399998 3155304
335411985 39061433
335453061 imjanette
336010237 58297583
336124464 breathing-yan
336239250 kyrie95 315276919 31792419
336240334 rojajoven
347415654 ryanchoi
347439588 1291244
347442482 1291244
347698766 pingguopianpian
347756928 Uergaby 347698766 pingguopianpian
347783756 pingguopianpian 347756928 Uergaby
348776352 57922974
348776411 57922974
348778584 45656630
348780345 mmzshmilyyhf
349477722 2257722
357577001 43203231
357999199 Uergaby 357577001 43203231
358313491 43203231 357999199 Uergaby
362880040 FJIABAOBAO 357999199 Uergaby
