315320892 lingoapple
315320954 stayless
315320974 feifei1012
315321263 wasaisai
315321300 manlimonkey
315321328 FUCKLynn
315321345 16504093
315321382 vitsii
315321464 evey42
315321608 xihuanqingtdmao
315321656 bowiehui
315321842 towelie
315321894 57247943
315322056 40999839
315322065 missasa
315322193 16504093
315322444 43735103
315322477 46723557
315322505 theeye
315322590 nextiva
315322792 16504093
315322938 16504093 315322477 46723557
315322966 misslelouch
315323045 linglingqinzhou
315323152 16504093 315322966 misslelouch
315323245 57642284
315323283 minicatss
315323286 xihuanqingtdmao
315323329 4208393
315323478 44019127
315323519 cz124113
315323753 wishingdd
315324005 for-underworld
315324076 47271686
315324213 49956323
315324270 jbao
315324628 57972108
315324733 57642284
315324868 HenryW
315324877 16504093
315325269 kerying
315325310 ROCHINA
315325733 3775403
315325946 gone1983
315326119 tlll
315326129 kinkiman
315326158 ChloeYoung
315326293 51721273
315326419 wu-bang
315326431 wasaisai
315326519 16504093 315325310 ROCHINA
315326551 sandraxie
315326751 51721273
315326861 kerying
315326920 43642284
315326931 4024435
315327089 16504093
315327191 maidilv
315327287 16504093
315327571 xihuanqingtdmao
315328816 16504093
315329615 51721273
315329795 16504093
315330084 xihuanqingtdmao
315330142 junsl 315329615 51721273
315330156 51721273
315330221 51225229
315330358 16504093
315330581 16504093 315330156 51721273
315330694 48919228
315331130 4208393
315331365 tengli
315331391 51721273
315331932 Daria-ajiao
315331934 LoliViola
315332188 yangchengjie
315332264 16504093
315332428 c334391830
315332819 sophia0329 315332188 yangchengjie
315333101 kacha
315333198 minicatss
315333231 16504093 315332428 c334391830
315333428 50904663
315333528 57659809
315333920 Jasminelq
315334114 ElisaDay
315334148 nathaliema
315334156 DidoYoung
315334266 BR.Redream 315320892 lingoapple
315334342 take_me_away
315334487 lostcat84
315334600 devotion_S
315334613 DidoYoung
315334692 48919228
315334755 16504093
315334763 1536398
315334846 3608318
315334891 lostcat84 315334156 DidoYoung
315334990 chenanel
315335205 LoliViola
315335219 47085913
315335278 DidoYoung
315335314 chenanel
315335409 c334391830
315335420 ecfrenchbaby
315335435 48919228
315335516 48919228 315335314 chenanel
315335638 26754683
315335717 chenanel 315335409 c334391830
315335768 lingoapple 315334266 BR.Redream
315335774 pthkex
315335900 PEACePeace
315335987 16504093 315334613 DidoYoung
315336147 JakeNow
315336170 Sharon_
315336219 xihuanqingtdmao
315336316 LoliViola
315336348 PEACePeace
315336411 16504093
315336540 51721273
315336568 yangchengjie
315336668 Sharon_
315336674 yueprince
315336932 48919228
315337000 LoliViola
315337034 yangchengjie 315336411 16504093
315337287 c334391830
315337485 51721273
315337539 Sharon_ 315337000 LoliViola
315337626 41659835
315337780 16504093
315337785 MengYouFanfan
315338005 wen19900814
315338414 LoliViola
315338592 minicatss
315338628 chenanel 315336219 xihuanqingtdmao
315338651 Trou_Ble
315338790 chenanel
315338814 LoliViola
315338930 Anti-psycho
315338931 wlan_xian
315338953 chenanel 315337287 c334391830
315338955 51721273
315339048 wen19900814 315338628 chenanel
315339082 heisken
315339123 Sharon_ 315338414 LoliViola
315339126 xihuanqingtdmao 315338628 chenanel
315339236 evey42
315339275 tinagou
315339471 chenanel 315339126 xihuanqingtdmao
315339683 51721273
315339738 qzbs
315339756 chenanel 315339048 wen19900814
315339941 lingoapple
315340036 LoliViola 315339123 Sharon_
315340318 wen19900814 315339756 chenanel
315340322 Sharon_ 315339683 51721273
315340391 48919228
315340570 chenanel 315340318 wen19900814
315340584 16504093
315340593 xihuanqingtdmao 315339471 chenanel
315340933 16504093 315339738 qzbs
315340970 Sharon_
315341190 chenanel 315340593 xihuanqingtdmao
315341239 whatisiad
315341391 48352873
315341414 xihuanqingtdmao
315341583 58005131
315341748 minicatss
315341770 48919228
315341777 4208393
315341826 DidoYoung
315341942 superintermilan
315342013 suntianyang
315342027 lostcat84
315342270 16504093
315342392 51721273
315342769 16504093
315342918 2108780
315342969 whatisiad
315342984 4208393
315343350 haine
315343419 DidoYoung 315341942 superintermilan
315343428 beens
315343884 57642284
315344027 DidoYoung 315342769 16504093
315344209 qzbs
315344279 57642284
315344556 16504093
315344649 58278033
315344770 CaoDapeng
315344802 16504093 315344209 qzbs
315345137 2867984
315345212 3437049
315345434 2294096
315345521 15511459
315345788 20708008
315345809 36090011
315345883 minicatss
315345985 zhangzhiyuan
315346079 minicatss
315346156 minicatss
315346972 16504093
315347030 51721273
315347182 3437049
315347942 48919228 315347030 51721273
315348422 Sharon_
315348470 51721273
315348649 16504093
315348765 48919228
315348771 51721273
315349168 2867984
315349170 16504093 315348771 51721273
315349505 48919228
315349550 c334391830 315338628 chenanel
315350000 16504093
315350557 1658318
315350582 57642284
315350725 51721273
315350962 16504093
315351315 xxxxl
315351409 46995252
315351432 16504093 315350725 51721273
315351646 xxxxl
315351731 16504093 315350557 1658318
315351779 ElisaDay
315351863 2867984
315352025 16504093 315351646 xxxxl
315352158 niu3 315327287 16504093
315352499 xxxxl
315352884 16504093
315353320 XIADAN4
315353344 xxxxl
315353526 16504093
315353921 51721273
315353979 2892545
315354125 51721273 315353344 xxxxl
315354370 3629604
315354609 xxxxl
315355645 lingoapple 315352025 16504093
315355809 16504093
315356156 pangmianhua
315357392 2892545
315357446 zhouying83213
315358209 47601690
315358683 57642284
315359536 16504093 315358209 47601690
315359970 3085350 315339471 chenanel
315361332 3437049
315361597 parapaul
315361914 parapaul
315363452 wen19900814
315364342 abyss511
315364793 evey42
315365106 3629604
315365922 3388021
315366680 3437049
315366765 lynn52311
315368861 4587536
315369721 jackerpark
315371429 twotony
315371937 53941020 315338628 chenanel
315374601 yunta
315374991 crt
315375837 46741408
315376875 2571132
315378723 2571132
315378895 50382909
315380065 mazing
315380100 2571132
315380968 liz2
315382433 caizhidao
315383691 46741408
315384459 16504093 315374601 yunta
315385398 36870225
315385421 xiutong
315385767 eiyo
315386497 2294096
315388152 liming1215
315390795 3437049 315386497 2294096
315395070 41768682
315395103 geziguaiguai
315395607 2294096 315390795 3437049
315397459 geziguaiguai
315412776 woshihaoren123
315413378 16504093 315412776 woshihaoren123
315413616 16504093 315395103 geziguaiguai
315414897 16504093 315375837 46741408
315416997 55998424
315418066 16504093
315420211 geziguaiguai
315421406 16504093 315420211 geziguaiguai
315421594 45187756
315422284 zhouying83213
315423557 1160519
315426472 qixiL
315426884 tangguoquanquan
315427823 geziguaiguai
315429422 3243663
315430371 27782016
315431828 sheliwang123
315435953 pinkskin
315437297 Neo1984
315438713 sveenland
315439670 MRmushroom
315439734 miserying
315449485 ddragon
315449661 xiaoyuguxiaobei
315450055 jingyanwangxue
315452815 no_future
315457046 Rewrite
315461135 smile_bear
315474882 cai1983yu 315452815 no_future
315475979 37672067
315480099 musemusemuse
315481331 left-em
315483609 wen19900814
315485463 loveofmay7
315486683 2892545 315483609 wen19900814
315488506 16504093 315483609 wen19900814
315488603 dearjessica
315489100 smile_bear
315492326 plasticme
315492532 16504093
315492881 ellielf723
315493330 xin1105
315493676 daisy_cheung
315494512 49632542
315495482 2891062
315495705 wzjojzw
315498864 16504093
315499296 left-em 315483609 wen19900814
315500000 42827137
315501099 left-em 315483609 wen19900814
315501185 16504093
315501289 16504093 315501099 left-em
315501649 16504093
315502310 blacktea077
315503438 42827137
315908931 fay1923
315909005 fay1923
315503491 evey42
315503722 left-em
315951365 38406211
315504738 blacktea077
316017129 Ranma_Chen
315505124 42827137
316029901 xytoo
315505641 smilmask
316030663 2172748
316032685 redsun
315505996 wen19900814
316080806 SANZOU
315506320 wen19900814
316158781 xiaxijie
315506890 42827137 315506320 wen19900814
316164387 duncansu
316186628 encre
315507823 daisy_cheung
316191519 43742680
315508189 25413762
316366608 wushanqi
315508496 tengli 315506890 42827137
316394393 wzjojzw
315508642 meiyea
316431208 candycini
316460967 ipromiseu
315509444 left-em 315506320 wen19900814
316813001 arkanax
315516249 2044436
316826899 mengyoumomo
316827118 4154398
315517259 26840029 315322938 16504093
316836634 expression
315517680 wzjojzw 315508496 tengli
316988811 PIXYINK
315518527 zanena
317402161 snakeno5
315519148 franzkafka
317402569 54504486
317630439 xuanyi1111
315520022 26840029
315520826 octuposl
317647562 chenanel
315526620 1925789
317647618 chenanel
315531316 depressedstella
317950398 zi.dian
315541168 dearjessica 315492532 16504093
318137369 1925789
315541258 snakeno5 315503722 left-em
318144623 wen19900814
315541313 doubandayima
318144908 wen19900814
319510345 44524831
315542049 dearjessica 315492532 16504093
319560754 48827946
315542191 snakeno5
319560901 48827946
315559641 ydyrxbsbxl
335414536 37257038
315566707 54422760
315571668 detriny
335542288 sopadepollo
315578942 zzxx
335547561 qiaokelidadisan
315579470 43602933
336087996 2806993
315618213 xisahala
336133760 amoshuo
315623565 1416442
336547601 3619211
315714168 saybyejack
336590605 yexiaocuo
315716382 58144756
337098945 stonyyy
315716417 oliva 315457046 Rewrite
337137924 gxy711
315717291 49740205
337333625 wenjianbest1
315717560 16504093 315716382 58144756
337519170 upupupupup
337520062 jing0217
315719874 oliva
315719899 oliva
337640706 40932341 315951365 38406211
315747403 38406211
337652699 38406211
315747441 38406211
337659385 3638309
315750008 vivian777
338486500 16652998
315758409 lostcat84 315747403 38406211
338582849 2303823
315760992 tfyt
339220638 dearmia
315762056 tfyt
339353705 childberry
315786363 lizzy1215
343842095 57415963
343978354 52288381
315798455 58144756
343981341 1925789
315806926 16504093 315798455 58144756
344004594 polarking
315811417 cynthia1230
344054762 27945628
315812615 48012010
344055003 27945628
344055281 27945628
315818151 51277593
315830303 joxuxu
345382607 errorfunction 315519148 franzkafka
345384167 fourdimension
315832801 2377525 315341391 48352873
345387462 3599228
315834130 wghui 315345788 20708008
345392037 summerberry
315836550 16504093 315834130 wghui
345396529 fanofmilo
348022532 trick_trick
315843156 58144756
355860071 51769932
315860042 smile_bear
361369987 1346715
315870264 weisuo0
361376567 yyxyy
315899938 20708008 315834130 wghui
361383211 qin5aide0
361393129 impedance
364661152 bitchoney
365010969 ly2
365011241 zhengjian127
365011385 zhengjian127
378478439 stacey3gg
378480785 nohero11
378492502 43991045
378495564 49495841
378951980 49078300
378956926 64317946
378974428 35389815
380819797 sveenland
397053347 MISHIDIDAI
417007146 60189663
417009752 ghostshell
417029944 ghostshell
