316381295 3575819
316381486 58339248 316381295 3575819
316381816 38328552
316382009 38328552
316383133 3575819 316381486 58339248
316383410 58339248 316381816 38328552
316383465 axax
316383484 58339248 316383133 3575819
316384442 3575819 316383484 58339248
316384563 47200600
316384863 chaachong 316381486 58339248
316385022 38328552 316384442 3575819
316385219 littlek1993
316385334 isseyluo
316386818 38328552
316390283 ency
316393782 58339248 316385334 isseyluo
316393922 58339248 316390283 ency
316394005 58339248 316385022 38328552
316396040 tingzhuangkele
316397013 4028083
316398606 38328552
316398941 58339248 316398606 38328552
316399041 58339248 316396040 tingzhuangkele
316399522 38328552 316398941 58339248
316399715 43930389
316399823 58339248 316399522 38328552
316400155 40012312
316400977 isseyluo 316393782 58339248
316401147 isseyluo 316399522 38328552
316404921 FJIABAOBAO
316405222 56983975
316405266 58339248 316400977 isseyluo
316405325 58339248 316404921 FJIABAOBAO
316405405 58339248 316405222 56983975
316406773 4638167
316406927 av
316410198 58339248 316406773 4638167
316413345 3585951 316399041 58339248
316414414 58339248 316413345 3585951
316414545 candycini
316415599 40464413 316399522 38328552
316418151 57739323
316419191 58339248
316421161 40464413 316419191 58339248
316421653 laolide
316430328 58339248 316421653 laolide
316432701 58339248 316421161 40464413
316444332 40464413 316432701 58339248
316446474 14456791
316446723 14456791
316447596 49308471
316461056 xxxxl
316469231 42539042
316469804 14456791
316475278 skyisblue
316475941 42539042 316469804 14456791
316477231 dapangzi123
316477705 14456791 316475941 42539042
316478493 42539042
316482570 40451229
316490206 3168160
316498967 14456791
316501130 Angel.s.Mask
316516076 50217791
316521097 58339248 316477231 dapangzi123
316521388 58339248 316516076 50217791
316554313 58339248
316559873 42539042
316562199 58339248
316563499 42539042 316562199 58339248
316565285 54510143
316570745 48084963
316573103 sukidayojo
316578800 dapangzi123
316578805 dapangzi123
316661691 isseyluo
316667121 58339248
316669423 3710093
316671952 58339248 316669423 3710093
316675837 14456791 316573103 sukidayojo
316682795 sukidayojo
316683113 58339248
316685926 14456791 316683113 58339248
316686962 damaowei
316687096 58339248
316687957 38234423 316687096 58339248
316688481 14456791 316687096 58339248
316688719 14456791 316686962 damaowei
316689800 ditounonglianzi
316689942 14456791 316687096 58339248
316691243 ausdauer
316700883 tgsbye
316701226 pishuang0808
316701739 58339248 316700883 tgsbye
316703262 tgsbye 316701739 58339248
316703327 dapangzi123
316707964 tgsbye
316725795 3938449
316725879 3938449
316754833 tgsbye
316780327 42539042
316783294 50318949
316970553 58339248
316971107 iamshan0717
316971329 liuhequn
316972295 58339248 316971107 iamshan0717
317084171 58339248
317090845 missdessy
317092598 45984247
317114727 wandu
317120771 44701159 316972295 58339248
317555734 amyjet
317555814 amyjet
341949748 57903379
341949982 57903379
414753707 yuciyuci
414760013 35389815
414776348 67142987
