316629420 lisakxjh
316629645 SalanC
316629790 4413004
316629821 4708349
316629875 dear-sore
316629905 Mao..
316629913 4413004
316629974 Martianjuly
316629984 4413004 316629821 4708349
316630011 42570768
316630038 Lc_tomato
316630109 Martianjuly
316630169 4413004 316629905 Mao..
316630294 4413004 316630109 Martianjuly
316630467 4413004 316629875 dear-sore
316630611 SalanC
316630804 4413004 316630011 42570768
316630856 4413004 316630611 SalanC
316630959 dear-sore
316631022 SalanC
316631164 4413004 316630959 dear-sore
316631223 33658913
316631395 4413004
316631469 4413004 316631223 33658913
316631595 lche
316631690 xiangnile83
316631732 3529317
316632023 4413004 316631595 lche
316632061 5580645
316632086 4413004 316631732 3529317
316632142 SalanC
316632529 4413004 316632061 5580645
316632877 SalanC
316632952 dear-sore 316631164 4413004
316632984 4413004
316633058 4413004 316632952 dear-sore
316633093 51724275
316633128 4413004 316633058 4413004
316633303 4413004 316633093 51724275
316633728 49621278
316633834 paddlelala
316633878 bobokaren
316634374 4413004 316633728 49621278
316634441 4413004
316634498 4413004 316633878 bobokaren
316634503 SalanC
316634667 4413004
316635338 natasha_shao
316635486 redsteel
316635554 schiele
316635568 sissizuo
316635598 4413004 316635486 redsteel
316635689 4413004 316635554 schiele
316635876 chantelle-ria
316635891 50436429
316636056 lazy-7
316636374 4413004 316635876 chantelle-ria
316636443 4413004
316637378 re-kI
316637532 4413004 316637378 re-kI
316638468 piabalr
316638574 32716821
316638731 33777202
316639338 50787468
316639430 4413004 316638468 piabalr
316639476 4413004 316639338 50787468
316639499 4413004 316638731 33777202
316639532 4413004 316638574 32716821
316639704 SalanC
316639771 4413004 316639704 SalanC
316639801 32716821
316639831 4413004
316639874 4413004 316639801 32716821
316640045 4413004
316640161 52237873
316640170 57199220
316640231 4413004 316640170 57199220
316640267 4413004 316640231 4413004
316640336 4413004 316640267 4413004
316640371 4413004
316640407 4413004
316640450 MRmushroom 316639430 4413004
316640518 4413004
316640525 adrian12
316640546 adrian12
316640572 4413004
316640604 3139746
316640685 4413004 316640572 4413004
316640730 4413004
316640814 4413004 316640604 3139746
316640935 4413004
316641246 4413004 316640525 adrian12
316641266 MRmushroom
316641519 4413004 316641266 MRmushroom
316643874 MRmushroom 316641519 4413004
316645739 z7z
316661635 yuyutuo
316663554 2028624
316723560 4019025
316869771 47616636
316882845 36063042
316929102 35089684
316929786 4413004
316929940 4413004 316869771 47616636
316931468 3079236
316934580 50443634
316940977 3114134
316943319 4413004 316931468 3079236
316943399 4413004 316934580 50443634
316943448 4413004 316940977 3114134
316943510 4413004 316934580 50443634
316943650 4413004 316663554 2028624
316944284 2740993
316944812 4413004 316944284 2740993
316945696 amydongdoy
316945932 narcissus_se
316946024 amydongdoy
316946263 4413004 316946024 amydongdoy
316946448 amydongdoy
316946583 36100635
316946920 amydongdoy
316947062 amydongdoy
316947332 amydongdoy
316948119 4413004 316947332 amydongdoy
316948165 4413004 316948119 4413004
317026951 amydongdoy
317176415 4413004
317191628 52113337
317193294 4413004 317191628 52113337
317199062 3669641
317199343 4413004 317199062 3669641
317200914 yiyidai
317203850 amyjet
317215359 sowrong
317226836 4413004 317200914 yiyidai
317227328 4413004
317227965 4413004 317215359 sowrong
317228284 4413004
317229380 yiyidai 317226836 4413004
317232744 smonus
317240449 B_lues
317243762 Xelmo
317243959 yan.
317244131 3184442
317245867 57458780
317251583 4413004 317229380 yiyidai
317251653 4413004 317240449 B_lues
317251732 4413004 317243762 Xelmo
317251784 4413004 317243959 yan.
317251840 4413004 317245867 57458780
317251983 4413004
317252366 Xelmo 317251732 4413004
317253205 44393193
317254338 4413004
317254535 4413004 317253205 44393193
317254626 4413004
317254699 4413004
317255219 SalanC
317255493 4413004 317255219 SalanC
317255790 SalanC 317255493 4413004
317255876 mizqueen 317255790 SalanC
317256071 SalanC
317256289 mizqueen 317256071 SalanC
317256504 1603832
317256641 4413004
317256916 6550628
317257326 amydongdoy
317257478 amydongdoy
317257636 4413004 317257478 amydongdoy
317257738 54726574
317258186 4413004 317257738 54726574
317258213 Xelmo
317258349 54726574 317258186 4413004
317258433 4413004 317258213 Xelmo
317258465 4413004 317258349 54726574
317258671 54726574 317258465 4413004
317258692 4413004
317258887 2595703
317259157 cy143
317259278 4413004 317258887 2595703
317259294 4413004 317258887 2595703
317259328 4413004
317259352 4413004 317259157 cy143
317259684 mizqueen
317259830 edcat
317260084 4413004 317259684 mizqueen
317260112 4413004 317259830 edcat
317272681 yiyidai
317274304 51282785
317275165 love19347310
317280489 36090011
317281063 53502875
317282986 39561069
317284045 Xelmo
317286768 tonytian
317289095 57458780 317251840 4413004
317299594 Jeng1226
317301516 amydongdoy 317240449 B_lues
317302079 amydongdoy 317257636 4413004
317302382 Cdude
387378999 2059422
387600349 50145243
387600750 abvmeng 316630109 Martianjuly
388000047 41193302
394639737 54001235 316639430 4413004
413205041 Vacancy_agoni
417009816 60189663
417077962 felisc 316639430 4413004
317303071 42636734
317326797 mr-miao
317348622 4413004 317280489 36090011
317348879 4413004 317275165 love19347310
317349748 4413004 317289095 57458780
317349851 4413004
317353378 56368304
317353913 muaka
317361673 35089684
317473460 4413004
317482030 luckyiloveyou
317483576 yiyidai
317493746 4413004 317483576 yiyidai
317493816 4413004 317482030 luckyiloveyou
317495414 49109082
317511524 mizqueen
317513002 4413004 317495414 49109082
317515712 3513225
317516233 4413004
317517441 mizqueen 317349748 4413004
317518296 4413004
317518785 liuluxiao
317519129 4413004 317518785 liuluxiao
317519481 56657947
317520074 4413004
317520406 56657947
317520979 myoki
317546630 57458780 317348622 4413004
317551376 lady_a
317552552 znznzn
317552999 lady_a
317556335 2842863
317558597 panda-mi
317560322 alicttino
317562383 xixiaokou
317566460 35410587
317570882 jingyanwangxue
317649106 45275310
317649696 57458780 317558597 panda-mi
317653847 panda-mi 317649696 57458780
317656444 35450021
317736488 57458780 317653847 panda-mi
317758563 4413004 317520979 myoki
317758714 4413004 317552552 znznzn
317758827 4413004 317552999 lady_a
317758954 4413004 317558597 panda-mi
317759080 4413004 317570882 jingyanwangxue
317759161 4413004 317649696 57458780
317759232 4413004 317653847 panda-mi
317793197 57458780 317759232 4413004
317807253 panda-mi
317828623 lady_a 317758827 4413004
317834084 15608235
318017448 4413004 317807253 panda-mi
318018076 4413004
318018305 4413004 317793197 57458780
318018443 4413004 317649106 45275310
318018623 4413004 317566460 35410587
318018887 4413004 317560322 alicttino
318019128 4413004 317552552 znznzn
318019419 4413004 317558597 panda-mi
318024463 panda-mi 318019419 4413004
318026016 4413004 318024463 panda-mi
318026164 4413004 318024463 panda-mi
318036489 Lily-C
318037226 xmdcc
318038524 xmdcc
318045993 57458780 318024463 panda-mi
318046794 4413004 318037226 xmdcc
318047027 4413004 318045993 57458780
318047502 xmdcc 318046794 4413004
318049791 4413004 318047502 xmdcc
318050305 molly-mo
318054083 princess9flower
318054921 kaylynn
318055886 xmdcc 318049791 4413004
318061408 usayhello
318072659 4413004 318054921 kaylynn
318075127 4413004 317483576 yiyidai
318191101 yiyidai
318193684 youself
318231556 45788939
318241476 50405487
318244451 2959524
318265774 B_lues
318385559 4413004 318265774 B_lues
318385647 4413004
318385786 4413004
318385956 4413004 318191101 yiyidai
318386980 anniver
318387118 4413004 318386980 anniver
318387626 anniver 318387118 4413004
318387986 4413004 318387626 anniver
318396012 hana_erika
318396573 iloveicecream
318396600 iloveicecream
318401562 B_lues
318409308 yiyidai
318413780 52540071
318414384 29823768
318416035 iiinsomnia
318593078 4413004
318620480 2970039
318635081 48515750
318640916 4413004 318620480 2970039
318640994 4413004 318635081 48515750
318643373 lukalover123
318801485 57458780 318640994 4413004
318801801 yu1221
318806590 micos
318811156 piiz
318816539 4413004 318801485 57458780
318884560 4481712
318926502 47364529
320355713 abnaq-leo
320356119 4413004
320660937 55282751
320663298 46262357
320665538 babyruirui
320673891 2713765
320674200 Halo_egg
320680277 37864525
320699891 34046862
320701807 Jayichi
320702726 tinys
320799754 48515750
320887117 hihuhu 320699891 34046862
320993704 yuanyuandeyuan
321029192 cm_sweety
322006093 4413004
322014537 32433411 322006093 4413004
322014803 4413004
322014862 4413004
322014903 4413004
322014934 4413004
322015204 4413004
322015284 4413004
322015424 4413004
322015529 4413004
322015574 4413004
322015616 4413004
322015642 4413004
322015699 4413004
322015795 4413004
322017239 55021717 316639430 4413004
322018652 4413004
322031759 cheungyq 322006093 4413004
322033787 4413004
322035464 cheungyq 322033787 4413004
322039595 40006699
322040178 4413004 322039595 40006699
322041273 2400062
322045985 40006699
322046953 chongruanruan
322055609 4413004 322046953 chongruanruan
322059772 chongruanruan 322055609 4413004
322062533 peapod_y
322062715 4413004 322062533 peapod_y
322064290 48264542
322065427 peapod_y 322062715 4413004
322066679 4413004 322064290 48264542
322075195 hachi08
322099749 1116375
322101895 4148064
322310888 51568828
322345532 sumi_chan
322388695 4413004 322101895 4148064
322399840 4413004
323238067 50516361
323334098 4413004
323334169 sheliwang123
323335739 Mavis.m
324132341 4413004
324149222 4413004 323335739 Mavis.m
324149290 4413004
324342249 58483141
324344840 ttpig
324346949 jessiejessie
324346955 youcom
324358164 3505710
324359530 Rifle 318038524 xmdcc
324428881 1342375
324438862 54537468
324438915 48515750
324447511 35694255
324778812 4413004 324358164 3505710
324778855 4413004 324438915 48515750
324779017 4413004
324779075 4413004 322062533 peapod_y
324780880 zongzong704
324780958 56160032
324782846 48876490
324857548 yuyutuo
324895584 48515750 324778855 4413004
324896187 36814243
324909575 28572183
324909672 28572183
325939384 4413004
325986538 Bubble13
326103702 4413004 325986538 Bubble13
326250149 Bubble13
326351569 42203231
329979476 3977638
330025766 39384796
330049166 52304686
330253824 48152760
330255802 1208611 316639430 4413004
330373987 18968002
330384880 zouyazou
330498510 4413004 326351569 42203231
343472679 passant
343476133 60887396
343476178 32016570
343477934 ruruka
343491393 4743765 317259328 4413004
343491643 MassBabely
343491653 4743765
343513760 50438980
343521959 lovekame
343522306 lenafujii
343527587 51875138
343536817 58829450
343834743 shimmy 316639430 4413004
347225628 4413004
347239480 2277340
347240105 51340796
347244948 iwasekenzo
347598655 LLdeodorant
350927120 4413004
351243342 4504762
351243997 Chanc
351244654 titiegg
351244804 jessienj
351245538 titiegg 318018076 4413004
351246051 laurel7 316634374 4413004
351246426 jessienj
351249239 4413004 351244804 jessienj
351249274 4413004 351246051 laurel7
351249299 4413004 351246426 jessienj
351250734 melonisontheway
351253540 Hey-Hey
351278292 xiyuansi
351282015 62003230
351289170 longgoodbye
351576842 4413004 351278292 xiyuansi
351640603 xiyuansi
351642650 macy_liu
351643807 lovelifeloveu
351647833 2870277
351656450 1946137
351681494 2136062
351682560 maradona
351688137 cuihuaer
351715470 51486594
351739185 fromfans
351876904 50286508
352247653 51851887
352250450 4735134
352295923 4413004
352299116 4413004 352250450 4735134
352299435 4413004 352299116 4413004
352300056 4413004
352356056 4413004 351640603 xiyuansi
352366088 xiyuansi 352356056 4413004
352367113 4413004 352366088 xiyuansi
352370589 44854071
352372553 48458067
352373286 4413004 352370589 44854071
352373556 4413004 352372553 48458067
352374161 60851392
352383420 Olivia0813
352394931 48458067 352373556 4413004
352396030 3638072
352396343 s52437953
353539377 4413004 352396343 s52437953
353539570 4413004 352396030 3638072
353539663 4413004 352394931 48458067
353539727 4413004 352383420 Olivia0813
353539819 4413004 352372553 48458067
353542289 4413004 351656450 1946137
353675968 61517308
353683243 3638072 353539570 4413004
353700226 46665536
353715436 4413004
353715546 4413004 353683243 3638072
353719056 46665536 353715436 4413004
353719490 49246711
353720989 4413004 353719056 46665536
353721089 4413004 353719490 49246711
353721549 60517904
353722021 4413004 353721549 60517904
353724822 60517904 353722021 4413004
353731140 46665536 353721549 60517904
353733080 46665536 353720989 4413004
353754644 4413004 353724822 60517904
353755321 4413004 353733080 46665536
353755694 4413004 353733080 46665536
353846124 3638072 353715546 4413004
353876878 4413004 353846124 3638072
354255181 3638072
