316714330 m13560238176
316716607 csq_dapo
316717468 XIADAN4
316717554 36548132
316718267 15788660
316719802 BernieButler
316720671 sureann
316720918 46586331
316721138 46420805
316721393 3034099
316722203 53805797
316722324 1799031
316722375 3231846
316724324 xinyuemogu
316725835 sui_time
316728897 nouveau_h
316729677 54490566
316729705 weixiao_5
316729955 Lebb
316730841 44542952
316731613 lixiaoban 316728897 nouveau_h
316731663 7528192
316732298 54490566
316732433 yang15020090
316732700 doriablue
316736129 Telianne
316736567 cyan_hehe
316737855 40095548
316738179 smonus
316739691 Daydream-ann
316739932 shenchuan
316741352 good.speed.0
316743117 byepino
316743265 byepino
316743421 4608375
316743576 2737473
316743955 morning_sun
316745000 44276099
316745337 49683500
316745578 jujo
316745684 51751964
316745998 mrbigloenlysss
316747126 53717028
316747286 mrbigloenlysss
316747376 kikimiao
316747582 38940831
316747900 49327580
316748589 56311249
316748995 3529317
316749189 37142432 316747900 49327580
316749235 outsider1y
316749860 41768682
316750346 miehahaha
316751181 46517767
316751457 2904730
316751770 crow0329
316753411 tonychou
316753763 n1cetime9426464
316753948 sureann
316754491 masakichiyuu
316754931 4465120
316755323 crow0329 316753948 sureann
316755515 sureann
316755752 clair007
316756409 51606160
316756488 tfyt
316756791 sureann 316756488 tfyt
316757008 ShirleyZ199208
316757417 kyo_nana
316757466 tfyt 316756791 sureann
316758495 40209469
316758558 sureann 316757466 tfyt
316759729 58365037
316759982 48227684 316745000 44276099
316760650 48227684
316761080 56206519
316762282 ann..
316762765 yuen827
316763339 40209469
316763637 huangqyao
316764303 FSRMD
316764551 iuw
316764954 crucifixion
316766066 echocui
316767673 dearleen
316768323 yuen827
316768335 45315390
316768858 arkanax
316770943 SQ1003
316771082 42539042
316771932 54067636
316772868 ilovedavinci
316773305 54067636
316773439 xiaoshuang1018
316773507 51455681
316774135 amerika803
316774571 nanaer
316775680 42609525
316777671 mrqi
316779555 45567853
316782598 1669727
316787929 53253709
316790429 Memole_Gaaro
316790640 meishi
316791459 35537594
316794842 51488589
316795215 31709634
316795349 ParanoidKid
316795668 1315025
316797372 yokiz
316798336 maogugu
316799107 BopBop
316799685 lixiaoban
316801967 sureann
316802599 46156941
316804739 3619211
316804864 52829186
316804974 48819425
316807654 38862896
316807697 vinika
316808634 jinran113
316809797 Pantone15-5519
316812534 38581327
316812664 tomatoooooooooo 316753948 sureann
316813303 34828635
316813370 sureann 316812664 tomatoooooooooo
316814027 duadu2008
316814309 tomatoooooooooo 316813370 sureann
316814610 H-huan
316815116 orangese
316815118 rota1993
316815227 aiwupian
316815652 53980356
316815946 sureann 316815118 rota1993
316816270 41236263
316817773 49162679
316817781 47295840
316817874 57556545 316730841 44542952
316818176 waithoney
316818914 1925789
316819016 44091570
316819424 buwuwuyan
316819634 47295840
316821714 lamo.mars
316821837 self777
316825802 dexiyezi
316827395 48819425 316817781 47295840
316829225 48344259
316829675 cam1lla
316829809 sureann 316827395 48819425
316829924 maybe1
316830474 31254332
316830590 absinthe-ai
316831508 crucifixion 316827395 48819425
316831694 48819425
316831964 48819425 316831508 crucifixion
316832145 greyyy
316832237 wangsaosao
316832461 sureann
316833035 57903184
316833522 crow0329 316821837 self777
316833739 athene_12
316833967 crucifixion
316834682 albee0306
316836579 yamada-ueda
316836800 4606090
316837104 xuziqian1988
316839015 Mafias
316839188 1694011 316720671 sureann
316839416 48994302
316840259 sureann 316839188 1694011
316843612 yamada-ueda
316844445 c-c7
316844628 sureann 316843612 yamada-ueda
316844836 ll1219
316845415 yamada-ueda
316846167 sureann 316844836 ll1219
316846423 childhooder
316846754 akanymlgb
316847278 mars9
316848807 BAILEIS
316855640 ashleyv
316857486 48771374
316857804 2655183
316857809 2655183
316860741 sureann
316864174 28140485
316866706 andotadao
316868955 Orangeeeen
316872710 3240985
316877541 aiSn
316878864 Coco-me
316879531 55843596
316881540 3147206
316887414 48083079
316888615 hangingaround
316899172 outma
316903939 crucifixion 316888615 hangingaround
316904407 35987890
316905735 Lynn_ruier
317524559 1915304
317537335 48513551
317544126 darlinfish
317545355 wwkihgd
317545475 xixigua
317568312 ljrrr
317571948 tangfenkon
317572999 elsie13
317573249 34270643
317573810 48844564
317782167 44361812
317810367 sureann 317782167 44361812
317814181 49815184
317923763 54013479
318001708 2750121
318009877 ColdPlayGirl627
318289970 albeedesert
318300942 49213803
318314928 rainbow612
318324608 55299508
318389991 58257949
318390092 58257949
318390865 babylizi
318395473 4024435
318623516 XCBOBO
318691734 46251808
318692191 44697298
318700272 mmmmmmm
318825091 youanna
318832962 53879138
318833074 1422540
318990791 49226704
320381699 50746728
321183388 44294409
321183827 44294409
322225430 45943737
322226375 49983730
322241903 miao722
322246757 claire1101
322247272 41847180
322250235 sevendream
322251604 neednotto_argue
322254422 40006699
322260136 47999633
322392070 2059422
322647309 lovesueer
322722662 DFive
322722901 mzhou0410
322790915 loreleiXXX
322834755 19527198
323091377 sjnwxixi
323108891 lisawang7
323111725 52063368
323115077 loveseason
323116192 36018711
323128682 1984894
323145161 hezhiqian
323168325 4051438
323172612 BellaY_JoeH
323172844 56834265
323177736 47092650
323178973 47092650
323182516 waimaoxiehuiche
323212147 shadowlyy
323218176 37770382
323578307 17313854
323792406 57459254
324595566 anchuntvxq752
330315741 zhina
330326559 51171592
330376835 54501889
330379977 56404548
330390427 zouyazou
330391604 3762226
330392748 locked
330393363 iricy
330414006 52465424
330414243 52465424
330466571 imjanette
330641399 herminia
330672985 cherry_9035
331964621 caojun
331992575 49784509
331993413 iloveicecream
332002937 44296729
332009038 willlogion
332010226 28234095
332012533 wuyixiao
332023667 lemoxa
334115535 2322133
334340824 41468970
334441816 caiweicaiwei
334500896 xxkaka
334572647 oncelynn
334658744 49219650
334659705 yixiaomian
334660107 yixiaomian 334658744 49219650
334664899 54036754
334668370 geminiberylz
334674991 48038996
316908409 crucifixion
316908471 crucifixion
316911250 2105173
316921989 love0621summer
316935226 Dorothy-t
316936454 57982321
316937110 genieyuxin
316937292 genieyuxin
316937413 35306776
316937727 30661208
316937766 41832435
316937908 1160519
316938445 3079236
316939806 oSalome
316943623 44898791
316955226 I_evonne
316955738 57336730
316955807 3059813
316956575 kyoyasama
316958080 57616241
316958361 47271686
316959490 54504486
316963847 44542952 316817874 57556545
316967610 46067720
316969116 mjj19871111
316971983 Blague
316974868 52208576
316980827 50787882
316984975 2112382
316987398 55578277
316995888 1915304
316998997 52281061
317005119 49849872
317019902 organum
317020448 sissishe
317021374 PIXYINK
317022477 emma717
317023308 oElephant
317024767 25610653
317025042 54857735
317025196 58280218
317040407 49327580 316749189 37142432
317040796 54306946
317045882 45662792
317046182 57251153
317049229 laolide
317049253 4815618
317051433 lixiaoban 317019902 organum
317063600 Providenci
317070124 34452283
317083648 sureann
317120786 buwuwuyan
317125640 scozy
317129474 50054227
317181009 anybreathing
317183608 44262350
317190628 55783539
317195286 12581276
317202726 55686268
317210688 celian_4
317212178 MBcore
317253946 41832435
317255538 z0830
317278460 Seven.F
317281993 liuweihuxiaojie
317306457 57754618
317310860 beijudeshuo
317312291 amycc
317322672 hangingaround 316903939 crucifixion
317340235 crucifixion 317322672 hangingaround
317340327 crucifixion 317306457 57754618
317357321 sureann
317366476 hangingaround 317340235 crucifixion
317367093 ee1v
317368241 54116637
317369385 crucifixion 317366476 hangingaround
317371620 sureann
317375979 49767506
317376208 m.666
317377110 hangingaround 317369385 crucifixion
317377657 polanhezi
317378929 asano.yuuka
317379144 16870721 317278460 Seven.F
317379607 starburst
317383854 airwalk-stef
317389259 Seven.F 317379144 16870721
317395626 16870721 317389259 Seven.F
317402787 Seven.F 317395626 16870721
317404834 34239644
317406362 35330741
317407557 crucifixion 317377110 hangingaround
317443006 hangingaround 317407557 crucifixion
317459210 33291069
317464987 49407943
317465862 4889451
317467720 21987076
317468277 9225151
317470166 Anthony-jewel
317477419 1454383
317478558 53997197
334679562 yooyoooooo 322834755 19527198
335086510 19527198 334679562 yooyoooooo
337874825 ssxxx
338023472 52298067
338026218 50910033
338028947 17964200
338071021 43622503
338157109 47364529
338162339 xinshijinnian
338168824 60256133
338245380 nickoviva
338278677 38637445
338287498 56308219
338308214 51722644
338335356 July520
338336609 wiwi.
338337141 July520
340212830 hooyangzi
342458287 50002706
343091124 manbu_ZY
343101294 cm_sweety
343103727 wangdaosad
343105949 47372895
355748779 bushuoguanyu
355780343 3548272
356054264 44001388
356064815 50267941
356077168 54872239
356081139 Winthin
356084278 50217791 338337141 July520
356684031 53698617
356700571 S-ally.
356790941 47216279
356791582 2637631
356792000 50144618
356793534 60055569
356807590 lindoublelan
356808279 46701603
360832938 58386206
360865842 44083207
360918596 s-erbai
360934684 xvnno
360982375 3515014
362804811 62783786
362821017 50175305
362824708 47687839
362825572 carlotoxi
362833836 emmabbbb
362838773 yuMan
362840847 50138652
362841267 44867435
363059723 3619211
363085856 3015187
363095402 37010547
363100635 3619211 363095402 37010547
363108174 59034262
363142206 xianuannuan
363153689 47333801
363164898 50702156
363166165 greenyyo 317524559 1915304
363168222 58412600
363177551 40368223
363178780 61595617
363188791 Fyeria
363202177 jidangeng
363202243 jidangeng 362821017 50175305
363202544 rocream
363203705 jidangeng 363202544 rocream
363204313 1933666
363205609 rocream
363205952 kekedebenzi
363207273 jamierang
363213661 51814106
363230990 crazyxx
363252178 50175305
363273178 47386971
363297432 57777940
363306300 morninglove
363329021 jidangeng 363252178 50175305
363331208 phonomania
363344752 63105331
363372267 eillen-han
363377428 linxiaonan
363381270 54489966
365726596 2363324
365731978 49107658
366578880 53679658
366585574 54431469
366587294 pql295882844
366588732 48273115
366591971 Viola7
366601763 duanmuwuzhong
366604351 62975542
366609584 14459590
366609785 47135241
366734381 50737574
366761568 36012426
366839118 2365074
366847598 41780318
366851775 nju-zj
366860091 58128688
366872685 49500729
366982551 duuuuuuuu
367474167 38853463
368412367 a286963819
368498132 53677996
368499388 lgy88409876
368506222 dameiG
368549758 56671992
368595639 48203117
368712539 4232447
368714447 hsmny
368718622 Aily1218
371638954 8053953
371640117 56684573
371641101 zmxstc
371817190 47890038
372224621 58961684 371641101 zmxstc
372225070 utaka
372318480 50798252
372368935 xwhite
373391367 57143985
373441865 sunto
373636116 14260555
373646386 lovemyLD
373646453 60576099
373649792 sureann
373665536 qfrog8
373789491 4489598
373790948 myselflin
374071801 rayn1ce
374104065 57635744
374106237 malin1103
374106708 malin1103
374201960 58468130
374274288 wan9ha0
374277232 53028446
374830981 37630685
374967844 62964548
375049206 61196964
375050983 enjoy199x
375053731 moci-3
375054054 sureann 375049206 61196964
375055962 thebig
375057315 61196964 375054054 sureann
375057719 sureann 375057315 61196964
375057866 61196964 375057719 sureann
375057999 sureann 375057866 61196964
375058582 seventeen.e 375049206 61196964
375058895 43723167
375059108 61196964 375057999 sureann
375059216 61196964 375058582 seventeen.e
375060723 seventeen.e 375059216 61196964
375061688 61196964 375060723 seventeen.e
375062952 3069399
375063000 3387354
375063768 stellayea
375063771 stellayea
375064469 fish20070512
375064930 22466774
375065797 2307723
375538400 sunto 375058895 43723167
375542978 48796486
375546950 hana0815
375548053 nicolove_ak
375549898 31404072
375550261 3763382
375556195 43723167 375538400 sunto
377087237 61793517
377092033 yeahh
377096820 zuzu3858
377664612 Unibong 316753948 sureann
377666665 ciao-ciao
377688459 64251383
377694215 4874968
377694390 49871738
377702753 47040626
378005388 51317068
378009237 5379921
378015294 51667991
378015662 49179347
378019010 49472518
378218060 zyq0406
378493262 46036811
378498279 49335259
378521318 50222423
380762169 62650425
380766102 34536039
380768801 50217791
380769633 47112558
380776251 46798429
380776464 46798429
380776704 49520566
380777258 46798429
380777796 46798429 380776704 49520566
380778179 46798429
380782445 40787770
380786930 sherry1991
380790388 4039163
380791688 sarome
380806177 14405187
380815765 46623960
380876217 64400460
380876459 62491153
380880275 48709534
380881546 64400460
380883832 36959451
381397254 54088426
381400322 41185746
381401971 3885232
381402905 63583176
381403782 29894747
381407224 47767147
381408196 51956705
381412482 chanjun
381412856 60973350
381432971 28806635
381433325 52059188
381434283 52059188
381441377 amethyst1218
381441635 wandouss 316747126 53717028
381443836 xiaopapi
381449694 1188023
381449706 42784448
381455611 37535614
381455767 52953260
381469691 amberlim
381502006 50423002
381521986 50570557
381522499 55827198
381523590 pinkskin
381525919 muzishiyi
381528559 chuyn
381545979 45467712
381546372 hana0815
381556841 1113459
381560612 yibansun
381561161 isfool
381562606 53559804
381563042 53559804 381449706 42784448
381563773 crow0329 381562606 53559804
381564343 dsecho
381566763 Otta
381567320 46623960
381567467 46623960 381563773 crow0329
381568233 schery
381570429 2890012
381573764 64359662
381575820 roxieee
381586851 46623960
381587791 52554731
381588386 43528575
381589161 49280072
381600374 44158301
381605500 60765094
381613815 53559804 381563773 crow0329
381615447 mrcatprince
381615793 koumuzi
381741603 56246446
381867640 sisisiwen
381869237 55395913
381872336 55411407
381872518 56106315
381880304 sunnyxc17
381886497 50382492
381888454 48516406
381891207 60164114
381902875 amaosan
384748565 2487106 316753948 sureann
384969698 52534049
384984427 63306250
385338935 34444386
385358926 54057867
385375601 34860403
385436340 suet
385437780 sureann
385471048 VOV-baby
385478216 2488132
385482328 Megan1218
385489197 esgape
385491974 64826644
385493557 47230601
385495582 bambieyes
385495788 3689007
385496130 3702912
385496366 2300993
385497184 siouxsie7
385498316 38565662
385498507 50070919
385498508 50070919
385728373 3790469
385821541 daxiongne
385840680 effyhan
385846131 sheaiwa1991
385853016 36811748
385855731 40536922
386810934 62488498
386811447 45807928
387397053 1473286
387401326 61442382
417231216 50811004
417239633 choey
417241211 2681758
417255294 just-being-me
417338344 62935776
417346527 ALICE901
417346811 64065583
417354044 51220616
417359778 mamy
417360960 32315439
417361317 53501513
417434323 47346341
417435142 2570837
417435377 61736832
417435425 67547920
417436127 sosilkke
417436714 niewa
417437590 35566563
417437749 verbessern
417438130 50561580
417442341 subechan
417442379 4244237
417442812 56439446
417442959 55429148
417444163 badguy1111
417446575 58256389
417449694 67749593
417663101 dj0823
417665285 17531753
417669519 52965583
417669857 64405131
417828094 4250349
417830372 45281430
417830455 64568827
417833284 42135569
417838492 57997941
417843692 bossJoyce
418577510 52188304
418581443 56485891
418583020 53548965
418584707 3532242
418587235 Paranoia-_-
418588308 50456446
418591867 48443719
418591908 46824904
418610058 51884042
418612851 buchen_ashin
418620426 53814933
418622393 Alan-Tse
418628612 34832971
418720378 63324933
418722580 59558490
418813100 m-good
418815617 51751455
418817201 50425118
418817885 65272098
418871212 57772675
418874382 65312795
418876695 56482443
418879335 62709271
418905566 xinyux
418906557 53940613
418906587 ivylazy
418908536 luguniang
418909492 guanwai
418912143 51039032
418912453 64575855
418914014 42983421
418914819 mywhy 317524559 1915304
418915789 mozq
418919429 1915304 418914819 mywhy
418925331 48375756
418938264 59015869
418942698 54546434
419326134 7798787
419333814 51113199
419343192 flamemaster
419343412 54802370
419349029 43915584
419351908 th3rdcat
419354448 2960963
419359273 58284363
419360838 54144257
419361355 61715256 316753948 sureann
419361406 64301211
419366286 51533603
419369541 43830676
419370338 wendashou
419374333 11747362
419376235 mmming
419382985 57451690
419387289 61956360
419392914 Younique77
419401031 49096396
419407032 4002652
419439571 64396222
419487878 Vivienna7
409592563 59811530
409596359 4167417
409596763 6846760
409596805 6846760
409598315 65851494
409600860 62421575
409601479 cat_yr
409605298 52731360
409606284 lovely-zi
409606607 tou0306
409608821 PUPUP
409613423 44825088
409615156 57706568
409615387 14295425
409637168 iloveicecream
409638774 56168117
409640281 45724180
409640394 63597304
409641267 yoyika
409642053 swenshan
409643371 51004256
409644103 31559524
409644285 sicily0531
409644383 53555389
409647620 xiaanna
409648329 40082200
409651868 remex00
409652427 57213071
409655072 johnnie_c
409655912 51577354
409657705 hety
409658948 mlittlebei
409659702 63762609
409664975 63784260
409666945 panyunni
409670370 4627764
409711334 56476122
409714101 54875058
409744189 13728090
409752999 witchlove
409761728 Ryu_9320
409869869 amybingo
409881509 sureann
409987439 1553542
410001491 absolutelytff
410006209 63813250
410007735 lovesmilexi
410009861 1992670
410012948 sureann 410001491 absolutelytff
410013125 48314832
410016809 sureann 410013125 48314832
410064006 48314832
410075043 2871706
410077163 65208081
410080574 39592296
410082698 FuzzySandy
410083527 3547622
410091578 Floyd.L
410092305 47500119
410096914 49983353
410097994 49983353
410126917 songheng
415377696 ceciliaycx
415379077 66296903
415384334 66612866
415385834 41273867
415389289 66529379
415389446 64191265
415393350 56715213
415393581 56715213
415393778 56715213
415393910 60248391
415394289 61741025
415436618 Anyas
415437934 60943273
415439091 2067466
415496421 58834383
415499196 Sallyever
415542663 lessnaim
415547188 mmdmdd 409605298 52731360
416866905 57167193
416868421 51462862
416875118 48425804
416901812 65775708
416905252 64343568
417032236 41595553
417178324 52566898
417211178 4250349
417212472 67612160
417214533 kunxianxian
417214899 jiangmuyan
417215350 48547140
417218513 4629295
417219512 49075879
417219654 gaasang
417224628 65878271
417225837 63084192
417227083 bicthA
417231156 celia_022
417231190 50811004
396595579 48874639
396599490 supercao
396603449 58247937
397021652 khuntoriahg
397024302 mitchdrmy
399027418 jessina
399032995 38510846
399060160 41661230
399063148 43295853
399066304 62535204
399066801 55509056
400559443 x_binbin
400853348 60963489
400856663 EmilianoEric
400861428 64274644
400864685 29371652
400867272 65928242
400872586 65647843
400875515 angeljulian
403336015 59679361
403380640 60939053 316743955 morning_sun
403385691 57930867
403387215 47810368
403410108 ouyangxiaoyao
403439905 gulico
404897444 neverfound
404925400 joy520
404927262 kevina
404932485 59317379
406170662 53579807
406172195 64056693
406178338 64137710
406180461 64014540
406320001 65498410
406321273 50470751
406321807 Carole_
406321815 Carole_
406324668 57316684
406325531 33278229
406327499 30096827
406330125 62625348
406332781 54000290
406340844 58345434
406344148 inthedoldrums
406344335 bettyvicious
406415749 aohan168
406418146 60150262
406418629 mulee09
406779970 14137580
406782022 53058225
406785881 65272098
406792600 65272098
406809920 maoxiaolin
408780468 50207281
408781472 3883741
408785126 42212735
408785527 48343421
408789446 66543449
408798840 ylx
408829970 56322812
408835476 2772685
408843120 50545152
408852170 1876211
408962617 55908152
408962904 plydex
408966457 65370041
408969408 49422997
408969728 supniuzi
408970698 dadasshen
408970735 49603677
408970942 minamixmy
408971256 46091221
408971261 46091221
408972929 aaaaap
408974312 meant
408974343 43788000
408974429 54415094
408975486 lillianQ
408980859 Yvett3
409059893 50336904
409086071 63586895
409088071 37351157
409144447 54267337
409144843 43393201
409150658 50248481
409153562 qianqian_tang
409271735 Nephila
409272763 62091699
409311495 emita772
409315328 4481585
409321062 58571573
409355131 anmian
409358578 48457199
409365942 51953879
409367162 btbr403
409521558 rory-wong
409538588 54144782
409585561 4898393
409592142 58061773
409592509 59811530
387404247 49603677
387579463 46561621
387871809 3235339
388072478 64370758
388072793 heylaura1991
388077140 42997050
388124845 59658494
388423051 dpx
388583648 49064899
388590170 49967554
388591894 zerus
388592963 joycechengli
388593434 60290156
388598082 45657471
388598850 63823573
388599071 54933450
388601453 58695101
388618694 58070261
388643453 53391152
388679875 62296458
389225216 48388719
389353666 lee906
389358485 54914759
389363577 adonis72
389397790 3412512
389406376 dreamyworld
389406752 familytime24
389510042 3495972
389520014 jjm
389608190 jullllla
389615252 weiupup
389986165 gylLaura
389987756 chaoping
389989434 freedancer
390771762 45786849
390777976 superyaoky 317545475 xixigua
390778424 61749764
390779397 shinyablue
391540638 4397704
391544919 learon
391547659 57289058 316833739 athene_12
391547737 44615834
391550008 lostcheung
391551512 an_yuwei
391556263 hhtytgfgg
391557055 26396479
391561667 lili1990
391561773 41967905
391567258 liuningyu
391572054 lylvyi
391572075 lylvyi
391572719 47032502
391573656 46426100
391579443 letalow
391597804 40013410
391598872 Yyyzzz
391599565 51985191
391614350 shenxiaomi
391619701 3307188
391623847 43691406
391664280 kamenheijixu
391714492 48366203
391722402 41995599
391724170 52242726
391726532 41995599
391728848 43528575
391733528 4246173
391735274 funnyzoe
391741770 39117746
391752495 28611352
391753402 ivyf
391756120 64327096
391756992 64247352
391800493 53212744
391801577 Qianyujiao
391864387 4603975
393172522 funny_520
393174636 63051980
393182163 60280624
394507341 60820364
394598969 stephanie1874
394602389 2795464
394636942 54001235 388679875 62296458
394650622 53071797
394650965 sureann 394650622 53071797
394651516 weixiao321
394654163 50551930
394665351 61490685
394676130 64444919
394682198 50617349
394697713 63604111
394778105 61320164
395615536 41842618
395781886 65122745
395787158 toma7o
395832066 enkong
395834146 3643248
396566572 50896331
396572438 63450348
396575853 xoxo_ms
