316679134 3796092
316679145 missdessy
316679871 4217827
316680369 4217827 316679145 missdessy
316680546 35996793
316680626 4217827 316680546 35996793
316682899 2205184
316685918 4217827 316682899 2205184
316686419 4217827 316682899 2205184
316686873 lingoapple
316686935 maajia
316692330 4217827 316686873 lingoapple
316693746 4217827 316686935 maajia
316693851 ninasang
316694028 4188593
316696823 ninasang
316697220 4217827 316694028 4188593
316698036 45433701
316698148 dianxin1028
316698519 lingoapple 316692330 4217827
316698945 40226621
316699007 oElephant
316699089 4217827 316698036 45433701
316699097 40226621
316699261 4217827 316698148 dianxin1028
316699266 forever_smile
316699322 hollyor 316698036 45433701
316699337 baily.vg
316699411 mayo524
316700556 4217827 316699097 40226621
316700602 mayo524
316700764 babyneonsay
316700862 HelloBunny
316701219 4217827 316699266 forever_smile
316702128 4217827 316700602 mayo524
316702685 4217827 316699411 mayo524
316704456 4217827 316699007 oElephant
316705176 57631780
316709238 oElephant 316704456 4217827
316710058 mango327
316716727 4188593
316720708 4217827 316709238 oElephant
316720946 4217827 316710058 mango327
316737806 forever_smile 316701219 4217827
316739500 4217827 316737806 forever_smile
316752939 3796092
316753329 nianan17
316753674 3796092
316754333 4217827 316716727 4188593
316754438 gunso
316754952 4217827 316752939 3796092
316755282 4217827 316753674 3796092
316755544 Emina
316755638 4217827 316753329 nianan17
316755794 3796092 316755282 4217827
316756419 m1ssfe1
316756668 nanaer
316756952 4217827 316755794 3796092
316757431 4217827 316756419 m1ssfe1
316757783 3796092 316756952 4217827
316758217 bingoo921
316758286 44542952
316758336 sanmotao
316758460 4217827 316756668 nanaer
316758825 4515479
316758854 49927207
316759406 blessedhappy
316759474 4217827 316758336 sanmotao
316760019 4217827 316758825 4515479
316761375 nanaer
316761481 4485228
316762748 miehahaha
316764035 4217827
316765038 4217827 316762748 miehahaha
316765615 4217827 316762748 miehahaha
316766370 4217827 316761481 4485228
316767398 nanaer
316774018 4217827 316767398 nanaer
316786307 qingtianjie
317212494 4188593
317216364 4398569
317217304 30306879
317222415 45433701 316699322 hollyor
317224397 44843786
317230918 45976523
318188075 perpet
319541934 44056062
319543192 diunama
319544665 3575988
319544692 daisy_cheung
319545126 wozengshenme
319550454 mydyen
319550761 junglepeople
319550802 57634699
319554069 vnight
319558959 paparove
319560046 44289887
319566557 mabel1998
319575002 daisyg
319580005 12891832
319585772 beautifulfrog
319588025 4379688
319622460 47352504
319803202 4217827 319545126 wozengshenme
319803576 4217827 319550454 mydyen
319803667 4217827 319550802 57634699
319803888 4217827 319558959 paparove
319806672 56917272
319809593 LinaIsHere
319811519 aspirin-m
319818314 4217827
319818403 4217827 319811519 aspirin-m
319819017 a.k
319819906 4217827 319580005 12891832
319820362 4217827
319820864 2907610
319827562 a.k 319820362 4217827
319829549 3764299
321346080 51660313
321363896 henyou
321364816 4373999
324198249 4217827 319829549 3764299
324198569 4217827
324198794 4217827 321346080 51660313
324199479 4217827 319820864 2907610
324199541 3764299 324198249 4217827
324200268 lingoapple 324199479 4217827
324204513 raving
324218546 LinaIsHere 319818314 4217827
324322795 4217827 324218546 LinaIsHere
324324094 LinaIsHere 324322795 4217827
324324484 blue.T
324325355 49423198
324329456 4217827 324324484 blue.T
324329570 4217827 324325355 49423198
324331661 57978551
324348535 58865626
324349044 58865626 324198794 4217827
324484863 4217827 324331661 57978551
324485757 55884149
324487755 chengve
324496423 57247600
324501074 50746958 324322795 4217827
324502154 46352565
324502521 4217827 324501074 50746958
324502715 4217827 324501074 50746958
324503219 4217827 324487755 chengve
324503320 55427837
324503557 lyt2012
324504803 44262350
324506323 4217827
324509262 4217827 324504803 44262350
324509750 55427837
324515474 2997325
324529474 4217827 324509750 55427837
324532148 55427837 324529474 4217827
324532408 4217827 324532148 55427837
324537082 simonnye
324537551 bksyzl
324552053 4217827 324537551 bksyzl
324552202 chengve
324552616 4217827 324552202 chengve
324552658 shinemodarel
324553744 chengve 324552616 4217827
324556462 4217827 324553744 chengve
324559109 miemiemei
324563459 chengve 324556462 4217827
324564529 4217827 324563459 chengve
324565259 4217827 324559109 miemiemei
324565455 chengve 324564529 4217827
324570787 miemiemei 324565259 4217827
324574918 4217827 324570787 miemiemei
324575379 miemiemei
324603310 lacus_won
324604522 zhaoyao0919
324610494 MissMingMing
324619570 40439957
324625816 40932341
324630092 58865626
324630855 4217827 324575379 miemiemei
324631086 4217827 324604522 zhaoyao0919
324642537 48433524
324643909 miemiemei
324712826 4429740
324734337 48051248
324741320 49180868
324747954 58411523
324750284 50195930
324753692 4722354
324771452 50648010
324784915 4217827 324642537 48433524
324785529 4217827 324619570 40439957
324785716 4217827 324712826 4429740
324786713 4217827 324750284 50195930
324787200 4217827 324747954 58411523
324796779 4429740 324785716 4217827
324808621 40439957
324808788 4217827 324796779 4429740
324813313 4217827
324814438 4217827
324815743 36473201
324815983 58887942
324816117 4217827 324815743 36473201
324816639 4217827 324815983 58887942
324817181 58887942 324816639 4217827
324817553 4217827
324817657 50257361
324818622 4217827
324818877 4217827
324822722 detriny
324828525 50257361 324818877 4217827
324908176 48433524 324784915 4217827
324909755 4217827 324908176 48433524
324913533 48433524 324909755 4217827
324917326 4217827 324913533 48433524
324918226 4217827 324913533 48433524
324920486 47254439
324921565 48433524
324925927 4217827 324920486 47254439
324932577 47254439
324940066 39916317
324940406 4217827
324941994 mushro 324940406 4217827
324970284 39916317 324941994 mushro
324983993 jjrabbitbaby
324984483 jiangxjiang 324983993 jjrabbitbaby
325035290 peiluojun
325037679 hanjinglei815
325037993 Suisild
325039677 52044923
325089750 35317828
325147017 abciris
325149031 58865626 325147017 abciris
325149322 58865626 325147017 abciris
325168326 MissMingMing
325180238 hanjinglei815
325181054 4429740
325239594 abciris 325149322 58865626
325347666 58411523 324787200 4217827
325348979 kidsoffeiya 316685918 4217827
325349057 x_binbin
325432043 seeseesee
325434495 pinklove0922
325434867 pinklove0922
325435221 pinklove0922
325790725 hanjinglei815
325793803 pifawenshen
325793911 pifawenshen
325881628 4217827 325793803 pifawenshen
325881880 4217827 325790725 hanjinglei815
325881998 4217827 325434495 pinklove0922
325882141 4217827 325434867 pinklove0922
325882474 4217827 325435221 pinklove0922
325886959 pifawenshen
325888901 39916317 325434495 pinklove0922
325889160 39916317 325886959 pifawenshen
325891830 pifawenshen
325896047 39916317 325891830 pifawenshen
325902616 pifawenshen
326334709 hanjinglei815
326494468 58865626 326334709 hanjinglei815
326619537 58103757
326623740 51152763 324815743 36473201
326640295 hanjinglei815 326494468 58865626
326693557 luoposhusheng
326811230 39916317 326619537 58103757
326812235 44763247
334453725 3139746
334461714 epxuan
334482424 hk110 316758460 4217827
334506367 greenmuzi
336058216 40439957
336255457 4217827
336255912 4217827
336258164 kristinacat
336326546 prepuce
336327238 9453068
336383386 49216919
339143048 4615699
339430936 chenlo1989
345621210 61449132
345656191 4481712
345659202 54490566
349741059 30306879
349748771 27576640
357191240 54306946
371601115 55309929
371601664 53153765
371601837 48040172 349741059 30306879
371601974 48040172 345659202 54490566
371603197 48040172
371613346 ylzr99
371913523 39916317 371613346 ylzr99
371952815 41126957
371954076 44624186
371955328 51555612
371989277 3475967
372131623 53082229
413127564 67431275
413128402 66674212
413131775 black_knight22
413146902 58748653
413269038 51727694
