316781933 wasaisai
316781969 wasaisai
316782042 wasaisai
316782132 wasaisai
316782323 wasaisai
316782777 1669727
316783096 45567853
316783837 Coolki
316785008 2108780
316785219 14584689
316785263 spaghettiss
316785372 z3318190
316785459 mix73
316785582 z3318190
316785813 westra
316785919 1643493 316782323 wasaisai
316786643 wasaisai
316786789 1643493 316783837 Coolki
316786978 1643493 316785008 2108780
316787142 1643493 316785219 14584689
316787306 wasaisai 316786978 1643493
316787415 4256509
316787440 1643493 316785582 z3318190
316787873 2342221
316788128 1643493 316787306 wasaisai
316788701 1643493
316788810 2789991
316788874 wasaisai
316789203 52486373
316789590 suxiyang
316789785 36293260
316790190 annzsy
316790242 1115481
316791069 z3318190 316787440 1643493
316791603 1643493
316792843 1643493 316790242 1115481
316793367 1643493 316791069 z3318190
316794594 baby_vivian
316794597 1643493
316795506 baby_vivian
316795667 luv_ljpp
316795733 1643493
316797351 z3318190
316797627 1643493
316797647 kittyzq
316798495 Coolki
316799290 1643493 316797351 z3318190
316799885 53306453
316800725 39228838
316800874 1643493
316801053 jayee_
316801220 thatshuai
316801696 51751964
316801839 47761103
316802299 1643493
316802513 1643493 316801696 51751964
316802646 1643493 316801839 47761103
316803512 Emotionless
316803544 1643493
316803782 NaLanRui
316803917 BopBop
316803944 1643493
316804427 Emotionless
316804480 bruin1018
316804810 1643493 316803782 NaLanRui
316804882 Emotionless
316805078 Emotionless
316805246 Emotionless
316805501 49261132
316806600 duoran
316806680 1643493
316807165 1643493 316805501 49261132
316807435 48227684
316807574 1451161
316808025 1643493
316808161 Emotionless
316808389 47708804
316808820 Emotionless
316809243 48227684
316809288 1643493
316809560 1643493 316808389 47708804
316809620 NaLanRui
316809634 1643493 316809243 48227684
316810088 Emotionless
316810175 1643493 316809620 NaLanRui
316810769 53893736
316810781 1643493
316810877 y_co1n
316811468 47708804 316809560 1643493
316811823 1643493 316811468 47708804
316812044 23127552
316812380 1643493
316812789 48227684
316813255 masakichiyuu
316814075 34828635
316814271 NaLanRui
316814284 4603815
316814340 32837946
316814485 1643493 316812789 48227684
316814565 32430755
316814765 xingbulai1999
316814770 qingtian1213
316814952 47708804
316815199 47332080
316815466 bowllee
316815550 40384661
316815733 47332080
316815844 ration
316816442 44940156
316816898 duoran 316815550 40384661
316819160 41533200
316819254 4391458
316819542 duoran
316819768 4603815
316820407 44330676
316820421 40993795
316820791 57903184
316823065 47089087
316823428 Aldrberan
316824995 23127552
316825787 xianxianaa
316825908 ll520
316827658 Cain_
316828237 54967554
316828484 yeyiyi
316828950 40993795
316831775 dljr
316832608 mimo525
316833843 17817128
316834435 51243061
316836402 2773138
316836999 1643493
316838714 49686060
316839878 apeisme
316840114 eveesa
316844746 3790294
316847068 45567853
316852305 14827915
316858312 kikimiao
316858566 dljr
316860728 4481712
316861162 lingoapple
316861873 liverhan 316785372 z3318190
316862199 3929276 316781933 wasaisai
316862646 14406572
316863924 jayee_
316867141 14406572
316869458 wasaisai 316862199 3929276
316874595 kristinacat
316874792 kristinacat 316869458 wasaisai
316881583 halfway313
316886475 yingmin
316897668 zozoe
316910927 DOOMSDAY1989
316932099 47514656
316932158 3079236
316934177 53109950
316940733 30661208
316956663 EskimoWK
317061705 1643493
317061968 1643493 316956663 EskimoWK
317065307 feifei_run
317066329 52004840
317066499 52004840
317068146 52004840
317095415 adaidaidai
317115712 52832766
317143561 Emotionless 317061968 1643493
317151003 48426668
317153763 zxff111627
317154682 42559871
317156325 xianzhidawang
317156480 52793240
317157427 candy521
317158494 myt116
317158672 xiaobohe
317159341 12781199
317160427 jileshenfu
317160612 4682488
317169061 raving
317170695 48227684
317174303 jaejoong52
317175891 sumi_chan
317176743 jingshuixuanyua
317178505 44925029
317188401 amyjet
317189660 52113337
317189824 52113337 317061705 1643493
317195918 44563677
317197389 36065536
317197397 juedai
317197698 41650928
317202014 muitao
317206625 42964260
317207159 c-summer
317207416 miracleworlds
317208490 3709198
317216653 36068231
317220771 pinkbubu
317242154 1643493
318459559 1643493
318460004 1643493
318464222 QiuzhenLIN
318465267 luvymy 318459559 1643493
318470412 1051503
318478567 Mary-Ann
318480484 MoaChen
318481434 2322080
318493179 1643493 318465267 luvymy
318496511 camouflage
318497527 A903494561
318498678 luvymy 318493179 1643493
318499403 Cheeryh93
318508175 sun_chung
318517174 48130091
318518416 44950811 316795733 1643493
318528023 carromy
318564114 1643493 318498678 luvymy
318564284 1643493 318518416 44950811
318566981 SophVeU
318612579 44950811 318564284 1643493
318618213 sheep864
318618645 tou.
318634909 34737909
318634967 1643493 318612579 44950811
318635272 1643493 318566981 SophVeU
318635575 1643493 318528023 carromy
318641080 40993795
318644440 Saadiya__SQ
318651266 blueblue22
318651415 SophVeU 318635272 1643493
318651917 lovepourquoi
318655780 34128535
318667410 39856638
318667788 ineer
318668955 mayzo 318635575 1643493
318672920 Mao..
318675000 3293062
318677225 49118788
318677358 isabella.cullen
318677361 48805947
318691377 luvymy 318564114 1643493
318705077 carromy
318708518 Halo_egg
318749859 emmaag
318752311 babyneonsay
318754613 xuan1030
318758019 gagaye
318784975 2928378
318838650 luvymy
318842653 taozi788
318843760 4449064
318845571 LOVEBUNNY
318846353 wasysl
318847970 3917375
318856838 mimei
318857267 amanjj
318865196 luvymy
318865606 ineer 318784975 2928378
319239886 1643493
319247335 1643493
319249632 1643493
319251064 1754879
319253084 1643493
319258470 41961788
319271728 34655323
319286148 49213803
319294144 ineer
319411590 41961788
319504895 44743611
319512634 54567362
319534898 moumou2012
319537831 2928378 318865606 ineer
319542095 xunannanl
319544339 ineer 319537831 2928378
319633970 2928378 319544339 ineer
319645774 ineer 319633970 2928378
319786790 nan_sheep
320035197 44813131
320117153 LittleS.
320119740 mavis0129
320132196 3702757
320620541 55299508
320664553 13640138
320665608 sugarlady1215
320668154 floret_ice
320727085 35745021
320788422 2874898 319645774 ineer
320789691 ineer 320119740 mavis0129
320816096 44925029
320850246 mavis0129 320789691 ineer
320850548 mavis0129
320929838 34655323
320934116 45857780
320996097 54191112
321104568 47482727
330924168 b07050320
331106969 maomaoxiaojie
331113953 55527975
331881055 kongfanfan
317242754 1643493
317243754 1643493
317243790 yan.
317243942 summerlu
317244064 47220831
317244146 1643493
317244677 1643493
317244981 CharlotteKo
317253189 43075978
317258422 2812187
317262476 45662792
317265813 lingXmin
317269375 52832766
317271094 hkhot
317275710 mt_mengxiaobao
317278034 36787935
317279352 4471047
317319590 1643493
317327858 kittyyc
317333225 happyyu1314
317336792 candybluethesky
317350385 bbcecilia
317363515 trista08
317364116 58365037
317369082 oneonesui
317419250 percy0810
317421348 40384661
317422333 aboa
317424193 piapiade
317429903 52922534
317480473 49311817
317484770 ritabear
317487560 guanglv
317491695 kisswax
317513892 55890835
317514994 3513225
317541130 48325810
317541243 52404211
317542354 50332687
317573557 44555153
317577487 mavis0129
317583613 sunshine__wang
317585664 46660730
317586696 1964153
317586753 cocole
317590005 3285945
317605920 47119982
317607627 34374319
317608471 3544774
317610131 daisy_cheung
317754318 43464790
317784627 2510124
317785654 luice3222
317785806 44743611
317785909 44743611
317786177 woshixiaoyueyue
317787158 josei
317791198 emma717
317792807 heng_liebe
317806476 3883946
317809878 xiaoguaishouv5
317819859 luvymy
317820942 elaine1114
317825546 luvymy
317827213 2740993
318312135 1643493
318312735 1643493 317327858 kittyyc
318312974 1643493
318313165 1643493 317369082 oneonesui
318313527 1643493 317484770 ritabear
318314087 1643493 317491695 kisswax
318314440 1643493 317577487 mavis0129
318314639 1643493 317585664 46660730
318315528 1643493 317586696 1964153
318315960 1643493 317786177 woshixiaoyueyue
318316186 1643493 317825546 luvymy
318317491 1643493
318319527 43940371
318320685 gsyadore
318321298 cocole 318314440 1643493
318321649 54046334
318324958 lambomb
318334425 meadow92
318335923 apeisme
318345929 45815816
318367488 53348617
318372288 53226869
318377193 kydi
318380588 28247659
318380649 17859116
318398244 luvymy 318316186 1643493
318399696 44567179
318401654 fun4ever
318402443 carromy
318421164 candybluethesky 318312974 1643493
318439594 2437269 316803544 1643493
318444352 liuerer
318456283 cocole
318458858 1643493 318402443 carromy
318459107 superhelen
331911141 lisawang7
332000120 xxyyy
332848013 49740692 332000120 xxyyy
332975612 doudoujkl
332991609 dawnca
333102979 lilas1108
333322832 pulapulla
333478301 xxyyy 332848013 49740692
333492534 46936953
337568502 44925029
337582090 Queenani
372611248 47708804 318459559 1643493
372699678 63561051
394953763 48246990
394958591 54213878
394961531 55442703
394968703 1572510
394979702 61439415
394984536 helloamsa
395031852 65334881
398323494 dancerking
398324634 41515044
398328080 26605722
398420046 motivanectarine
398484205 53566845
398574660 49415293
401121810 51108094
401329798 62009239
401353531 46298838
402239359 51476263
406183582 64372311
406324165 47655034 316804480 bruin1018
406329507 58914533
406329807 3603363
406493551 63639622
407359237 54213878
417262834 64301078
