317419159 dearzoo
317419172 Sixshot.
317420130 beens
317430460 55287459
317430740 ninemo
317431249 juedai
317431827 30489590
317431956 42806952
317432138 doudouzhang
317432337 48376013
317433282 xiao-peng
317433615 49767506
317434026 Madder17
317434578 daduodaduo
317434923 49767506 317434578 daduodaduo
317435028 BAILEIS
317435106 57905582
317435371 45182397
317435496 kz1113
317435923 daduodaduo
317436557 33980661 317435028 BAILEIS
317436569 42806952
317437275 dearzoo
317438633 56634037
317442589 42559871
317444348 57631780
317445337 wwkihgd
317446834 3427392
317447888 49114869
317449400 dracula1874
317456067 49767506 317447888 49114869
317456809 1614749
317457829 beens 317430460 55287459
317457913 sumi_chan
317458368 55287459
317458478 55287459
317458491 amandyu
317458788 49386256
317459031 55287459
317459438 55287459
317459484 51095355
317460121 47119982
317461020 24174899
317461036 weiaiJaychou
317461549 weiaiJaychou
317462588 49890070
317463334 55287459
317463784 55287459
317464123 dreamhighsomeda
317464929 55287459
317471537 zhaokaka
317499351 49114869 317456067 49767506
317500312 geminifreak
317500798 annabelwang
317501134 guitaristEileen
317501706 guitaristEileen
317501833 shuishuihyl 317458478 55287459
317502873 axax
317503169 39565570
317503783 2789991
317503983 4485228
317504582 che-rish
317505186 3805357
317505218 micos
317505430 chen.jr
317505594 shawnchan0326
317506123 Aldrberan
317506432 mortal0305
317519536 NyanCat
317535167 55287459
317535348 55287459
317535409 30489590
317536078 43435251
317536380 matilda789
317538522 10020774
317538566 47352504
317538852 47352504
317539118 doradb 317538566 47352504
317572459 55287459
317580684 47119982
317581283 47119982
317592001 48376013
317592845 47352504 317572459 55287459
317601322 55287459
317601922 47119982
317602438 47119982
317603515 47119982
317603964 47119982
317603996 26920808 317431249 juedai
317605055 43601253
317605490 47119982
317605703 1758758
317605953 44507132
317606940 rain3311
317608037 43601253 317606940 rain3311
317608255 sylvieHwong
317608505 48602360
317609341 daisy_cheung
317610653 47119982
317611183 missmonkey
322075821 57459254
322079890 bocaixiaojie
322086639 4345655
322131961 47119982
322135817 47119982
322161445 timberwolf
322189435 rainyz
322228487 47119982 322189435 rainyz
322290748 56641137
322294664 rainyz 322228487 47119982
322295525 56641137
322317723 55287459
322319994 47119982 322317723 55287459
322385596 2059422
322394083 willyoumerryme
322402583 muxiazi 317502873 axax
322405622 thisisdaisy
322406395 21815349
322407761 40209469
322408765 dearminewxj
322435038 55287459
322435234 55287459
322496945 50382909
322529872 2277340
322546923 lym813
322564361 47119982
322566128 dsnep
322942389 my774880647
322942759 my774880647 322566128 dsnep
322945648 my774880647 322317723 55287459
323052445 dsnep 322942759 my774880647
323067594 54261683
323069458 sjnwxixi
323225388 undergroundbabe
323225899 jonathan_ive
323644273 55287459
323647101 dynamo
324097551 47119982 323644273 55287459
324113266 roxieee
324113435 roxieee
324113459 roxieee
324122558 fangmianmian
324122983 53688087
324134190 46288605
324149931 flos
324154340 48480252
324156098 48480252
324156539 44700431
324156863 zljym
324171200 47119982 324154340 48480252
324296826 48480252
324305347 47119982 324296826 48480252
324323021 Zombie_adieu
324323572 momo-w
324337887 55287459 324323021 Zombie_adieu
324338147 55287459
324338926 47119982 324338147 55287459
324343030 53980356
324344098 53980356
324374584 42238178
324377231 43585263
324378302 47119982 324343030 53980356
324383956 wanzi_
324430995 47869253
324433460 45312362
324451317 57918621
324615129 amilk22
324623713 55287459
324642609 saoirse
324705948 amilk22
325450151 m1ssfe1
325464955 47119982 324623713 55287459
325480758 53382358
325983036 amilk22 325480758 53382358
326061311 53382358
326563781 54001741
326623322 48602360
326625439 55287459
326739079 41633901
326771945 28168206
326772049 28168206
326775842 QiuzhenLIN
326778416 deargd
326876124 44950811 323225388 undergroundbabe
327068077 47119982 326625439 55287459
327075921 9256961 326625439 55287459
327124450 52331085
327175534 41633901
327201560 55287459 327075921 9256961
328293197 4345212
328294653 4373250
328490972 2979362
328663728 amilk22 328294653 4373250
328665247 maybe1
328680816 4373250
328707348 lilidog
328719120 55287459
328751762 mustafaserdar
328765586 57126975
329114915 xiaoluoli
317613751 awei1742 317501833 shuishuihyl
317614076 shuishuihyl 317613751 awei1742
317614270 55287459
317624987 awei1742 317614076 shuishuihyl
317625203 38460478
317630559 47119982
317645497 jlsuger
317654944 55287459
317656727 55287459
317665777 49767506 317499351 49114869
317668713 49742101
317669243 42141884
317673346 55287459
317675316 47352504
317678328 percy0810
317678957 49742101
317681436 47119982
317683876 55287459
317685125 57991249
317685657 47119982
317686792 windmills
317694949 55287459
317695990 47119982
317697779 zuiaicharlotte
317699957 52936134
317702362 3083490
317702721 52011814
317719011 mangguoguantou
317720106 icebergtwins
317827991 EatWhatEat 317538852 47352504
317830628 46430004 317458788 49386256
317838912 45433701
317849903 1608850
317971181 55287459
318070949 51257729
318094121 55287459
318094766 wandu
318095389 RyougiShiki
318098417 wushengecho
318469319 liulong218
318481930 4386684
318484865 SalanC
318497966 25816335
318504554 kristinaaaa
318507391 38862896
318508849 kakadexingfush
318548173 1758758
318548930 besthhui
318549079 6443193
318550819 48602360 318548173 1758758
318552632 sweety_la
318607457 4638167
318650759 mizizi
318767351 jumbyl
318768038 47119982 318607457 4638167
318811350 4202007
318822610 1614749 318552632 sweety_la
318831721 sweety_la 318822610 1614749
318859227 48087471
319092433 akanymlgb
319096897 DawnG
319097041 DawnG 319092433 akanymlgb
319099152 jesscat
319114991 ANJATA
319137096 chuanxiaxiaolan
319218986 55287459 317501833 shuishuihyl
319223366 2510124
319226891 45987845
319226983 rabbit872011
319555337 55287459
319557204 tahir
319562581 50830348
319568334 56831995 317614270 55287459
319568928 47869253
319570323 DorisDouban
319570982 lemonade15
319608985 55287459 319570982 lemonade15
319614648 believeingod
319617970 my774880647
319619329 my774880647
319621348 jiji1991
319638599 55287459
319654071 47477514
319674252 prince_young
319674786 Kanpass
319830736 49767506
319835964 bucun
319856965 amilk22
320258884 55287459
320261206 30248442
320263302 35331417
320294357 ninemo
320300771 47119982
320314562 35331417 320294357 ninemo
320316539 ninemo 320314562 35331417
320318346 35331417 320316539 ninemo
320329603 ninemo 320318346 35331417
320383155 luckyugliest
320615573 amilk22
320621757 winglanxin
320623519 winglanxin
320625494 tianguangnuan
320762358 55287459
320763693 51594144
320798029 55783188
320890866 amilk22 320798029 55783188
320950721 55287459
320968773 mizizi
320969331 amilk22
320980174 52935588
320988980 1390841
321032825 47119982 320383155 luckyugliest
321033302 47119982 320762358 55287459
321033834 47119982 320615573 amilk22
321044888 amilk22
321050274 55783188
321056045 47119982 321050274 55783188
321056613 47119982 321044888 amilk22
321060917 afterain
321065511 onlyella28
321066083 BopBop
321066219 44762052
321076189 45433701
321084981 amilk22 321065511 onlyella28
321086775 47119982 321065511 onlyella28
321089523 chewin
321110221 luckyugliest
321114333 minijunki
321114897 47119982
321117348 charlotte191830
321121895 forever_smile
321125743 luckyugliest
321127666 amilk22
321130449 47119982 321121895 forever_smile
321130603 47119982 321125743 luckyugliest
321131344 47119982 321127666 amilk22
321133168 amilk22
321136394 47119982 321133168 amilk22
321138625 liuerer
321139029 forever_smile 321130449 47119982
321139951 lengbao
321149472 Dodo-bear
321168280 amilk22
321211447 onlyella28
321221889 55287459
321234767 47119982 321221889 55287459
321236916 onlyella28 321234767 47119982
321238066 47119982 321236916 onlyella28
321243159 percy0810 321089523 chewin
321244573 onlyella28
321245601 percy0810
321316561 sephine
321317977 42044467
321323517 47119982 321244573 onlyella28
321352280 missonefan
321355889 pilibei
321421369 Badriyyah
321584961 55287459
321586947 51594144
321623784 50756908
321674098 luckyugliest
321676388 luckyugliest
321677103 icelovecheese
321678104 luckyugliest 320314562 35331417
321678586 amandyu 321674098 luckyugliest
321679155 luckyugliest 319619329 my774880647
321681985 35331417 321678104 luckyugliest
321682138 luckyugliest 321678586 amandyu
321682618 holastranger
321682640 luckyugliest 321681985 35331417
321682959 luckyugliest 321584961 55287459
321683178 35331417 321682640 luckyugliest
321684328 luckyugliest 321683178 35331417
321685930 rainyz
321689234 47119982 321685930 rainyz
321695349 47025122
321695598 47119982
321702025 53021310
321708809 55287459
321711050 ssssssstarry
321712752 4005102
321731944 55287459
321744708 48602360 321317977 42044467
321830370 47119982 321744708 48602360
321830387 47119982 321711050 ssssssstarry
321830576 47119982 321708809 55287459
321830916 DlronkeyCiao
321880575 45433701 321676388 luckyugliest
321881354 rainyz
321881486 41001358
321894113 53941020 319608985 55287459
321899188 7786886
322002176 onlyella28
322006050 jingtang
322058936 55287459
322060718 35331417
322062845 piabalr
322065100 4296707
322074430 DorisDouban
322075767 DorisDouban
414208566 46098936
414209273 1496224
418817199 36684415 317503783 2789991
418818203 65527018
418819453 25463407
418821716 45509034
418822256 libutterfly
418822282 57772675 318552632 sweety_la
418822453 59191554
418842776 paper5431
418845731 49205647
418944010 51039032
418946033 67564340
418946517 60446322
418966026 40464460
395897154 63554245
395897572 youanna
395898709 CaCairl
395919304 44251223
395938151 xiaomahou 395898709 CaCairl
395940146 54826974
395941732 39061433
395997314 CaCairl 395938151 xiaomahou
396068438 hongfanqie
396362846 xiaomahou
402294522 51476263
402314913 57476272
402320893 53237220
405052534 hermit1991 317435496 kz1113
405057306 64378750
405073414 66106823
405091840 sengesee
405094202 willowshaw
405113602 47971623
405219713 47062096
405585229 39592296
405585644 xiehuayingxhy
405586044 Nephila
405586175 Nephila
405710020 59390281
406020490 8197485
406096953 53759444
406097395 66106823
406097829 cacas
406098520 3921385
406151519 45831112
406716055 ONLY-mm
406750346 50798252
406855481 50841940
407431669 lscssh 317614076 shuishuihyl
407616664 lovelyxiong
407617425 61159418
407619532 3847305
407623324 17513893
407643045 22732683
407643736 50623408
407648537 asweetdream
407649338 65594490
407650232 1876358
407651507 55954197
407651555 65588352
407655377 34016889
407656699 ggai
407661209 44993232
407664115 49691070
407788415 Lpotato
407813345 66106823 407661209 44993232
407897041 51200432
407900240 4712594
407901593 65336688
407902269 27030653
407909466 4712594
407919878 49121190
408150976 53940613
408156449 32473977
408159153 pisces3015
408159930 mimimojo
408165200 pisces3015 322006050 jingtang
408178565 58644913
408901006 62798371
408941747 fenellarik
409117382 lily-H
409164849 A.mosquito.
409227406 57967083
409443606 lostcindy
410167625 52837443
410183305 50890868
410184281 legendxy
410892405 64574402
410894518 z7890006999
410908996 63154251
411959128 65709978
411962217 61401731
412050235 OO7
412052064 64717715
412053972 50053519 317458478 55287459
412056652 52496420
412065005 50680625
412066270 46238497
412073311 44748891
412078418 61038001 317538852 47352504
412086454 37245035
412088473 4285764
412089617 43953858
412114401 10857784
412124763 56491286
412130755 66742986
412135336 nana204
412143822 64467096
412196518 zunlala
412197295 zunlala
412215745 27417564
412222041 59650262
412814196 61090218
414208485 60116076
329781514 sherawong
332221307 amilk22
332309997 amilk22
332314834 issacwong
332407977 amilk22
332472539 cc_celeste
332472844 cc_celeste
332484449 2431347
332486302 amilk22
332488383 51186887
332492818 52052506
336820438 47119982 332221307 amilk22
336857459 amilk22
336874887 34027197
336895831 6026302
336897798 52829186
336902432 47119982 336897798 52829186
336905535 MsSophie
337174759 wozuihao 317431249 juedai
337599618 never-ali 328490972 2979362
337788940 moushang
337842687 54308379
337852224 doctorecho
365128231 42806952
365195793 3883741
365196538 xiaokucha
365206282 2339590
365207908 4258574
365237393 vicki.c 332221307 amilk22
365248870 55909703
365332019 41394631
365340436 lovels1314
365349036 longgoodbye
381327584 3599840
381329017 64144676
381330393 vividdollyuyu
381331272 43733206
381340159 41958133
381348660 45467712
381349283 45467712
381368312 48687443
381371740 55978325
381373169 51477673 317505594 shawnchan0326
381375080 2600403
381377756 54872239
381378292 64067554
381429326 55308612 317430460 55287459
381433242 2904263 317606940 rain3311
381434321 46960386
381435580 63773204
381445289 59803290
381445874 35632240
381465070 53950449
381520440 3513225
381521838 starry100
381522609 cuiheyao
381523174 happeness
381667414 41776769
381668117 41776769
381721093 62263313
382309772 ueirur
382461175 orianaspeak
382479771 58003849
382480221 58003849
382481352 60851392
382481653 tannin 332472539 cc_celeste
382482207 tannin
382485952 61356901
382486630 milka318 317435371 45182397
394254452 61543029
394303640 4324231
394514433 hahehahe
394575857 weiboqigong
395606873 xiaomahou
395608905 58118211
395617941 15056420
395618790 jeremiahPR
395618982 kumakichikun
395621192 xiaomahou
395622171 61648733
395623736 jeremiahPR 395621192 xiaomahou
395624270 63119465
395627890 40550582
395638248 inkysea
395641831 xiaomahou
395652493 50324391
395696518 65014026
395726898 60133191
395737762 40114709
395744843 beibei5558
395745138 beibei5558 395638248 inkysea
395860514 inkysea 395745138 beibei5558
395861267 beibei5558 395860514 inkysea
395861589 clp
395862221 56106315
395867277 xiaomahou 321584961 55287459
395870070 34334392
395871803 49362145
395875036 forsake418
395896515 48927113
