318442525 48582607
318442646 Krystallosssss
318442897 tong13
318443140 3057946
318443227 34655323
318443379 26673959
318443381 dearfreakear
318443549 dearfreakear
318443687 onlytimes
318443851 26673959
318443868 NervousCondom
318443982 bazingaa
318444144 26673959
318444150 waikiki
318444427 26673959
318444437 37457016
318444599 26673959
318444890 51225229
318444934 26673959
318445555 15049959
318446973 Jastmine
318448036 26673959
318448252 RockDMao
318448512 naxiaocai
318448773 26673959
318448876 emmazq
318449153 26673959
318450202 qiqi910522
318450721 26673959
318451101 26673959
318451102 53901420
318451333 26673959
318451842 48305749
318452054 26673959
318452380 nothing9246
318467530 54068017
318469439 57917254
318471976 50909418
318475162 26673959
318483825 58257949
318484297 heylaura1991
318485390 urusai
318485515 43105978
318488572 fengqingwei
318498604 56079012 318488572 fengqingwei
318499520 orangeflower
318500616 sun_chung
318501431 4024435
318501894 fengqingwei 318498604 56079012
318503543 baby_vivian
318503706 fengqingwei 318498604 56079012
318503784 3710093
318503909 baby_vivian
318504736 26673959
318504993 msstravelpurcse
318505503 26673959
318505917 26673959
318506577 26673959
318506626 44923935
318506997 baby_vivian
318507095 crucifixion
318507292 baby_vivian
318507926 baby_vivian
318508142 49118788
318508417 ammiee
318508586 49118788
318509333 da-xiong-mao
318510517 bobo059 318488572 fengqingwei
318510666 26673959
318510809 chilaweng
318510840 26673959
318511151 26673959
318511398 xiahuasa
318511569 26673959
318511884 26673959
318512149 candybluethesky
318512392 26673959
318513214 luvymy
318513655 26673959
318514169 26673959
318514171 22509725
318514764 yymqiang 318508417 ammiee
318514794 52097875
318514903 53678053
318517386 4513067
318518652 baby_vivian
318519105 underthebridge
318519537 sumi_chan
318520539 cly-f
318521522 whatsthelullaby
318521652 soda212
318521665 soda212
318522653 xiahuasa
318523929 46096741
318550906 26673959
318551781 26673959
318552288 26673959
318554115 3996301
318555112 3708680
318555769 underthebridge
318557111 43707075
318559161 56079012 318507095 crucifixion
318577070 ammiee 318514764 yymqiang
318579086 2789991
318590320 44923935 318577070 ammiee
318607695 26673959
318639361 ammiee 318590320 44923935
318642145 27919398
318644741 sowrong
318645198 50259786
318645815 silencessy 318488572 fengqingwei
318652391 39726887
318653790 jason128
318660780 leavingmehere
318664868 39856638
318668613 sancy.w
318670660 23583614
318674379 applekeke 318508417 ammiee
318675384 57467616
318676115 4089731
318692634 msstravelpurcse
318696726 fengqingwei
318735920 cinderbara
318745082 ammiee 318674379 applekeke
318750590 trick_trick
318751520 xmdcc 318514794 52097875
318752030 6443193
318752520 3870186
318753337 52097875 318751520 xmdcc
318754217 xmdcc 318753337 52097875
318754472 50531787
318755302 chenzhaozhao
318761202 xmdcc 318755302 chenzhaozhao
318771885 silencessy 318754472 50531787
318781293 ufoufo
318782952 45589255
318821659 youanna
318835472 applekeke 318745082 ammiee
318846219 50531787 318771885 silencessy
318871339 xiahuasa
318873009 1499607
318907512 48602360 318754217 xmdcc
318909871 3184442 318506997 baby_vivian
318913470 29046097
318913626 34046862
318915058 oSalome
318916268 evelina
318916906 55998424
318918693 xmdcc 318907512 48602360
318927229 57601523 318821659 youanna
318934118 Su5555555555555
318936822 48429209
318938544 milk59
318953816 34240094
318976729 silencessy 318846219 50531787
318977001 39306210
318978290 shishi119
318982303 hellohelene
318984153 kimrabbit
318985341 akiais
318985720 2819211
318999812 lizzy1215
319000711 50531787 318976729 silencessy
319002591 youanna 318927229 57601523
319003148 kinohahaha 318506997 baby_vivian
319007463 3917375
319007615 kissyougoodbye
319008383 mo67er
319027814 baby_vivian
319033855 26673959
319034154 26673959
319054658 people1433048
319063357 58621284
319089470 just_nomadic
319095368 Emina 318508417 ammiee
319097005 56316621 319054658 people1433048
319128053 neverlandcarol
319133421 26673959
319160514 silencessy 319000711 50531787
319174389 50531787 319160514 silencessy
319191472 silencessy 319174389 50531787
319198688 57601523 319002591 youanna
319230438 34655323
319240926 yizhouzhou
319253104 zhangziyuan
319260213 LJLJLJ32543
319395225 57917254
319399640 43443081
319400140 mutongxiaobao
319402874 55806222
319404257 55806222
319406503 Aldrberan
319411076 55806222 319406503 Aldrberan
319411210 53895727
319434966 55299508
319440474 lovemiya 318514794 52097875
319480431 dark6341
319481817 Aldrberan 319411076 55806222
319486743 maanni
319498122 Emotionless
319620382 yizhouzhou
319628055 26673959
319628298 26673959
319633639 Emotionless 319628055 26673959
319634908 albee0306 318508417 ammiee
319641629 ammiee 319634908 albee0306
319643485 M-makeup
319645784 daisy_cheung
319646038 49694197
319647286 daisy_cheung 319646038 49694197
319649049 43443081 319645784 daisy_cheung
319649557 49694197 319647286 daisy_cheung
319649826 hazychou
319649835 daisy_cheung 319649557 49694197
319650287 daisy_cheung
319663262 hazychou
319666798 35664491
319740194 lily_ping
319744243 vnight
319777137 s._ziyi
319872502 youanna 319198688 57601523
319982272 silencessy 319174389 50531787
319991697 50531787 319982272 silencessy
319991808 Alonelytramp
320013424 silencessy 319991697 50531787
320024613 50531787 320013424 silencessy
320025502 shuishuihyl
320027355 silencessy 320024613 50531787
320030807 50531787 320027355 silencessy
320031291 silencessy 320030807 50531787
320034668 sussci
320037311 dark6341 320031291 silencessy
320039941 silencessy 320037311 dark6341
320040726 50531787 320031291 silencessy
320041092 silencessy 320040726 50531787
320041482 50531787 320041092 silencessy
320042555 silencessy 320041482 50531787
320044402 chuhui 319645784 daisy_cheung
320044506 50531787 320042555 silencessy
320046014 silencessy 320044506 50531787
320046918 daisy_cheung
320048292 g-purety
320048552 50531787 320046014 silencessy
320049453 chuhui 320046918 daisy_cheung
320051800 Krystallosssss
320074421 25668103
320074839 25668103 318443687 onlytimes
320075480 veenf
320078039 25668103
320078673 25668103 318508417 ammiee
320079275 25668103 318554115 3996301
320114144 winglanxin
320122361 Nomee
320130483 26673959
320131035 26673959 320122361 Nomee
320165029 47516178
320288229 torajav
320290939 sammi1989
320318034 32433411
320321510 25668103 320318034 32433411
320328586 32433411 320321510 25668103
320351524 silencessy 320048552 50531787
320377505 25668103 320328586 32433411
320395009 32433411 320377505 25668103
320419922 38725065
320423846 50531787 320351524 silencessy
320433425 38725065
320433754 26673959
320434293 26673959
320435378 26673959
320435988 Yi_June
320442345 2210762
320452560 fatinah
320512239 26673959 320452560 fatinah
320512658 26673959 320435988 Yi_June
320523019 Yi_June
320534245 25668103
320769862 45865243
320800666 45653680 318927229 57601523
320802110 26673959 320769862 45865243
320810160 53943348
320815719 linjingmin
321017047 30599843
321169122 yamiyuki
321175376 sara1120000 318514169 26673959
321176622 starburst
321217949 linjingmin
321222923 47914824
321224815 56886614
321225320 babyneonsay
321299721 winglanxin
321311199 RayAnn
321327854 daisy_cheung
321329854 nowstill
321859648 26673959
321860156 26673959 321175376 sara1120000
321860836 26673959
321861063 26673959 321224815 56886614
321873565 57727340
321876898 48682103
321878094 charmmycheung
321878676 duxiaoming
321880778 soyisama
321880812 zene2
321884544 37963936
321885644 m1ng-
321885900 48748988
321886221 charmmycheung
321886224 charmmycheung
321889787 mineLingLei
321890005 tenten1031
321891708 48778935
321894313 2431347
321894868 2431347 318514794 52097875
321894977 If_I_am_Lovett
321917460 48748988 318488572 fengqingwei
321926292 underthebridge
322000223 MetalPoppy
322002064 56754325 322000223 MetalPoppy
322031004 25612347
322038361 shahou
322053777 sandysea
322251554 45943737
322508863 3710093 322000223 MetalPoppy
322511246 bangeren
322519424 hahehahe
322696325 3630650
322708697 yizhouzhou 322038361 shahou
323090066 2240939
323354332 iyding
323985742 hehehehehehe
324125171 liuxiaoyangyang
327925980 vnight
328003813 11629925
328008308 yvoria 318508417 ammiee
328070068 mirandaH 318514794 52097875
328071250 mirandaH 320769862 45865243
328071898 mirandaH
328075073 y_co1n
328139481 2405722
328153848 albeedesert
328169157 dlem 318508417 ammiee
328202939 57459254
328222073 33743732 318508142 49118788
328229267 46587539
328236645 10392574
330000938 45865243 328071250 mirandaH
330018853 57507835
330020732 mirandaH 330000938 45865243
330021140 danfan84 321917460 48748988
330475894 randle
342236616 56523625
349276481 ranersy
350695211 shahou
350695365 shahou
350702270 Lynn711
351271862 Thekim
351374680 malv
351618992 55787367
352168642 doujiaoshuo 322000223 MetalPoppy
360337959 59651778 318488572 fengqingwei
371074215 CATcats
372005830 49304846
372143457 loriwithme
372151866 pafy
372300152 48584390
393466049 yeliya1314
393506309 64189222
398032057 shahou
398102959 53159802
398103356 3184442
398103879 Tisays
398126132 jjm
406527711 4633564
406535601 njsunjing 318488572 fengqingwei
406537232 51799164
406547598 43948317
406552043 xiai999
406556586 47542376
406693305 SamanGUY
406693927 SamanGUY
406694129 darkcat
406709986 ONLY-mm
406710216 falllau
406711153 27725003
406727723 kjkljl
406733156 50372348
406736467 mia_x
406737668 43605017
406740610 kfcmoumou
416701011 46342507 406527711 4633564
416706134 2348406 318508417 ammiee
416707601 64389508
416707706 4102828
416710192 54908736 318508417 ammiee
416804270 xyqqq
416805058 45666588
