318810288 4117062
318810396 50332687
318810633 52540071 318810288 4117062
318810990 52540071 318810396 50332687
318811685 okperfect
318811760 minasan
318812081 yoursong_tu
318812122 48602360
318812313 47011997
318812323 52540071
318812327 48084963
318812480 55276266
318812697 52540071 318811760 minasan
318812950 48084963 318812697 52540071
318813092 52540071
318813331 52540071
318813756 52540071
318813828 38919889
318813856 okperfect
318813889 fannin
318814203 38919889 318813828 38919889
318814965 52540071 318813828 38919889
318815144 4202543
318815461 52540071 318813856 okperfect
318815936 52540071 318813889 fannin
318815958 yan-fay
318816564 fannin
318816946 52540071 318814203 38919889
318817499 52540071 318815958 yan-fay
318818206 47777932
318818564 47777932
318819252 Myylyb
318819727 52540071
318820252 52540071 318818206 47777932
318820884 minasan
318820996 sjt0202
318821275 47777932
318821397 52540071 318819252 Myylyb
318821765 46498894
318822400 52540071 318821275 47777932
318822505 52540071 318820996 sjt0202
318822609 april26
318822850 16970913
318822903 47777932
318823174 52540071 318821765 46498894
318823924 52540071 318822903 47777932
318824276 50443634
318824348 52540071
318824358 48745382
318825305 52540071 318824276 50443634
318825424 35935034
318825703 okperfect
318826020 52540071
318826702 35935034
318826971 lotusm
318827250 52540071
318828060 52540071
318828279 52540071 318826971 lotusm
318828459 52540071
318829444 46345789
318829944 luodeqishi
318832058 30306879
318832468 fangsj0126
318835523 rabbit53638332
318836063 pansy11
318836944 48084963 318832058 30306879
318858050 babyneonsay
318883882 38919889 318814965 52540071
318894984 chiputaobutuopu
318896779 33975286
318897247 colin628
318897788 57251153
318898282 pifawenshen 318828459 52540071
318898728 44055365
318899146 48602360 318897247 colin628
318902930 soultic 318828060 52540071
318917612 48286055
318927881 kz1113
318930357 58125972
318931030 58125972
318931694 58125972
318933297 58125972
318933896 58125972
318934159 58125972
318935416 58125972
318936739 pchanqq
318937104 1587559
318937732 YEXXEY
318938285 58125972
318938517 44187914
318938943 8223642
318939148 58125972
318939763 58125972
318940520 8223642
318942729 baobao520
318945819 lovepourquoi
318948303 3558985
318950102 yiyidai
318950654 1587559
318951167 3558985
324534273 2175245
324758562 36008787
361803224 54490566
361805102 Venus_39
361954605 48415615
362090201 2921799
401868441 2600000
419798985 58978571
318951979 1587559 318951167 3558985
318952899 3558985
318953650 9225151
318954165 1587559
318955952 pifawenshen
319000883 58125972
319001050 58125972 318955952 pifawenshen
319001246 ariel17
319001539 58125972 318940520 8223642
319001715 minylu
319001868 58125972 318942729 baobao520
319001935 jerlin
319002496 58125972 318945819 lovepourquoi
319002897 58125972
319003531 58125972 319001935 jerlin
319006044 jerlin
319006385 9225151
319012584 GGGGGGGGGGGGG
319023860 zwj212
319025164 49584292 318814965 52540071
319035083 r_doppelganger
319036119 52404211
319042765 52540071
319045780 52540071 319035083 r_doppelganger
319046532 abbielee2 318812323 52540071
319046997 mushroomibean
319049922 52540071
319051564 58125972
319051874 45834106
319052644 58125972 319035083 r_doppelganger
319053467 baobao520
319053712 58125972 319051874 45834106
319053924 r_doppelganger
319054668 58125972 319053924 r_doppelganger
319055191 58125972 319053467 baobao520
319055256 55024464
319057295 baobao520 319055191 58125972
319060494 misslelouch
319061568 misslelouch
319061760 r_doppelganger
319063163 snady 318820996 sjt0202
319064484 xinshijinnian
319066864 Myylyb
319074428 3107478
319075821 38919889
319078149 49338065
319078988 lotusleelee
319079207 lotusleelee
319082453 2832226
319086440 38919889 319078149 49338065
319086868 38919889 319079207 lotusleelee
319087379 32785340
319089327 hellorabbity
319090195 49249960
319091605 38919889 319089327 hellorabbity
319092045 38919889 319089327 hellorabbity
319093020 heylynn
319098560 49180868
319099988 58125972
319100864 58125972 319091605 38919889
319100952 hellorabbity 319091605 38919889
319108200 38919889
319110349 38919889
319123932 runfast
319133525 ZVLA
319137141 58125972
319139182 lotusleelee 319086868 38919889
319139788 lexiaolan
319141609 39856638 319045780 52540071
319162607 xinshijinnian
319242578 58125972
319243337 58125972 319139788 lexiaolan
319243577 58125972 319139182 lotusleelee
319243999 58125972
319244177 38919889
319254979 xinshijinnian
319263351 zyq124
319275297 58125972 319263351 zyq124
319275663 neurasthenia
319277482 58125972
319279618 zozoe
319280326 jkbez
319333063 58125972
319333166 58125972
319352439 48720704
319364829 amyjet
319520719 58125972 319352439 48720704
324485775 2175245
324488060 31773618
324507325 52540071
324508070 52540071 324488060 31773618
324509134 6996634
324511541 52540071
324511701 54984137
324516191 52540071
324524058 2175245 324507325 52540071
324524179 2175245
324524373 2175245
324526619 52540071 324524179 2175245
324528769 45321683
