320128887 shejimeng
320130193 34810510
320131465 14456791
320131810 14456791
320132718 14456791
320142269 40205385
320164428 40205385
320394704 47999633
320400783 sansanjin
320404615 tmkr1126
320407167 shejimeng
320408344 48272034
320408899 geekmax
320409861 54928005
320410629 2228620
320410844 Jason-Bourne
320412655 56649852
320414776 14456791
320416201 14456791
320418623 1758758
320418875 58104308
320419395 1367886
320419635 pei_vivian
320420482 bigway
320420979 40199668
320428052 14456791
320429432 2907610
320429721 2907610
320431928 14456791
320432466 smyr
320433094 14456791
320433573 14456791
320434625 47212954
320434860 52540071 320131810 14456791
320434965 4215630
320437461 bear1313
320443746 2907610
320458380 4352892
320461366 Somnus_Enn
320462598 48272034
320467171 4188593
320471353 hotcat001
320476445 shejimeng 320434860 52540071
320477914 omo_mo
320479602 ac_star
320480052 ac_star
320484076 54116637
320485347 42754743
320494372 cucocola
320494926 datumao
320495975 2873492
320496780 evnie_synn
320497248 45943737
320497966 57978551
320498380 14456791 320434860 52540071
320505562 48084963
320505618 xinyuemogu
320513513 52540071
320515601 yvoneye
320516378 52404211
320516770 shuishuihyl
320516881 46522940 320394704 47999633
320517331 heather0125
320517499 heather0125
320517644 54577419
320519391 51941351
320519558 kouyubo
320520059 lqhan
320520465 48272034
320522595 iseek
320522806 54705076
320523234 dora-yy
320523494 perpet
320524411 47999633
320525393 46522940 320524411 47999633
320525753 skywalker21 320142269 40205385
320525854 47999633 320525393 46522940
320527208 2907610 320525753 skywalker21
320528800 miaoxiaomao
320529784 46522940 320525854 47999633
320530488 2873492
320531264 2873492
320532196 lixiaoban
320532539 46522940
320533073 yashabb
320533755 47999633 320532539 46522940
320534767 3393540
320548807 46522940 320533755 47999633
320548915 6279539
320552238 14456791 320523234 dora-yy
320554302 14456791 320513513 52540071
320564555 48084963 320513513 52540071
320566118 48084963
320567236 sansanjin
320568889 silencecool
320579395 54652679
320581741 53534943
320583249 44330489
320597809 geziguaiguai
320602287 48272034
322470874 47464766
322471446 33325450
322480152 41458487
322487719 29471160
322492645 prudenceD
322498890 xianrenlebanban 320534767 3393540
322501825 music929
322502876 yizhimei
322518589 29234823 322501825 music929
322526787 yizhimei 322518589 29234823
322535674 3900638
322536695 3900638
322544382 steamedbunwit
322549742 music929 322518589 29234823
322554802 42559871
322562769 Daisy.Z
322564796 55886444
322583186 shejimeng
322604288 yukitarot
322612895 3398804
322657457 cyqx7
322662672 48920065
322666939 3710093
322670634 MTTHYS
322673767 zljym
322696519 29234823 322526787 yizhimei
322706551 sansanjin 322666939 3710093
322708179 Assado
322709061 alex707b
322720918 sisisiwen
322724682 casinocentro
322732568 leoony
322749266 wezero
322754323 malaowu
322757152 lusix
322757709 48055514
322758122 jesse.tian
322772454 29471160
322808333 2415600
322809677 37770382
322812866 zilin90
322835624 42559419
322835999 huanghuangyao
322860598 panxm
322958647 1465427
322961468 1465427
322971753 2227071
323095562 14456791 322732568 leoony
323097463 4042601
323098755 princess_d666
323099910 54261683
323102947 yudaobao
323167224 56834265 320142269 40205385
323191139 wh1735
323210275 outline_ 323167224 56834265
323214859 54034884
323218854 36080246
323219418 36080246
323220767 alex707b
323226269 37273057
323254375 14456791 323218854 36080246
323281869 geekmax
323437700 36080246 323254375 14456791
323462638 54911882 320394704 47999633
323464208 54911882
323590253 47999633 323462638 54911882
323591080 FJIABAOBAO
323592016 missmarguerite
323596693 4270578
323597672 pupupu
323599935 moccayu
323817388 shejimeng
323863083 1994827 323167224 56834265
323864264 42789907
323864534 42789907
323868860 ridiowang 323864534 42789907
323869474 m13560238176
323869572 m13560238176 323592016 missmarguerite
323869653 m13560238176
323869659 3022134
323869840 3022134
323870306 3312539
323870777 yxtsui
323909878 1458981
323912894 4557132
324020448 46288605
324380063 57610411
324484033 shejimeng
325387525 14006310
325389369 DrCzx
325389781 xinshijinnian
325572665 Jason-Bourne
325574369 delia1008
325652610 42203231 320495975 2873492
325704317 12453281
325704477 xblxbl
325763221 outetsu
325766099 xinnian
325771967 outetsu 325766099 xinnian
325775029 xinnian 325771967 outetsu
321359292 50576887
321359966 csdhh
321365611 miehahaha
321368479 syavalon
321371039 2653736 320495975 2873492
321372027 HELLOTT 320142269 40205385
321372369 misterfun
321372990 tiantianye
321374671 9225151
321376443 yzj8971
321376710 52606469
321381578 darlinfish 321359292 50576887
321382173 15608235
321382559 56747762
321383227 56747762
321383499 56747762 320534767 3393540
321384383 56747762
321384395 4889451
321384735 56747762
321385014 jingliuying
321385922 huahuayaojianfe
321386494 qiaoxiaoman
321390893 22418503
321392986 suncee
321394442 54974072
321395668 22418503
321397134 2229889
321398001 49638373
321401700 nature-sky
321404213 gegewusue 321397134 2229889
321404528 2229889
321407927 gegewusue 321404528 2229889
321408927 dapu
321409050 2229889 321407927 gegewusue
321409227 dapu
321409777 dapu
321410630 cici1223s
321415652 57903379
321422296 2059422
321428015 hakes 321409050 2229889
321428576 hakes
321440432 3248231
321489675 55578277
321507368 51582662
321511665 sansanjin 321422296 2059422
321512052 hakes
321512313 hakes 321511665 sansanjin
321512663 hakes
321513122 hakes
321513255 sansanjin 321512313 hakes
321515081 hakes
321517072 22418503 321511665 sansanjin
321526554 2029478 321415652 57903379
321544300 3248231 321507368 51582662
321549849 FLee1984
321564008 canonflamenco
321696263 51582662 321544300 3248231
321919550 shejimeng
321921026 Mmc422
321921886 jiajia1210
321924742 yizhimei
321930833 xhyjyz_123
321938777 yizhimei
321939906 woshibill
321940312 woshibill
321940865 ridiowang
321956021 hypothesisi
321957847 orange2vic
321959504 43471807
321964162 nishidashabi
322089669 hachi08
322124937 sonysong
322126115 music929
322130092 NCR
322137977 shejimeng
322155849 amyjet
322169026 chenjiawei
322206426 44330489
322206916 38919889
322209024 46915165
322213658 ridiowang
322214753 45499318
322215323 49694197 320531264 2873492
322306749 amyjet
322311460 amyjet 321395668 22418503
322312972 suxiaoxia
322313234 9225151
322317718 14456791 321939906 woshibill
322361862 22418503 322311460 amyjet
322366947 greenyyo
322406591 fairy823
322445512 shejimeng 322366947 greenyyo
322445807 shejimeng
322451357 14456791 322445807 shejimeng
322451525 4406242
322452127 14456791
322452884 43885501
322457977 2907610 322452884 43885501
322461957 chennnnnn
322467259 34828721
329212905 CandyCC
329214050 junjie1210 320394704 47999633
329219173 alex707b
329348891 waithoney
329796806 52971953
329799229 iamdede
329810497 anybreathing
329819471 Daisy137
329864079 59808710
329873550 4198103
329917623 guaxiaoxi
329927659 iwasekenzo
329928834 29643244
333134244 shejimeng
333135820 zuo_xiao_an
333137120 40681077
333137318 pthkex
333141326 zzmanbaby
333156133 chaonanzhi
333156532 chaonanzhi
333158957 undergroundbabe
333168093 41976843
333178379 4557132 333141326 zzmanbaby
333185220 2919049
333193740 feichaiqiuqiaod 333168093 41976843
333195190 4223889
333200497 wsyuaiai
333202553 musemusemuse
333214668 41976843 333193740 feichaiqiuqiaod
333219534 28693843
333628900 sevenblue0209
333637393 in710
333654281 57724721
333656805 amaranthine
333661161 30475261
333667406 4580328
333667817 4580328
333717496 4005102 320394704 47999633
333724234 ziw
333727522 14456791
333728636 xihuanzyk
333844625 shejimeng
333874660 40248883 333156532 chaonanzhi
334200457 35808230
334201942 35808230
334344784 60045465
335034008 45232501
335036367 40427888
335036406 45232501
335037567 44415246
335037619 40451229
335037710 44415246 335036406 45232501
335038401 45232501
335038475 45232501 335037710 44415246
335038887 44415246 335038475 45232501
335042196 aka327
335042215 aka327
335044173 3371961
335046661 57276774
335056559 49876660
335059880 42288384
335062841 MamuDD
335064426 2169667
335064620 2169667
335230081 36425785
335231324 36425785
335352934 58462933
335357156 poppy7mbsf
335359341 ridiowang 323219418 36080246
335361037 55830739
335364084 36080246 335359341 ridiowang
335367180 jjlayzq
335412179 3155304
335413232 31056554
335425092 53087381
335425692 14456791 335230081 36425785
335452077 55518211
335632049 57414910
335632935 57414910
335634749 peRFect1012
335641978 3521086
335738077 30446807 320142269 40205385
335738607 30446807
335740759 30446807
335742167 30446807
335744273 59958076
335744463 30446807
335744549 54040301
335745396 52746785
335745452 gy7
335746996 zhangby2 335632049 57414910
335754658 xxoo1234
335755209 xxoo1234 322732568 leoony
335756578 xxoo1234
335756854 xxoo1234
335761819 Noodleman
335769867 36713495
335777256 Lahsrom
335778986 49584844 320505618 xinyuemogu
335787998 ivesvan
343408925 seerless
343428646 55585376 321404528 2229889
343863670 haileyzhang
343864951 58000519 320443746 2907610
343869595 ccihr
345392230 47125006
345435250 xiaobeinimei
347079007 shejimeng
347506481 57414910
347507927 57414910
347543797 60670629
348138172 tianhuihuide 320142269 40205385
348154579 tianhuihuide 321964162 nishidashabi
348162427 shui_xia
348876782 kylinfish
348924805 6374617
348930105 60078127
348933169 61477819
348933305 mineLingLei
348934860 helloajun
348935675 60078127
348938548 mercury0923
348939481 hyy714
348958623 60736031
349320133 44675044
349479931 czy_1209
349480176 czy_1209 348935675 60078127
349480701 56481123
352299545 sm77
352318494 1242718
352319741 tangfenkon
352337250 52396564
352338433 52396564
352342763 52543626
352359336 kk4y
352383610 painless 352342763 52543626
352386510 52543626 352383610 painless
352387754 painless 352386510 52543626
352389428 52543626 352387754 painless
352390627 painless 352389428 52543626
352391786 her1028
352397246 17582594
352689068 supersaiku
352693511 supersaiku
352694502 akame0510
352700208 myjessie
352700314 chouchouCp
352944646 myjessie
352964266 4744464
352964625 4744464 352693511 supersaiku
352965409 shawxxx
353724202 40456350
353792784 tofelove
355726497 shejimeng 352693511 supersaiku
356746759 qiaoduan 320142269 40205385
356751386 44202749 320394704 47999633
356752433 44202749 322487719 29471160
356756979 36252299
359174423 shejimeng
359220305 lovefree
359223445 54244037
359476817 59562009 348938548 mercury0923
359481389 graycker
359554493 mercury0923 359476817 59562009
359557302 anlens 320142269 40205385
359557575 anlens
359604894 46590936
359605588 35050434 320142269 40205385
359612703 61610613
361370652 4370399
362415378 6041204 320597809 geziguaiguai
362423422 impedance
362426482 60759601
362427890 aivin777 320479602 ac_star
362437547 40178415
362460492 4078415
362462835 48015691
362495077 35060093
362792128 6591568
362794061 jiulele
362804478 xiaofei153
362806288 sishidahao
362814097 24025697
362818260 3847056
362830210 36899194 320548915 6279539
362832509 zym1213
362843093 47687839
362844926 2205184
362867778 3054972
363122499 shejimeng
363245243 2363324
363494076 53319111
363507261 2276160
363562757 43491134
363563713 43491134
363706838 3885875
363816864 wh5028139
364498182 51608585
364523763 12992268
364536835 jinqiangqiang
335790820 aovili
335791458 aovili 335787998 ivesvan
335791788 helone
335802596 sansanjin 335787998 ivesvan
335804731 mia921
335834883 Projected 335756854 xxoo1234
335840816 xxoo1234 335834883 Projected
335894448 39566207
335937792 Projected 335840816 xxoo1234
335962563 49577253
335964538 49577253 333156133 chaonanzhi
335968496 57319475
335998240 xxoo1234 335937792 Projected
336013589 jessie_chelle
336019707 Projected 335998240 xxoo1234
336027621 2433848
336030257 FSRMD
336801736 2150779
336802799 2150779
336815304 cat219
336826897 21234528
336848756 15511459
336972401 49829764 333156532 chaonanzhi
336972759 49829764
336974538 49829764 335894448 39566207
337697935 39451359
337697944 39451359
337711000 guilt
337742223 jing729
337747467 jing729
338128557 43365572 337711000 guilt
338183056 4118616 335038475 45232501
338184169 amandaYo 333874660 40248883
338320601 guilt 338128557 43365572
338326543 My-J21
338357367 47133748
338417247 moggyga
338429270 16652998
338439047 3486426
338440657 xianzhikongjian
338445787 32054056 320495975 2873492
338455048 40248883 338184169 amandaYo
338456206 40248883
338479445 kelvin84 335761819 Noodleman
338678564 60670629
338705965 taile
339172472 shejimeng
339196426 52566898
339295884 jason128
339367913 52851087
339479485 shejimeng
340104041 fengxiaoqing
340105205 liwei10000
340112100 50302311
340205087 4743765
340425405 liwei10000 340205087 4743765
340428869 28859108 320164428 40205385
340430966 dear-sore
340431229 34322497
340435687 48972667
340442125 60852483
340956989 shejimeng
341006316 12867405
341010690 tong13
341021986 jason128
341022412 xtf_ff
341064391 shy0807
341095581 55848165
341097606 donotwatchme 338429270 16652998
341113281 16652998 341097606 donotwatchme
341115532 donotwatchme 341113281 16652998
341120491 60296437
341137845 2582296
341140725 skyisblue
341141255 48055514
341142196 48055514
341142224 16652998 341115532 donotwatchme
341151806 40304149
341154663 donotwatchme 341142224 16652998
341155967 asuka321 320142269 40205385
341157193 16652998 341154663 donotwatchme
342207645 38349984
342207687 38349984
342209583 guomeichen
342664698 xiangbuchu
343238125 shejimeng
343264712 57415963
343271750 2208767
343274806 2208767 321409050 2229889
343276100 Babycwing
343276573 2819511
343279533 ellerywen
343282587 2208767
343307076 1291244
343355152 56996764
343356366 weixiaola
343368258 lyy89
343383699 57414910
343386405 57414910 335746996 zhangby2
343396319 seerless
320602716 sophiabsb
320608695 47375416
320613983 linmumu0102
320615238 lyy89
320617151 lyy89
320617541 lyy89 320533073 yashabb
320618711 4263072
320618832 Alonelytramp
320620923 yitiaoxian 320613983 linmumu0102
320637686 shejimeng 320517499 heather0125
320647128 2892545
320647762 lyy89 320647128 2892545
320649320 33857780
320649349 33857780
320652257 46586331
320652799 29234823
320656631 iloveicecream
320656743 46586331
320691129 48272034 320656743 46586331
320691833 amuletvander
320711126 shejimeng
320713952 52540071
320715257 VC39
320717359 52404211 320523234 dora-yy
320717637 52404211
320718326 emma717
320718367 50590464 320520465 48272034
320718800 48272034 320718367 50590464
320719767 50590464 320718800 48272034
320721983 48272034 320719767 50590464
320722655 42955568
320723170 35745021
320723660 50590464 320721983 48272034
320724101 3435663
320725755 14456791 320713952 52540071
320726384 48272034 320723660 50590464
320730823 57231143
320775917 dora-yy
320779544 duadu2008
320781331 56970689
320781837 54704058 320779544 duadu2008
320782933 1835877
320784007 56970689
320784689 Kanpass
320784906 duadu2008 320781837 54704058
320788028 Isaiah_Lee
320797869 48084963 320779544 duadu2008
320798102 48084963
320808203 qp373016300
320811810 46912177
320813572 huataiduo
320815447 2759174
320817530 56142076 320724101 3435663
320819070 48084963 320811810 46912177
320820072 justforsp 320534767 3393540
320864500 3435663 320817530 56142076
320866614 55429558
320869004 56142076 320864500 3435663
320870547 3435663 320869004 56142076
320880264 45653680 320811810 46912177
320894918 46912177
320906501 57231143 320866614 55429558
320907932 linmumu0102
320973993 1994827
320974402 1994827
320974882 yoko8popo 320142269 40205385
320976904 maanni
320977649 4071065
320978644 shejimeng 320866614 55429558
320984145 dly1988
320987381 darlinfish
320988531 44361812 320866614 55429558
320989526 48272034
320997771 4448886 320870547 3435663
321022564 shejimeng 320987381 darlinfish
321023553 cm_sweety
321028119 duadu2008 320798102 48084963
321029389 48272034
321030469 51751964
321030529 53678053
321032072 46799454
321036735 my-cancer
321042767 cavian
321082115 xlfan7 320808203 qp373016300
321086313 chenjiawei
321088784 yetier
321093483 qp373016300 321082115 xlfan7
321325311 34039317 320495975 2873492
321325670 2873492 321325311 34039317
321327706 45432488
321337369 2873492
321337748 yoyo12
321341586 vickle
321343523 3443495
321344432 3443495
321344474 sunrise115
321345610 tutu55555 320779544 duadu2008
321346317 2907610
321355318 lyy89 321346317 2907610
321357195 anystar
326321079 shejimeng
326358966 oversleep
326360957 1513251 320495975 2873492
326384922 3738258
326386765 51753148
326396502 5782254
326399223 1537471
326403295 FUCKLynn
326403640 FUCKLynn
326407055 LLLMMS
326409753 Projected
326411073 Projected
326411705 feichangshuai
326412480 mabeljune 320987381 darlinfish
326414119 lvo-x
326416356 listenme
326421746 Devin.YOUNG
326423155 Projected
326425155 rainbowei
326430236 ai9
326432892 QIQI_SS-QisFOev
326435124 59412967
326436153 Daisy.Z 321940865 ridiowang
326437669 45182475
326437765 tianqilang
326441994 dly1988
326463081 cherrysu711
326463106 cherrysu711
326474771 42629467
326496467 missyetta
326496496 josim
326496723 missyetta
326497382 missyetta
326501685 58456015
326540097 tianqilang 326463106 cherrysu711
326625913 ridiowang 326436153 Daisy.Z
326630454 utopia1987
326633798 51030629
326676301 tangfenkon
326847483 menglimin
327283886 43360522
327318485 iheartu
327319084 iheartu 324020448 46288605
327319783 48194734
327331067 Jes_lulu.
327334910 wiwi.
327338600 Uergaby
327373275 53651401
327376593 youngforu
327376648 youngforu
327382546 32394542
327382741 32394542
327383089 katrina_vivi
327383135 katrina_vivi
327437849 x__________i
327463604 moonset_stars 320811810 46912177
327470815 15011327
327473379 BUZZ7
327559623 hawana
327574848 shejimeng
327584753 19921985
327584796 15011327
327588863 cocorui
327598410 2810760
327610751 YOYOWILDFOX
327613030 YOYOWILDFOX
327620648 50096153 322754323 malaowu
327621069 enkong
327621240 Assado 320781837 54704058
327621393 Assado
327654208 shejimeng
327688848 sdeersider
327688996 Z09621
327730970 feichaiqiuqiaod
327787281 43360522
327792376 1486284 320866614 55429558
327899368 shejimeng
327900642 48084963
327901041 alex707b
327919022 36101556
327928351 59508828
327932846 50180321
327935466 fayece
327966503 52785601
327972203 oceanleesummer
327973680 59141257
327974780 59141257
328119815 48084963
328122129 48084963
328136321 lashawn
328138522 50762612
329197596 Stephanie_says
329206815 alex707b 327787281 43360522
329208110 alex707b
329208383 3022134 329208110 alex707b
329208645 alex707b 329208383 3022134
329209897 49829764
329210498 49829764
329210903 alex707b
329211298 49829764
400834907 anlens 320782933 1835877
400835458 1835877
400835809 anlens
400837656 1994827 400835809 anlens
400837745 wa-wa
400839418 tentwofour
400840129 45485992
400925067 58668900
400982408 43286468
402059854 53467872
402076206 Jenna_Zhan 326358966 oversleep
402079450 49199455
402477820 yexuetongxing
402494027 50346068
402775293 48984648
402775356 48984648 320495975 2873492
402775493 48984648 320530488 2873492
402775526 kiroro1719
402775699 4027827
402775747 48984648 320718800 48272034
402775942 48984648
402776408 48984648
402776750 48984648 322457977 2907610
402776960 48984648 348934860 helloajun
402777317 48984648 363122499 shejimeng
402778018 48984648
402778336 48984648
402778630 48984648
402779374 48984648 333656805 amaranthine
402779914 48984648 335046661 57276774
402810390 2907610 402775293 48984648
402813782 shejimeng
402814718 wezero 402778630 48984648
402815056 48269105
402815352 51298263
402819430 63813250
402825046 48984648 402813782 shejimeng
402839222 atom 402778018 48984648
402907001 helloajun 402776960 48984648
404654901 darlingcat
404658908 2576167
404962778 52154496
405017982 44350031
405032884 26629130
405056379 59248364
405673163 ngfeiyin
405674737 64512321
405674768 zuoeyi 320142269 40205385
405809673 giselle-sword
405810095 66106823 363494076 53319111
405810258 50043635 320164428 40205385
405826482 61997159
405919643 65735567
405982380 53319111 405810095 66106823
406011222 65325624 327382741 32394542
406031275 62174449
406802747 14137580
406881359 funman
406889091 43626200
406890903 60291529
406892168 65107135
406892767 beibei5495
406892790 beibei5495
406904773 51571457 320811810 46912177
406906908 37675999
406946444 46225114
406957728 2771396
406970269 2771396
406974648 panjingno1
407125439 amo-li 406970269 2771396
407132011 62277676 320567236 sansanjin
407410376 belvn
407535881 shejimeng
407536236 shejimeng
407538462 63608896
407538574 60084609
407606846 rita1012
407607228 65089967
407609969 youliu
407861876 Key.Cheung
407863481 54976021
407912035 shejimeng 407861876 Key.Cheung
407935804 songk
407938921 63604438
407958012 51037768
408115912 2893118
408144709 19861755 321395668 22418503
408148765 52544152
408153223 4167417 320520465 48272034
408153466 19861755 327373275 53651401
408170823 34708293
408193556 48272034 408153223 4167417
408202632 49346206
408224582 4167417 408193556 48272034
408281363 48272034 408224582 4167417
408303635 22418503 408144709 19861755
408308445 58451168
408366745 blindcat1989
408398757 65933466
408398919 65933466
383506984 mj615950497
383507783 mj615950497
383508322 tiffanyYUYI 383507783 mj615950497
383510386 mj615950497 383508322 tiffanyYUYI
383510896 tiffanyYUYI
383512081 mj615950497
383512412 mj615950497
383512985 tiffanyYUYI
383513741 54267337
383514006 mj615950497
383514893 mj615950497
383515074 41880131
383515146 tiffanyYUYI 383514006 mj615950497
383515514 mj615950497 383515146 tiffanyYUYI
383516437 tiffanyYUYI
383517165 mj615950497 383516437 tiffanyYUYI
408399223 65933466 408398757 65933466
408535908 37539803
383517878 mj615950497
408574101 49825711
383524093 26659176 383507783 mj615950497
408574955 49825711
383527593 mj615950497 383524093 26659176
408574995 51217802
383529444 SleeplessQueen
408579191 51410574
383530014 tiffanyYUYI
383532324 56776247
408668737 hety 320495975 2873492
383535569 MissNatasha 320418623 1758758
408669015 hety 320530488 2873492
408669345 hety
383539403 mj615950497 383530014 tiffanyYUYI
408717249 yy126 408574995 51217802
383544163 46875706 320691129 48272034
408851870 51217802 408717249 yy126
383544191 tiffanyYUYI
408852860 36008787
383547016 44679393
408884161 45495478 322757152 lusix
383547778 mj615950497
408897175 45495478 333219534 28693843
383549016 tiffanyYUYI 383547778 mj615950497
409099126 62190827
383551837 56944260
409286195 38863881
383554651 sungaoyu 320443746 2907610
409830363 shejimeng
383556465 lisacat
409908305 44301597
383563592 46805781
409937537 Eric205
383563780 46805781
409942595 47327978
383568594 46805781
410095778 tianqilang 326463106 cherrysu711
415126282 huisiumui
383577411 26659176
415156323 domino06
383622422 atom
415156967 aaaaacqa
383622636 atom
415182629 51159529
383745160 47864716
415183152 eric-fhc
383752177 guankeborninmay
415202581 60876654 321964162 nishidashabi
383757288 OOXXNIo
415213054 34910155
383765042 53677215
415213939 3324161 326412480 mabeljune
383771153 yy126
415220609 3667524
383771298 xiaofei0720
415229179 46383057
383776154 2194988
415255795 65221419
383776862 34239644
415503069 58834383
383779482 49306990
416785682 zozododo
383781107 58798260
416804016 38542408
383791415 jinwater196
416805034 xbei119
383793285 silentmonkey
383793808 stayhappy
416807151 31592189 320443746 2907610
383794162 stayhappy
416808210 45281430
383794803 Frszqzy
383808608 4351268
416811830 3567011 320534767 3393540
383847171 52889434
416812611 52181266
383849057 4473511
416813790 weishiyi
383851869 3894225
416861614 44330489 416808210 45281430
416872885 3968865
383852007 1579484 352693511 supersaiku
383853543 58484129 383779482 49306990
416876369 3968865
416878445 54370447
383854681 58484129 383851869 3894225
417015810 60189663 320434860 52540071
417021543 42214636
417027388 57660080
383856510 3894225 383854681 58484129
383857119 sweety811
417033751 reno8512
417066639 61142642
383858166 58484129 383856510 3894225
417076057 jiangsiwei
417081915 44058788
383859823 3894225 383858166 58484129
417152530 54415439
383862167 59878554
417384635 66783856
383863223 58484129 383859823 3894225
417491704 Pejic
383870079 3894225
419855881 3796382
383874457 omf_
419860885 60055569
383879939 61597823
420063550 y525 320817530 56142076
383915086 54560871
383915454 ginomo
420063879 y525 320864500 3435663
383924774 60378481
383926031 47038913
420145675 50595218 420063879 y525
383928503 52672091
420162414 61616673
383930212 huahuamogu
420163962 45119625
383934936 huangsan
420164865 45119625
384815518 seeseesee
420166551 41836272
385469214 yuer007
420169169 Avenia
385535461 36116286
385545593 53126610
385545721 atom
385555646 lovejinp
386329305 9199006 348935675 60078127
386337248 47629491 323167224 56834265
386387028 28559746 385469214 yuer007
386390807 guonan0811
386481729 60078127
386504491 se7en_up
387007080 supervillain
387012874 lgwd110
387043982 42441418
387096009 huahuayaojianfe
387096538 44075296
387100990 originalwind
387101810 48557449
387131173 46490825
387134219 50597246
387142750 34833896
387147493 sabireza 320495975 2873492
387162360 Noodleman
387480787 doladola 336972401 49829764
387577319 magicuknow
387640505 61356110
387659446 i_knownothing
388614397 37630685
389472727 63397312
389520732 p1anp1an
389860094 43773287
389927357 bboyprince
390047897 39384796
390404506 48601577
390404690 48601577
390413110 55998310 320164428 40205385
390413713 55998310 326396502 5782254
390715091 shejimeng
390751821 57170195
390766452 45786849
390766453 45786849
390767615 aibanli
390768444 2795464
391055486 63451103
391058219 53116355
391076007 happyhappyhappy
391127734 43607054
391605280 64901710
391619390 57676677
391620883 noreenll
391621228 46372650
391629255 hex0102 320534767 3393540
391645911 zljym 391619390 57676677
391649334 57676677 391645911 zljym
391649580 zljym 391649334 57676677
391652038 45786849
391653212 57676677 391649580 zljym
391655420 64613880
391655680 zljym 391653212 57676677
391660319 41042118
391662141 58341234 320495975 2873492
391666723 aloysius-muamua
391669594 58341234 327899368 shejimeng
391677819 jchseven 326630454 utopia1987
391693116 62414618
391700059 jy816
391803300 mumubin
391806266 54540314 320142269 40205385
391931056 48272034 391700059 jy816
391933203 55546548
391933325 54354683
391934144 jy816
391958856 48272034 391934144 jy816
391992838 jy816
392005046 33902802
392026712 33902802 320784906 duadu2008
392027981 45175354
392034727 63451103 391662141 58341234
392038360 4679780
392095808 58341234 392038360 4679780
392097188 64198194
392878316 gychouniu
392881441 4344897
392890771 qizhinei
393010751 towdaysnow
393034429 46078314 335037710 44415246
393034506 46078314
393066802 46078314
393084269 46078314 338183056 4118616
393108513 48396166 320142269 40205385
393117147 duuuuuuuu
393117152 duuuuuuuu
393187283 4118616 393084269 46078314
393205633 46078314 393187283 4118616
393249749 cy143
393283076 4118616 393205633 46078314
393458490 3632080
394604120 52154496
394704115 white_moonlight
394705190 zdracula
394710566 51710217
395391408 32308072
395396478 32308072
395397732 32308072 320715257 VC39
395400308 6223552
395404084 sunto
396294767 52154496
396296289 46003824
396640471 54044627
396640996 54044627
396641751 1174651
396688307 xwhite
397268947 mayb1 383532324 56776247
398742171 shejimeng 391803300 mumubin
398850059 52154496
398851032 whosegirl
400323152 45526499
400337604 tank99 320505618 xinyuemogu
400340703 tank99 320869004 56142076
400344672 shejimeng
400349941 38984015
400355611 parity
400400416 52473010
364544989 48182178
364550438 62262843
364624062 sosilkke
364687585 2708291
364910544 45968141
364914930 yinyuan
364919377 42266893
364921177 tiffanyYUYI 320779544 duadu2008
364921882 stillywud
364933516 tiffanyYUYI
365471115 balabalar
365497349 46224963 327574848 shejimeng
365501507 49934137
365522558 2363324 365497349 46224963
365523940 likegreen
365527484 hilll
365531973 46224963 365522558 2363324
365535827 43545088 320779544 duadu2008
365546372 50346068
365560733 42872545
365561825 Cathay_Wong
365566367 37235806
365567614 xyrh
365731733 44330489 365546372 50346068
367032641 61000492
367032969 61000492
368765820 Reine1123
368811870 2231841
368816025 May_C
368828084 qimisa
368832109 PinotGris
368837199 43999301 320613983 linmumu0102
368956682 amo-li
368973847 Love766
369116703 zljym 368973847 Love766
369127399 26248330
369142728 Love766 369116703 zljym
369154814 zljym
369156322 44591654
369156884 61551282
369344794 wedichi
369361771 55934586
369371331 52193430
369443839 chinco
369578881 2908968
378082806 47795306
378088721 53669812
378104362 61190293
378107754 undergroundbabe
378239237 54415439
378243657 42938357 368956682 amo-li
378243972 amo-li 378243657 42938357
378244174 50552515
378244805 43563199
378290874 42938357 378243972 amo-li
378291122 amo-li 378290874 42938357
378345086 gylin
378346667 gylin
378349408 gylin
378404974 49722042
378406820 49722042
378407189 fitzgerald 369578881 2908968
378408088 49722042 320418623 1758758
378408756 49722042
378408992 49066765
378429215 freshsunflower
378442968 steamedbunwit
378443024 steamedbunwit 368956682 amo-li
378443939 grs1992
378485937 1758758 378408088 49722042
378515361 49722042 378485937 1758758
378517994 24517638
378521095 59593583
378524783 39713045
378527106 62582467
378530034 26659176
378536432 52228543
378538176 62997706
378544248 54484486
378550195 31341379
378578271 46480294
378619420 52940180
378630394 shuimomo
378645859 61190293
378779928 2907610 378442968 steamedbunwit
378785753 zhucebuliao
378790353 53217820
378908899 cxl9713
378912771 45755347
379291408 shejimeng
379348884 macobs
379357609 48431253
379361312 UncleLiu
379388529 43318516
379408787 56059186
379409355 60688052
379415369 3284179
379596580 58758166
383474794 3850370
383484690 62685853
