322765775 fannin
322765807 58417792
322766860 40464413
322767654 12743863 322765775 fannin
322767832 fannin 322767654 12743863
322767973 37513168
322768130 49983730
322768193 d.mizi
322768214 57258102
322768237 fushengwei
322768292 12743863 322767832 fannin
322768473 cathyxcy
322768530 d.mizi 322765807 58417792
322768825 UFO007
322769172 12743863 322768237 fushengwei
322769727 fannin 322768292 12743863
322769737 fushengwei 322769172 12743863
322769819 58417792 322768530 d.mizi
322770349 54036754
322770693 58417792 322769727 fannin
322771171 43912086
322771239 fannin 322770693 58417792
322771308 DAYDREAMER_JINN
322771868 58417792 322771239 fannin
322772207 fannin 322771868 58417792
322772491 schery
322772685 58417792 322772207 fannin
322772705 1416297
322773041 blyue
322773684 fannin 322772685 58417792
322773865 58417792 322773684 fannin
322775074 fannin 322773865 58417792
322775531 ziziqian
322776211 58417792 322775074 fannin
322777039 fannin 322776211 58417792
322778778 58417792 322777039 fannin
322779199 fannin 322778778 58417792
322779544 57203181
322779830 58417792 322779199 fannin
322780009 fannin 322779830 58417792
322780906 58417792 322780009 fannin
322781982 fannin 322780906 58417792
322783361 58237763
322783843 58237763
322786123 dory2003
322787371 31072058
322789975 xiaomogukui 322768214 57258102
322790173 shawxxx
322790927 prhmeng2
322794921 56963758
322798496 AimeeTseng
322805593 12743863 322768193 d.mizi
322806741 12743863 322772491 schery
322807170 12743863 322790173 shawxxx
322807825 12743863 322786123 dory2003
322808703 12743863 322773041 blyue
322809368 wenbangjun
322809809 yechi
322816187 schery 322806741 12743863
322821478 58417792 322783843 58237763
322822011 yss1023
322822375 jessica0427
322822522 zmxstc
322822835 12743863
322824508 sweetcathy321
322825567 12743863 322824508 sweetcathy321
322827427 jessica0427 322822835 12743863
322828668 fannin
322829855 jessica0427 322828668 fannin
322830356 fannin
322831409 piankexianbuzhu
322831660 jessica0427 322830356 fannin
322831968 fannin
322831994 piankexianbuzhu
322832331 jessica0427 322831968 fannin
322833042 fannin
322834479 50836265
322843597 shawxxx 322807170 12743863
322844617 54189961
322851002 12743863 322843597 shawxxx
322851545 satohtakeru
322853462 APRILYI
322854740 zljym
322855576 zhangbugan
322856663 50284571
322857526 Lizyjs
322861376 56265382
322869277 45484007
322869702 3062697
322871820 2221536
322895824 12743863 322769737 fushengwei
322896136 12743863 322869702 3062697
322899634 helloja
322982654 3062697 322896136 12743863
323018205 55774529
323080111 51852632
325136113 raikonoe
325139894 12743863
325141003 12743863 323080111 51852632
325141399 12743863 325136113 raikonoe
325141630 12743863 323018205 55774529
325143767 pulapulla
325147033 48152760
325190297 52122177
325201111 12743863 325143767 pulapulla
325201412 12743863 325147033 48152760
325204741 56680163
325205132 45404553
325205190 schery 325143767 pulapulla
325206595 59036649
325229503 50223037
325237007 44653541
325237248 44653541
325239146 DYX861792877
325265787 48152760 325201412 12743863
325281874 29341302
325310529 3880942
325396419 33950042
326873266 raikonoe
331787507 haogexiaole
331802118 maybeoneday
363839784 galagala123
363842008 34848763 325143767 pulapulla
363949279 pulapulla 363842008 34848763
363974134 42492242
414511788 67543979
