324659381 1751338
324659854 1751338
324665180 53943348
324743543 58081357 324659381 1751338
324744640 58081357 324665180 53943348
324758049 lamefoot
324762200 58081357 324758049 lamefoot
324762640 54577419
324763433 58081357
324776201 41619901
324777014 lamefoot 324776201 41619901
324793464 lemon1991
324793602 blue.T
324797348 sveenland
324797461 4372651
324836101 58081357 324776201 41619901
324836278 58081357 324777014 lamefoot
324836655 amberamber
324838286 58081357 324793464 lemon1991
324839201 xiaoxiangxitong
324841574 57475499
324842665 58081357 324836655 amberamber
324842875 amilyzhen
324843894 58081357 324839201 xiaoxiangxitong
324844137 a.k 324841574 57475499
324844621 a.k
324845038 58081357 324841574 57475499
324845322 57475499
324845946 57475499 324845038 58081357
324846611 52605109
324846791 vickilovewan
324846979 58081357 324842875 amilyzhen
324847520 58081357 324846611 52605109
324847970 58081357 324846791 vickilovewan
324848112 56096307
324848664 42955568
324848722 58081357 324848112 56096307
324848784 amilyzhen 324846979 58081357
324849279 58081357
324849878 56096307 324848722 58081357
324850680 amberamber 324842665 58081357
324851973 stirbundwerde
324855562 58081357 324851973 stirbundwerde
324855853 58081357 324850680 amberamber
324856030 simonnye
324856164 58081357 324849878 56096307
324856396 HuCares
324856726 betherelight
324856891 54204356
324856973 3570835
324859404 58081357 324856396 HuCares
324859893 58081357 324856726 betherelight
324860492 31095305
324860974 58081357 324856891 54204356
324861353 58081357 324860492 31095305
324861508 54204356 324860974 58081357
324861722 58081357 324856973 3570835
324862267 58081357 324861508 54204356
324865175 54204356 324862267 58081357
324865753 58081357
324866376 47410437
324869043 47254439
324869943 58081357 324866376 47410437
324870125 54204356 324865753 58081357
324870457 58081357 324869043 47254439
324870707 58081357 324870125 54204356
324871007 54204356 324870707 58081357
324871440 58081357 324871007 54204356
324871757 47193303
324871917 54204356 324871440 58081357
324872196 aabc555
324872495 58081357 324871757 47193303
324872594 aabc555
324873611 aabc555
324874210 aabc555
324875029 47254439
324875427 50904663
324876510 floatingmuseum
324876558 aabc555
324876666 aabc555
324880441 47254439
324882796 58081357 324872196 aabc555
324883365 58081357
324883603 58081357 324876558 aabc555
324884094 58081357 324875427 50904663
324884507 58081357 324876510 floatingmuseum
324885247 58081357 324871917 54204356
324886175 54204356 324885247 58081357
324886628 49918668
324889802 58081357 324886628 49918668
324894717 47254439
324897236 58081357
324902944 47254439
324903472 47753871
324904750 47254439
324905561 47753871
324905851 aabc555
324906151 aabc555
324906411 aabc555
324906570 aabc555
325244510 mus1
325244641 mus1
325258814 48366203
325267894 58081357
325268010 58081357 325258814 48366203
325268090 52121118
325268364 58081357
325269580 58081357 325268090 52121118
325270173 52121118 325269580 58081357
325270772 34940762
325273492 Cacacacanning 325268364 58081357
325274153 dianxin1028
325274777 58081357 325273492 Cacacacanning
325275888 58081357 325270173 52121118
325277075 58081357 325274153 dianxin1028
325277461 dianxin1028 325277075 58081357
325277804 49291108
325285055 58081357 325277804 49291108
325285389 StevenChiang
325305432 littlemicky
325317939 48776252
325320885 52077201
325359809 hahehahe
325360548 ambermemory
325374024 53502875
325409411 58081357
325409747 58081357 325359809 hahehahe
325414636 monoting
325421584 56834265
325468907 58081357 325414636 monoting
325468944 58081357 325421584 56834265
325469253 58081357
325492524 summerxia527
325515173 58081357 325492524 summerxia527
325515595 53180420
325568507 58081357 325515595 53180420
325574205 41747986
325578217 49291108
325582212 48208229
325582380 HuCares
325586696 monoting
325589635 54204356
325596434 43344621
325596515 43344621
325605316 58081357 325574205 41747986
325643269 53180420 325568507 58081357
325644172 42203231
325653887 58081357 325578217 49291108
325654114 58081357 325644172 42203231
325660940 58081357 325582212 48208229
325661662 58081357 325582380 HuCares
325662716 58081357 325596434 43344621
325665441 27576640
325691321 58081357 325665441 27576640
325691664 58081357 325586696 monoting
325700704 monoting 325691664 58081357
325732080 27576640 325691321 58081357
325758160 58081357 325700704 monoting
325758341 58081357 325732080 27576640
325759702 27576640
325776679 46393784
325784995 hakiy
325824567 58081357 325776679 46393784
325824984 58081357 325784995 hakiy
325825341 58081357
325826189 q.mor
325826554 jeffies
325827926 53193120
325830787 47676531
325838791 58081357 325826189 q.mor
325839351 47453105
325839532 58081357
325839750 58081357 325826554 jeffies
325840226 58081357 325839351 47453105
325841601 zi.dian
325842969 52617836
325843445 jeffies 325274777 58081357
325844121 52617836
325844494 lrav_fairyland
325845310 26473381
325845935 26473381
325847426 26829109 324846979 58081357
325848685 26829109
325848972 26829109 325784995 hakiy
325851740 58081357 325847426 26829109
325854673 evamemories 324870125 54204356
325854910 evamemories 325758341 58081357
325856073 VI-VI-VI
325857398 58464834
325863120 27803329
325864006 letochu
325872956 c-c7
325873922 42508925
325875025 48937793
325878423 3366801
325898297 47453105 325840226 58081357
325899555 57415963 325851740 58081357
325900247 57415963 325840226 58081357
325982408 58081357 325856073 VI-VI-VI
325983176 58081357 325863120 27803329
325983272 58081357 325900247 57415963
325983563 Linxiaoya
325983803 58081357
325985465 58081357 325872956 c-c7
325985800 58081357 325270772 34940762
325986569 58081357 325898297 47453105
325987514 58081357 325873922 42508925
325988616 minijunki
326000421 huangjing321
326002806 c-c7
326003713 armo
326012227 58081357 326003713 armo
326012371 58081357 326002806 c-c7
326012857 58081357 326000421 huangjing321
326013099 lizza
326014725 58081357 325988616 minijunki
326021583 minijunki
326025703 witk
326091648 summerxia527
326166270 42508925 325987514 58081357
326168875 armo
326227815 Lenita
326227922 52617836
326231414 58887942
326243676 54543699
326286175 29481932
326315572 lundan
326330919 58081357 326168875 armo
326332101 58081357 326315572 lundan
326332413 whitelace
326333165 58081357
326344925 lundan 326332101 58081357
326352768 57507835
326361489 clarecyn
326369069 2222104
326383343 58081357 326227815 Lenita
326383777 yxtsui
326430839 58081357 326383777 yxtsui
326431357 58081357 326430839 58081357
326432027 58081357 326344925 lundan
326432748 58081357
326433485 58081357 326286175 29481932
326433995 58081357 326231414 58887942
326434137 whitelace 326432748 58081357
326434804 58081357 326227922 52617836
326463051 46393784 325824567 58081357
326465406 haowanluoluo
326470148 laohu32
326503250 41633901
326550372 34940762 325985800 58081357
326608737 58081357 326465406 haowanluoluo
326609717 58081357 326470148 laohu32
326610078 58081357 326503250 41633901
326611363 58081357 326434137 whitelace
326611719 58081357 326463051 46393784
326629516 geziguaiguai
326629546 laohu32 326609717 58081357
326630446 32515141
326661363 41633901 326610078 58081357
326738472 58081357 326629516 geziguaiguai
326808320 46393784 326611719 58081357
326810482 41633901
326813103 Amymy
326831613 58081357 326629546 laohu32
326832077 58081357 326810482 41633901
326869930 Amymy
326959910 27803329
327017271 58081357
327017869 41633901
327064690 27803329
327065337 jennewong
327101238 witk
327105818 laohu32 326831613 58081357
327117077 44925029
327124939 58081357 327064690 27803329
327126325 58081357 327065337 jennewong
327126465 58081357 327101238 witk
327126840 58081357 327105818 laohu32
327129213 58081357 327117077 44925029
327139101 witk
327144364 43468591
327169655 58081357 327139101 witk
327243815 58081357 327144364 43468591
327246028 52108392
327270569 43468591
327284202 tiantianye
327290060 monoting
327311439 irisduoduo
327313460 44925029 327129213 58081357
327318326 doriablue 327243815 58081357
327326942 adaidaidai
327331346 irisduoduo
327337901 4906075
327352471 58081357
327360355 witk
327362118 witk
327386007 irisduoduo 327352471 58081357
327417598 58081357
327417819 58081357 327386007 irisduoduo
327418089 58081357 327360355 witk
388443906 47373317
388445805 65157454
388448429 57478000
388454803 61152892
388462953 chalsy
388476848 52063810
388478249 58081357
388478656 58081357
388478695 51362244
388478782 58081357 388476848 52063810
388479009 58081357 388478695 51362244
388479365 58081357 388462953 chalsy
388479668 58081357 388445805 65157454
388480110 3586813
388480155 53812690
388481109 Skinny
388481778 62902453
388489068 51362244 388479009 58081357
388528991 65157454 388479668 58081357
388686009 52063810 388478782 58081357
388690301 softanimal
389100300 luouo
389100571 demo
389143428 48051631
389400925 weixiangzhu
389725335 endaym 324845038 58081357
394311091 63920755
394331353 chunxiaod 324744640 58081357
394358561 jiangzhigang
394387455 zhangxiaomao
394389361 axiluya 324743543 58081357
406331760 vincentvenom 388479668 58081357
406331876 vincentvenom 388448429 57478000
406376891 62087176
406377179 49219599
406416799 61422762
406420865 57478000 406331876 vincentvenom
406423068 48601577
406536345 52967821
406552884 54291569
406556261 48856882
408340170 48856882
408371286 Ellyback
411355580 50585487
411364545 56707104 324743543 58081357
411400874 Cathy1995
411411430 48768546
411417566 51584701
412358582 catandjay
412501682 52471140
412519307 48768546
413309973 46096495
413332754 mostnoblecat 324860974 58081357
413334518 44548449
413334639 61411830
413335451 45954041
413337025 44548449 325845310 26473381
413337733 Mars33
413338088 Alice.c.c
413418767 66601792
413423200 64454830
413484453 48235366
413500410 49346206
417029586 60189663 324859404 58081357
417138391 aprilyummy
417139564 Yvett3
417196886 51775613
417216954 54523351
417219578 gaasang
417228570 49584531
417400547 Yvett3
417667788 49584531
418585583 mua1228
419887840 67944003
419896622 63004570
419900166 54141147
419922367 56058896
419994596 nqw1031
420079693 64239785
420098804 51130489
332422329 fishvv
332623010 mus1
332944248 58081357
332945435 58081357
332945719 58081357
332946246 58081357
332946646 58081357
332992322 45420395
332994361 irisduoduo
333022205 mus1
333022315 mus1 332623010 mus1
333036614 dreamingdrifter 324860974 58081357
333046602 douzi2103
333110946 49542126
333162186 moyei
333196434 kill_the_man
333246161 2218275 332945719 58081357
333282262 57298202
333286997 49118788
333954352 41619901
333957346 58920933
334005014 60220622
334005571 zm1989 333957346 58920933
334005864 fengcp
334005981 fengcp
334006380 4890321 334005981 fengcp
334009391 deaRyyy
336498660 48142863
344888659 hahehahe
358248222 linchong
358260103 mochasky
358271725 3983104
358277254 28088228
358283799 42802413 324861353 58081357
358286323 42802413
358296163 42802413 327169655 58081357
358303531 42802413
358310326 47769888
358310448 56796109
358350389 3992054
358399756 60029572
358400454 PANNINI
385026976 58081357
387014472 48152760 385026976 58081357
387047693 37957904
387326875 58081357 387014472 48152760
387330486 40701585
387337042 59920100
387355412 48152760 387326875 58081357
387410947 55894567
387416376 53381496
387443660 45661957
387546177 58081357 387330486 40701585
387546911 58081357 387410947 55894567
387547145 58081357 387416376 53381496
387583420 53381496 387547145 58081357
387597847 55894567 387546911 58081357
387620603 pinklen
387654155 59920100 326431357 58081357
387755696 48152760 387326875 58081357
387764789 4659859
387766233 37608497 387764789 4659859
387771733 endaym
387771956 43618125
387904640 58081357 387583420 53381496
387905158 58081357 387771956 43618125
387905497 58081357 387771733 endaym
387906916 58081357 387764789 4659859
387912975 endaym
387913073 47335147
388229619 43618125
388317549 huizihua
388320718 50529936 326434137 whitelace
388321609 40345086
388323868 49967554
388325089 44937622
388325790 43213470
388325921 63681224
388326426 49235341
388327936 4291528
388328034 4291528
388336785 HDSQ
388338231 maodouzhu1989
388338381 4468285
388338413 4468285
388338868 54690915
388338932 46336242
388338957 46336242
388340761 49823587
388350040 sevenblue0209
388350722 55548655
388351128 43762547
388351593 Dowxthenes
388351691 2748445
388352072 2748445
388353559 enyi
388356805 54347311
388357618 33436420
388387726 hypnosker
388397737 muzhiyoumu
327418615 58081357
327418848 58081357 327326942 adaidaidai
327418931 58081357 327246028 52108392
327419704 58081357
327422730 59412967
327515105 xiaobeidefen
327527671 laohu32
327656632 witk 327417598 58081357
327702519 58081357 327515105 xiaobeidefen
327702635 58081357 327527671 laohu32
327831788 58081357 327656632 witk
327836563 laohu32 327702635 58081357
328141296 irisduoduo
328142620 lemonade15
328173719 58081357 327836563 laohu32
328256967 58081357 328141296 irisduoduo
328268835 readead
328283571 2731306
328389916 irisduoduo 328256967 58081357
328428861 clarecyn
328432255 myloveliar
328446485 58081357 328268835 readead
328446602 58081357 328283571 2731306
328448390 58081357
328450826 tiantianye
328452070 58081357
328452614 58081357 328428861 clarecyn
328453519 58081357 328432255 myloveliar
328455296 clarecyn 328452614 58081357
328463600 mailedou
328493894 laohu32
328497924 a-shun
328532303 56834265
328532526 Hund
328544488 44884786
328546585 tiantianye
328618054 58081357
328619508 58081357 328546585 tiantianye
328620611 58081357 328532303 56834265
328621959 58081357 328497924 a-shun
328623552 58081357 328493894 laohu32
328623777 58081357 328463600 mailedou
328623921 notworry
328625271 44884786 328618054 58081357
328631968 mailedou 328623777 58081357
328646695 a-shun
328667385 irisduoduo 328452070 58081357
328691386 yamiko
328700148 xiaobeidefen 327702519 58081357
328810751 3353311
328985263 58081357 328631968 mailedou
328986526 58081357
328986632 amilk22 324777014 lamefoot
328986693 58081357 328691386 yamiko
328986788 amilk22
328986935 58081357 328986632 amilk22
328987301 58081357 328700148 xiaobeidefen
328987451 amilk22
328988433 amilk22
328988581 58081357 328810751 3353311
328988932 58081357 328987451 amilk22
328996438 mailedou 328985263 58081357
328997597 amilk22
328998664 58813561
328999728 whmx
329003406 irisduoduo 328986526 58081357
329129958 2396899
329141162 44884786
329166150 58081357 328997597 amilk22
329166352 58081357 328998664 58813561
329166434 58081357 328999728 whmx
329166617 58081357
329170320 Ovilia.
329179128 amilk22
329184993 lilya913
329273176 58813561 329166352 58081357
329295687 zhina
329313723 27803329
329316179 zm1989
329318616 56834265 328620611 58081357
329489849 58081357 329170320 Ovilia.
329489971 58081357 329179128 amilk22
329491037 58081357 329313723 27803329
329491312 58081357 329316179 zm1989
329493137 14029312
329493326 3790469
329496483 zm1989 329491312 58081357
329539755 Ovilia. 329489849 58081357
329545406 wangdaosad
329546362 wangdaosad
329546466 wangdaosad
329559574 49256201
329560122 HANA-BI
329630306 amilk22
329792351 oceanleesummer
329793380 3353311 328988581 58081357
329837953 58081357 329493326 3790469
329838665 58081357 329539755 Ovilia.
329839183 20966021
329840553 58081357 329545406 wangdaosad
324906660 aabc555
324907468 47753871
324921551 54074593
324923196 53669269
324926099 49918668 324889802 58081357
324929819 58081357 324903472 47753871
324929956 58081357 324926099 49918668
324930034 blacklake
324930359 58081357 324923196 53669269
324930534 58081357 324930034 blacklake
324930903 58081357 324906151 aabc555
324931016 58081357 324906411 aabc555
324931553 26567169
324931589 rockquintus
324932153 gootoe9th
324932927 58081357
324933153 58081357 324932153 gootoe9th
324933720 3847056
324933872 3847056
324935461 fromsilence_M
324936185 lookback
324937028 58081357 324933720 3847056
324937322 58081357 324936185 lookback
324970354 58081357
324975747 starfoams
324979366 hahaxixi615
324979496 Mr-Birkin
324980458 hahaxixi615
324981203 57258102
324982198 sherrytown
324982316 38372332
324982747 bao1
324982768 58081357
324983157 58081357 324979366 hahaxixi615
324983733 hahaxixi615
324984249 58081357 324979496 Mr-Birkin
324984720 58081357 324980458 hahaxixi615
324986031 hahaxixi615 324984720 58081357
324986457 yurafish
324987002 4547726
324987299 cheery23
324989895 58081357 324982316 38372332
324990641 58081357 324986031 hahaxixi615
324992925 hahaxixi615 324987299 cheery23
324995746 hahaxixi615 324990641 58081357
325004576 dacong0
325010429 hahaxixi615 325004576 dacong0
325016810 58081357 325010429 hahaxixi615
325018787 53180420
325019445 hahaxixi615 325016810 58081357
325021163 summerxia527
325024138 56799110
325026315 48683953
325065991 xiaoxiangxitong
325066276 xiaoxiangxitong 324983733 hahaxixi615
325086658 mayplace 324990641 58081357
325092751 58081357 325021163 summerxia527
325092897 58081357 325024138 56799110
325093311 58081357 325026315 48683953
325109266 1799031
325110995 2676979 324763433 58081357
325114376 41619901
325115498 1799031
325119143 37605566 324871440 58081357
325122461 56834265
325123506 kill_the_man
325131098 58081357 325109266 1799031
325131281 58081357 325110995 2676979
325135628 xixia1038
325136382 47761103
325140618 1799031 325131098 58081357
325141582 58081357 325114376 41619901
325142243 1799031
325142482 58081357 325140618 1799031
325143427 1799031
325143978 58081357 325136382 47761103
325144428 58081357 325143427 1799031
325144806 58081357 325122461 56834265
325144993 1799031 325144428 58081357
325145018 58081357 325123506 kill_the_man
325161725 mus1
325162324 mus1
325176887 2731306
325183804 56799110 325092897 58081357
325184369 56799110
325195183 melodykaka
325196072 huabiguniang
325204225 2676979 325131281 58081357
325210824 49213803
325217685 58081357 325018787 53180420
325218241 58081357 325183804 56799110
325218497 58081357 325196072 huabiguniang
325218939 58081357 325195183 melodykaka
325219212 58081357 325176887 2731306
325219462 58081357 325210824 49213803
325222365 september905
325223136 lingoapple 325217685 58081357
325226723 muffin_man
325236406 melodykaka 325218939 58081357
325237045 48366203
329841517 58081357 329546362 wangdaosad
329842080 58081357 329559574 49256201
329842523 58081357 329560122 HANA-BI
329857851 pudexiaowu
329860305 xianxiandedede
329876501 49256201 329842080 58081357
329965061 Ovilia. 329838665 58081357
329969938 zhaoqimao
329970035 zhaoqimao
329983100 58081357 329630306 amilk22
329984067 58081357 329839183 20966021
329985838 58081357 329969938 zhaoqimao
330094792 zhaoqimao
330096947 zhaoqimao
330105280 smilingday
330124908 qiansdyh
330125723 48802243
330134033 lucky_m
330162443 58081357
330170983 xinxin0119 324849279 58081357
330252935 41659835
330296725 41793502
330417882 49256201
330420008 yoyosapple
330421537 yoyosapple
330424613 58081357
330424876 58081357
330425351 58081357 330252935 41659835
330425421 58081357 330417882 49256201
330446882 49256201
330471662 46135206
330472473 48802243
330474115 Sharol
330549887 doux
330556661 55010502
330643924 51155362
330683505 58081357 330125723 48802243
330683759 58081357 330549887 doux
330684198 44360486
330685938 ddacf
330709431 qiansdyh
330735142 Xus27
330802269 yurafish
330817901 zhouye33
330939635 58081357
330940006 58081357 330817901 zhouye33
330940872 iceonfirek
330943020 58081357 330735142 Xus27
330945713 58081357
330946151 58081357 330685938 ddacf
330946515 58081357 330684198 44360486
330948104 3780489
330948113 58081357 330446882 49256201
330948402 58081357 330948104 3780489
330956531 aiya223
330974505 qiansdyh 330945713 58081357
330978253 58454076
331002640 fanniepark
331030436 ddacf 330946151 58081357
331066231 yurafish 330939635 58081357
331075268 49542126
331084268 hellodreamer
331085226 hellodreamer
331132129 51155362
331135991 55010502
331141925 My-J21
331142387 51554814
331142820 51554814 330948402 58081357
331150635 47408885
331151402 58081357 330956531 aiya223
331152769 2218275
331153016 58081357 330978253 58454076
331155001 58081357 331002640 fanniepark
331156243 58081357 331030436 ddacf
331156376 cl78931
331157052 58081357
331157366 58081357
331157470 hellodreamer
331157612 58081357 331075268 49542126
331158854 58081357 331084268 hellodreamer
331164371 sumi_chan
331170520 fanniepark
331184303 ddacf 331156243 58081357
331197955 58081357 331084268 hellodreamer
331198546 58081357 331085226 hellodreamer
331198896 38552055
331199821 58081357 331141925 My-J21
331200174 58081357 331150635 47408885
331201986 58081357 331142387 51554814
331202760 58081357
331205496 sewll
331216023 wh1735
331227999 2218275
331299035 yurafish 331157052 58081357
331304891 49256201 330948113 58081357
331307658 issacwong
331325923 pudexiaowu
331593556 bushuoguanyu
332229122 awesomeJoe. 331200174 58081357
332422211 fishvv
