324872383 41929340
324872794 baiyu3637
324872956 33975286
324872981 33975286
324874359 48683953
324874649 57247600
324875431 33975286
324876092 aabc555
324876934 xiaojiny
324877074 lge1947
324877249 jouni
324877993 33975286
324878642 yangchengjie
324878651 33975286
324878713 33975286 324878642 yangchengjie
324879354 33975286
324880268 weiaiJaychou
324880398 33975286
324880415 lge1947
324880761 33975286 324880415 lge1947
324881004 33975286
324881182 33975286
324881252 33975286
324881431 Loiun
324881598 33975286
324882070 lge1947 324880761 33975286
324882847 33975286
324882936 33975286 324882070 lge1947
324883207 33975286
324883321 33975286
324883719 33975286
324884381 33975286
324884553 33975286
324884777 33975286
324886714 33975286
324889682 33975286
324891627 chaoszjm
324892497 chaoszjm
324897476 zer09
324897688 33975286
324901159 51059118
324901509 1536398
324904587 33975286 324872383 41929340
324904667 33975286 324872794 baiyu3637
324904808 33975286 324874649 57247600
324904914 33975286 324876092 aabc555
324905011 33975286 324876934 xiaojiny
324905075 33975286 324877074 lge1947
324905099 erice_lau
324905130 33975286 324877249 jouni
324905331 33975286 324880268 weiaiJaychou
324905483 33975286 324880415 lge1947
324905610 33975286 324881431 Loiun
324905782 33975286 324891627 chaoszjm
324906715 coffee521
324906855 lge1947 324905099 erice_lau
324907081 lge1947 324906715 coffee521
324907417 33975286 324897476 zer09
324907510 33975286 324901159 51059118
324907584 33975286 324901509 1536398
324908486 33975286 324906715 coffee521
324909690 zer09 324907417 33975286
324910144 33975286
324911110 33975286
324911240 33975286 324909690 zer09
324917396 qinhao201
324920983 33975286 324917396 qinhao201
324928757 33975286
324928988 baiyu3637 324904587 33975286
324930211 landcontinent
324933928 33975286 324930211 landcontinent
324936517 4679010
324936544 Shasaaaaaa
324937358 weiaiJaychou
324939582 37050602
324940817 38437186
324959879 33975286 324936517 4679010
324959984 33975286 324937358 weiaiJaychou
324960155 33975286 324939582 37050602
324960285 33975286 324940817 38437186
324962529 40310274
324963461 33975286 324962529 40310274
324965062 40310274 324963461 33975286
324967013 33975286 324965062 40310274
324967152 2676979
324967342 abbielee2
324968355 33975286 324967152 2676979
324969177 40310274 324967013 33975286
324969944 33975286 324969177 40310274
324970172 33975286 324967342 abbielee2
324971363 abbielee2 324970172 33975286
324971858 40310274 324969944 33975286
324972628 33975286 324971363 abbielee2
324972932 abbielee2 324972628 33975286
324973386 4024435
324975127 33975286 324971858 40310274
324975202 33975286 324972932 abbielee2
324975457 48683953
324981345 33975286 324975457 48683953
324982092 57247600
324982146 kisswax
324985223 51374419
324987693 33975286 324982092 57247600
324987757 33975286 324982146 kisswax
324987889 33975286 324985223 51374419
324988121 kisswax 324987757 33975286
324988652 58898214
324990518 43442680
324994476 35697160
325002356 MAOBUYU
325003198 33975286 324988121 kisswax
325003418 33975286 324988652 58898214
325004713 33975286 324990518 43442680
325004980 33975286
325005173 33975286
325005581 33975286 325002356 MAOBUYU
325009618 57408982
325014174 33975286 325009618 57408982
325015204 33975286
325015434 yuvideo
325017647 D3SMOND
325023927 40310274
325031999 2207609
325032880 thefly
325033194 kevinenroute
325034335 1822138
325064935 baiyu3637
325067313 56917272
325074256 33975286 325015434 yuvideo
325074525 33975286 325017647 D3SMOND
325074588 33975286 325023927 40310274
325075368 33975286 325031999 2207609
325075435 33975286 325033194 kevinenroute
325075473 33975286 325034335 1822138
325075549 33975286 325064935 baiyu3637
325075930 dssye
325083955 33975286 325067313 56917272
325084006 33975286 325075930 dssye
325089987 baiyu3637 325075549 33975286
325093275 dssye
325095547 33975286 325089987 baiyu3637
325096738 a378729160
325097349 coffee521
325099711 baiyu3637 325095547 33975286
325100473 33975286 325093275 dssye
325100537 33975286 325096738 a378729160
325100743 33975286 325097349 coffee521
325100816 33975286 325099711 baiyu3637
325102502 choulinlin
325103971 baiyu3637 325102502 choulinlin
325107501 33975286 325102502 choulinlin
325110403 33975286 325103971 baiyu3637
325114948 40310274 325074588 33975286
325116656 33975286 325114948 40310274
325118481 40310274 325116656 33975286
325131480 baiyu3637 325110403 33975286
325138849 coffee521
325139168 coffee521
325139607 58914295
325146509 zixiaosun731
325178079 33975286 325118481 40310274
325178564 33975286 325131480 baiyu3637
325187650 33975286 325138849 coffee521
325187713 33975286 325139607 58914295
325196280 53213535
325205536 baiyu3637 325178564 33975286
325205733 baiyu3637
325213990 45555061
325220703 35697160 325005173 33975286
325624066 53947634
325995843 53381071
326241219 2303823
342582214 4552770
354996784 61420172
355244169 40890141
359123450 61988311
410789346 66359268
410996924 meiyouyuminga
410997660 53813380
411157182 46011017
417102023 cocolie
419353611 waynet
419599008 67813625
