324948649 xxxrose
324951442 51511166
324951679 MuggleGo
324957840 xxxrose
325024896 Gloria2Lei
325026013 kairui
325034217 48330115
398810909 27291789
398811095 zannalulu
398815467 27414029
414097392 vanessa1020
414099824 12922285
414100183 yukipo
414101327 45400923
414103147 3097821
414103841 48932443
414104583 tiffanyYUYI
414111772 xueerzi 414103147 3097821
414117253 61943345
414122029 angel888
414125619 baolong2010 324957840 xxxrose
414125808 baolong2010 414100183 yukipo
414126437 vanessa1020
414127240 xujianand
414127689 4790191
414129879 55532950
414146383 3097821 414111772 xueerzi
414147199 2764729
414147504 candyclouds 414101327 45400923
414148392 tracytaoahaha
414149057 38862896 414148392 tracytaoahaha
414156537 tracytaoahaha 414149057 38862896
414161572 38862896 414156537 tracytaoahaha
414192196 xueerzi 414146383 3097821
414194344 55809728
414209993 wuzhuan105
414218244 3097821 414192196 xueerzi
414221871 zdq108
414225874 xiushoutianxia
414227818 54810986
414228475 3775403
414234818 wlj2lhx
414295559 59284869
414321570 54810986 414295559 59284869
414328826 47227542
414340273 66553677
414391648 xueerzi 414218244 3097821
414393330 54370447
414393932 54370447 414340273 66553677
414394128 54370447 414393330 54370447
414409964 futangzhi
414411304 coldshoulder 414127689 4790191
414651191 3097821
414651774 huohuoa
414652086 pyzoo
414654126 3790469
414736211 xueerzi 414651191 3097821
415209802 66553677 414393932 54370447
415211574 23235151
415221638 55864633
415227589 juanjuan-v
415230068 51534915
415230945 33487671
415234346 mangocheer
417225993 rushiwangyou
417230419 48601577 398810909 27291789
417230836 41172647
417432065 gzy0517
