325637426 48366203
325637524 wakenzhang
325637659 45120567
325637674 49193338 325637426 48366203
325637779 49193338 325637524 wakenzhang
325637972 49193338 325637659 45120567
325638316 axax
325638522 axax
325638880 49193338 325638522 axax
325642066 axax
325642316 WZZ719
325642390 49193338 325642066 axax
325642469 49193338 325642316 WZZ719
325642719 WZZ719
325643105 49193338 325642719 WZZ719
325643217 WZZ719
325643390 w_a_y
325643532 axax
325643953 jue.W
325644123 49193338 325643390 w_a_y
325644283 49193338 325643532 axax
325644548 w_a_y
325644746 49193338 325644548 w_a_y
325644967 axax
325645528 49193338 325643217 WZZ719
325645634 w_a_y
325646166 axax
325646316 axax
325646393 49193338 325646166 axax
325646656 58978571
325647317 49193338 325646656 58978571
325648039 axax
325648564 49193338 325648039 axax
325649224 axax
325649506 Tisays
325649781 49193338 325649506 Tisays
325650458 49193338 325649224 axax
325650774 58978571 325647317 49193338
325651115 pure_ko
325651395 49193338 325650774 58978571
325651485 49193338 325651115 pure_ko
325651798 2559966
325651988 40178415
325652163 49193338 325651798 2559966
325652262 2061463
325652470 2559966 325652163 49193338
325653711 47424035
325654050 58978571 325651395 49193338
325654149 58978571 325652163 49193338
325654158 49193338 325652262 2061463
325655314 42796913
325655798 49193338 325655314 42796913
325655814 ocki
325656576 42796913
325656766 axax
325657275 49193338 325656766 axax
325657314 49193338 325656576 42796913
325657321 47424035
325657616 49193338 325655814 ocki
325658016 58978571 325657314 49193338
325658252 58978571
325658364 49193338 325657321 47424035
325662504 greycross
325662895 49193338 325658016 58978571
325666579 axax 325657275 49193338
325666688 axax 325657321 47424035
325666916 49193338 325666579 axax
325667843 darlinfish
325667949 axax 325666916 49193338
325669541 smallby2
325669838 1637840
325670221 zerotang
325670708 tongwandougn
325670930 luckyGinger
325671085 axax 325670221 zerotang
325672693 26829109
325677090 smallby2 325670708 tongwandougn
325677183 47424035
325677590 47424035
325686030 Tisays 325649781 49193338
325686302 49193338 325686030 Tisays
325686463 49193338 325677090 smallby2
325686879 49193338
325687319 43785112
325687516 45482964
325687695 49193338 325687319 43785112
325688629 1614749
325695135 51660313
325695344 pulapulla
325696422 smallby2 325686463 49193338
325702620 bonnebonnie
325703800 49193338 325696422 smallby2
325704102 49193338 325702620 bonnebonnie
325704345 49193338 325695135 51660313
325723378 smallby2 325703800 49193338
325724358 toyoilove
325724625 mi-da-dada
325726111 43785112 325687695 49193338
325726175 49193338 325724625 mi-da-dada
325726944 49193338 325724358 toyoilove
325730248 49193338 325654050 58978571
325730898 49193338 325654149 58978571
325732845 49193338
325733464 49193338 325671085 axax
325736358 48091138
325739525 47424035
325743191 luckyGinger
325749287 Tisays
325778507 49193338 325736358 48091138
325778894 bonnebonnie
325779661 49193338 325743191 luckyGinger
325780022 49193338 325778894 bonnebonnie
325780437 yetier
325780641 ichocu
325781084 ichocu
325782114 ARTHASPALADINS 325652262 2061463
325782613 49193338 325780641 ichocu
325782727 49193338
325782995 49193338 325782114 ARTHASPALADINS
325785410 53633476
325785430 ichocu 325782727 49193338
325786777 erchee
325786951 49193338 325785430 ichocu
325787407 ichocu 325786951 49193338
325787520 47335147
325787537 49193338
325787856 49193338 325787407 ichocu
325788181 49193338 325787520 47335147
325788357 ichocu 325787856 49193338
325789521 33400863
325790293 46075428
325792205 49193338 325788357 ichocu
325792580 49193338
325794338 nanaer
325794915 49193338 325794338 nanaer
325795063 Tisays
325796114 35126913
325798644 49193338 325795063 Tisays
325798856 49193338 325796114 35126913
325799142 46075428
325801400 Tisays 325798644 49193338
325802926 49193338 325799142 46075428
325803360 33400863
325804157 smallby2 325787407 ichocu
325805127 smallby2
325805674 59087759
325805713 49193338 325801400 Tisays
325806271 49193338 325805674 59087759
325806372 49193338 325805127 smallby2
325807019 Tisays 325805713 49193338
325807095 smallby2 325806372 49193338
325809666 49193338 325807019 Tisays
325810105 49193338 325807095 smallby2
325810224 59087759 325806271 49193338
325811283 46075428 325802926 49193338
325811839 49193338 325810224 59087759
325813360 yoakel
325813611 49193338 325811283 46075428
325816350 ARTHASPALADINS 325782995 49193338
325817320 33400863
325817333 49193338 325816350 ARTHASPALADINS
325817472 49193338 325817320 33400863
325819272 49193338
325819676 49193338 325813360 yoakel
325820771 erchee
325845829 48227684
325871527 mayplace
325874530 50834274
325887384 49156324 325819676 49193338
325888144 56917272
325888276 alwayslovemself
325922981 49193338 325820771 erchee
325923583 49193338 325888144 56917272
325925173 Uzziel
325927271 Uzziel
325932038 yetier
325933921 56917272
325934603 smallby2 325810105 49193338
325939765 49193338
325942765 57458780
325943960 49380082
325959890 alwayslovemself
326009103 lizza
326023972 49193338 325888276 alwayslovemself
326024633 nanaer
326025284 49193338 325942765 57458780
326025912 49193338 325943960 49380082
326026205 49193338 326024633 nanaer
326027378 nanaer
326029496 yanjun1021
326031204 49193338 326029496 yanjun1021
326034525 33400863
326037032 yekeliang
326038661 49193338 326037032 yekeliang
326038971 lysy20100525
326039767 yekeliang 326038661 49193338
326039920 moshui315
326039944 yanjun1021 326031204 49193338
326040092 lysy20100525
326040129 lysy20100525
343339361 49193338
343340340 49193338
343347816 missonefan 343339361 49193338
343355216 49193338 343347816 missonefan
343385987 2817748
343393792 49193338 343385987 2817748
343401767 2817748 343393792 49193338
343405446 49193338 343401767 2817748
343406719 2817748 343405446 49193338
343408655 bluesponge
343409623 49193338 343406719 2817748
343410034 2817748 343409623 49193338
343410953 49193338 343408655 bluesponge
343411078 49193338 343410034 2817748
343424517 rocream
343574237 49193338
343640050 36425785
343640303 sh1j1e
343743641 49193338 343640050 36425785
343751414 3501487
343753583 59257154
343754732 blacklake
343995418 49193338 343751414 3501487
343995515 49193338 343754732 blacklake
380960232 liwei10000
381071336 4107356
381228406 2816389
381238702 2816389
381247735 4822782
381248140 tannin 381247735 4822782
381251885 4822782 381248140 tannin
381253944 tannin 381251885 4822782
381255663 leavesye929
381264966 64609641
381329851 4822782 381253944 tannin
381348375 59042060
381350263 36185352
386216817 50346068
386217570 57473235
386239402 muyuezhusijun 325638880 49193338
388124717 15840469
395549685 nishidabendan
395550388 57940081 381238702 2816389
395679351 52771670
396840058 45509034
400642827 jenning_S
401746245 3923443
418662093 heesisicom
418677808 anlesi
418678996 57317509
418679749 49103324
326041112 49193338 326039767 yekeliang
326041166 49193338 326039920 moshui315
326041292 49193338 326039944 yanjun1021
326041334 49193338 326040092 lysy20100525
326042155 lysy20100525
326042542 49193338 326042155 lysy20100525
326042967 lysy20100525
326043326 carioca
326044038 49193338
326044543 carioca 326044038 49193338
326044719 Sasameyuki
326045543 49193338 326044719 Sasameyuki
326046088 49193338 326044543 carioca
326048318 58079924
326050804 laohu32
326052785 49193338 326048318 58079924
326077193 yekeliang 326041112 49193338
326078654 49193338 326077193 yekeliang
326078883 yekeliang 326078654 49193338
326081241 49193338
326088508 1434007
326094476 39483474
326209830 49193338 326094476 39483474
326210774 49193338
326211492 qppxx 326210774 49193338
326212247 49193338 326211492 qppxx
326214404 lizza 326009103 lizza
326221373 49193338 326214404 lizza
326223564 1799031
326229159 57458780 326025284 49193338
326239469 49193338 326229159 57458780
326239548 49193338 326223564 1799031
326268745 1799031 326239548 49193338
326271835 ariel17
326300103 49193338 326271835 ariel17
326300153 49193338 326268745 1799031
326354046 39483474
326434283 kingstop
326612501 49193338 326354046 39483474
326613574 49193338
326613661 49193338
326615869 49193338
326616144 2322428
326617411 49193338 326616144 2322428
326619570 47851313
326620411 2322428
326624565 49193338 326619570 47851313
326624637 49193338
326629830 47851313 326624565 49193338
326633884 49193338 326629830 47851313
326636389 47851313 326633884 49193338
326637136 56185029
326637283 49193338
326672514 yun107
326701896 goo1007
326701995 49193338 326672514 yun107
326712420 49193338 326701896 goo1007
326724418 goo1007 326712420 49193338
326789345 49193338 326724418 goo1007
326812364 zulala
326830384 goo1007 326789345 49193338
326844492 48236983 325787520 47335147
326870734 LonelinessXimic
326871110 LonelinessXimic 326701896 goo1007
326872286 isabel-rene
326872461 isabel-rene
326876408 wclovemg
326914500 goo1007
326916096 49193338 326812364 zulala
326916636 49193338 326844492 48236983
326916890 49193338
326916970 49193338 326872461 isabel-rene
326917180 49193338
326923487 51582662 326300103 49193338
326926983 49193338
326938321 51582662 326926983 49193338
326948776 49193338
326957280 51582662 326948776 49193338
326960799 49193338 326957280 51582662
326961752 51582662 326960799 49193338
326964880 54543699
326965557 49193338 326961752 51582662
326974153 AilsaRed 326617411 49193338
326980574 49193338 326974153 AilsaRed
327068424 51582662 326965557 49193338
327071394 56139751
327072058 isabel-rene 326960799 49193338
327072408 56139751
327082900 48390831
327129199 56139751 327071394 56139751
327133025 49193338 327071394 56139751
327133079 49193338 327082900 48390831
327221512 wclovemg
327222166 isabel-rene 326916970 49193338
327328760 39483474
327331086 axax 327129199 56139751
327340118 44245225
327382708 leafbone
327538238 wclovemg
327697170 49193338
327697602 49193338 327331086 axax
327697876 49193338 327340118 44245225
327697996 49193338 327382708 leafbone
327698923 49193338 327328760 39483474
327700689 helianthus249
327711114 44245225 327697876 49193338
327718159 39483474 327698923 49193338
327726310 49193338 327718159 39483474
327766901 wclovemg
334007585 wlb
334142413 shamtoy
334156971 60160396
334157353 atk914
334161028 1915304
334836297 realist 325647317 49193338
334836681 realist 325649506 Tisays
334891029 52373057
334912923 realist
334915016 57960311
334918997 3647577
335307373 49193338
335307665 49193338 334142413 shamtoy
335307816 49193338 334157353 atk914
335307971 49193338 334161028 1915304
335308038 49193338 334161028 1915304
335308272 49193338 334891029 52373057
335308545 49193338 334918997 3647577
335312362 Best.Cyan
335331576 57458780
335332987 atk914 335307816 49193338
335335816 49193338 335332987 atk914
335336025 49193338 335312362 Best.Cyan
335336362 49193338 335331576 57458780
335349916 zouyazou
335357205 57475499
335359434 zene2
335375703 6716575
335382393 3048950
335384292 4246702 325724625 mi-da-dada
335384471 53706175
335408970 49193338 335349916 zouyazou
335409957 49193338 335331576 57458780
335410103 49193338 335357205 57475499
335410181 49193338 335359434 zene2
335410205 49193338 335382393 3048950
335433126 3048950 335410205 49193338
335433136 mi-da-dada 335384292 4246702
335445143 49789260
335602203 57458780 335409957 49193338
335627122 39773289 335408970 49193338
335640262 48963501
335668546 1254959
335683591 49193338 335602203 57458780
335684071 49193338 335627122 39773289
335684153 49193338 335668546 1254959
335685464 57458780 335683591 49193338
335688580 49193338 335685464 57458780
335689424 winstry
335691454 49579535
335692012 42559871
335707986 57458780 335688580 49193338
335732300 2999003
335736606 yaoyingwuzong
335738013 yaoyingwuzong
336653602 49193338 335689424 winstry
336653671 49193338 335691454 49579535
336653797 49193338 335692012 42559871
336654143 49193338 335732300 2999003
336763142 57475499 335410103 49193338
336813944 49193338
336982004 42559871 336653797 49193338
336988118 shirleyniuniu
336998520 46614532
337000743 cean
337006504 60192538
337083390 49579535 336653671 49193338
337090132 49193338 336982004 42559871
337090231 49193338 336988118 shirleyniuniu
337091553 49193338 336998520 46614532
337093523 49193338 337000743 cean
337093613 49193338 337006504 60192538
337093760 49193338 337083390 49579535
337104844 46614532 337091553 49193338
337145296 cean 337093523 49193338
337396669 Cain_
337398479 57824721
337529266 Ivonkayoki
337611749 49193338 337396669 Cain_
337611923 49193338 337398479 57824721
337611967 49193338 337529266 Ivonkayoki
341626576 46337470
341626947 51818806
342103677 41571545
342113249 2817748
343137399 49193338
343138116 missonefan
343143305 rocream
343338110 49193338
343338329 49193338 342103677 41571545
343339180 49193338 342113249 2817748
