326980768 3501487
326983243 Daniela711
326984884 42796913
326988943 lvo-x
326990091 2219602
326991534 59012402
326991546 sijinshuiguo
327019015 57588267
327029143 13722052
327029409 13722052
327029755 aikocarmen
327038757 willyoumerryme
327039533 48324375
327039671 48324375
327041520 38208418
327071650 58862687
327074000 9256961
327074282 deargd
327074420 9256961 327041520 38208418
327074526 53943348
327075402 52725192
327075556 52725192
327075557 52725192
327075700 ILeoN
327095835 50648010
327121560 sijinshuiguo 327074000 9256961
327658500 9256961 327121560 sijinshuiguo
327660383 annuanxi 326980768 3501487
327660866 ellielf723
327661137 57145519
327682260 57400761
328296628 54203174 327660866 ellielf723
328313257 57379100
328315065 mimi7
328316115 57379100 328315065 mimi7
328373803 ellielf723 328296628 54203174
328374384 54203174 328373803 ellielf723
328374814 waimaoxiehuiche
328376822 44701159
328565574 33770785
328582424 imagoodguy
328706021 justforD
328735202 36987986
328761831 49446598
328764833 50089349
328765104 Mary-ed
328771152 3370795
328806245 DHPAI1025
330329362 fanini
330552721 ronyii
330582812 lily_3
330583795 dearfreakear
330620509 55527975
330623245 tataxu 327019015 57588267
330625040 vivian_lian
330629417 siqiaoqiao
330629917 smacky
330684141 albeedesert
333817839 48480252
333834163 47356137
335085263 in710
335087515 58655174
335090188 57631780
335315476 47733314
335319679 3083490
338732587 kimiru
338786538 learon
339078773 Gatueron3
339082588 hemst
339085377 48748988
339086395 49491492
339086473 49491492
339088219 52104359 327029755 aikocarmen
339089036 lovezhx
339091070 Gatueron3
339091641 Gatueron3
339095026 xximayday
339332395 49107658
339350190 cherry528 333834163 47356137
339419412 2819211
348784585 yingying128
348800029 43974081
348801102 dsnep
348806230 59491703
348849944 lynndu
348855201 58023879
348856009 lynndu
348857416 48438982
348860329 Sarah1101
348862321 xiaoaimanmanlai
348862698 1580120
348868680 datumao
349027260 d0raemon
349033708 56481123
349034673 xixiaokou
349036675 36458583
349041140 41914225
349043486 47439819
349050244 yamiko
349147602 41458487 326990091 2219602
349154239 jiajias1216
349154738 54888937
349154770 jiajias1216
349240438 sunonly
398414727 66056982
398427259 48333371
398463919 51633445
398464843 l0107l 327074420 9256961
398467858 21477789 328565574 33770785
398472310 21477789
398482049 27414029
398483185 50680625
398483920 Jiady
398489957 65879349
398491587 63910968
398496866 CHHHH
398498023 48114118 328565574 33770785
398498992 57025016
398500851 49430091
398508260 51534915 335315476 47733314
398510476 51534915
398522186 46224963
398524777 30395839
398527896 50324391
407294691 50798252
407307507 rushiwangyou
407455786 weiganqu
407468612 hezhiqian
407472182 64760385
407531560 2591093
407567273 65416773
407690435 46224963
407691591 59235897
407700906 missonefan
407701749 missonefan
407708702 62607150
407709725 44581340
407714675 47689006
407737399 60488120
407748394 49121190
407763208 49422997
407773033 familyli
407857434 53280984
407857725 15014694
407859290 58978571
407860875 63597304 327041520 38208418
407861436 63972156
407881193 nuannuanjiajia
407883885 2488132
407885189 54512392
407891865 kangti
407892226 smilylzy
407894411 49061717
407939141 Gayeah 333834163 47356137
407959575 52556119
407963389 han8513 327041520 38208418
407963995 han8513 338732587 kimiru
407965310 3597882
407965978 55882249
407967863 catforest
407984791 5399328
407986891 Year_n
407992207 56326545 348860329 Sarah1101
407997524 56109490
407998441 56109490 407992207 56326545
408017137 jamie_xu
408017324 lvxing926
408022448 Sarah1101 407992207 56326545
408038191 missonefan
408487361 43849492
416306689 9836748
416409603 ammonia
416564639 54470430 326990091 2219602
416604580 seasonsday
418809411 36684415 327074282 deargd
418914417 57908837
418914426 57908837
418919129 supermaam
419191064 59464102
419202983 61919358
419206574 61919358
419323848 36402335
419326630 58533781
419330435 lzxier08
