327010632 49240407
327011345 32394542
327011457 Diandianlan
327011499 fuckeggs
327011708 tuziaishuaheng
327012157 32394542 327011457 Diandianlan
327012342 fuckeggs 327011457 Diandianlan
327012409 2457331
327012529 32394542 327011499 fuckeggs
327012785 41005805
327013018 32394542 327011708 tuziaishuaheng
327013035 n5021
327013159 53282083
327013214 fuckeggs 327012529 32394542
327013254 32394542 327012785 41005805
327013809 32394542 327013035 n5021
327014484 32394542 327013159 53282083
327014804 32394542 327013214 fuckeggs
327015539 2457331 327013159 53282083
327016253 errol
327016421 fuckeggs 327014804 32394542
327016619 32394542
327017487 32394542 327016253 errol
327032710 43169133
327042593 54300130
327043763 maremare
327043849 32394542
327044145 3768898
327045896 weiaiJaychou
327047541 32394542
327047588 32394542
327051062 sunnysisi
327081456 ningzi
327089054 32394542
359586396 43265322
359587366 56647355
359587681 56647355
359588099 alice_chen
359588752 5470964
359589364 56647355
359591757 roychun
360553208 sylarx
360608311 Machobabe347
360608342 Machobabe347
360608422 Venus_39
360608503 60490078
375139552 64105078
375210571 64110105 360608422 Venus_39
375210732 52324913
376515695 64222650
376516222 57578366
376517271 52686376 360608422 Venus_39
376517398 40664027
376517677 saoluanjun 327013018 32394542
376518484 saoluanjun
376519001 dream99
376521108 34761212
376521460 eudora_one
376521723 eudora_one 376521108 34761212
376526251 queen.two-no
376526393 Venus_39 376517271 52686376
376526623 58808993
376529278 HeLeNNeLeH
376592526 52686376 376526393 Venus_39
376694800 32394542
376694960 32394542 376526623 58808993
376695173 HeLeNNeLeH 376694960 32394542
376695424 32394542 376695173 HeLeNNeLeH
376696993 loveemsuma
376697513 32394542 376696993 loveemsuma
376735982 Venus_39 376592526 52686376
376736423 afterwards
379266407 zhaopin
382473229 nork7
382474380 1573369
382474704 1573369 376521108 34761212
382479125 56253353
382515854 1519267
382520659 renxiaoxin
382521045 49384460
382521741 59691857
382522286 imjas
382525437 61817631
382675928 63357556 327047541 32394542
382675973 63357556 382520659 renxiaoxin
382676643 10840775
382677709 42588192
382677735 snis
382684117 36258489
382684985 36258489
382686298 runrunrabbit 382684985 36258489
403141170 64315982
403153956 43948317
403155700 44583181
407083068 doyourbest
407102628 50432716
411252252 in710 403155700 44583181
411416766 mmmmmmiko
412012052 44583181 411252252 in710
412595879 in710 412012052 44583181
412604847 44583181 412595879 in710
412607440 in710 412604847 44583181
414858275 67566294
415495791 maremare 403153956 43948317
415495985 maremare 382677735 snis
415496036 maremare 382525437 61817631
415496201 zlan0607
415496206 maremare 382522286 imjas
415496644 maremare 376526623 58808993
416249991 32394542
