327706873 yangchengjie
327708357 57578366
327710175 youcom
327711645 libraleo
327718413 44841772
327718860 44841772
327719867 44841772
327719915 48678551
327720842 44841772
327721390 44841772
327723760 linkin714
327726380 32394542
327727813 44841772 327723760 linkin714
327728083 44841772 327726380 32394542
327736129 orchid_angel
327738139 44670712
327738590 53459236
327845571 32394542
328140965 52053138
328141076 52053138
328422115 44841772 327845571 32394542
328423648 44841772 328141076 52053138
328427502 my2012
328431082 shadowlyy
328525590 xiaoyaowang
328527601 luckyliuke
328532265 3139746
328536443 aivin777
328593509 44841772 328427502 my2012
328594401 44841772
328594673 44841772 328527601 luckyliuke
328595232 44841772
328600469 57616241 328595232 44841772
328601775 Nomee
328602041 44841772 328600469 57616241
328605258 44841772 328601775 Nomee
328613535 parisinpurple
328614984 56983975
328616488 44841772 328613535 parisinpurple
328617311 44841772 328614984 56983975
328618720 luvymy
328619077 neednotto_argue
328620506 parisinpurple
328624887 44841772 328619077 neednotto_argue
328625503 44841772 328620506 parisinpurple
328627294 gagaye
328632359 gegewusue
328633911 charmmycheung
328636883 parisinpurple
328645025 aivin777 328595232 44841772
328657156 neednotto_argue 328624887 44841772
328657282 46278787
328658625 34349413
328659146 luckyliuke
328738439 dasauto 328657156 neednotto_argue
328740179 dasauto 328600469 57616241
328752068 charmmycheung 328600469 57616241
328845196 neednotto_argue 328738439 dasauto
328861141 dasauto 328752068 charmmycheung
328861538 dasauto 328845196 neednotto_argue
328930596 charmmycheung
329049014 44841772 328620506 parisinpurple
329050634 44841772 328861141 dasauto
329053151 dasauto 328930596 charmmycheung
329055601 cs1376677
329059893 PrincessAlice
329061540 cs1376677
329137450 parisinpurple
329137640 parisinpurple
373237765 muma357
373274744 xiduowawa 327727813 44841772
377141080 zwharchyu320
377231852 xiaoxinmaidou 327719915 48678551
377234188 63629580
377235478 62366336
377236978 2906253
377238277 45762914
377240621 44923212
377241386 3184442
377340660 xiduowawa 377235478 62366336
377389197 62366336
377392588 ccy725 327723760 linkin714
377455736 roychun
377507790 xiduowawa
377515516 52210453
377517705 43025689
377533819 62366336
377552945 xiduowawa
377565356 62366336
377792618 xiduowawa
416068706 hangingaround
