329565445 bdbdbdbdbd
329565659 57485310
329565856 tfyt
329565929 45482964 329565659 57485310
329566141 45482964 329565856 tfyt
329566256 45482964 329565445 bdbdbdbdbd
329566441 bdbdbdbdbd
329566838 57485310 329566256 45482964
329566848 tfyt
329566894 45482964 329566441 bdbdbdbdbd
329567175 4373999
329567210 49445349
329567347 59681856
329567419 45482964
329567528 weiaiJaychou
329567669 59681856 329567210 49445349
329567772 53943348
329567950 45482964 329567175 4373999
329567984 2394369
329568304 59681856 329567419 45482964
329568316 45482964 329567772 53943348
329568562 47193303
329568689 sylvanas.
329568820 53943348 329568316 45482964
329569193 57485310 329567419 45482964
329569221 45482964 329567984 2394369
329569337 59681856 329567984 2394369
329569775 59681856 329569221 45482964
329571028 45482964 329568820 53943348
329571222 45482964 329569775 59681856
329571270 momo_11
329571414 2394369
329571528 59681856
329571638 53943348 329571028 45482964
329571679 59681856 329571414 2394369
329571733 vinnie-birdie
329571773 53943348 329571528 59681856
329571979 45482964 329569193 57485310
329572216 45482964 329571528 59681856
329572296 59681856 329568562 47193303
329572473 acidirisy
329572476 45482964 329571733 vinnie-birdie
329572526 59681856 329572216 45482964
329573008 59681856 329572473 acidirisy
329573151 59681856 329571414 2394369
329573316 vinnie-birdie 329572476 45482964
329573438 45482964 329568562 47193303
329573516 59681856 329567175 4373999
329573689 45482964 329573008 59681856
329573737 59681856 329571773 53943348
329574010 45482964 329573516 59681856
329574132 zein
329574362 45482964 329572526 59681856
329574513 59201241
329574535 45482964 329574132 zein
329574710 zein
329574917 41619901
329574986 59681856 329574010 45482964
329575269 45482964 329574513 59201241
329575474 45482964 329574917 41619901
329575475 59681856 329571733 vinnie-birdie
329575784 45482964 329574710 zein
329575856 38184557
329576008 59681856 329574917 41619901
329576033 49212091
329576415 45482964 329568689 sylvanas.
329576528 zein 329575784 45482964
329576597 59681856 329575784 45482964
329576719 47193303
329576755 50133919 329565659 57485310
329576804 DMC_FP8
329577237 58349644
329577267 45482964 329575856 38184557
329577374 59201241 329569221 45482964
329577534 panda1031
329577597 45482964 329576755 50133919
329577683 phoebeinlove
329577871 45482964 329577374 59201241
329577931 59681856 329575269 45482964
329578482 50144618
329578686 59681856
329578764 45482964
329579072 45482964 329578686 59681856
329579157 59681856 329577237 58349644
329579307 59201241 329577871 45482964
329579388 59681856 329579072 45482964
329579484 45482964 329577237 58349644
329579547 59201241 329577931 59681856
329579721 38184557 329577267 45482964
329579972 53943348 329573737 59681856
329580062 59201241 329579484 45482964
329580106 45482964 329579307 59201241
329580108 phoebeinlove 329578686 59681856
329580521 45482964 329580062 59201241
329580565 wangymy
329580674 phoebeinlove 329579072 45482964
329580780 59681856 329579547 59201241
329580962 phoebeinlove 329567984 2394369
329581657 59201241 329580521 45482964
329581695 59681856 329579972 53943348
334911166 50850754
334966148 45482964
334966672 45482964 334911166 50850754
335062915 43031212
335067074 sopadepollo
335071597 daiyun1016
335076038 cokeqie 335071597 daiyun1016
335079272 45482964
335097238 cjppo
335182358 50850754 334966672 45482964
335187899 50850754 335062915 43031212
335189671 45482964 335182358 50850754
335189883 45482964 335187899 50850754
335190118 50850754
335192489 50850754
335194447 50850754
335195336 50850754
335195668 50850754 335189671 45482964
335196237 Seven.F
335196893 50850754 335189883 45482964
335197739 50850754 335196237 Seven.F
335207216 32983945
335232072 36425785
335248066 45482964
335248856 45482964
335249820 45482964 335196237 Seven.F
335251959 daisydoo
335266189 43031212 335187899 50850754
335266574 43031212
335267206 45482964 335251959 daisydoo
335267762 45482964 335266574 43031212
335268991 i--Yanyan
335269768 54640101
335270855 4124061
335272632 40310274
335274593 48470691
335275213 45482964 335269768 54640101
335275606 45482964 335272632 40310274
335276256 54640101 335275213 45482964
335276501 43389044
335276539 45482964 335270855 4124061
335277142 40310274 335275606 45482964
335277201 45482964 335276501 43389044
335277588 45482964 335277142 40310274
335277880 45482964 335276256 54640101
335278686 54640101 335277880 45482964
335279897 45482964 335268991 i--Yanyan
335280004 40310274 335277588 45482964
335280461 sh1j1e
335280645 45482964 335278686 54640101
335288504 Seven.F
335290972 44622882
335294322 45482964 335290972 44622882
335295678 45482964
335296719 43031212
335297001 44622882 335294322 45482964
335300352 45482964 335296719 43031212
335300715 45482964 335297001 44622882
335301182 52242726
335304015 wendyisay
335305262 limenglin
335336397 Seven.F 335295678 45482964
335343286 58246773
335349281 58462933
335353248 48450704
335355328 poppy7mbsf
335357545 50850754
335359242 Warten
335359406 50850754
335359748 50850754 335336397 Seven.F
335374890 55988970
335385597 45482964 335343286 58246773
335386049 nonone
335386326 45482964 335386049 nonone
335386441 45482964 335353248 48450704
335386488 nonone
335386790 45482964 335386488 nonone
335533795 4124061 335276539 45482964
335547521 bluedestiny
335550005 50850754 335386049 nonone
335550471 45482964 335533795 4124061
335550709 45482964 335547521 bluedestiny
335551631 45482964 335533795 4124061
335551979 50850754 335305262 limenglin
335552940 50850754 335551631 45482964
335553424 41685556
335553436 45482964
335554059 50850754 335533795 4124061
335554401 45482964 335552940 50850754
335554638 39021873
335555718 45482964
335557270 2740993
335557405 45482964
335559901 45482964 335557270 2740993
335560174 45482964 335553424 41685556
335560595 bluefish.
335562481 50850754 335559901 45482964
335563808 45482964 335562481 50850754
335592817 4124061 335551631 45482964
335594443 sefish
329581822 zein 329576597 59681856
329581837 45482964 329579721 38184557
329581838 59201241 329580962 phoebeinlove
329581878 59681856
329582203 59681856 329581822 zein
329582421 59201241 329581695 59681856
329582616 GutenTag
329582714 zein 329579972 53943348
329582860 45482964 329582203 59681856
329582964 59681856 329582421 59201241
329583008 2394369 329580962 phoebeinlove
329583190 59681856 329582616 GutenTag
329583198 zein 329582203 59681856
329583216 59201241 329582964 59681856
329583301 45482964 329582616 GutenTag
329583498 59201241 329582860 45482964
329583964 45482964 329583198 zein
329583973 mechelle05
329584102 59681856 329582860 45482964
329584255 phoebeinlove 329583008 2394369
329584786 sakarism
329584818 45482964 329583216 59201241
329585008 59681856 329583973 mechelle05
329585616 45482964 329584102 59681856
329585681 59681856 329584786 sakarism
329585734 zein 329583964 45482964
329585797 juedai
329585896 45482964 329584786 sakarism
329585972 59681856 329585616 45482964
329586348 59681856 329585734 zein
329586355 45482964 329585734 zein
329586774 mechelle05
329587261 45482964 329580565 wangymy
329587305 59681856
329587635 sakarism 329585681 59681856
329587652 45482964
329587766 59681856
329587854 GutenTag
329588189 qppxx
329588199 53541618 329573008 59681856
329588686 59681856 329587635 sakarism
329588834 45482964 329587305 59681856
329589110 59681856 329588199 53541618
329589365 45482964
329589545 45482964 329588199 53541618
329589552 59681856 329588834 45482964
329589819 45482964 329588189 qppxx
329590078 mechelle05
329590127 59681856
329590167 sakarism
329590362 45482964
329590466 59681856 329590078 mechelle05
329590727 59681856
329590967 zein 329590078 mechelle05
329591102 linzhengying
329591130 45482964 329590167 sakarism
329591226 qppxx 329589819 45482964
329591259 58133833
329591389 sweattt
329591390 59681856 329590167 sakarism
329591596 GutenTag
329591615 45482964 329591390 59681856
329591988 59681856 329591389 sweattt
329592188 59681856 329591615 45482964
329592480 mechelle05
329592564 45482964 329591389 sweattt
329592715 45482964 329590727 59681856
329593048 sakarism 329591390 59681856
329593049 43738610
329593210 46220240
329593259 45482964
329593263 59681856 329592715 45482964
329593488 sakarism 329591130 45482964
329593498 45482964 329593210 46220240
329593527 59681856 329593048 sakarism
329593732 MarieSun
329593779 45482964 329593263 59681856
329594285 45482964
329594371 59681856
329594566 45482964 329593732 MarieSun
329594601 59681856 329593779 45482964
329594976 mechelle05
329595086 59681856 329583198 zein
329595124 zein
329595382 MarieSun 329594566 45482964
329596223 45482964 329595382 MarieSun
329596280 59681856 329595124 zein
329596529 59681856
329597253 45482964 329596280 59681856
329597409 yanjun1021
329597797 mechelle05
329598358 MarieSun 329596223 45482964
329598628 59681856
329599417 59681856
329599470 43738610 329594285 45482964
329599992 45482964 329598358 MarieSun
329600166 59681856 329599470 43738610
329600204 45482964 329599470 43738610
329600540 MarieSun 329599992 45482964
329600961 43738610 329600166 59681856
330052557 xinonlybeloved
330053717 45482964
330135659 59681856
330135879 59681856
330136881 59681856
330198412 45482964
330198434 45482964
330208773 59681856 330198412 45482964
330224751 realist
330249137 hlilyz
330255549 45482964 330249137 hlilyz
330256544 45482964 330208773 59681856
330257854 17483084
330344758 hlilyz 330255549 45482964
330363149 zouyazou
330394771 45482964 330344758 hlilyz
330401416 50850754 330344758 hlilyz
330402129 48084963
330402331 50850754 330394771 45482964
330403496 henyou
330407083 50850754
330407444 45482964 330402331 50850754
330408262 45482964
330408512 50850754
330408921 50850754 330407444 45482964
330409966 henyou 330408512 50850754
330410027 2089766
330410199 henyou 330408262 45482964
330412810 4127239
330413807 50850754
330415495 44757239
330416752 45482964
330421823 50850754 330415495 44757239
330424010 hlilyz 330394771 45482964
330424258 hlilyz 330401416 50850754
330479250 25978283
330490973 zoule
330520321 59681856 330490973 zoule
330620379 53805797 330053717 45482964
330632791 herminia
330656113 45482964 330620379 53805797
330658174 czlcheng
330662544 sherry881231
330664773 49765388
330720112 32398568 329574010 45482964
330740206 45482964 330720112 32398568
330740895 45482964 330662544 sherry881231
330741238 45482964 330664773 49765388
330806749 sherry881231 330740895 45482964
330807472 milkdaddy
330817536 45482964 330807472 milkdaddy
330820473 u2vicky
330866324 50850754 330817536 45482964
330881651 32398568
330907311 45482964 330866324 50850754
330911656 ohjoo
330912469 Viseanking
330936323 milkdaddy
330941128 29271779
330963376 45482964 330941128 29271779
330964157 45482964
330964425 45482964 330881651 32398568
330965401 45482964 330866324 50850754
330993641 32398568 330964425 45482964
330995251 45482964 330993641 32398568
330996581 Fai-Cai
331004111 29271779 330963376 45482964
331041511 48194734
331042451 45622535
331066211 45482964 331042451 45622535
331072630 45622535 329566894 45482964
334321545 50850754
334380654 58410479
334422813 4124061
334430432 dionysus_mo
334437656 50470736
334448222 nyshiqi
334450282 22860349
334450371 xiaoxiaosheng22
334454819 44680167
334454874 sopadepollo
334638491 45482964
334638859 45482964 334422813 4124061
334639052 48819425
334639278 45482964 334430432 dionysus_mo
334639774 45482964 334437656 50470736
334640130 45482964 334639052 48819425
334641815 2138050
334660727 sopadepollo
334764007 43031212
334765537 37630685
334765680 KLPK
334803156 somebodshinning
334823744 50850754
334826359 50850754
334891562 45482964
334892171 45482964
334892435 45482964
334899139 charly_yang
334904540 3445627
329601480 59681856
329601576 59681856
329602419 45482964 329601576 59681856
329602914 43738610 329601480 59681856
329603848 59681856
329603953 59681856
329604021 59681856 329602419 45482964
329604127 24254102
329604881 59681856 329604127 24254102
329604930 46220240
329605037 47126690
329605613 45482964
329605989 45482964 329605613 45482964
329606980 59681856
329607568 46220240 329605989 45482964
329608170 xixitiamo
329608477 50891364
329608494 59681856 329608170 xixitiamo
329610072 ritajia
329613010 45482964 329608170 xixitiamo
329613737 59681856 329610072 ritajia
329624438 41619901
329627553 panda0
329629878 3742534
329636774 c-c7
329642279 zein 329627553 panda0
329645682 48659454
329647163 8616903
329647262 momo.mogu
329648326 panda0 329642279 zein
329648487 panda0 329642279 zein
329654570 zein
329659020 rainyz
329660855 49630862
329661098 49630862
329661881 zein
329669686 woshihaoren123
329672864 3184442
329672942 onitte
329673512 zein 329672942 onitte
329675601 45482964 329624438 41619901
329676059 45482964 329672864 3184442
329676104 45482964 329669686 woshihaoren123
329676169 45482964 329659020 rainyz
329676216 45482964 329672942 onitte
329676591 45482964 329660855 49630862
329676653 45482964 329647163 8616903
329676701 muffin_man
329677395 54326785
329677762 45482964 329677395 54326785
329678296 57869030
329678844 45482964 329678296 57869030
329679058 57869030
329679308 45482964 329679058 57869030
329685644 woshihaoren123
329686560 woshihaoren123
329687406 hotowl
329687469 45482964 329685644 woshihaoren123
329688365 hotowl
329688488 springl31120
329688597 52373057
329689311 woshihaoren123
329691581 45482964 329688597 52373057
329691763 45482964 329689311 woshihaoren123
329691965 45482964 329688365 hotowl
329693231 55686268
329696072 hotowl
329696107 8616903
329703688 47838785
329705427 45482964 329696107 8616903
329705811 46936953
329708038 chantelle-ria
329709362 45482964 329708038 chantelle-ria
329710999 xinonlybeloved
329730790 57869030 329679308 45482964
329744111 45482964 329730790 57869030
329817994 acidirisy 329573008 59681856
329829124 45482964 329710999 xinonlybeloved
329830317 zagorot
329833511 45482964 329830317 zagorot
329836130 zagorot 329833511 45482964
329862342 allan1002
329914210 miehahaha
329922657 59634596
329933893 27351543
329937004 45482964
329937124 45482964 329933893 27351543
329942436 59634596 329937004 45482964
329943213 lady_a
329949819 27351543 329937124 45482964
329951856 14029312
329953425 zhouting220
329963951 50850754
329965473 53805797 329567984 2394369
329965747 53805797 329914210 miehahaha
330047812 fangcao5
330049483 45482964
330049865 45482964
330050527 45482964 330047812 fangcao5
330052437 xinonlybeloved
335594769 sefish
335594925 4124061 335554059 50850754
335599701 45482964 335594443 sefish
335599953 kicandy
335602397 45482964 335594769 sefish
335604963 sefish 335599701 45482964
335606177 sefish 335602397 45482964
335606734 sefish
335609537 sefish
335609871 sefish
335611821 3902203
335651920 sitang
335660332 45482964
335671974 45482964 335611821 3902203
335673059 55988970
335673176 whatisiad
335674325 M-makeup
335782018 45482964 335673059 55988970
335782352 45482964 335674325 M-makeup
335782514 45482964 335673176 whatisiad
335783615 50714355
335783897 60159134
335787770 45482964 335783615 50714355
335787869 45482964 335783897 60159134
335799352 50714355
335806452 45482964 335799352 50714355
335814958 M-makeup 335782352 45482964
335816338 4481712
335825260 55988970
335838192 45482964 335825260 55988970
335838689 45482964 335814958 M-makeup
335846194 55988970
335904200 dionysus_mo
335925353 44052036
335931697 45482964 335904200 dionysus_mo
335931855 45482964 335925353 44052036
335934675 mojians
335979799 50850754 335814958 M-makeup
335981402 sitang
335981684 sitang
335983887 M-makeup
335990955 43642284
335994000 50850754 335981402 sitang
335996106 50850754
336016255 4772052
336019057 2437269 329574362 45482964
336033121 45482964 336019057 2437269
336037178 45482964 336016255 4772052
336041001 sitang 335996106 50850754
336041620 sitang 335996106 50850754
336042592 4868040
336051305 oncelynn
336052026 3847056
336053535 55988970
336061040 50850754 336041001 sitang
336063938 45482964 336053535 55988970
336065239 chenhaomark
336066457 52746785
336069886 45482964
336091279 sitang 336069886 45482964
336091769 sitang
336091957 sitang
336134180 50691829
336271702 dionysus_mo
336312543 58063633
336313045 58063633
336343441 9335134
336373996 45482964 336343441 9335134
336374634 45482964 336313045 58063633
336374819 5810518
336375720 45482964 336374819 5810518
336505169 50850754
336521305 50850754 336313045 58063633
336529741 whatisiad 335782514 45482964
336574462 45482964 336505169 50850754
336574930 29271779
336602592 daiyun1016
336621629 daiyun1016
336640983 45482964 336621629 daiyun1016
336730008 sleep_ago
336735481 shaungh
336787564 45482964 336730008 sleep_ago
336788447 39823461
336789093 45482964 336735481 shaungh
336797209 daiyun1016
336810938 45482964 336788447 39823461
336811714 45482964 336797209 daiyun1016
336814682 45482964 336788447 39823461
336821156 39823461 336814682 45482964
336822188 39823461 336814682 45482964
336822699 45482964 336821156 39823461
336823237 45482964 336822188 39823461
336827916 39823461 336823237 45482964
336829045 45482964 336827916 39823461
336830745 39823461 336829045 45482964
337148002 daiyun1016
337171014 50850754 337148002 daiyun1016
337172490 momodata
337174174 2468292
337176603 36305340
340017994 59681856
340019965 59681856
340058105 KIKUJIN
340061341 38667249
340119532 59681856
340119868 59681856 340061341 38667249
340122012 38667249 340119868 59681856
340123138 59681856 340122012 38667249
340148992 38667249 340123138 59681856
340159043 59681856 340148992 38667249
340175406 38667249 340159043 59681856
340178803 luciliu
340243593 4451578
340739020 59681856 340175406 38667249
340739141 59681856 340243593 4451578
340824366 38667249 340739020 59681856
340827012 59681856 340824366 38667249
340827693 38667249 340827012 59681856
340829439 59681856 340827693 38667249
340834720 38667249 340829439 59681856
340835894 59681856 340834720 38667249
340846085 38667249 340835894 59681856
340847976 59681856 340846085 38667249
340855333 38667249 340847976 59681856
340915490 59681856 340855333 38667249
341081971 50850754 340119532 59681856
341082918 50850754
341127939 Halo_egg
341128252 58063633 341082918 50850754
341129052 58063633
341130184 58063633
341130915 58063633
341133948 58063633
341135610 45482964 341133948 58063633
341161174 2610573
341206050 50850754 341135610 45482964
341208493 50850754 341133948 58063633
341270277 18174444
341271613 59681856 341270277 18174444
341308010 searchhuxiao 329586348 59681856
341355286 59681856
341366920 58063633 341208493 50850754
341384073 50850754 341270277 18174444
341384474 49201556
341385247 50850754 341366920 58063633
341385290 4622933
341436165 58063633 341385247 50850754
341487336 58063633 341135610 45482964
341515715 45482964
341515804 45482964 341384474 49201556
341516929 50850754 341436165 58063633
341522814 hr1121
341784738 peoplehaha
341953078 58063633 341515715 45482964
341953306 58063633
341953629 58063633
341959826 45482964 341953629 58063633
341960339 45482964 341953306 58063633
341960579 45482964 341784738 peoplehaha
342047933 59681856
342054880 peoplehaha 341960579 45482964
342057770 45482964 342054880 peoplehaha
342057866 45482964 342047933 59681856
342065356 peoplehaha 342057770 45482964
342079790 45482964 342065356 peoplehaha
342080089 peoplehaha 342079790 45482964
342090589 45482964 342080089 peoplehaha
342095477 ThomasMore
342111996 peoplehaha 342090589 45482964
342112643 45482964 342111996 peoplehaha
342113856 kingstop
342114166 25817956
342130785 peoplehaha 342112643 45482964
342226708 45482964 342130785 peoplehaha
342227422 45482964 342113856 kingstop
342227855 45482964 342113856 kingstop
342228504 14779122 329567419 45482964
342236756 45482964 342228504 14779122
342245301 59681856 342057866 45482964
342262246 58063633 342236756 45482964
342262723 58063633 342245301 59681856
342270442 59681856 342262723 58063633
342347675 58063633 330408512 50850754
342386903 kingstop 342227855 45482964
342425592 45482964 342245301 59681856
342426394 59681856 342425592 45482964
342430647 45482964 342262246 58063633
342436440 chewin
342460797 woshijiugui
342462774 14779122 342236756 45482964
342598861 45482964
342600343 45482964 342436440 chewin
342600750 45482964
342702864 50850754 342347675 58063633
342703114 50850754
342704758 rocream
342748715 45482964 342704758 rocream
342753363 49173541
342755749 44984990
342758916 LogicWang
337177362 3285945
337178975 50850754 336797209 daiyun1016
337184711 50850754 336640983 45482964
337187784 45482964 337184711 50850754
337188040 45482964 337172490 momodata
337189110 4285896
337191972 daiyun1016 337171014 50850754
337192561 daiyun1016 337187784 45482964
337192617 50850754 337191972 daiyun1016
337192772 daiyun1016 337192617 50850754
337194618 50850754 337192772 daiyun1016
337261242 daiyun1016
337262309 54409355
337266563 45482964 337262309 54409355
337360777 50850754 337261242 daiyun1016
337361036 54409355 337266563 45482964
337393292 45482964 337361036 54409355
337432390 2810760
337432910 50850754
337433313 50850754
337434741 45482964 337432910 50850754
337437865 50850754 337434741 45482964
337989358 58063633
338172836 45482964 337989358 58063633
338221300 50850754 337989358 58063633
338225161 aae
338421908 58063633 338221300 50850754
338423140 4202007
338447835 50850754 338421908 58063633
338449791 45482964 338447835 50850754
338451296 50850754 338449791 45482964
338453223 50850754 338423140 4202007
338466868 60133950
338466989 60133950
338468509 60133950
338553157 58063633 338451296 50850754
338553561 58063633 338447835 50850754
338555344 tachibanaag
338555946 58063633 338451296 50850754
338577960 50850754 338553157 58063633
338579136 50850754 338555946 58063633
338585992 cheng393
338600827 45482964 338579136 50850754
338601446 huonansun
338601495 45482964 338577960 50850754
338781086 58063633 338577960 50850754
338876078 lixi55555
338986677 58063633 336521305 50850754
339012307 45482964 338876078 lixi55555
339048741 lixi55555 339012307 45482964
339053085 45482964 339048741 lixi55555
339114342 lixi55555 339053085 45482964
339187796 58063633
339188050 58063633
339189121 58063633 335187899 50850754
339199204 58063633
339235220 45482964 339188050 58063633
339235239 45482964 339188050 58063633
339236630 45482964
339264865 chentontongtong 339236630 45482964
339325382 45482964
339355755 60781215
339356025 iamcd
339363915 45482964 339356025 iamcd
339366191 chentontongtong 339325382 45482964
339372613 thefly
339439614 50850754
339439822 50850754 338986677 58063633
339440374 50850754 339189121 58063633
339440574 50850754
339445466 50850754
339451560 50850754 339355755 60781215
339452977 50850754 338601495 45482964
339455247 yang0913
339459349 45482964 339439614 50850754
339576497 58063633 339451560 50850754
339576717 58063633 339439822 50850754
339583933 3140916
339586898 50850754 339576717 58063633
339588264 50850754
339589852 50850754 339576497 58063633
339685289 59681856
339807067 45482964 339685289 59681856
339817098 HiBEBOP
339830108 58063633 339586898 50850754
339830299 58063633 339685289 59681856
339990146 59681856 339807067 45482964
339990660 59681856 339830299 58063633
339997611 59681856 339455247 yang0913
339998535 59681856 339455247 yang0913
339999680 59681856
340000325 59681856 335611821 3902203
340004278 chentontongtong 339999680 59681856
340005074 59681856
340007126 chentontongtong 340005074 59681856
340008632 59681856
340009268 55848165
340010466 yang0913 339998535 59681856
340010632 xinonlybeloved
340010707 xinonlybeloved
403247697 gilianz
403431618 45482964
403609279 50850754
403625484 1922886
403964273 36842161
404185274 55786796 403625484 1922886
404251456 1922886 404185274 55786796
404269220 55786796 404251456 1922886
404332341 1922886 404269220 55786796
404334353 64584193
404336270 maruko9167
404373322 45482964 404336270 maruko9167
404373396 45482964 404334353 64584193
404375504 maruko9167
404391704 45482964 404375504 maruko9167
404445693 douban0805
404460488 64584193 404373396 45482964
404482317 55786796 404332341 1922886
404482788 2607260
404566365 Lynnana
404660317 45482964
404660428 45482964 404482788 2607260
404661272 45482964 404445693 douban0805
404689614 2607260 404660428 45482964
404737022 45482964
404835520 62372748
404838251 62372748
404839821 64174240
404840631 63467431
404872740 2607260 404737022 45482964
404878303 45482964 404835520 62372748
404879103 balabababa
404947922 Lynnana
404951071 58063633 404737022 45482964
404951256 heyt 404879103 balabababa
404956911 balabababa 404951256 heyt
405019307 38365301
405158452 56120045
405158961 45482964 405019307 38365301
406618260 45482964
406618522 45482964 404879103 balabababa
406618565 45482964 405158452 56120045
406618743 45482964 404872740 2607260
406619210 45482964
406619654 45482964
406620229 balabababa 406618522 45482964
406620575 45482964 406620229 balabababa
406624756 60558343
406626744 miluduck
406628010 balabababa 406620575 45482964
406628210 45482964 406626744 miluduck
406628279 43000741
406628371 45482964 406628010 balabababa
406632583 miluduck 406628210 45482964
406632790 balabababa 406628371 45482964
406633523 45482964 406632583 miluduck
406634542 45482964 406624756 60558343
406646458 60558343 406634542 45482964
406753482 50798252
406755912 lifengbin 329569337 59681856
406839720 miluduck 406633523 45482964
406897474 59681856 406755912 lifengbin
406986773 lifengbin 406897474 59681856
407014060 59681856 406986773 lifengbin
407030837 lifengbin
407031985 49941721
407141486 35143216
407179206 40696836
407239519 Ivonkayoki
407240631 catherine_1006
407507236 50850754 406628210 45482964
407512109 50850754 407141486 35143216
407514666 evejia
407529642 35143216 407512109 50850754
407536562 50850754 407529642 35143216
407544627 35143216 407536562 50850754
407548340 50850754 407544627 35143216
407714163 58063633 406634542 45482964
408908362 45482964 407714163 58063633
408908793 45482964 407239519 Ivonkayoki
408908990 45482964 406839720 miluduck
408910426 45482964 407141486 35143216
408913851 48083726
408920352 35143216 408910426 45482964
408925907 45482964 408920352 35143216
408926308 35143216 408925907 45482964
408926421 12673221
408931738 48366203
408940588 53117959
408940727 dearfreakear
408945363 zhaosuansuan
408946371 36852210
408947529 miluduck 408908990 45482964
408947996 14295425
408991602 45482964 408945363 zhaosuansuan
408991692 45482964 408946371 36852210
408991846 45482964 408940727 dearfreakear
408991990 amethyst1218
409013874 66887840
409014451 nuanshu0707
362324650 45482964
362324945 45482964
362326680 58269271
362330058 Qln9_.
362331910 45482964 362330058 Qln9_.
362332052 45482964 362326680 58269271
362333127 Qln9_.
362336168 lavieenrose9122
362337956 lavieenrose9122
362390705 45482964 362336168 lavieenrose9122
362391494 45482964 362333127 Qln9_.
362759737 3471641
362768527 45482964
362775293 59681856
362865123 Apple.J
362870879 mo_ou
362886715 45482964 362865123 Apple.J
362886956 45482964 362870879 mo_ou
362887083 45482964 362775293 59681856
362889740 theeye
362940457 31709634
362961069 45482964 362940457 31709634
363164482 31709634 362961069 45482964
363197075 apeisme
363200023 46117453
363208749 45482964 363164482 31709634
363208834 45482964 363197075 apeisme
363222461 51649235
363416624 31709634 363208749 45482964
363416923 2588887
363422994 30466729
363430841 49156125
363432649 3939398
363482512 45482964 363422994 30466729
363484066 45482964 363430841 49156125
363484239 graycker
394116086 48601577
363484327 45482964 363416624 31709634
394117869 song213
363573004 rachel88123
394120751 RAINBOWKEKE
397724485 2089766
363672260 45482964 363573004 rachel88123
397740578 44323685
397745304 47161575
363672400 45482964 363484239 graycker
363741360 61248441
397748498 jjlin2 329568304 59681856
363820704 63004570
397799817 yysunnyy
363854513 46260196
397874949 49334435
363930389 3885875
397875912 59681856 397748498 jjlin2
363988320 59681856 362887083 45482964
397964638 2089766
363988734 59681856 363854513 46260196
398013302 58063633 397964638 2089766
364000226 50217791
398085719 jjlin2 397875912 59681856
364001682 43008498
398086918 Imosa
398346530 45482964
364003767 37802898
398368356 wenyiwen
364089099 46260196 363988734 59681856
398413074 59681856 398085719 jjlin2
364219162 59681856 364089099 46260196
398482761 58063633 398346530 45482964
364219587 59681856 364000226 50217791
398488272 65879349
398511913 49522088
364220325 59681856 364001682 43008498
398594641 1184376
398598887 luorui
364220607 55806222 329581695 59681856
398608811 nani1102
364277584 45482964 364001682 43008498
399514613 3184442
364282917 shinydx
399516638 62768143
364406209 46260196 364219162 59681856
399562988 42826101
364425238 59681856 364406209 46260196
401820766 45482964 398482761 58063633
364427275 jozara520
401821146 45482964 399514613 3184442
364427803 46260196
364439772 45482964
401821659 45482964
364461954 cody44
366506924 59681856
364469209 47771208
401821771 45482964 398598887 luorui
366507281 59681856
364614626 45482964 364461954 cody44
366509134 gakrt
401822084 45482964
364615516 45482964 364469209 47771208
366510968 59681856
364617701 AvrillA
401822338 45482964 394117869 song213
366511193 59681856 366509134 gakrt
364621517 45482964 364617701 AvrillA
366511439 59681856
401823000 45482964 397724485 2089766
364665402 AvrillA 364621517 45482964
366511983 3475967
401823544 48314832
364685115 47771208 364615516 45482964
364686297 45470954
366517868 45482964
401824120 45482964 394116086 48601577
364686344 60958866
366518448 45482964 366511983 3475967
401824849 LEIGH4ever
366519059 rayn1ce
401826020 45482964 401823544 48314832
364711157 45482964 364686297 45470954
401826491 45482964 401824849 LEIGH4ever
364725533 meadow92
366520189 45482964 366509134 gakrt
401827049 45482964
364730816 gary131451 329581657 59201241
366520370 45482964 366519059 rayn1ce
401827882 45482964
365563926 59681856 364686297 45470954
401828441 45482964
366520719 rayn1ce
365564160 59681856 364725533 meadow92
401829769 RidForge 401828441 45482964
366521400 rayn1ce
365564507 59681856
366522780 45482964 366520719 rayn1ce
401831919 45482964 401829769 RidForge
365575475 someu 365564507 59681856
366522998 45482964 366521400 rayn1ce
401898911 65879349 401821659 45482964
365582690 mying0804
366523142 rayn1ce
366526432 rayn1ce
365590363 59681856
401914185 48314832 401826020 45482964
366528650 rayn1ce 366522998 45482964
401928638 45482964 401914185 48314832
365615428 amiaobuzai
401930162 48314832 401928638 45482964
365958449 3471641 365615428 amiaobuzai
366547203 49201757
365989795 59681856 365615428 amiaobuzai
401930632 huanhuanv
366561743 45482964 366528650 rayn1ce
401934482 47191120
366007665 y-young1025 329568304 59681856
366009704 y-young1025 329575269 45482964
366638033 Jeuty1130
401935099 27945069
366011323 lulusheep
401937262 45482964 401930632 huanhuanv
366642919 45482964 366638033 Jeuty1130
366017537 Jeuty1130 329569337 59681856
401947341 1922886
366019196 woaixiner
401955968 huanhuanv 401937262 45482964
366019944 47776036
366657787 Jeuty1130
401982511 45482964 401947341 1922886
366663076 47924135
402046668 linjingmin
402061413 3626112
366855787 48346611 366517868 45482964
402062788 juno1990
366864123 47787902
366030240 45482964 366009704 y-young1025
402065701 laoyuan
366885165 littlefall
402070472 meadow92
366030556 45482964 366019944 47776036
402071874 52431351
367923854 4313158
366031041 62421729
402072351 Hey.ann
402197861 58063633 401826020 45482964
366031216 45482964 365615428 amiaobuzai
402202757 pawofsky
378437345 52010368
402208224 lizier
378954752 45482964
366031322 45482964 366031041 62421729
402301556 1922886
366082290 49201757
378956514 56776247
402344829 45482964 402070472 meadow92
366154738 3471641 366082290 49201757
378957442 45482964 378956514 56776247
380161164 hazel9016
366154938 3471641 366030240 45482964
402345427 45482964 402071874 52431351
380164594 kamuizizi
380234491 43025689
366366422 45482964 366082290 49201757
402345688 45482964 402197861 58063633
380263815 isuesue
366370137 qtzzlove
380459734 45482964 380164594 kamuizizi
402346216 45482964 402065701 laoyuan
366388081 48346611
402346844 45482964 402061413 3626112
380461385 45482964
402347021 45482964 402072351 Hey.ann
380477516 kamuizizi 380459734 45482964
402354400 Hey.ann 402347021 45482964
380494647 isuesue
402356789 45482964 402354400 Hey.ann
380608909 hazel9016 380461385 45482964
380685652 4414113
380690729 nanx
380701911 1817704
380763844 chuck666
380766680 34536039
380881025 irsis
381438615 45482964 380477516 kamuizizi
402359198 40904465
381440644 3555335
402361075 3626112 402346844 45482964
402361507 Hey.ann
381440993 45482964
402361755 Hey.ann
381442524 45482964 380690729 nanx
381443288 Miss.Jane
402376548 52431351 402345427 45482964
402415689 cherry1207
381445415 45482964
402626452 63690488
381447273 45482964 381443288 Miss.Jane
402629922 4280679
381448555 Miss.Jane 381447273 45482964
402728022 58063633 402346216 45482964
402728645 58063633
381950181 45482964 381448555 Miss.Jane
402754213 50850754 397875912 59681856
402757989 50850754 402070472 meadow92
381952326 Miss.Jane 381950181 45482964
381961831 54328252
402759062 mamy
381963531 liangjinmeizi
402759069 mamy
382050056 46698645
402759444 MercyG
382146288 Alisa9185
402760827 50850754
382146781 alicelam
402761455 hexiecn
384748971 57725797
384750420 elizabethwang
402763127 50850754 402759444 MercyG
402766296 lucky77
384801802 snooppi
384807479 hihuhu
402978623 meadow92 402757989 50850754
342759050 Nikonikodo
384809503 59300055
342766396 45482964
384810886 37535614
402978881 meadow92
385054401 49286831
403104035 62869877
342767292 45482964 342753363 49173541
403108638 55786796
385054786 56072387
389127876 34665454
403188213 foolishcat
342767632 45482964 342758916 LogicWang
390909847 44925029
403190844 1922886 403108638 55786796
342768641 45482964 342755749 44984990
394061527 58063633 366561743 45482964
403245410 55786796 403190844 1922886
342775879 31523810
403246486 gilianz
394062261 58063633 380459734 45482964
342790141 44984990 342768641 45482964
394062505 50850754
342798457 45482964 342790141 44984990
394063033 50850754 381448555 Miss.Jane
342799026 59681856
394064346 50850754
342854412 rocream 342748715 45482964
394065461 Miss.Jane 394063033 50850754
394066982 50850754 381950181 45482964
342855103 45482964 342854412 rocream
342855177 xiaoweia
394069819 58063633
394070587 claudiaw
342855521 rocream 342855103 45482964
394071951 xiaozhu22
394073860 50850754 380161164 hazel9016
342970396 45482964 342855521 rocream
394074041 58063633 394071951 xiaozhu22
342970732 45482964 342855177 xiaoweia
394081712 48388911
394084403 3184442
342982953 45482964 342855521 rocream
394088206 50850754 394084403 3184442
343019157 14779122 342600750 45482964
394088594 56971224
343019220 4039683
394089659 50850754 380164594 kamuizizi
343075095 45482964 343019157 14779122
394089704 58063633 394088206 50850754
343112950 rocream 342982953 45482964
394090516 50850754 394089704 58063633
343113152 rocream 342970396 45482964
394090736 58063633 394084403 3184442
343182596 45482964 343112950 rocream
343547805 guaidashu
394090998 50850754 394089704 58063633
343551969 42244815
394091397 3184442
343574194 3966680
343583423 50850754
394091928 3184442 394088206 50850754
343586080 50850754
394094093 58063633 394090998 50850754
343586798 50850754 342970732 45482964
394097378 50850754
343590129 50850754 343574194 3966680
394099982 58063633 394097378 50850754
394104174 54259721
344529477 58063633 343182596 45482964
344529775 58063633 343590129 50850754
344530238 58063633
344530411 58063633 343583423 50850754
344531790 58063633
344756134 58063633 343182596 45482964
344866367 50850754 344530411 58063633
344866657 50850754 344531790 58063633
345468599 58063633 344866657 50850754
345643575 59681856
345651553 4481712
345768371 58063633
345768942 58063633 344866657 50850754
345889864 45482964 345768371 58063633
345932685 58063633 345889864 45482964
346033092 45482964 345932685 58063633
346808690 50850754 345768942 58063633
346809033 50850754 345932685 58063633
346809747 50850754 345643575 59681856
346810142 49445349
346814822 58063633 346809033 50850754
346815175 58063633 345889864 45482964
346978919 50850754 346814822 58063633
347101880 58063633 346978919 50850754
347399228 59681856 346810142 49445349
347399277 59681856 346809747 50850754
347409652 49445349 347399228 59681856
347584859 59681856 347409652 49445349
347723923 50850754
347752868 ligeleng
347756769 56944260
347767678 45482964
347768346 45482964 347723923 50850754
347772555 50850754 347768346 45482964
347772928 50850754
347773984 50850754 347767678 45482964
347780144 ligeleng 347767678 45482964
347804165 limianmian 347756769 56944260
347804938 56944260 347804165 limianmian
347808173 limianmian
347883452 helloditto
347897994 45482964
347898047 45482964 347772555 50850754
351269927 58063633 346978919 50850754
351282178 50850754 351269927 58063633
351358489 aquaxie
351363712 14652423
351408336 37216397
357279206 2857050
359901675 Halo_egg
360141386 59681856 357279206 2857050
360141701 59681856
361361053 3471641
361361434 45482964 361361053 3471641
361431291 3471641
361450704 45482964
361465509 59681856
361537535 3471641
361584323 45482964
362029863 33102791
362034852 45482964 362029863 33102791
362057870 hp222666
362146370 58225373
362246298 33102791 362034852 45482964
362315882 lavieenrose9122
362315901 lavieenrose9122
362315903 lavieenrose9122
362316741 lavieenrose9122
362316882 oftftftftftfo
362321707 58269271
362323905 45482964 362321707 58269271
409017064 liujing107
409018154 36852210 408991692 45482964
409045887 45482964
409046317 45482964 409014451 nuanshu0707
409046515 45482964 409013874 66887840
409047898 30878519
409048684 66887840 409046515 45482964
409185124 nuanshu0707
409185646 4124061 409046317 45482964
409275095 zhaosuansuan 408991602 45482964
409276351 52348040
409276834 61518790
409286707 45482964 409185646 4124061
409286797 45482964 409275095 zhaosuansuan
409288296 zhaosuansuan 409286797 45482964
409308486 60302614
409308496 60302614
409358559 45482964 409276351 52348040
409434384 52348040 409358559 45482964
409442289 44579275
409467845 45482964 409434384 52348040
409478662 52348040 409467845 45482964
409480062 45482964 409478662 52348040
409485510 52348040 409480062 45482964
409619391 49308722
410376085 sunyiyun
411769144 40851622
412048577 dionysus_mo
412053143 perfectionist
412054549 52271202
412192652 45482964
412193228 45482964 412054549 52271202
412194796 44137619
412207702 alleren
412214197 52271202 412193228 45482964
412223122 45482964 412214197 52271202
412238337 63883500
412300558 52505633 329577237 58349644
412366765 cropcircle
414443878 50850754 412214197 52271202
414444072 50850754 412366765 cropcircle
414444545 50850754 412238337 63883500
414449859 52271202 414443878 50850754
414455312 cropcircle 414444072 50850754
414484658 50850754 414449859 52271202
414485895 44415246
414487579 65878271
414490469 52271202 414484658 50850754
414498267 54470452
414631043 aaaaacqa
414642294 3992054
414726508 amewang
417894553 wuhanee
417919279 50850754 417894553 wuhanee
417921157 wuhanee 417919279 50850754
417921747 50850754 417921157 wuhanee
417922132 62568674
417923390 Jacobzebra
417947976 wuhanee 417921747 50850754
417979585 amo326
417980410 47508045
417991391 50850754 417923390 Jacobzebra
