331255611 zhoufengzi
331258354 boobs-hero 331255611 zhoufengzi
331259510 hhhhhhhhhhh
331259791 besthhui
331324632 47604751
331324844 mazing
331332004 lotusleelee
331334963 zxs0326
331354624 boobs-hero 331259510 hhhhhhhhhhh
331354807 boobs-hero 331259791 besthhui
331355684 C-tetu
331358088 boobs-hero 331324632 47604751
331358585 boobs-hero 331332004 lotusleelee
331361120 boobs-hero 331355684 C-tetu
331362045 boobs-hero 331334963 zxs0326
331363582 boobs-hero 331324632 47604751
331363711 yvoneye
331364716 boobs-hero 331363711 yvoneye
331365379 yvoneye 331364716 boobs-hero
331368330 48746710
331368353 vivianzhong33
331368895 46671089
331369992 vivianzhong33
331371216 durdur
331405770 C-tetu
331481513 boobs-hero 331368330 48746710
331481636 boobs-hero 331368353 vivianzhong33
331482933 vivianzhong33 331481636 boobs-hero
331486247 realist
331495985 boobs-hero 331368895 46671089
331496525 boobs-hero 331371216 durdur
331496823 human75
331497896 27966651 331486247 realist
331512276 48746710
331646885 yvoneye
331666581 3977217
331671294 46522940
331675962 51105857
331677503 lacey90
331680286 dachunan
331681191 sting999
331740108 hhhhhhhhhhh
331741502 realist 331497896 27966651
331752720 boobs-hero 331486247 realist
331753480 boobs-hero 331512276 48746710
331755121 modamo
331755897 errol
331756638 48746710 331753480 boobs-hero
331761127 50352645
331763087 32396469
331771451 boobs-hero 331741502 realist
331772034 boobs-hero 331646885 yvoneye
331772211 boobs-hero 331671294 46522940
331772342 boobs-hero 331675962 51105857
331772391 realist 331771451 boobs-hero
331772574 47919745
331789024 boobs-hero 331677503 lacey90
331796238 46522940
331802451 sting999
331811687 14029312
331901310 32396469
332544034 boobs-hero
332545003 boobs-hero 331681191 sting999
332545396 boobs-hero 331740108 hhhhhhhhhhh
332545526 boobs-hero 331755121 modamo
332545672 boobs-hero 331772574 47919745
332546261 boobs-hero 331811687 14029312
332546622 boobs-hero 331763087 32396469
332547423 53706175
332548289 moon1111
332549211 annyou
332552134 vinnie-birdie
332552592 huahuayaojianfe
332559948 32396469 332546622 boobs-hero
332565371 mus1
342908795 moon1111
368982129 62629537
368985941 hezhiqian
368987498 56739852
368990772 weilaiweilai
369018750 ljyt
369028742 Reine1123
369084920 olivialeungs
388386617 4742455
388431616 2784556
388439868 45517162
388440261 45517162 388386617 4742455
388440408 45517162 369084920 olivialeungs
388440773 45517162 369028742 Reine1123
388440928 45517162
388441163 45517162 368990772 weilaiweilai
388441506 45517162 368985941 hezhiqian
388441530 62519473
388441577 2784556 388439868 45517162
388441668 62519473
388442090 45517162 342908795 moon1111
388442212 55370463
388442232 45517162 388441530 62519473
388442366 45517162 388442212 55370463
388442858 45517162
388908550 55677995
388909956 55677995
388939330 59920100
388944862 59920100 388939330 59920100
388962424 45517162 388939330 59920100
389102058 59920100 388962424 45517162
389107950 zhangxiaohua
389108287 zhangxiaohua
389108688 4212971
389205375 4495581
389229723 45517162
389397634 chunxiaod 332546622 boobs-hero
389404135 soyaandash
389404773 61259904
412331229 4742455
412362406 3604538
388443158 45517162 332552134 vinnie-birdie
388443206 55370463 388442366 45517162
388443286 MLKGOD
388443448 62519473 388442232 45517162
388443778 45517162 388443206 55370463
388444387 55370463
388446072 45517162 388443448 62519473
388447320 62519473
388448016 64647879
388448166 45517162 388447320 62519473
388448189 cindylovealex
388448595 62519473 388448166 45517162
388448612 45517162
388448712 45517162 388448189 cindylovealex
388448917 45517162 388448595 62519473
388449090 lanshuo
388449348 45517162 388449090 lanshuo
388449464 3339301
388449538 36853493 388440261 45517162
388449626 62519473 388448917 45517162
388449748 45517162
388450103 sweet-killer
388450117 45517162
388450380 31523810
388450443 64647879 388448612 45517162
388450847 45517162 388450443 64647879
388451405 47851313
388452135 36853493 388450117 45517162
388452680 45517162 388452135 36853493
388452756 45517162 388451405 47851313
388452914 55370463
388453080 36853493 388451405 47851313
388453405 45517162 388452914 55370463
388453600 36853493 388452680 45517162
388453815 45517162
388454100 45517162 388453600 36853493
388457540 36853493 388453815 45517162
388457985 36853493 388454100 45517162
388458549 4224058
388464012 dearwinnie
388472067 Reine1123 388440773 45517162
388475846 45517162 388472067 Reine1123
388476336 45517162
388476641 45517162
388476990 45517162 388457985 36853493
388478139 58315725
388481063 yuanzhui
388481554 49334435
388482980 45517162
388483547 affewen
388484557 45517162 388483547 affewen
388489355 Reine1123 388475846 45517162
388494254 dearwinnie 388476336 45517162
388497914 cindylovealex 388448712 45517162
388502176 weilaiweilai 388441163 45517162
388506136 weilaiweilai
388506455 weilaiweilai
388506838 weilaiweilai 331365379 yvoneye
388510817 lanran
388513048 47565512
388513809 weilaiweilai
388521663 45517162
388521810 45517162 388497914 cindylovealex
388522831 45517162 388513048 47565512
388523055 45517162
388523423 45517162 388506455 weilaiweilai
388525325 4045100
388527281 47565512 388522831 45517162
388530108 cindylovealex 388521810 45517162
388532391 64647879 388450847 45517162
388539611 62296458 388523055 45517162
388542271 45517162 388527281 47565512
388574807 4495581
388586927 weilaiweilai 388523423 45517162
388587353 weilaiweilai 388539611 62296458
388587696 weilaiweilai 388586927 weilaiweilai
388592530 yuki88413
388594897 61518790
388648142 45517162 388586927 weilaiweilai
388648475 45517162 388587696 weilaiweilai
388648948 45517162 388592530 yuki88413
388649129 45517162 388594897 61518790
388651106 uzii
388652385 50064069
388661225 linglanyaoer
388664884 61518790 388649129 45517162
388666331 lusa
388666749 lusa
388667597 linglanyaoer 388666749 lusa
388683235 62296458
388708024 45517162 388683235 62296458
388708348 45517162
388708861 45517162 388652385 50064069
388735509 lusa 388708348 45517162
388888262 62296458 388708024 45517162
388891934 45517162 388888262 62296458
388896800 62296458 388891934 45517162
388899759 45517162 388896800 62296458
388899945 36953906
388903744 iamrighthere
