331544927 50590335
331545066 lvsedianshan
331545093 3990787
331545216 Lebb
331545280 50129963
331545391 Ranma_Chen
331545639 sxzm
331545648 54772441 331545066 lvsedianshan
331545730 cwhys
331545916 48941995
331546250 54772441
331546274 lvsedianshan 331545648 54772441
331546545 3305511
331546674 54772441
331546702 44161598
331546837 54772441 331546545 3305511
331546861 53943348
331546880 alicttino
331546975 vimint
331547085 lisawang7
331547254 passant
331547310 54772441
331547679 tataxu 331546837 54772441
331547742 aikocarmen
331547795 54772441
331547997 54772441
331548367 kaili 331547795 54772441
331548526 3034062
331548590 doll-maker
331548592 54772441 331545391 Ranma_Chen
331548630 sunono
331548638 tataxu 331547997 54772441
331548833 n-i-o
331549062 54772441
331549109 jimmy_L
331549212 kikimiao
331549248 54772441 331548833 n-i-o
331549324 qingwa0205
331549366 jimmy_L 331549062 54772441
331549408 54772441 331549109 jimmy_L
331549608 n-i-o 331549248 54772441
331549683 Lebb
331549752 44289887
331549759 AmandaZ
331549771 44161598
331549831 54772441 331549366 jimmy_L
331549877 Ranma_Chen
331549995 Immortal-mo
331550045 lanyon1124
331550178 54772441 331549877 Ranma_Chen
331550260 33672079
331550286 54772441 331549995 Immortal-mo
331550424 54772441 331550260 33672079
331550476 51478051
331550531 summerroad
331550720 33672079
331550763 bai220
331550788 summerroad 331550286 54772441
331550833 Immortal-mo 331550286 54772441
331550855 54772441 331550476 51478051
331551047 51478051
331551089 42334860
331551138 54772441 331550788 summerroad
331551291 33672079
331551500 jimmy_L 331549408 54772441
331551577 54772441 331551089 42334860
331551663 54772441 331551500 jimmy_L
331551664 summerroad 331551138 54772441
331551769 jimmy_L 331549831 54772441
331551857 54772441 331551291 33672079
331551929 51478051 331550855 54772441
331551987 jimmy_L 331551663 54772441
331552059 54772441 331545216 Lebb
331552183 54772441 331545280 50129963
331552341 33672079
331552496 summerroad 331551929 51478051
331553045 50129963 331550855 54772441
331553215 54772441
331553646 54772441
331553736 50129963 331552183 54772441
331554411 50129963 331553215 54772441
331554766 aikocarmen
331555248 54772441 331549752 44289887
331555466 50129963 331554766 aikocarmen
331555524 DOOMSDAY1989
331555590 54772441 331554411 50129963
331555852 50129963 331555248 54772441
331555856 fuckeggs
331556028 50129963 331555590 54772441
331556198 54772441 331544927 50590335
331556575 51478051 331552496 summerroad
331556914 summerroad 331556575 51478051
331557205 rerena
331557242 47102105
331557358 47102105
331558053 kabis
331558142 54772441 331557358 47102105
331558573 52100062
331558668 47102105
331559065 56519170 331546837 54772441
334995057 ailsa123
335003108 beiruanjindemao
335004820 meking
335059680 52004840
335061609 i.m.possible
335089094 Daisy137 335004820 meking
335119829 meking 335089094 Daisy137
335156887 Daisy137 335119829 meking
335188394 meking 335156887 Daisy137
335245064 3334910
335269185 Daisy137
335275192 1256699
335276506 1256699
335277337 1256699
335286537 tutu55555
335287128 durdur
335289046 48819425
335289189 Tangye
335293902 olivia_q
335295078 53080934 331549831 54772441
335295726 53080934
335296002 RUOYUN88 331556198 54772441
335296745 youyong01 331548592 54772441
335408653 2238974
335948925 56519170
335956755 60159134
336318905 h.muraki 331553215 54772441
390924196 58941781 331546837 54772441
390990641 61978750
390991319 45786849
390992349 44923212
390995498 23235151
391003785 Santa.
391005870 chaxiaocha
391008071 chaxiaocha
391030595 rainbowb
391056930 usuallybaba
415439213 43514285
415439222 43514285
415459932 65363986
415463447 4898393
415487402 gxy711
415531643 54772441 415439213 43514285
415540603 Mr_Cat
415598223 54331163
415599449 54331163
415600420 54137591
415602363 StrangersMania
415602964 yoko1990
415618519 43514285 415531643 54772441
417018502 60189663 331549062 54772441
417018975 45968141
417018977 hellohelloparis
417019071 60189663
417385447 DevilPrincess
418190870 31613594
418200087 4417157
418202172 lady_a
418207858 38503777
418208659 56708920
418211095 67544461 331545648 54772441
418220661 56276963
418222487 4106219
418336686 54772441 418220661 56276963
418348603 65695929
418488792 56276963 418336686 54772441
418489195 hooibe
418500306 3441321
418500676 3441321
418500850 51456553
418501568 4480792
418510639 50725841 331546837 54772441
331559657 AmandaZ
331559873 berrymmm
331560010 aikocarmen 331555466 50129963
331560080 linkatyan
331561357 50129963 331560010 aikocarmen
331561782 2904730 331550178 54772441
331562680 57594527 331552183 54772441
331563471 33218874
331564270 51478051 331556914 summerroad
331565088 aikocarmen 331561357 50129963
331567318 thefrenchwindow
331567384 zbw413941668
331572110 54772441
331572430 54772441 331567384 zbw413941668
331572617 54772441 331567318 thefrenchwindow
331572755 54772441 331561782 2904730
331572776 zbw413941668 331572430 54772441
331573135 54772441 331560080 linkatyan
331573535 54772441
331573662 54772441
331574139 54772441 331559873 berrymmm
331574456 58411523
331574684 54772441 331559065 56519170
331574810 54772441 331574456 58411523
331575207 54772441
331575783 zbw413941668 331573535 54772441
331575886 54772441
331576139 54772441 331575783 zbw413941668
331576246 Sharol
331576783 huanqie
331577042 lalayeah
331577163 zbw413941668 331576139 54772441
331577280 54772441 331576783 huanqie
331577376 54772441 331577163 zbw413941668
331577416 51372868
331577571 54772441
331578062 smallwatermelon
331581937 good9
331583176 zbw413941668 331577376 54772441
331587422 sumi_chan
331590550 bushuoguanyu
331594169 lalayeah 331577571 54772441
331595275 wudijingang
331596405 ninety
331596986 threessi
331601200 1256486
331601614 1256486 331596986 threessi
331602188 zoelu
331602556 threessi 331601614 1256486
331602859 cs1376677
331605197 lavender76
331606188 51478051 331595275 wudijingang
331606201 sunono
331614032 47123022 331577571 54772441
331614949 LDYYY
331616849 lanhejc
331622621 wudijingang
331623605 zouyazou
331623832 51309018
331624682 xueyuans
331627596 43031925 331547795 54772441
331629379 lulalala
331629651 lulalala 331624682 xueyuans
331630196 dengdaiyouyi
331630766 xueyuans 331629651 lulalala
331631089 lulalala 331605197 lavender76
331633936 lulalala 331630766 xueyuans
331634238 melodyshin
331636976 rgn
331637736 simphiwe_zuma
331638421 surms
331639875 smallby2
331640450 MRmushroom
331640463 57231143
331643056 surms 331640450 MRmushroom
331644592 takeabow
331645359 surms 331640450 MRmushroom
331645485 MRmushroom 331643056 surms
331647757 surms
331650142 54772441
331650270 MRmushroom 331647757 surms
331650484 54772441 331596405 ninety
331651848 tooyoungtoodie 331547742 aikocarmen
331651924 44289887
331652642 Catkin.t
331653750 surms
331654179 jj201
331658416 galeno
331662545 46067720
331675303 NONOJIA
331678087 44658588 331577571 54772441
331679549 52104359 331547795 54772441
331717112 54772441 331643056 surms
331717689 54772441 331662545 46067720
331717896 54772441
331718119 fournotfound 331551577 54772441
331718285 47271686
331718300 54772441
331718496 54772441 331718119 fournotfound
331718668 54772441 331718285 47271686
331718961 54772441
331719050 yooyzozo
331719182 yooyzozo
331719375 54772441 331719182 yooyzozo
331719385 47271686
331719665 berryrabbit
331719779 54772441
331719952 Escapisim
331720162 47271686
331720202 yooyzozo 331719779 54772441
331720336 54772441
331721099 54772441
331721336 54772441
331721369 53459236
331724575 yooyzozo
331726599 luoshen
331728854 Annie1990 331549771 44161598
331729273 44161598 331728854 Annie1990
331729462 Aldrberan 331546250 54772441
331732983 Annie1990 331729273 44161598
331738148 44161598 331732983 Annie1990
331738297 akiho
331768285 54772441 331729462 Aldrberan
331775181 Aldrberan 331768285 54772441
331925069 Daisy137 331643056 surms
331928396 Daisy137
331928985 Daisy137
331932423 lingoapple
331945796 lingojj
331947923 evenone
331953681 xiaozuo1
331954728 TracyH
331965644 eudora_one
331970276 51277593
331971707 1830681
331972482 f126
331974418 rushwizard
331980283 yuanyuandeyuan
331980827 3034099
331983033 46067720
331985319 56985874
331987175 XinZee
331987565 XinZee
332022384 surms
332032203 cs1376677 331928396 Daisy137
332051016 Daisy137 332032203 cs1376677
332094182 54772441 331928396 Daisy137
332094579 54772441 331983033 46067720
332095015 54772441 331972482 f126
332095205 54772441 331928985 Daisy137
332153366 Daisy137 332094182 54772441
332155478 Daisy137 332095205 54772441
332158399 Daisy137
332161089 54261683
332164020 missyinxingren
332187182 47664058
332203615 eudora_one
332250680 doctorecho
332270809 shenyiwen 331719779 54772441
332272307 shenyiwen 332203615 eudora_one
332272780 buleann
332273639 jiajias1216
332275112 annielovepink 331559065 56519170
332277998 chiba12
332281544 babakazu
332308902 41222908 331718668 54772441
332311004 42957774
332311854 4089731
332414256 46067720 332153366 Daisy137
332419994 pinkholland
332422456 Daisy137 332414256 46067720
332423553 46067720 332422456 Daisy137
332428899 58421280
332430279 51186887
332431176 49118788
332435396 32336751
332453787 4127239 331577571 54772441
332455006 xiaosai
332455007 37865374
332456029 miehahaha
332460016 greenmuzi
332461013 58716685
332461210 tanyawithjae
332461379 tanyawithjae 332153366 Daisy137
332461492 33731153
332482995 Daisy137 332461379 tanyawithjae
332483221 Daisy137 332423553 46067720
332485142 3381042 331721336 54772441
332510092 41659835
332547409 54772441 332272307 shenyiwen
332547747 54772441 332272780 buleann
332554377 4916696
332932584 46067720 332483221 Daisy137
332971457 42370102
332974544 AvrillA
334779419 56519170 331574684 54772441
334779664 56519170 332275112 annielovepink
334853016 ailsa123 331717689 54772441
334908437 annielovepink 334779664 56519170
334978559 54772441 334853016 ailsa123
