331783583 flandre
331800278 51186887
331802434 wwwlucky
331878135 doctorecho
331879162 4336349
331886120 axax
331981085 FendiMiuMiu
331981436 3034099
331981613 3034099
331982184 LABUMI
331993854 51277593
331997644 holyisland
332094755 doctorecho
332123639 31128234
332148812 dawnca
332152044 56910905
332153462 Janecia
332153961 Janecia
332210084 3034099
332210482 peoplehaha
332210661 59950521
332210869 3048950
332210880 shelockcrc
332211435 48112826
332211623 SIHEishere
332211761 MRmushroom
332213030 summerdoris 332211435 48112826
332213201 mousehunter
332213432 fly2mercury
332213500 rex2xt
332280326 48112826 332213030 summerdoris
332281202 47626361
332424469 axax 332211435 48112826
332436020 32336751
332442253 49118788
332442578 49118788 331993854 51277593
332452707 48112826 332424469 axax
332486858 misshjz
332528192 44843786
383901049 3844555
383903921 doctorecho
410293930 59769605
412303774 49400860
412306904 softerase
412309190 c4127
412329307 mataro
412382460 mysweety
412383396 40369149
412384625 27529170
412386402 murcky
420104910 4152324
420134699 55416234
420137017 4713763 420104910 4152324
420138127 56384949
