333995787 cat13021
333995985 25612347
333996008 44172318
333996570 zhangdadaner
333996824 25612347
333996941 25612347
333996943 wlj2lhx
333997285 25612347
333997384 4257122
333997416 25612347
333997651 25612347
333998373 jingyanwangxue 333997416 25612347
333998606 OliviaKwok0129
333998652 25612347
333998773 25612347
333999532 shrimpxia
334000217 Angiebest 333999532 shrimpxia
334007743 50914333
334011605 k0932
334018460 54544725
334021047 worshipful
334022798 SFY0
334029546 42287387
334029913 58862687
334032832 Kanakubo
334036287 BAILEIS
334036319 lydiahl
334037440 28116106
334039406 sh1j1e
334039851 yokiz
334041466 jxk
334042411 fetisher
334043363 46537179
334044444 55624702
334044719 60011603
334044721 lianwei
334044883 lianwei
334045018 2754802
334045433 45860090
334076513 iheartu
334078212 quarterfish
334078594 57949721
334078944 57949721
334093105 59012402
334095647 bedas
334096253 4659859
334096642 59248665
334096677 wandu
334096834 51575164 333996824 25612347
334097516 cyseal
334099466 KirisameMarisa
334099998 8445113
334102681 heavyline
334134431 T3T
334135446 limaizi
334135804 limaizi
334136270 geleba
334147090 mcheineken
334152053 PILOT.AA
334152900 Lotus-l
334163425 bakaemono
334164162 Gloria2Lei
334164648 3808056
334164951 bakaemono
334164958 icysummer
334165663 bakaemono
334166838 52446857
334198674 opium_poppy
334218843 3331518
334221879 gingerXboulevar
334225045 rx78gp02a
334227931 ilovelost
334262670 25612347
334267786 lydiahl 334227931 ilovelost
334267993 49259931
334299325 geleba 334018460 54544725
334299734 yumengke
334300249 geleba
334596515 4642883
334597158 53505578
334602549 zaishilaozi
334605995 41119824
334609394 ding19840111
334609782 51751964
334616673 kill_the_man
334616753 phoebeinlove
334616838 48342303
334617597 52718034
334623421 mlbaijie
334625210 55325326
334627029 kongfanfan
334628045 a_bai
334628762 37691659
334634703 58716685
334635334 R77
334636817 rabbbbbbit
334637361 4454292
334637643 49583130
334639329 earendel
334639632 earendel 334639329 earendel
414642782 eeyoreyer
414646366 61353438
414647646 AKKing
414648911 Emina
414757252 4711289
337947212 chantelle-ria
338072197 60158885
338072233 60158885
338303753 RANGERS0
338960709 amethyst1218
338982479 gingerXboulevar
338985845 wizzlovediana
340712865 2567280
340717966 H-huan
340723081 timrex
340723634 janesoon0112
340735099 jesscat
340930800 2582296
340933300 MADAY
340939732 bbq2008
342006704 d10bar
342006839 song811
342009926 35089684
342155557 50424224
342178519 lisawang7
351125527 61992915
351125755 penguinfy
351126147 penguinfy 340735099 jesscat
351128358 tahir
351130009 hellofish0723
351130432 jesscat 351126147 penguinfy
351132856 tvxqdan
351301425 53742913 334097516 cyseal
374906687 61724494
374907590 ryleigh
374908024 ryleigh
374917476 KtpgSeven
374950129 luoxianv
385845868 3424199
385864168 60275151 334022798 SFY0
385864729 SleepyEyes
385865075 44327553
385873178 40866436
385894157 4722072
385894672 smyr
385894945 kexinhaha
385895795 64966269
385896621 phoebewxl
385896872 63438910
385898157 52934047
385898711 evilfish
385917483 28559746
385917680 haveuseen
385922728 yangsansannimei
385953205 1179060
389320538 65276678 334616838 48342303
389377289 58619748
389377796 ming891215
389391383 59554243
395555218 44938079
395621319 46915739
400219282 66225893
400225175 64185400
400232458 57667810
401203045 66322799
401203435 2313041
401203934 64535613
401204355 4234091
401205424 3585695
401205690 2313041
401205815 51849050 333998773 25612347
401207916 57359453
401357556 suicidepact
401357814 ZeroCloud
401358288 64684012
401358620 astigmatism
406901139 44575503
406901365 44575503 401205424 3585695
406902536 xihuanqingtdmao
406905239 45495478
406913726 bazingaa
414298016 45093938
414299245 67084981
414300114 32140165
414317681 60210699
414377684 acupo1
414378147 localfields
414407333 dennischon
414407750 44365364
414408467 Oomph927
414409086 jiandao
414411503 64258150 414408467 Oomph927
414418190 tingzhuangkele
414418430 41904603
414420132 57239201
414627818 Oomph927 414411503 64258150
414628930 xiaoyaowang
414629362 8952349
414629897 qinshi3647
414633245 embracet
414633722 Stefanie_28
414637898 3808961
414638808 amrtwong
414640299 47317285
414641318 missfate
