334250716 46862415
334251093 antigen4919
334252246 44746502 334250716 46862415
334252346 44746502 334251093 antigen4919
334253058 44746502
334253471 yina...
334253855 n27n
334254206 48482827
334254690 44746502 334253855 n27n
334254711 yina... 334254206 48482827
334254796 44746502 334254206 48482827
334254892 antigen4919
334255002 antigen4919 334252346 44746502
334255104 48482827 334254711 yina...
334255262 48482827 334254796 44746502
334255356 endless618
334255604 mayo524
334255630 antigen4919 334255104 48482827
334255670 44746502 334255356 endless618
334255842 44746502 334254711 yina...
334255924 44746502 334255604 mayo524
334256023 48482827 334255630 antigen4919
334256033 57971369
334256209 44746502 334255630 antigen4919
334256270 44746502 334256033 57971369
334256353 wjmqy
334256380 mayo524 334255924 44746502
334256640 52287729
334256886 yina... 334256353 wjmqy
334257256 antigen4919 334255356 endless618
334257350 44746502 334256353 wjmqy
334257502 44746502 334256640 52287729
334257759 antigen4919 334255924 44746502
334258490 weiyi05061210
334258519 44746502 334256380 mayo524
334258664 44746502 334258490 weiyi05061210
334258985 weiyi05061210
334259142 48941995
334259357 58104308
334259423 antigen4919
334260000 44746502 334259142 48941995
334260151 44746502 334259357 58104308
334260488 44746502 334259423 antigen4919
334260673 yina... 334259423 antigen4919
334261140 44746502
334262130 44746502
334262346 wjmqy
334262526 48482827
334262570 44746502 334255262 48482827
334262608 48482827
334262739 48482827
334263061 yina...
334263572 44746502 334262526 48482827
334263592 antigen4919
334263769 antigen4919 334262346 wjmqy
334264066 44746502 334262346 wjmqy
334264679 36293772 334262526 48482827
334264783 57056464
334265117 4679010
334265142 54190652
334265245 36293772
334265479 44746502 334262739 48482827
334265716 Lebb
334266824 antigen4919
334267096 44746502 334265716 Lebb
334268154 moooooooooo
334269312 44746502 334268154 moooooooooo
334269694 RUOYUN88
334270074 44746502 334269694 RUOYUN88
334270837 54190652
334272671 44746502 334270837 54190652
334274787 48482827 334264679 36293772
334274809 54190652
334275062 Lebb
334276445 44746502 334275062 Lebb
334276948 45736580
334277159 44746502 334276948 45736580
334277346 antigen4919
334277468 antigen4919 334276948 45736580
334277705 45736580 334277468 antigen4919
334277844 lynngt
334277875 45736580
334278650 44746502 334277346 antigen4919
334278743 44746502 334277844 lynngt
334279277 lynngt 334278743 44746502
334279954 Lebb 334276445 44746502
334280474 antigen4919 334277875 45736580
334280831 44746502 334280474 antigen4919
334280898 antigen4919 334279954 Lebb
334281517 antigen4919
334281704 44746502 334279954 Lebb
334282449 Lebb 334281704 44746502
334282819 45736580 334280474 antigen4919
334283221 summer-fray
334283244 Lebb 334280898 antigen4919
334283440 41907003
334283867 Lebb 334282819 45736580
334286822 antigen4919 334281704 44746502
334287418 antigen4919 334283244 Lebb
334289220 basil.
393785241 sweety811
393785424 sweety811
393832912 32308072
393982008 givenchy_
394127904 donotwatchme
394236435 57560003
394237419 44815697
394406043 44746502 393982008 givenchy_
394406400 44746502 394127904 donotwatchme
394406548 44746502 394237419 44815697
394572956 2236829
395517140 44746502 394572956 2236829
395580824 2236829 395517140 44746502
395633154 shengxaizhilian
395641080 liccccccccc
397380294 dreaming1
397879239 kikomilio
413874281 2558249
414132702 58417357
414134334 58417357
414135660 58417357
414143022 yam-i 414134334 58417357
414175404 4077090
414507508 54065655
414637882 51837513
380125792 helloshine
380126533 55580749
380128653 55580749
380134800 44633848
380138077 5831202
380146147 donotwatchme 380138077 5831202
380155572 5831202 380146147 donotwatchme
380155902 64252120
380157539 3063561
380160305 helloshine 380126533 55580749
380161724 2989996
380162192 vivian_2007
380166526 vivian_2007
380173426 40430381 334279277 lynngt
380255289 39718440
380280713 sage_meng
380317480 donotwatchme 380155572 5831202
380323106 Azure61
380350494 55580749 380160305 helloshine
380373812 2871557 380255289 39718440
380373892 2871557 380323106 Azure61
380374479 lynngt 380173426 40430381
380411404 4396905
380416793 62491966
380418125 39718440 380373812 2871557
380420263 helloshine 380350494 55580749
380439287 44746502 380138077 5831202
380439411 44746502 380157539 3063561
380440266 44746502 380323106 Azure61
380441320 44746502
380441636 44746502 380418125 39718440
380445833 62491966
380446026 luckycll
380446094 blanche77
380449695 44590112
380453371 4396905
380463904 40430381 380374479 lynngt
380464177 40430381 380463904 40430381
380469271 55580749
380474694 lynngt 380463904 40430381
380474888 44746502 380445833 62491966
380475014 44746502 380446026 luckycll
380475382 44746502 380446094 blanche77
380476148 44746502 380469271 55580749
380476162 polanxiaodouduo
380478024 CharlotteKo
380478803 5831202 380317480 donotwatchme
380479042 55580749 380475382 44746502
380479810 5831202 380439287 44746502
380479821 jig68
380480320 63132692
380489663 55580749 380420263 helloshine
380497153 luckycll 380475014 44746502
380502863 62491966 380469271 55580749
380506184 42535636
380574312 donotwatchme 380478803 5831202
380679070 2989996
380682237 62285099
380746987 57113380
380763906 5831202 380574312 donotwatchme
380779898 donotwatchme 380682237 62285099
380780276 donotwatchme 380746987 57113380
380783928 62285099 380779898 donotwatchme
380786514 57113380 380780276 donotwatchme
380792922 40429211
380793973 40429211
380794370 40429211
380796029 40429211
380796990 40429211 380476148 44746502
380797115 40429211
380798649 37061194
380799639 59933089
380801032 40429211
380802936 sabrina.
380812701 37061194 380801032 40429211
380813004 59627620
380868003 55580749 380813004 59627620
380872839 1643493
380887722 donotwatchme 380783928 62285099
380888561 58436709
380891206 47924135
380902859 helloshine 380489663 55580749
380915749 yam-i
380968895 62285099 380887722 donotwatchme
380993982 donotwatchme 380968895 62285099
380996588 62285099 380993982 donotwatchme
380997713 link_cherry
381005661 56106315
381027604 55580749 380888561 58436709
381040705 58436709
381048745 55580749 381040705 58436709
381062473 40429211
381064181 donotwatchme 380996588 62285099
381065430 58436709 381048745 55580749
381136266 44746502 380802936 sabrina.
381131562 39718440 380441636 44746502
381139151 44746502
381131899 44746502 380497153 luckycll
381139482 44746502
381133152 luckycll 381131899 44746502
381146317 nickenzyme
381133369 44746502 380796990 40429211
381150733 44746502 381146317 nickenzyme
381134312 44746502 380888561 58436709
381154224 justforyou
381135777 44746502 380479821 jig68
381216121 nickenzyme 381150733 44746502
381632335 40429211 381133369 44746502
381639085 64025381
381933466 40430381 380474694 lynngt
381934188 40430381
381948114 44746502 381632335 40429211
382476692 40429211 381948114 44746502
386104344 2375473
386155182 48680014
386188760 nowhatever
386196167 nowhatever 380474694 lynngt
386206621 sweety811
386243502 lynngt 386196167 nowhatever
386255913 nowhatever 386243502 lynngt
386313432 lynngt 386255913 nowhatever
386314089 nowhatever 386313432 lynngt
386316078 lynngt 386314089 nowhatever
386317685 nowhatever 386316078 lynngt
386323270 lynngt 386317685 nowhatever
386325729 nowhatever 386323270 lynngt
386327942 lynngt 386325729 nowhatever
386328364 lynngt 386325729 nowhatever
386329377 nowhatever 386328364 lynngt
386352164 4769739
386355588 lynngt 386329377 nowhatever
386358000 echo1s
386361806 nowhatever 386355588 lynngt
387349067 sweety811 381933466 40430381
387349348 sweety811
387349716 sweety811
387349892 sweety811
387350995 sweety811
387351101 sweety811
387399766 yanghuiyi
387459073 46428850
387459596 64996417 334253471 yina...
387602452 40430381 387349067 sweety811
387628552 3568694
387631453 35969779
388806563 sweety811 387602452 40430381
389106838 40430381
389601347 sweety811 389106838 40430381
389603407 Jan1112
391777869 44746502 386358000 echo1s
391778397 44746502 389603407 Jan1112
391778642 44746502 386104344 2375473
391778816 44746502 386358000 echo1s
391778935 44746502 386352164 4769739
391779156 44746502 386155182 48680014
391844198 3464388
391847138 47280565
391849890 44937624
391852280 24025697
391853865 49270432
391860888 63771838
391865365 14799715
391868013 57727697
391877836 51123304
392045055 53383870
392080362 44937624 392045055 53383870
392090410 40430381
392091240 4627979
392092020 4627979
392092698 ochung
392092861 ochung
392096371 nishidabendan
392146376 53383870 392080362 44937624
392153556 fayeye
392154856 49956323
392157653 51965783
392192928 sweety811 392090410 40430381
392204594 lxj995
392306439 3894225
392856190 40430381
393123222 sweety811 392856190 40430381
393127400 56405262
393127778 52292268
393132339 61230062
393135096 58791666
393137507 41485116
393139029 54326785
393139357 ComeOnHongKong
393296659 40430381
393296949 40430381 393139357 ComeOnHongKong
393297473 40430381
393299548 47689006
393302052 44746502 391865365 14799715
393302691 44746502 393139029 54326785
393302794 44746502 393139357 ComeOnHongKong
393302876 44746502 393299548 47689006
393417501 47689006 393302876 44746502
393422680 61751807
393423704 Harry_Guo
393460291 52292268
378509243 jun0728
378510337 60887396
378510746 44746502 378509243 jun0728
378510871 ZZLK
378511413 44746502 378510337 60887396
378511995 jun0728
378516590 44746502 378511995 jun0728
378520870 59593583
378543913 44200531
378544233 m1ng-
378554373 44746502 378543913 44200531
378554715 44746502
378560175 44200531 378554373 44746502
378561593 outsider.k
378563303 40130329
378567261 m1ng- 378554715 44746502
378567397 m1ng- 378554715 44746502
378579581 44746502
378579728 44746502 378560175 44200531
378579805 44746502 378563303 40130329
378580035 2039014
378581223 2039014
378587927 51518724 334277875 45736580
378589181 61289074
378589792 wendy2011
378589874 54750952
378590801 51518724
378592816 44200531 378579728 44746502
378593088 51518724
378593175 decipher
378593305 2039014 378589792 wendy2011
378593793 6443193
378594619 wendy2011 378593305 2039014
378595575 51518724
378790081 58214254
378790805 41515044
378790970 2598581
378824292 44746502 378593175 decipher
378824399 44746502 378595575 51518724
378824482 44746502 378790081 58214254
378824581 44746502 378790805 41515044
378824698 44746502 378790970 2598581
378839678 49196465 378580035 2039014
378840713 49196465 378824698 44746502
378873137 2598581 378824698 44746502
378877233 57903379 378824399 44746502
378878828 donotwatchme
378879681 myselflin
378883208 princess_orz
378899787 liccccccccc
378903432 58214254 378824482 44746502
378910667 47453105
378911378 palyas
378966861 pgdzhua
378968285 sun-chen
379037282 51518724 378966861 pgdzhua
379042045 4391014
379055154 lalamisa
379055587 47370540
379055708 Jeuty1130
379359161 2871557 379055587 47370540
379361384 47370540 379359161 2871557
379364413 4732828
379545081 44746502 378878828 donotwatchme
379545341 44746502 378883208 princess_orz
379546112 44746502 379364413 4732828
379571083 4732828 379546112 44746502
379581427 donotwatchme 379545081 44746502
379582086 51596458
379657812 2871557 379571083 4732828
379675477 4732828 379657812 2871557
379677400 bolodeagua
379777946 2871557 379675477 4732828
379782711 1946137
379785426 zhimakaixiamen
379787394 helloshine
379789276 63380754
379789458 4242739
379789754 63380754
379790039 54851757
379790384 nana101312
379791140 missiisa
379798179 wh5028139
379799040 wh5028139 379790384 nana101312
379799577 wh5028139
379813867 hundunchaos
379821623 lxj995 379813867 hundunchaos
379821747 lxj995
379894551 40970497
379959196 44746502 379813867 hundunchaos
379959909 44746502 379894551 40970497
379962774 yaxuan1113
379964750 5643394
379967034 onlylaura
379972209 5643394 379967034 onlylaura
379979160 48151856 334258490 weiyi05061210
380070392 weiyi05061210 379979160 48151856
380076125 in710 378589792 wendy2011
380117689 44746502 379581427 donotwatchme
380118015 44746502
334289480 44746502 334282449 Lebb
334290006 44746502 334289220 basil.
334290347 52077201
334290565 Lebb 334287418 antigen4919
334291669 zisukaka
334291676 datouming
334292290 44746502 334291676 datouming
334292537 44746502
334292917 basil. 334290006 44746502
334293420 zisukaka
334293696 44746502 334292917 basil.
334293955 basil. 334293696 44746502
334294654 zisukaka 334293696 44746502
334299458 45736580
334303148 44746502 334299458 45736580
334303406 in710 334278650 44746502
334303993 48342303
334304081 45736580 334303148 44746502
334313565 antigen4919 334303406 in710
334315077 58716685
334323661 godnightoldtime
334328712 44746502 334303406 in710
334328816 44746502 334303993 48342303
334329501 44746502 334315077 58716685
334330394 44746502 334323661 godnightoldtime
334330531 58716685
334331458 48342303 334330531 58716685
334332000 fencebach
334332240 ymcgdll
334332317 44746502 334330531 58716685
334332861 44746502 334332000 fencebach
334827441 38962733
334827449 38962733
334832664 krisheaven 334254796 44746502
334833907 57669506
334836273 41902926
334837632 52669861
335003860 54845404 334263572 44746502
335133627 44746502 334827441 38962733
335134136 44746502 334836273 41902926
335134248 44746502 334837632 52669861
335136087 52669861 335134248 44746502
335157755 19776587
336331035 shinemodarel
336337804 moli801
336518181 44746502 336337804 moli801
336520787 alwayssleepy
336524559 yyamandaq
336525208 ah__fei 334277875 45736580
336699155 44746502 336524559 yyamandaq
355914032 lo_lee
355914741 i67146285
356181186 44746502 355914032 lo_lee
356186389 62388230
356186866 leec
356187462 55554169
356190237 59864392
356190599 2892545 356187462 55554169
356190682 2892545 356190237 59864392
356191125 2892545 334280474 antigen4919
356191952 59864392 356190682 2892545
356191979 55554169 356190599 2892545
356192190 30630336
356192427 2892545 356191952 59864392
356192759 2892545 356191979 55554169
356193660 39718440
356194721 55554169
378074471 44746502 356187462 55554169
378074575 44746502 356190237 59864392
378074684 44746502 356192190 30630336
378074930 44746502 356193660 39718440
378085096 huozhaieve
378088064 49919817
378089301 60887396
378090591 2871557 356193660 39718440
378090822 2871557 378085096 huozhaieve
378091316 huozhaieve 378090822 2871557
378093426 2871557 378091316 huozhaieve
378093785 huozhaieve 378093426 2871557
378095239 2871557
378098672 4526547
378100464 damfool
378107858 44745121
378132535 49919817
378162261 2871557
378175332 45797710
378301488 47133748
378317640 Mala.
378356161 3577394
378374319 JinSeraph
378374726 miumiusudafen
378374971 43563199
378506093 44746502 378088064 49919817
378506402 44746502 378100464 damfool
378506508 44746502 378132535 49919817
378506770 44746502 378317640 Mala.
378506860 funnylibra
378506907 44746502 378356161 3577394
378507385 44746502 378506860 funnylibra
378508835 44746502 378089301 60887396
