334888148 bdbdbdbdbd
334894101 3248231
334894976 dsnep
334895456 57536464
334895775 kfcmoumou
334895886 kfcmoumou 334888148 bdbdbdbdbd
334896280 bdbdbdbdbd 334895886 kfcmoumou
334896539 patty86927
334896650 kfcmoumou 334896280 bdbdbdbdbd
334897989 57978551
334898675 41941688
334898878 af1103
334901129 xionngmeng
334907431 57978551
334908690 43869163
334908749 4089731
334908843 41941688
334909610 ZenKi1122
334914909 57978551
334948056 effingnausea
334957352 vighead 334897989 57978551
411987448 2518953
