337182169 akirayou
337182172 wangzili
337182365 3449203
337182754 4485819
337182899 44962758
337182928 4485819
337183163 44962758
337183239 yvonne718
337183302 44962758
337183976 yvonne718
337184314 loveicy
337184725 44962758
337185346 44962758
337185756 diszhuangbility
337186485 44962758
337186545 liujiaru00
337187077 44962758
337187274 44962758
337939495 chantelle-ria
338072141 60158885
338089358 FSRMD
338089870 57150910
338092740 4371750
338371109 44962758
338371358 44962758
338371897 44962758
338373023 AnnieSue
338413064 44962758
338415869 So.so.Mo.
338419707 Lyisheng
338426711 fyself
338432075 lilyhong1015
338436618 weiyi05061210
338454850 60133950
338709043 44962758
338709219 asplin707
338709305 44962758
338709779 44962758
338710081 queenj1107
338710154 44962758
338710278 44962758
338710384 queenj1107
338710509 44962758
338710526 43255020
338710657 queenj1107
338710719 44962758
338710961 44962758
338710983 44962758
338711112 asplin707 338710278 44962758
338711115 43255020
338712180 44962758
338712461 Seven.F
338713011 44962758
338713487 layla_orz
338740747 44962758
338745341 44962758
338767893 yexiaomeng
338769361 1754879
338772868 47095192
338775721 Cain_
338778129 3775968
338779663 44962758
338779936 44962758
338780172 47514656
338780439 44962758
338781151 44962758
338808151 aiam
338810981 snakewangjin
338819667 44962758
338820022 44962758
338821103 in710
338821541 38065369
338842830 loveicy
338856873 57631780
338861544 47102105
338862843 zhuwushuang
338864688 55578277
338874051 aiam 338819667 44962758
338875382 40932341
338876811 40932341
338893802 aiam
338894292 spirit-x 337185346 44962758
338897258 53024343 338861544 47102105
338897513 kittyyc
338897716 kittyyc
338902767 snakewangjin 338820022 44962758
338904549 1754879 338779936 44962758
338905309 2508576
338905926 50443634
338906837 57432269
338907587 45943737 337187274 44962758
338908480 babyneonsay
338914922 44962758
338915300 44962758
338915951 51022511
338917513 44962758
338918058 44962758
338918895 44962758
338919886 O-N-S
338920562 44962758
338921071 sandsaysusan
338921587 47598115
338922019 44962758
338923507 48171112
338925372 3274511
338925477 2715660
338948367 O-N-S
338952964 47102105
338988134 layla_orz
338996645 sammy_sxm
339012703 catmian
339015578 1519267
339017734 54914759
339021004 44962758 338808151 aiam
339022504 44962758 339015578 1519267
339022826 44962758 339015578 1519267
339024368 44962758 339012703 catmian
339024826 44962758 338996645 sammy_sxm
339024850 3093209
339026041 44962758 338988134 layla_orz
339026488 sammy_sxm 339024826 44962758
339027329 lusi182
339027949 38779901
339028496 44962758 338952964 47102105
339028743 44962758 338948367 O-N-S
339029511 44962758 338925477 2715660
339030217 44962758 338921071 sandsaysusan
339030848 momo-w
339031101 49329383
339031758 50864151
339032751 44962758 338923507 48171112
339033175 44962758 339027949 38779901
339033417 44962758 339027329 lusi182
339033929 zhangmengru 337182172 wangzili
339034538 4618718
339034835 potatozhuang 338711112 asplin707
339035102 44962758 339026488 sammy_sxm
339036050 sammy_sxm 339035102 44962758
339036148 44962758
339036335 47277417
339036370 44962758 339033929 zhangmengru
339036834 44962758 339036335 47277417
339037124 kleer
339037388 44962758 339036050 sammy_sxm
339037725 1608850
339037986 44962758 339037124 kleer
339038244 AnnieSue
339038429 kleer 339037986 44962758
339039307 44962758 338905926 50443634
339039388 44962758 337939495 chantelle-ria
339039432 asui_cx
339039595 44962758 338089358 FSRMD
339039739 44962758 338371897 44962758
339040294 44962758 338454850 60133950
339040460 44962758 338710081 queenj1107
339040562 44962758 338842830 loveicy
339040949 44962758
339041246 44962758
339041302 44962758 338897513 kittyyc
339041870 dawnbeauty
339041878 dawnbeauty
339042222 45620096
339043079 olivialeemin
339043401 miuradaichi
339052087 kittyyc 339041302 44962758
339053701 catmian
339061343 44921603
339066062 2316673
339069999 cando
339070910 3599228
339072331 zhuwushuang 339040949 44962758
339074596 48171112 339032751 44962758
339078155 Lan1993
339080526 ariel17
339088505 44962758 339037725 1608850
339091168 lizza
339102970 52566898
339139916 44962758 339043079 olivialeemin
339140465 60133950 339040294 44962758
339141548 44962758 339039432 asui_cx
339142919 olivialeemin 339139916 44962758
339143486 44962758 339102970 52566898
339143962 44962758 339091168 lizza
339145261 44962758 339080526 ariel17
339147159 44962758 339078155 Lan1993
339147721 44962758 339070910 3599228
339148128 44962758 339043401 miuradaichi
339148489 44962758 339052087 kittyyc
339148989 44962758 339053701 catmian
339149707 44962758 339061343 44921603
339149968 44962758 339066062 2316673
339150255 miuradaichi 339148128 44962758
339150474 44962758 339069999 cando
339150735 44962758 339150255 miuradaichi
339151515 44962758 339072331 zhuwushuang
339151523 flandre
339151997 44962758 339074596 48171112
339152585 44962758 339142919 olivialeemin
339154011 GutenTag
339154145 44962758 339151523 flandre
339154326 babyruirui
339154365 44962758 339154011 GutenTag
339154692 GutenTag
339154878 44962758 339154326 babyruirui
339154900 44763247
339155593 44962758
339155603 babyruirui 339154878 44962758
339155875 44962758 339154900 44763247
339156336 suannai
339156386 GutenTag
339156517 44763247 339155875 44962758
339157463 44962758 339155603 babyruirui
339157863 babyruirui 339157463 44962758
339158986 44962758 339156517 44763247
339159414 44962758 339157863 babyruirui
339160526 GutenTag
339160621 44962758 339156386 GutenTag
339162486 56225666
339164296 44962758 339162486 56225666
339164610 kinkiman
339165856 56225666 339164296 44962758
339165896 33614839
339195526 lizza
339212357 kittyyc
339212457 kittyyc
339213375 O-N-S
339218494 47514656
339222938 42033789
339226284 1754879 338914922 44962758
339226531 amphisin
339235262 33326759 337185346 44962758
339247399 48171112 339151997 44962758
339257122 aicher
339266177 chentontongtong 338371358 44962758
339418994 chantelle-ria 339039388 44962758
339461599 44962758 339164610 kinkiman
339461987 44962758 339165896 33614839
339462391 44962758 339195526 lizza
339462763 44962758 339212357 kittyyc
339462929 44962758 339165856 56225666
339463313 44962758 339213375 O-N-S
339463771 44962758 339218494 47514656
339464963 44962758 339226284 1754879
339465188 44962758 339226531 amphisin
339465295 44962758 339226531 amphisin
339466240 44962758
339466488 44962758 339257122 aicher
339467100 kittyyc 339462763 44962758
339467151 44962758
339467389 44962758 339467100 kittyyc
339467640 44962758 339418994 chantelle-ria
339470482 3546538
339472302 44962758 339470482 3546538
339478069 kinkiman 339461599 44962758
339501881 44962758 339478069 kinkiman
339503484 44962758 338426711 fyself
339503803 44962758 339157863 babyruirui
339509105 38779901 339033175 44962758
339509396 38779901
339512010 44962758 339509105 38779901
339513675 44962758 339509396 38779901
339514186 chentontongtong 339467151 44962758
339515219 44962758
339516075 chentontongtong 339515219 44962758
339519316 PM2330
339529249 1754879 339464963 44962758
339533022 44962758 339519316 PM2330
339533162 44962758 339529249 1754879
339544213 47514656 339463771 44962758
339548603 kinkiman 339501881 44962758
339550417 1754879
339589145 45567853
339594250 marieeee
339594527 34496344
339597348 44962758 339594250 marieeee
339597501 44962758 339594527 34496344
339600869 marieeee 339597348 44962758
339616814 44962758 339548603 kinkiman
339617332 44962758 339550417 1754879
339618504 kinkiman 339616814 44962758
339619957 44962758 339589145 45567853
339620805 44962758 339600869 marieeee
339789200 44962758 339618504 kinkiman
339794772 44860635
339930178 48659986
340164685 44962758 339930178 48659986
340164887 44962758 339794772 44860635
340222554 Xus27
340224293 Arielma
340224857 55848165
340226910 openflowers
340226994 44962758 340226910 openflowers
340227547 44962758 340224857 55848165
340228883 44962758
340228978 44962758 340224293 Arielma
340234925 SSQBS
340259559 amphisin 339465188 44962758
340263945 over_cast
340283267 hanaslove
340291567 Arielma 340228978 44962758
340293766 44962758 340291567 Arielma
340293940 44962758 340283267 hanaslove
340294169 44962758 340234925 SSQBS
340294635 iloveicecream
340309540 Arielma 340293766 44962758
340311900 44962758
340326959 44962758 340263945 over_cast
340327367 44962758
340327810 44962758 340259559 amphisin
340360261 44330676
340429328 44962758
340444181 amphisin 340327810 44962758
340487273 44962758 340444181 amphisin
340491658 44330676 340429328 44962758
340498796 44962758 340491658 44330676
340565532 44330676
340793746 44962758 340565532 44330676
340800221 derketzer
340804973 xinyuemogu
340822107 46274191
340822493 46274191
340945530 4485819
340953704 30256158
341418879 44962758 340800221 derketzer
341419916 44962758 340822107 46274191
341439834 shirleyniuniu
342046222 44962758 340800221 derketzer
342046763 44962758 341439834 shirleyniuniu
342047498 44962758 340953704 30256158
342047667 44962758 340945530 4485819
342048022 44962758 340822107 46274191
342048460 44962758
342050287 piabalr
342109695 30256158
342148497 59461692
342150482 44962758 342148497 59461692
342151015 44962758 342109695 30256158
342159498 30256158
342161455 44289887
342295424 44962758 342159498 30256158
342295709 44962758 342161455 44289887
342304906 30256158
342413849 44289887 342295709 44962758
342561572 44962758 342413849 44289887
342566663 nan517
342567126 44289887 342561572 44962758
342568287 44962758 342567126 44289887
342854557 47271686
342857724 36465257
342857886 melodyshin
343371024 44962758
343371474 44962758
343456604 44962758
343574136 33614839
343584321 44962758 343574136 33614839
343585237 alicttino
343590143 44962758 343585237 alicttino
343719943 46274191 342048022 44962758
343721553 40793798
343730137 52494768
343980238 44962758 343719943 46274191
344151309 44962758 343721553 40793798
344155738 Carnivalmr
344158999 40793798 344151309 44962758
344159177 z2011
344162909 44962758 344158999 40793798
344162963 44962758 344159177 z2011
344163255 44962758 344155738 Carnivalmr
344189659 z2011 344162963 44962758
344193221 justforyou
344223851 1519267
344235411 44962758
344236411 44962758 344189659 z2011
344236772 44962758 344193221 justforyou
344237747 44962758 344223851 1519267
344371021 44962758
344372311 49093008
344423568 47238371
345140078 52959273
345150135 Xus27
345409275 44962758 345150135 Xus27
345409698 44962758 345140078 52959273
345410041 44962758 344423568 47238371
345410956 44962758 344372311 49093008
345440305 Xus27 345409275 44962758
345460318 3638309
345470438 snakewangjin 345460318 3638309
345478645 4336349
345482117 50662246 338920562 44962758
345485874 50662246 339147721 44962758
345556790 3638309 345470438 snakewangjin
345628312 snakewangjin 345556790 3638309
345641889 44962758 345440305 Xus27
345742101 44962758 345478645 4336349
345742236 44962758 345485874 50662246
345743141 44962758 345482117 50662246
345744079 44962758 345470438 snakewangjin
345845468 4336349
346029579 59131799
346433190 44962758 345845468 4336349
346433892 44962758 346029579 59131799
346445847 4336349
346620042 44962758 346445847 4336349
346766093 4336349
347056869 44962758 346766093 4336349
347089324 4336349
347266224 44962758 347089324 4336349
347611096 44962758
347634052 2498446
347659869 44962758 347634052 2498446
347700576 44903285
347700950 52204484
347821792 44962758 347700950 52204484
347822552 4588395
347831662 52204484
347837108 40394680
347843669 52204484
347849456 3351048
347850144 44811675
347854543 emmy00080
347871990 48877572
347879051 loli2ta
347879143 loli2ta
347966185 44962758
347966369 44962758 347822552 4588395
347967658 44962758 347831662 52204484
347968355 44962758 347843669 52204484
347968534 44962758 347849456 3351048
347969031 44962758 347850144 44811675
347969455 44962758
347969751 44962758 347871990 48877572
347970461 44962758 347879051 loli2ta
347971213 eneason
347975255 44962758 347971213 eneason
347975280 50539506
347978527 44962758 347975280 50539506
347987181 3922883
347993305 Aviss
347995444 4703476
347996401 yeyiyi
347998246 MamuDD
348000532 mangojoan
348082642 52204484
348199867 loveariel
348219270 loli2ta
348222952 echo_skateboard
348223240 echo_skateboard
348230959 athene_12
348231128 athene_12
348235479 4209484
348301700 44962758 348235479 4209484
348302418 daisy_cheung
348399740 4209484 348301700 44962758
348438673 paranoia_
348484946 48898653
348519085 2217024
348868316 44962758
348868603 44962758
348869214 44962758 347993305 Aviss
348869384 3922883 348868316 44962758
348869903 44962758 347995444 4703476
348872163 44962758 347998246 MamuDD
348872712 44962758 348082642 52204484
348872947 44962758 348199867 loveariel
348873196 44962758 348219270 loli2ta
348873977 44962758 348223240 echo_skateboard
348874373 44962758 348231128 athene_12
348874589 44962758 348302418 daisy_cheung
348875140 44962758 348399740 4209484
348876198 44962758 348438673 paranoia_
348877267 44962758 348484946 48898653
348877544 44962758 348519085 2217024
348879633 44962758 348869384 3922883
348900066 4209484 348875140 44962758
348968661 loveariel 348872947 44962758
348987888 60192538
348989409 Lenita
348992247 echo_skateboard
348993330 46342143
349015813 49946364 339088505 44962758
349033553 tangmingqi
349108351 44962758 348900066 4209484
349108731 44962758 348968661 loveariel
349109524 44962758 348989409 Lenita
349110368 44962758 348992247 echo_skateboard
349110515 44962758 348993330 46342143
349112260 44962758 348987888 60192538
349112665 44962758 349033553 tangmingqi
349113858 tangmingqi 349112665 44962758
349117822 seminterrato
349134285 Lenita 349109524 44962758
349170021 1390841
349195874 10779014
349236164 echo_skateboard 349110368 44962758
349238344 echo_skateboard 349112665 44962758
349240690 pamela-7
349242172 pamela-7
349243157 irina1125
349244068 57967944
349244112 57967944
371087478 38590551
371102977 44962758 371087478 38590551
371103437 44962758
371111554 38590551 371102977 44962758
371113073 dadadawang
371121729 4258574
371126695 48268082
371166343 loveariel
371167194 becky2005199
371169248 seven000
371172293 58583608
371179446 38590551 371102977 44962758
371190581 Shirleyyoo
371194249 summerrum
371273858 Shirleyyoo 371190581 Shirleyyoo
371274578 NONOJIA
371279476 lzy_tc
371280295 enjoyYClee
371303456 63627619
371303551 63627619
371310098 62479836
371310132 62479836
371355032 44962758 371310098 62479836
371355550 44962758 371303551 63627619
371355791 44962758 371280295 enjoyYClee
371419803 63627619 371355550 44962758
371440295 2819888
371450548 44563677
371554674 44962758 371450548 44563677
371619319 Shirleyyoo
371620746 62789105
371848213 destroy
371848489 destroy
372005777 44962758 371111554 38590551
372009941 44962758 371169248 seven000
372010330 44962758 371113073 dadadawang
372011526 44962758 371121729 4258574
372012013 44962758 371166343 loveariel
372012676 44962758 371167194 becky2005199
372013148 44962758 371179446 38590551
372013450 38590551 372013148 44962758
372013859 44962758 371190581 Shirleyyoo
372014780 44962758
372015626 44962758 371274578 NONOJIA
372016272 44962758 371194249 summerrum
372016848 44962758 371279476 lzy_tc
372018537 nolava
372018942 44962758 371419803 63627619
372019969 44962758 371440295 2819888
372020614 44962758 372018537 nolava
372021606 44962758 371620746 62789105
372022200 44962758 371848213 destroy
372022434 44962758 371848489 destroy
372022502 nolava
372024003 dianar
372025800 44962758 372022502 nolava
372026294 44962758 372024003 dianar
372030059 destroy 372022200 44962758
372030398 dianar
372040239 surrealbutnice
372059024 58468257
372059661 58468257
372070685 43262256
372099357 44962758 372040239 surrealbutnice
372124988 Shirleyyoo 372013859 44962758
372125067 Shirleyyoo 372099357 44962758
372126872 2112382
372142062 corvi
372196622 4258574 372011526 44962758
372197244 62102252
372274932 loveariel 372012013 44962758
372289929 44962758 372197244 62102252
372290218 44962758 372124988 Shirleyyoo
372290324 44962758 372125067 Shirleyyoo
372290541 44962758 372126872 2112382
372290805 44962758 372196622 4258574
372291364 44962758 372030059 destroy
372292149 44962758 372070685 43262256
372292262 44962758 372059661 58468257
372319763 50798252
372345195 44962758 372319763 50798252
372355679 49871738
372374542 sherawong
372379309 58468257 372292262 44962758
372379542 sherawong
372429706 38590551
372446948 59808113
372462380 sixturn
372482222 63627619
372521272 4258574 372290805 44962758
372536891 50781623
372583816 50781623
372621962 44962758
372622651 44962758 372379309 58468257
372623557 44962758 372429706 38590551
372624110 44962758
372624286 44962758 372462380 sixturn
372624718 44962758 372521272 4258574
372624880 44962758 372482222 63627619
372625816 44962758 372583816 50781623
368272347 ksummer
368366239 3681582 337182899 44962758
368391994 41921387 337187274 44962758
368399636 41921387
368406168 hollymolly
368414950 44962758
368415148 44962758
368415767 44962758
368478071 44962758 368272347 ksummer
368478162 44962758 368406168 hollymolly
368480638 season.lin 368415767 44962758
368481400 44962758 368480638 season.lin
368708399 59692788
368724081 44962758 368708399 59692788
368727285 2405643
368736925 63170379
368859633 3146345
368886148 57740807
368888803 54928189
368889908 l.x
368964427 44962758 368859633 3146345
368964641 44962758 368886148 57740807
368965340 44962758 368889908 l.x
369014002 57740807
369033086 51767312
369042678 44962758 369014002 57740807
369043233 44962758 369033086 51767312
369045003 49352639
369049920 43208563
369124994 57740807
369130153 3146345
369525952 51767312
369545708 3582442
369614428 46384217
369825009 44962758 369045003 49352639
369825138 44962758
369825256 44962758 369124994 57740807
369825519 44962758 369545708 3582442
369825575 44962758 369614428 46384217
369825980 44962758 369525952 51767312
369826802 44962758 369130153 3146345
369830921 43208563 369825138 44962758
369839822 44962758 369830921 43208563
369878876 43208563 369839822 44962758
369880729 44207002
369882085 55427837
369895718 34708293
369923561 51767312 369825980 44962758
370010571 ggaolijia
370064880 44962758 370010571 ggaolijia
370065201 44962758 369878876 43208563
370065451 44962758 369880729 44207002
370065723 44962758 369882085 55427837
370065846 44962758 369923561 51767312
370066494 43208563
370152390 43262256
370166726 44962758 370066494 43208563
370166870 44962758 370152390 43262256
370184572 aguoni
370186744 56363755
370515656 44962758
370526769 gyq
370590744 3327561
370740757 44962758 370590744 3327561
370741185 44962758 370526769 gyq
370742064 51251908
370753144 56309040
370753149 56309040
370763366 44962758 370753144 56309040
370763686 44962758 370742064 51251908
370820135 4258574
370901880 loveariel
370903772 summerrum
370910500 52459694 338920562 44962758
370913004 52459694 339024368 44962758
370918483 44962758 370820135 4258574
370919035 44962758 370910500 52459694
370919709 44962758 370901880 loveariel
370919978 44962758 370903772 summerrum
370926597 49409693
370933190 loveariel
370934314 summerrum
370971553 4799644
370997959 4258574
371013464 58758166
371018488 38590551
371043632 dadadawang
371056301 44962758 370926597 49409693
371057137 44962758 370933190 loveariel
371058214 44962758 370934314 summerrum
371059063 44962758 370971553 4799644
371059175 44962758 371043632 dadadawang
371059838 44962758 370997959 4258574
371062526 44962758 371018488 38590551
371062894 44962758 371013464 58758166
371065542 loveariel 371057137 44962758
371069743 44962758 371065542 loveariel
371079554 38590551
371082690 44962758 371079554 38590551
371086198 4258574
349525545 44962758 349117822 seminterrato
349526186 44962758 349243157 irina1125
349526736 44962758 349134285 Lenita
349527533 44962758 349240690 pamela-7
349527855 44962758 349242172 pamela-7
349528579 44962758 349236164 echo_skateboard
349529051 44962758 349195874 10779014
349529426 irina1125 349526186 44962758
349529465 44962758 349170021 1390841
349530641 44962758 349529426 irina1125
349530727 44962758 349244112 57967944
349540604 seminterrato 349525545 44962758
349585590 echo_skateboard 349528579 44962758
349592569 seminterrato 349585590 echo_skateboard
349613022 sabrina.
349613463 sabrina.
349615292 irina1125
349759049 pamela-7 349527533 44962758
349759530 pamela-7
349799480 Spencer_z
349826422 loveariel
349826775 ysbs
349836933 44962758 349826775 ysbs
349837378 ysbs 349836933 44962758
349840939 44962758 349585590 echo_skateboard
349841540 44962758 349837378 ysbs
349841740 44962758 349592569 seminterrato
349842386 44962758 349613022 sabrina.
349842710 44962758 349615292 irina1125
349843232 44962758 349759530 pamela-7
349843614 44962758 349799480 Spencer_z
349843908 ysbs 349841540 44962758
349844528 sisisiwen
349844536 44962758 349826422 loveariel
349844613 44962758 349843908 ysbs
349844695 44962758 349844528 sisisiwen
349845022 44962758 349540604 seminterrato
349857600 anan0609
349860039 irina1125 349842710 44962758
349860977 seelion
349864854 mouniu
349867687 zoneinair
349873038 53919232
349894864 sabrina.
349907809 seminterrato 349845022 44962758
349916654 loveariel
350462168 44962758 349916654 loveariel
350462362 44962758 349857600 anan0609
350462477 44962758 349860039 irina1125
350463401 44962758 349864854 mouniu
350463511 44962758 349860977 seelion
350466217 44962758 349867687 zoneinair
350466517 44962758
350466667 44962758 349894864 sabrina.
350468890 44962758 349907809 seminterrato
350470546 loveariel 350462168 44962758
350470976 41394663
350471296 gogokate
350471567 44962758 350470976 41394663
350513122 44962758 350471296 gogokate
350515076 44962758 338907587 45943737
352110019 44962758
352728338 2715660
350517569 irina1125 350462477 44962758
353017160 44962758 352728338 2715660
350533333 surourou
353222235 44962758
353225677 apanting
350560286 seelion 350463511 44962758
354268997 44962758 353225677 apanting
350602592 44962758 350517569 irina1125
354354192 1754879
354355167 56754325
350602733 44962758 350533333 surourou
354402611 45260638
350682838 irina1125 350602592 44962758
354417711 43917205
354450904 Sabire
350720347 44962758 350682838 irina1125
354524911 1946137
350727283 44962758 350470976 41394663
351176187 apanting
355829616 44962758 354402611 45260638
351191635 44962758 351176187 apanting
355829705 44962758 354524911 1946137
355829770 44962758 354417711 43917205
351192173 44962758 350560286 seelion
351201617 44962758 339030848 momo-w
355829914 44962758 354355167 56754325
351202024 44962758
355830041 44962758 354354192 1754879
351202984 44962758 339157863 babyruirui
355847852 43917205 355829770 44962758
355866013 43031212
351203307 44962758 339164610 kinkiman
355880446 44962758 355847852 43917205
351205038 kinkiman 351202024 44962758
355880651 44962758 355866013 43031212
351205212 44962758
351205358 44962758 351205038 kinkiman
355883971 43917205 355880446 44962758
355892825 59102910
351205863 44962758 340224293 Arielma
355895718 buku675hot
351206244 44962758 340565532 44330676
355896428 4695427
351206456 44962758 340822493 46274191
355974332 z2011 355829616 44962758
355982495 Anni21
355990906 hhuiru
356020503 1946137 355829705 44962758
351207113 44962758 342567126 44289887
356085452 40591995
351207527 44962758 345478645 4336349
356086357 love19347310
351207960 44962758
356088637 hanaslove
356088796 qingyunT
351208432 44962758 344223851 1519267
356109635 40707287
351213455 44962758 350471296 gogokate
356131923 44962758 356088796 qingyunT
351218075 2715660
356132040 44962758 356109635 40707287
351305719 cilyn
351306212 cilyn
356133676 44962758 356088637 hanaslove
351327773 maxduxinyue
356133761 44962758 356086357 love19347310
351335945 44962758 351218075 2715660
356133832 44962758 356020503 1946137
351336998 44962758 351305719 cilyn
356134080 44962758 356085452 40591995
351377856 44962758 351327773 maxduxinyue
356134248 44962758 355974332 z2011
351699578 44962758
356140395 44962758 355895718 buku675hot
351767740 44962758
360835182 49841014
351783987 48767589
360882048 43607054
356141471 44962758 355982495 Anni21
351783989 48767589
360952863 44962758 360835182 49841014
351784021 48767589
360956122 qingtian1213
356143113 44962758 355892825 59102910
351869764 44962758 351783987 48767589
360975074 2924163
361197043 44962758 360956122 qingtian1213
356143511 44962758 355883971 43917205
361288584 61988311
356148533 qingyunT 356131923 44962758
361318969 qingtian1213 361197043 44962758
356164026 effyhan
361456824 44962758 360882048 43607054
356166139 44962758 356148533 qingyunT
361499019 49841014 360952863 44962758
356184066 43917205 356143511 44962758
356227640 qingyunT 356166139 44962758
356228457 swimyu
356332037 lsc920
356348930 44962758 356228457 swimyu
361539955 44962758 361499019 49841014
356349580 44962758 356227640 qingyunT
361540780 44962758 360882048 43607054
356349665 44962758 356184066 43917205
361542184 44962758 361499019 49841014
361542578 lingoapple
356349792 44962758 356184066 43917205
361543406 44962758 361542578 lingoapple
356350012 44962758 356332037 lsc920
361782865 44962758 361288584 61988311
356972093 59102910 356143113 44962758
361786213 envy13
357570945 49020147
361788119 Love766
358069706 52870521
358083871 47570520
358319585 44962758 356972093 59102910
361948207 44962758 361786213 envy13
358321395 44962758
358321707 44962758 358069706 52870521
358322910 44962758
358395513 rapperline
358481393 44962758 358395513 rapperline
358580232 47570520
361948841 44962758 361788119 Love766
358601056 61808231
361959384 envy13 361948207 44962758
358957625 44962758 358580232 47570520
361973813 44962758 361959384 envy13
359416182 59165174
359422553 j8023y
361976057 envy13 361973813 44962758
359476922 44962758 359416182 59165174
361980544 springl31120
359485008 4172455
361980670 1325412
359485417 4172455
361983731 50756908
359500195 44962758 359422553 j8023y
362246951 44962758 361976057 envy13
359500290 60594215
362247314 44962758 361980670 1325412
359505560 44962758 359485417 4172455
362254237 2890012
359505810 48903565
362264157 3796092
359506101 44962758 359500290 60594215
362377245 44962758 361983731 50756908
359506263 44962758 359505810 48903565
362394985 52849867
359506957 48903565
362815218 Love766 361948841 44962758
359508072 44962758 359506957 48903565
359512156 48903565
362978471 44962758 362394985 52849867
359515095 44962758 359512156 48903565
362978584 44962758
359518981 60594215 359506101 44962758
363056484 Love766 362978584 44962758
359519380 44962758 359518981 60594215
363064423 matilda0633
359524221 34924062
363064700 matilda0633
363143133 xianuannuan
360107443 44962758 359524221 34924062
363186567 snady 339154365 44962758
360259510 44962758 352728338 2715660
360276202 52157777
363386345 44962758 363056484 Love766
360450393 44962758 360276202 52157777
363387340 44962758
360512443 40591995
363390769 matilda0633 363387340 44962758
360514933 49841014
363659583 44962758
360736625 44962758 360514933 49841014
360736968 44962758 360512443 40591995
363797891 44962758 363390769 matilda0633
360743909 61592696
363841355 58436709
360820556 49841014 360736625 44962758
363842227 44962758 363841355 58436709
360831934 44962758 360743909 61592696
363846281 60657345
360832121 44962758 360820556 49841014
363927025 Rick-M
363927202 Rick-M
363951539 44962758 363927025 Rick-M
363951829 44962758 363846281 60657345
364025579 58436709 363842227 44962758
364116532 iamlucia
364165168 44962758 364025579 58436709
364165381 44962758 364116532 iamlucia
364191250 16220796
364197150 solo3421
364198339 44962758 364191250 16220796
364237794 58436709 364165168 44962758
364246806 sil0417
364250130 iamlucia 364165381 44962758
364250490 31035506
364304238 44962758 364237794 58436709
364304482 44962758 364250130 iamlucia
364305726 44962758
364306059 44962758 364250490 31035506
364311039 iamlucia 364304482 44962758
364319102 sil0417
364325446 44962758 364311039 iamlucia
364431489 iamlucia 364325446 44962758
364726749 44962758 364431489 iamlucia
364727068 44962758 364319102 sil0417
364765125 huodashu
364915998 44962758 364765125 huodashu
365145997 44962758 364197150 solo3421
365179518 61583627
365577146 44962758 365179518 61583627
365669052 54996869
365669556 54996869
365740386 15560290
366173365 42997923
366191874 44962758 365669052 54996869
366192020 44962758 365669556 54996869
366192427 44962758 365740386 15560290
366294560 54996869
366298873 sailormoon821
366309512 44962758 366294560 54996869
366309948 44962758 366298873 sailormoon821
366523001 44962758 366173365 42997923
367641223 44962758
367666114 tenten1031 339035102 44962758
367702521 58036434
367977693 44962758
367977960 44962758 367702521 58036434
367978742 48333371
368065434 44962758 367978742 48333371
368098788 FebZ
368116376 tenten1031 367977693 44962758
368153038 season.lin
372627022 38590551
372627353 44962758 372627022 38590551
372627865 38590551
372637385 59808113
372643913 44962758 372627865 38590551
372644073 44962758 372637385 59808113
372675896 sherawong
372683704 44962758
372686948 boya180958101
372722227 sherawong
372990276 surrealbutnice
373011649 44962758
373011896 44962758 372686948 boya180958101
373012000 44962758 372990276 surrealbutnice
373319060 44962758 372355679 49871738
373320515 makara1992
373320518 nutbean
373329683 38590551 373011649 44962758
373338559 44962758 373320518 nutbean
373339058 44962758 373329683 38590551
373339143 44962758 373320515 makara1992
373340412 48270203
373340858 38590551 373339058 44962758
373342050 4379120
373366936 iamrighthere
373399924 nutbean 373338559 44962758
373408331 60144512
373424843 44962758 373340412 48270203
373457241 62846635
373484252 juicy_z
373964828 2890012
374161269 44962758 373399924 nutbean
374161613 44962758 373340858 38590551
374162328 44962758 373366936 iamrighthere
374165068 44962758 373457241 62846635
374166348 44962758 373964828 2890012
374170071 zhuanzhuan1219
374188151 2890012
374210044 44962758 374170071 zhuanzhuan1219
374216383 45158081
374226621 always3minutes
374228804 50667649
374232603 52693633
374344575 52459694 370919035 44962758
374789593 irisman
374818492 lxshoneycat 337183302 44962758
374818939 lxshoneycat 374818492 lxshoneycat
374827488 44962758 374216383 45158081
374827731 44962758 374228804 50667649
374827812 44962758 374228804 50667649
374828036 44962758 374232603 52693633
374828582 44962758 374789593 irisman
374828997 44962758 374818492 lxshoneycat
374829331 44962758 374818939 lxshoneycat
374833175 cc.chou
374888194 44962758 374833175 cc.chou
374956294 62964548
375115020 44962758 374956294 62964548
375120396 50382492
375128701 44962758 375120396 50382492
375138907 63405603
375210967 44962758 375138907 63405603
375218688 47533910 339029511 44962758
375223910 44962758 375218688 47533910
375267346 47533910 375223910 44962758
375280113 VI-VI-VI
375281926 VI-VI-VI
375356110 ciciaigigi
375444677 44962758 375280113 VI-VI-VI
375445504 44962758 375281926 VI-VI-VI
375445773 44962758 375356110 ciciaigigi
375452433 ciciaigigi 363797891 44962758
375475159 45158081
375478301 44962758 375452433 ciciaigigi
375478534 44962758 375475159 45158081
375480262 48500745
375533856 58966212
375630299 45158081
375884108 44962758 375452433 ciciaigigi
375884435 44962758 375475159 45158081
375884919 44962758 375480262 48500745
376335400 44962758
376341032 39713045
376344042 58966212
376346761 44962758 376344042 58966212
376347268 44962758
376418231 over_cast
376456834 59708392
376600844 44962758 376418231 over_cast
376601117 44962758
376686595 44962758
376775758 over_cast 376600844 44962758
376780847 44962758 376775758 over_cast
377039901 44962758
377040565 3596792
377115514 4421027
377118551 43279805
377128621 xchan
377317117 44962758 377128621 xchan
377317534 44962758 377118551 43279805
377318503 xchan 377317117 44962758
377324664 44962758 377318503 xchan
377326255 xchan 377324664 44962758
377326497 44962758 377326255 xchan
377358227 52544152
377360377 47453105
377364805 43025689
377375203 44962758 377358227 52544152
377375531 44962758 377360377 47453105
377401981 46408678
377420450 44962758 377401981 46408678
377420612 44962758 377401981 46408678
377987805 44962758 377364805 43025689
378597562 44962758
378663255 64381717
378707170 54143037
378708547 41675235
378736701 oringinal.
378743033 4389142
378873241 saveur2002
378875050 youmurinn
378976843 44962758 378707170 54143037
378977022 44962758 378875050 youmurinn
378977154 44962758 378736701 oringinal.
378977584 44962758 378663255 64381717
379064400 youmurinn 378977022 44962758
379093012 44962758 379064400 youmurinn
379093279 44962758 378708547 41675235
379093931 44962758 378873241 saveur2002
379094428 44962758 378743033 4389142
379095069 youmurinn 379093012 44962758
379097098 oh_tina
379097927 oh_tina
379099529 44962758 379097927 oh_tina
379099790 44962758 379095069 youmurinn
379102267 runrunrabbit
379108034 61423113
379108972 youmurinn 379099790 44962758
379111376 oh_tina
379308536 44962758
379308842 44962758 379102267 runrunrabbit
379309021 44962758 379108034 61423113
379347203 61755037
379387934 runrunrabbit 379308842 44962758
379556536 44962758 379387934 runrunrabbit
379559063 51486594 338709779 44962758
379559740 51486594 339028743 44962758
379561119 ceningcening
379706937 44962758 379559740 51486594
379707173 44962758 379561119 ceningcening
379707322 runrunrabbit 379556536 44962758
379707489 44962758 379559063 51486594
379707867 44962758 379707322 runrunrabbit
379709418 44962758 379347203 61755037
379713584 4668021 339040294 44962758
379767430 54851757
379775592 49270432
379847953 50955241
379883649 44962758 379775592 49270432
379883766 44962758 379847953 50955241
380029474 50955241 379883766 44962758
380319835 3213573
380582510 44962758 380029474 50955241
380582648 44962758 380319835 3213573
380583022 44962758 379713584 4668021
380583142 44962758 379767430 54851757
380805515 44962758
380845734 ideepbreath
380893329 44962758 380845734 ideepbreath
380999642 51599084
381166714 44962758 380999642 51599084
381182456 ideepbreath 380893329 44962758
381192811 58229297
381193453 58229297
381242811 51599084 381166714 44962758
381259550 ksummer
381261867 sharonchang1 379709418 44962758
381270106 qwemnb123
381376612 44962758
381377159 44962758 381182456 ideepbreath
381378083 sharonchang1 381376612 44962758
381378121 44962758 381193453 58229297
381378789 44962758
381379872 44962758 381242811 51599084
381385349 44962758
381386009 44962758 381270106 qwemnb123
381399609 62836793
381406107 ksummer 381385349 44962758
381409814 47767147
381410307 ksummer
381472944 ideepbreath 381377159 44962758
381589589 51599084 381379872 44962758
381715030 44962758 381589589 51599084
381715251 44962758 381472944 ideepbreath
381715718 44962758 381399609 62836793
381717452 44962758
381812833 ideepbreath 381715251 44962758
381841438 27678356
382000983 44962758 381812833 ideepbreath
382004162 40275357
382006929 60211094 339147159 44962758
382069188 greenmuzi
382360317 44962758 382006929 60211094
382740987 58978571
382951644 Yan323
382963613 ideepbreath 382000983 44962758
383024534 44962758 382963613 ideepbreath
383024884 44962758 382740987 58978571
383026447 44962758 382069188 greenmuzi
383026941 44962758 382004162 40275357
383030765 omf_
383038079 geleiqing
383109882 44962758 383038079 geleiqing
383125697 58978571 383024884 44962758
383289315 26413465
383289972 y-u-q-i
383369473 44962758 383125697 58978571
383385381 freckles112
383401426 44962758 383289315 26413465
383402226 44962758 383289972 y-u-q-i
383402359 44962758 383385381 freckles112
383415333 2062524
383467468 44962758 383415333 2062524
383467636 44962758 383415333 2062524
383470474 2062524 383467636 44962758
383471134 44962758 383470474 2062524
383479547 juno1990
383767681 44962758
383925022 qianqian_tang
383930890 46981172
383950595 58794497
383951051 48151856
384428591 43344621
384635968 55990696
384642039 45241449
384683197 deer-zhao
385008815 46981172
385174149 59821219
385480679 44962758 385008815 46981172
385480748 44962758 384642039 45241449
385480800 44962758 384635968 55990696
385481015 44962758 384428591 43344621
385481074 44962758 383950595 58794497
385481268 44962758 383925022 qianqian_tang
385481384 44962758 383951051 48151856
385481774 celialihuiting
385510487 4087774 338709779 44962758
385518440 52315730
385520348 57289058 339029511 44962758
385523259 39384796
385524151 42874903
385537417 46981172
385742393 44962758 385518440 52315730
385743007 44962758 385524151 42874903
385743125 44962758 385537417 46981172
385743422 44962758 385523259 39384796
385757718 52315730 385742393 44962758
385800200 58048729
385818131 prince9
385908531 46981172 385743125 44962758
386050983 felicitouslife
387571000 48151856 385481384 44962758
387615944 56707104
387640976 44962758 385800200 58048729
387641233 44962758 385908531 46981172
387926591 60830433
387927735 zhangquezi
388285626 sherawong
389518827 46981172 387641233 44962758
389532598 44962758 386050983 felicitouslife
389532837 44962758 389518827 46981172
389534411 44962758 387615944 56707104
389534565 44962758 387927735 zhangquezi
389535432 44962758 388285626 sherawong
389795722 zhangquezi 389534565 44962758
389811686 46981172 389532837 44962758
389847999 44962758 389811686 46981172
391027626 44962758 389795722 zhangquezi
391168507 44962758
391248913 zhangquezi 391027626 44962758
391483116 65217615
391995638 4710568
392121674 44962758 391248913 zhangquezi
392122519 44962758 391483116 65217615
392123315 44962758 391995638 4710568
392244020 62037331
392255771 zhangquezi 392121674 44962758
393320866 44962758 392255771 zhangquezi
393321126 44962758 392244020 62037331
393393150 zhangquezi 393320866 44962758
393393238 zhangquezi 393393150 zhangquezi
393395598 3505386
396045360 40587550
396233027 44962758 396045360 40587550
396233854 44962758 393395598 3505386
396234026 44962758 393393238 zhangquezi
396237056 35665029
396551004 44962758 396237056 35665029
396637698 xwhite
396734916 3505386 396233854 44962758
412669105 ss0305dd0812
412669520 44962758
412669823 44962758
412669924 44962758 412669105 ss0305dd0812
412670484 55801593
412674628 45831112
412679301 52471140
412694552 shadowdl
413077652 mmdmdd 338710278 44962758
413337961 47787817
413701698 52783587
413764721 freakingkid
413789931 4457767
413806879 44962758 413764721 freakingkid
413807024 44962758 412674628 45831112
413810645 64749372
413811303 44962758 413810645 64749372
413811697 64749372 413811303 44962758
414173362 67518959 413811303 44962758
414313007 44962758 414173362 67518959
414317360 48443594
414369670 ziliuziliu
414370331 57940081
414509192 pansycheng
414513179 43219836
415896056 44962758
415896287 44962758
415896360 44962758 414509192 pansycheng
415896628 44962758 414513179 43219836
415905685 3159155 338864688 55578277
415915081 57940081 415896287 44962758
415919503 44962758 415905685 3159155
415919649 ziliuziliu 415896056 44962758
415920059 44962758
415920521 44962758 415919649 ziliuziliu
415922318 57940081 415920059 44962758
415922790 44962758
415923745 ziliuziliu 415920521 44962758
415925540 44962758 415923745 ziliuziliu
415929864 ziliuziliu 415925540 44962758
415930979 43219836 415896628 44962758
415939896 futangzhi
415971982 44962758 415930979 43219836
415972139 44962758 415939896 futangzhi
415973186 4690389
415977363 50545152 337185346 44962758
415978119 43219836 415971982 44962758
416337094 Panda.C
416337311 Panda.C 415972139 44962758
416345498 50870784
416387450 chentontongtong 416337094 Panda.C
416475236 54979545
416479115 shushudai
416482048 54979545
416484885 54979545
416485043 60079264
416564826 Panda.C 416387450 chentontongtong
416578609 44962758 415929864 ziliuziliu
416578942 44962758
416579413 44962758 415978119 43219836
416587952 44654649
416694619 mmdmdd 337185346 44962758
416695427 mmdmdd 337183302 44962758
416706495 mmdmdd
416709137 mmdmdd 339032751 44962758
416719779 66127287
416727755 shao1900
416893987 48254108
416956037 42372536
416956924 25896998
417148047 57189040
417149044 bettyvicious
417158000 yoyoj
417159493 with-ryo
417173128 4118592 339032751 44962758
417505164 52640952
417625033 49876660
418509428 SIHNee4ever
419072098 3883741
419175979 rosalavigata
419452295 44825088
419926565 futangzhi
419992078 60156763 370763366 44962758
419993401 yuriiiii
419995474 4282976 338918895 44962758
419997188 52571472
404576922 pawofsky
404592077 Gdhzjwxj
404600679 58669946
404625669 2816389
404635234 45564980
404653568 2146697
405118987 65364332
405129772 50096153
405363987 45564980
405532762 61939288
405630783 44962758 404576922 pawofsky
405631197 44962758 404592077 Gdhzjwxj
405631613 44962758 404600679 58669946
405631805 44962758 404625669 2816389
405631877 44962758 404635234 45564980
405632076 44962758 404653568 2146697
405632213 44962758 405118987 65364332
405632307 44962758 405129772 50096153
405632870 44962758 405363987 45564980
405633284 58669946 405631613 44962758
405640964 57166946
405663752 Gdhzjwxj 405631197 44962758
405664113 44962758 405633284 58669946
405664349 44962758 405640964 57166946
405681796 58669946 405664113 44962758
405705897 50756908
405706874 pawofsky 405630783 44962758
405898081 49746557
406724952 57166946 405664349 44962758
406737185 49404236
406740682 44098580
406745021 57080206
406858116 54291569
406902671 44962758 406858116 54291569
406902912 44962758 405681796 58669946
406903113 44962758 405705897 50756908
406903173 44962758 405706874 pawofsky
406903443 44962758 405898081 49746557
406903527 44962758 406724952 57166946
406904109 44962758 406737185 49404236
406904216 44962758 406740682 44098580
406904301 44962758 406745021 57080206
406905583 54291569
406910678 58669946 406902912 44962758
407070443 49404236
407171418 44962758 407070443 49404236
407175520 53242458
407291296 44962758 406910678 58669946
407291449 44962758 407175520 53242458
407316384 50756908 406903113 44962758
407319526 53242458 407291449 44962758
407321230 suixi43
407451795 49404236
407452347 49404236
407778523 3806842
408019591 59165174
409343379 44962758 408019591 59165174
409344305 44962758 407778523 3806842
409344554 44962758 407319526 53242458
409344718 44962758 407316384 50756908
409528177 1708380
409536711 49061717
409553132 35644976
410034636 44962758 409536711 49061717
410042062 49061717 410034636 44962758
410064054 45502770
410066273 44962758 410042062 49061717
410066446 44962758 410064054 45502770
410120109 Mstella
410198939 37308437
410488129 saisas
410674540 44825088
410678680 61939288
410683414 61445864
410713111 60300095
410759712 44962758 410683414 61445864
410759794 44962758 410678680 61939288
410762548 44962758 410120109 Mstella
410762744 44962758 410198939 37308437
410763365 44962758 410488129 saisas
410772764 shero-
410794391 Mstella 410762548 44962758
410814409 nuanshu0707
410826467 45831112
410966702 EudoraEJ
411526801 58979932
411799975 36065536
411807571 nico_jiang
411830023 52507108
411835486 kerf
412014787 37308437 410762744 44962758
412666325 44962758 410772764 shero-
412666891 44962758
412667448 44962758
412668149 44962758 410966702 EudoraEJ
412668478 44962758 411526801 58979932
412668790 44962758 411799975 36065536
412668938 44962758 411807571 nico_jiang
412669032 ss0305dd0812
412669050 44962758 411830023 52507108
396735309 3505386
396745695 8016345
397124121 39713045
397591547 44962758 396637698 xwhite
397593756 44962758 397124121 39713045
397660816 53992473
397754168 53911685
397755919 cheanol
397872360 xwhite 397591547 44962758
398024268 44962758 397872360 xwhite
398033068 38838630
398139166 xwhite 398024268 44962758
398332869 candia
398335166 dancerking
398460245 44962758 397660816 53992473
398460393 44962758 398139166 xwhite
398460620 44962758 398332869 candia
398461060 44962758
398512188 53215723
398516879 eden1009
398714210 candia 398460620 44962758
398725746 64347458
398744357 63474229
398747447 57478739
399091662 dancerking
399108405 60164771 338373023 AnnieSue
399109489 songguodaren
399109561 pima_y
399160792 muorhaha
399812471 44962758 398512188 53215723
399812822 44962758 398516879 eden1009
399813146 44962758 398714210 candia
399813801 44962758 398725746 64347458
399813864 44962758 398744357 63474229
399814013 44962758 398747447 57478739
399814615 44962758
399815020 44962758 399109489 songguodaren
399815145 44962758 399109561 pima_y
399996994 eden1009 399812822 44962758
400041552 64347458
400317328 66234198
400319440 66234198
400907790 61345958
400960690 45320054 399812471 44962758
401225548 pawofsky
401455613 66234198
401457504 61685120
401457732 61685120
401678400 chouchoudian
401690420 57189040
401691302 57189040
402475461 4517897
402804151 44962758 402475461 4517897
402804408 44962758 401691302 57189040
402804748 44962758 401457732 61685120
402804848 44962758 400960690 45320054
402804959 44962758 401225548 pawofsky
402805246 44962758 399996994 eden1009
402808845 44962758 400317328 66234198
402809465 44962758 400907790 61345958
402809642 44962758 400317328 66234198
402811890 weijing1989
402819407 51341744
402822435 pawofsky 402804959 44962758
402829208 57220492
402840626 3073972
402840861 58669946
402859514 4712594
402872684 50355719
402879694 2576167 346433190 44962758
402898837 Gdhzjwxj
402901415 sinlish
402936671 43506522
403060211 2816389
403064095 39592296
403088446 eden1009 402805246 44962758
403106589 3415186
403106856 3415186
403124063 34047716
403131688 notworry
403136350 zoeloveherself
403267299 2146697
403273709 4517897
403722723 61345958
403820538 65364332
403829222 44962758 403722723 61345958
403829621 44962758 403106856 3415186
404571124 44962758 403820538 65364332
404571221 44962758 403273709 4517897
404571734 44962758 403267299 2146697
404572019 44962758 403136350 zoeloveherself
404572266 44962758 403131688 notworry
404572648 44962758 403060211 2816389
404572935 44962758 402901415 sinlish
404573242 44962758 402898837 Gdhzjwxj
404573496 44962758 402872684 50355719
404573935 44962758 402840861 58669946
404574142 44962758 402840626 3073972
404574408 44962758 402822435 pawofsky
404574708 44962758 402819407 51341744
