337386163 2394369
337386338 38805578
337386673 mycrueldays 337386338 38805578
337386834 mycrueldays 337386163 2394369
337387257 HDJCCarter
337387439 coralwei
337387596 mycrueldays 337387257 HDJCCarter
337387947 mycrueldays 337387439 coralwei
337392393 eojessie
337392761 1816481
337395748 mycrueldays 337392761 1816481
337395953 mycrueldays 337392393 eojessie
337396002 57824721
337396251 eojessie 337395953 mycrueldays
337396392 liang9527
337397166 mycrueldays 337396392 liang9527
337397394 mycrueldays 337396002 57824721
337397902 47516178
337397918 57824721 337397394 mycrueldays
337398689 mycrueldays 337397902 47516178
337398920 mycrueldays 337397918 57824721
337399449 57824721 337398920 mycrueldays
337399743 47514656
337400276 mycrueldays 337399743 47514656
337400727 mycrueldays 337399449 57824721
337401461 47514656 337400276 mycrueldays
337401681 iwantyou 337400727 mycrueldays
337401742 57824721 337400727 mycrueldays
337401757 3406899
337401849 goldvest
337401977 mycrueldays 337401461 47514656
337402144 48819425
337402220 mycrueldays 337401849 goldvest
337402223 darlinfish 337395748 mycrueldays
337402383 mycrueldays 337401742 57824721
337402482 mycrueldays 337402223 darlinfish
337402659 mycrueldays 337402144 48819425
337402854 47514656 337401977 mycrueldays
337402902 mycrueldays 337401757 3406899
337402981 mycrueldays 337402854 47514656
337402987 1816481 337395748 mycrueldays
337403032 57824721 337402383 mycrueldays
337403681 mycrueldays 337402987 1816481
337403940 mycrueldays 337403032 57824721
337405916 47514656 337402981 mycrueldays
337406291 mycrueldays 337405916 47514656
337406789 47514656 337406291 mycrueldays
337407117 mycrueldays 337406789 47514656
337407421 57273867
337407887 42955568
337408304 mycrueldays 337407421 57273867
337408774 Yi_June
337409332 Yi_June
337409354 mycrueldays 337408774 Yi_June
337409498 mycrueldays 337409332 Yi_June
337409588 56100847
337410167 mycrueldays 337409588 56100847
337410732 42244815
337411004 57273867 337408304 mycrueldays
337411277 mycrueldays 337411004 57273867
337412017 57273867 337411277 mycrueldays
337412049 shen1119
337412779 mycrueldays 337412017 57273867
337412922 mycrueldays 337412049 shen1119
337414470 57273867 337412779 mycrueldays
337414599 56100847 337410167 mycrueldays
337415170 mycrueldays 337414599 56100847
337415297 mycrueldays 337414470 57273867
337415777 1683096
337415864 besthhui
337415964 rabbitsheila
337416238 besthhui
337416283 mycrueldays 337415777 1683096
337416557 mycrueldays 337415964 rabbitsheila
337416900 mycrueldays 337416238 besthhui
337417030 mycrueldays 337415864 besthhui
337417300 47514656 337407117 mycrueldays
337417500 besthhui 337416900 mycrueldays
337417636 47514656
337417885 mycrueldays 337417300 47514656
337417911 besthhui 337417030 mycrueldays
337417995 mycrueldays 337417636 47514656
337418104 47514656 337417885 mycrueldays
337418167 mycrueldays 337417500 besthhui
337418206 mycrueldays 337418104 47514656
337419490 47514656 337418206 mycrueldays
337420374 mycrueldays 337419490 47514656
337421894 47514656
337422008 47514656
337422514 49696567
337423307 mycrueldays 337422008 47514656
337423804 47514656
337424270 mycrueldays 337423804 47514656
337425312 47514656 337424270 mycrueldays
337425543 47514656
337426131 mycrueldays 337425543 47514656
337428453 47514656 337426131 mycrueldays
337428695 2810760
337429596 mycrueldays 337428695 2810760
337429653 mycrueldays
337430764 1683096
337431683 cloverxy
337431840 57273867 337415297 mycrueldays
337432143 mycrueldays 337431683 cloverxy
337432216 1816481
337432508 mycrueldays 337432216 1816481
337434845 1816481
337439077 mycrueldays 337434845 1816481
337443541 dearmia
337445327 kongfanfan 337400727 mycrueldays
337445721 mycrueldays 337445327 kongfanfan
351996578 4692709
351997424 61471121
352048952 cccvv
415992708 42327393
415999756 42327393
