337784851 fuyezhi
337784999 2965769
337785057 onamiu 337784851 fuyezhi
337785158 56783564
337785208 onamiu 337784999 2965769
337785226 zz.luxixi
337785316 fuyezhi
337785331 51181999
337785359 21234528
337785362 missbushui
337785472 onamiu
337785491 WXXSUCKS
337785513 55518436
337785531 3079236
337785538 milkdaddy
337785579 gxxx
337785774 yyliuliang
337785855 2965769
337785866 vany7
337785886 undergroundbabe
337786022 huyangchuan
337786074 oSalome
337786150 33487671
337786355 yyliuliang
337786458 peterduus
337786540 little_universe
337786658 52129136
337786673 1138846
337786719 beibeiwang
337786879 onamiu 337786458 peterduus
337786963 onamiu
337787069 onamiu 337786673 1138846
337787243 onamiu 337786719 beibeiwang
337787269 37741173
337787280 33487671
337787305 MandyChiang
337787460 52129136 337786963 onamiu
337787664 3034062
337787674 onamiu 337787460 52129136
337787774 joseyeh
337787843 47863223
337787850 onamiu
337787900 Monica_Huang
337787919 atlasmohan
337787935 onamiu 337787774 joseyeh
337787973 mslll
337788009 3034062
337788013 peterduus
337788028 53798843
337788126 52129136
337788144 3529317
337788272 sarahshady
337788311 onamiu
337788349 joseyeh
337788434 onamiu
337788504 onamiu 337788144 3529317
337788523 Ashx
337788720 buxiong1211
337788766 surehope
337788848 44633848
337789002 tomatooooo
337789099 3049380
337789142 yangchengjie
337789179 onamiu 337788766 surehope
337789233 Anti-psycho
337789347 surehope 337789179 onamiu
337789622 52129136
337789826 ziw
337789849 52300762
337789883 onamiu 337789142 yangchengjie
337790083 Monica_Huang 337788720 buxiong1211
337790233 Monica_Huang
337790552 onamiu 337790233 Monica_Huang
337791128 jiaoshou
337791212 ROCHINA
337791231 lake64
337791435 yangchengjie
337791507 yzj8971
337792341 sugar-t
337792374 onamiu 337791128 jiaoshou
337792453 iamjct
337792471 onamiu
337792498 53798843
337792927 1975297
337793302 40945119
337793369 joshang
337793542 60356323
337794114 lutoss
337794912 44415246
337795173 onamiu 337792498 53798843
337795422 hugoL
337795818 desire19840311
337796601 3529317 337788504 onamiu
337796834 40945119
337797635 47461006
337797833 littlesheep1222
337797862 54640101
337797916 4744208
337798075 princess9flower
337798172 3775403
338063347 36785903
338063691 36785903
338063891 36785903
338063991 36785903
338064336 eisntobe
338064708 36785903
338064839 14201569 338063891 36785903
338065060 andrecrcx
338065222 14201569
338065372 36785903
338065559 36785903
338065854 36785903
338066154 36785903
338067004 shaorouzong
338067179 36785903
338069675 43622503
338070444 4344897
338075021 54640101
338076312 qianisland
338076923 luoxiaochu
338077502 FendiMiuMiu
338078431 1455033
338079165 48862812
338079231 i9eiw2wv5w
338080460 59331971
338085673 14456791
338091993 eisntobe 338076923 luoxiaochu
338099155 41941688
338102761 takarailia 337786150 33487671
338103398 3976092
338107867 Scaredzeng
338111045 LivingEveryday
338115406 luoxiaochu 338091993 eisntobe
338116215 luoxiaochu
338118392 54034884
338118845 HduanH
338118910 Chhdd
338122085 1874863
338122543 lowkey7
338123487 3741713
338123563 lowkey7 338122085 1874863
338123628 57316684
338123948 zoewcy
338124094 lowkey7 338123487 3741713
338125083 lily_3
338125199 lenglanfish
338127989 i9eiw2wv5w
338133220 3741713
338133727 katharineou
338135046 60576175
338144163 Fanglingyan
338148485 52979901
338151078 nomansland
338151551 believeingod
338152418 eisntobe
338152861 sweet-killer
338156913 imAbe
338160528 60256133
338180798 13211130
338182028 silverzjr
338182755 48862812
338183260 48862812 338151551 believeingod
338183811 fuuuuuuck
338183814 47683257
338191188 sweet-killer 338182755 48862812
338193240 AYASMILE
338198675 59103798
338198928 mokalynn
338225550 lovepencil
338228137 qyschloe
338236350 16652998
338238562 tangfenkon
338253097 onamiu
338253338 onamiu 338067004 shaorouzong
338253750 onamiu 338118845 HduanH
338254663 41843535
338257715 shaorouzong
338260571 58465277
338264322 47133748
338267926 40427888 338079231 i9eiw2wv5w
338268086 42496032
338268386 40427888 338156913 imAbe
338269484 1157509
338271048 onamiu 338079231 i9eiw2wv5w
338272028 xoxoredds
338273331 2339590
338273767 2339590
338274740 MissSweety
338275039 william777
338275735 2339590 338067004 shaorouzong
338277697 cs1376677
338278042 cs1376677
338278232 shaorouzong 338275735 2339590
338278672 anpinglu
338291856 48862812 338278042 cs1376677
338308575 cs1376677 338291856 48862812
338311837 48862812 338308575 cs1376677
338312367 3237425
338316960 4916696
338319423 56557758
337798300 4744208
337798806 4514240
337798922 43941069
337798928 issacwong
337801574 27406418
337801920 yixiaomian 337798928 issacwong
337801928 VIS_BANN
337802004 27406418
337802868 45763046
337805049 tuoxiege
337805961 preston8105
337806040 53863725
337806382 thomas173
337806771 shmilyzsy
337806894 42325678
337806983 54621642
337807188 fishvv
337814017 novice823
337816163 47352504
337827391 onamiu 337798928 issacwong
337827780 onamiu 337816163 47352504
337827918 onamiu
337828960 iloveicecream
337829155 novice823
337829281 onamiu 337828960 iloveicecream
337829604 iloveicecream
337829906 onamiu 337829604 iloveicecream
337830096 37723417
337830315 1421235
337830834 2411618
337831258 2411618
337831588 zenochang
337831872 54034884
337832042 54034884
337832232 16870721
337832477 54034884
337832598 16870721
337832731 58088401
337832780 2411618
337832974 16870721
337833172 2411618
337833232 14456791
337833514 16870721 337833172 2411618
337833642 54034884
337833678 darlinfish
337833727 2411618
337833858 yyllol
337833883 16870721
337834040 54034884
337834065 2411618
337834085 hhtytgfgg
337834089 bbat
337834310 2411618
337834409 xiaochan1012
337834488 typhique
337834490 48532700
337834509 16870721
337834840 54034884 337834310 2411618
337834869 sotae
337834886 37585751
337835020 16870721
337835085 2411618
337835370 2411618
337835417 dogkingcatqueen
337835541 16870721 337835085 2411618
337835642 2411618
337835745 onamiu 337834409 xiaochan1012
337835783 saint-or-devil
337835807 16870721
337835819 47269920
337835876 paka4
337835975 54261683
337836372 april26
337836660 49562647
337836826 relax
337836838 onamiu 337835975 54261683
337836942 onamiu 337835876 paka4
337836985 hk110
337836995 minicatss
337837013 16870721 337798172 3775403
337837350 16870721
337837370 shanshanlaichi0
337837465 rathers
337837788 48862812
337838028 onamiu 337837788 48862812
337838134 44330676
337838198 ZhuYangMin
337838269 onamiu 337837465 rathers
337838292 c20491111
337838351 48862812
337838485 Silence61
337838687 bendanxiaoniu
337838847 bluedestiny
337839282 52404211
337839356 fun4ever
337839556 vivavivaya
337839980 51809905
337840997 littlestthings
337841085 4513317
337841562 onamiu 337839556 vivavivaya
337893973 ch221622
337894165 54640101
337894837 59334462
337895588 48862812
337895851 48862812
337897948 42495249
337899296 xinyuemogu 337894165 54640101
337899334 deckel
337899888 tonychou
337899980 48862812
337900580 54640101 337899296 xinyuemogu
337901275 zhuhengheng
337901369 zhuhengheng
337901559 40622850
337901794 deckel
337901799 54640101 337901275 zhuhengheng
337902357 Aldrberan
337903023 mrrrrr
337903125 57478739 337893973 ch221622
337903734 yuriiiii
337904240 tonychou 337901369 zhuhengheng
337905907 xinyuemogu
337907568 49293730
337907792 mans
337909488 54410019
337912826 54640101 337905907 xinyuemogu
337916164 36966596
337917130 xinyuemogu
337917428 sounimei
337917520 byorange
337918140 orzeric
337919114 Oyys
337919887 50985659
337920033 datouming
337927189 sokin
337927917 zhuhengheng 337904240 tonychou
337928054 zhuhengheng 337920033 datouming
337928134 zhuhengheng
337931940 tonychou 337927917 zhuhengheng
337934448 bigteeth
337939870 39804632
337941017 bbclh1
337941676 4344897
337942892 hismile
337943444 thisisdaisy
337947634 14201569
337949225 53312765
337949977 52540071
337950151 lingoapple
337952798 lamo.mars
337954404 54640101 337917130 xinyuemogu
337956342 mushengjie
337958448 heqiaoshuai
337961011 44174679 337909488 54410019
337962409 54410019 337961011 44174679
337964986 clearcloud
337967066 imajin
337967618 shuishuihyl
337971307 33950042 337958448 heqiaoshuai
337975383 45488962 337791435 yangchengjie
337975608 47088903
337976251 54367063
337976817 christa1989
337978015 45485992
337978086 iamlanshan
337982914 yangchengjie 337975383 45488962
337984555 1715604
337986232 sopadepollo
337988126 Seven.F
337989342 3706316
337991516 14456791
337993549 14456791
337994143 crazylr9 337790083 Monica_Huang
338009511 40622850 337941676 4344897
338010708 58504842
338026537 60350911
338030396 OTT
338032070 44143707
338033255 2064300
338033281 56119326
338045154 60146530
338047113 onamiu 337917520 byorange
338047368 onamiu
338048101 onamiu 338032070 44143707
338048395 44143707
338048577 onamiu
338048912 onamiu
338049261 onamiu
338050273 onamiu
338053487 willlogion
338054745 onamiu
338055529 vancheung
338055882 56078180
338058112 zenochang
338058661 peterduus
338059748 sleep.
338060241 Jasmine_hapi
338062376 36785903
338062560 36785903
338062811 jyamolmiry
337841650 onamiu 337838847 bluedestiny
337841718 yvoneye
337842037 govsux
337843047 hakes
337843446 48084963
337843600 48862812 337842037 govsux
337843694 doubanchidabian
337844158 vivavivaya
337844203 govsux 337843600 48862812
337844594 58175343
337844911 40622850
337845345 rathers
337846163 hhtytgfgg 337833727 2411618
337846795 leunghk
337847154 35819210
337847441 llxyx
337847840 xshine
337848101 52162319
337848126 youcom
337848639 organum
337848778 zhuhengheng
337848983 zhuhengheng
337849174 zhuhengheng 337839556 vivavivaya
337849258 4202007
337849306 humengyu
337849468 zhuhengheng
337849497 1645878
337849839 53307349
337850259 4267527
337850871 lychya
337851286 zhairen
337851659 april41
337851820 38552055
337852159 20180586
337852221 52669861
337852801 xiaoblack
337852870 40427888
337853269 40427888 337851659 april41
337853433 marginal24
337854086 x4Evan
337854122 42490916
337854463 44174679
337854671 landflower
337854890 40427888 337854463 44174679
338320076 lowkey7
337855071 yuxiaofan
338320345 lowkey7
338320399 lowkey7
337855855 44174679 337854890 40427888
337856782 zuiaidaluobo
338325591 40622850
337856931 48314810
338325723 jinneechino
338329019 dasauto
337857292 60133950
338331518 July520
337857394 maanni
337857626 48819425
338363139 lowkey7 338331518 July520
338365726 i9eiw2wv5w
337859215 2411618 337854890 40427888
338370088 8445113
337860963 60133950
338371704 32054056
337861646 40427888 337844911 40622850
338371730 32054056 338365726 i9eiw2wv5w
337862265 2481602
337862534 outline_
338376413 36785903 338325591 40622850
338376623 36785903
337864397 44174679 337859215 2411618
338398023 oo-vivian
337865449 60212590
337867379 50590335
338399351 sissifan
337869441 40622850 337861646 40427888
338401545 realist 337786150 33487671
337870426 jjrabbitbaby
338402096 36457443
337871782 28561748
338451867 44415246
337872286 msyukin
338453463 4767201
337872711 amo-li
338460865 imAbe 338268386 40427888
337876490 whatafuckwoman
338464764 51476179
337878291 48731776
337878453 41900725
338487519 July520
337878506 oversleep
338491962 47142853
337878906 9463721
338515189 46694606
337879116 arthas
338518191 Pu_uP
337879244 jasonwar
338595297 42529079
337879465 fuckyoua
338603688 52242726
337879496 dourin
338607203 47444832 337802868 45763046
337879812 maidouduoduo 337879244 jasonwar
338629304 51086239 337962409 54410019
337880437 vancheung 337786963 onamiu
338630562 sonador
337881084 limengxin
338631822 54410019 338629304 51086239
337881204 liketristan
337881987 4884926
338633175 3442303
337882097 ly77
338641710 lovesueer
337882202 45753979
338668368 4848740
337882924 leecho
338713506 33487671 338401545 realist
337883944 mars9
338751780 51086239 338631822 54410019
337884397 Key.Cheung
338778313 45740231
337885586 qby
338798457 60337746
337886219 14407797
338916584 34409724
337886362 2014314
338946192 masaik
337887250 ooooops
339238377 36785903 338633175 3442303
337888922 Key.Cheung
339238709 41751653
337889090 forlanwho
339239121 Babycwing
337889958 52689540
339299903 over_cast
337890196 joave
339304376 momo_sarah 338079165 48862812
337890875 53604707
339306218 linkatyan
337891449 47352504
339306951 1438345
339307023 jiubadaoxiahun
337892131 54640101 337849468 zhuhengheng
339313523 h6166786
337892245 xinyuemogu
339391402 doudouku3
337892602 xunannanl
339400749 51053103
337893371 xinyuemogu
339402985 48862812 339304376 momo_sarah
337893449 xinyuemogu 337887250 ooooops
339403799 PANNINI
339404924 4815618
337893831 28116106
339413121 3575818 337899980 48862812
337893923 54640101
339462401 36785903
339462727 YEXXEY
339464282 Tinglive
339480741 2076210
339596813 lingxi5688
339658669 majorjohn
339659001 43300663
339663251 49047338
339663524 porco
339663820 35089684
339668512 60578915
344202741 huaxiaoxian
344226755 3535638
344227470 jiushishi
344228144 love19347310
344230065 joelchan
344234545 40932341 339413121 3575818
344235013 59606768
344569299 47092650
344570977 chubaobu 337789233 Anti-psycho
344580547 56996764 337835370 2411618
344580805 cong920
344782100 59273466
344787180 47975830
344789102 thefrenchwindow
344791203 xuenuo
344906993 wink91
344929482 adoracaro
345040688 MassBabely
362323041 58269271
362326940 impedance
362329404 50867640
362385774 3054972
362477493 onamiu 345040688 MassBabely
362489271 yyangquan
362495134 jiyihanxing
362546370 36785903 362326940 impedance
362547254 Defeeeeeated
362547395 Defeeeeeated
362550201 chenzhi901122
362552430 luyufeng
362554711 62123593 337786458 peterduus
362559637 sillydolce
362560075 Defeeeeeated
381632918 asake
381634746 1363549
381642291 oliviachenchen
381747849 dashua
381857934 TTukaDuris-Rose
381880130 56106315
381889650 7908283
381889799 4119207
381894071 38438765 337831588 zenochang
381895784 4553491
381897502 bluebell
381899190 Funfuner
381905505 22553085
381906082 zuola
381919528 liuninguse
381921612 47670772
382076326 douban0805
382077578 58352973
383963878 64252143
387077448 tsutsuku
387082924 Natechen
387083911 2677167
387084096 48314832
387103363 k_renee
387106343 jinwater196
387112079 54114325 337806894 42325678
387113087 44700431
387115078 47565512
387115400 54114325 337901799 54640101
387117743 Megan1218
387219485 adonisiv
387221204 Aily1218
387222326 after17-Lily
387222736 wuwufanfan
387230371 6769611
387230550 43706973
387232494 gracebella
387237079 43917205
387238057 sikmoon
387238067 64996417 337786963 onamiu
387239508 2005869
388711961 56779222
388718052 64231549
388720522 53128584 388718052 64231549
388720844 44143064
388720941 53128584 387222736 wuwufanfan
388721842 64102866
389639485 62528142
389641857 2274968
389688332 51360690
389691677 54503186
389693310 46964151
389695346 53441924
389695392 45426186
389696074 c20h25n3o
389697844 veronica-nika
389697887 51800401
389699705 51139583
389701421 xiatianzhenre
389733384 damiaoye
389735213 onamiu
389736259 onamiu 389641857 2274968
389739321 shanlaishanqu
389739613 53383870
389740737 Seeless
389742561 maoyin
389752612 46211148 381897502 bluebell
389759138 3549730
389760391 58048066
389886177 2274968 389735213 onamiu
389932333 64161888
390096767 onamiu 389739613 53383870
390097127 onamiu 389886177 2274968
390097536 chenniting
390097876 maradona
390099445 Scorpio-Pisces
390101974 hearuy
390102641 onamiu 390097536 chenniting
390102951 sissi0913
390103339 58352895
390103709 binfenai
390222786 52768980
390224146 4043788
390227701 46490825
390318997 genie37
390321175 23051737
390324672 53383870 390096767 onamiu
390365227 onamiu 390324672 53383870
390390587 2117191
390548609 44639329
390552525 4379688
390597486 47545992
390599367 62519473
390632738 louise97
390636546 husi
390641571 44019564
390706895 53383870 390365227 onamiu
406796322 14137580
406797464 2738938
406802203 56856952
362560129 Defeeeeeated
362560180 Defeeeeeated
362588267 impedance 362546370 36785903
362596868 FJIABAOBAO 337836995 minicatss
362597388 pilunuo
362597960 acohol
362598959 55007908
362601634 44854071
362601918 minicatss 362596868 FJIABAOBAO
362603514 51964404
362606106 FJIABAOBAO 338079165 48862812
362606373 FJIABAOBAO 362601918 minicatss
362607129 minicatss 362606373 FJIABAOBAO
362616576 cristine11
362636591 47705503
362714741 36785903 362596868 FJIABAOBAO
362716777 36785903 362606106 FJIABAOBAO
362773449 laohang
362938611 43723167
362939689 3184442
362940519 impedance
362940970 impedance
362942714 39566207
362943248 a371623866
362944970 xingsimeng
373594022 bbiboy
373595727 t1ana1 337786963 onamiu
373596414 37630685
373600601 hellcat712
373602809 53718334
373606004 DBlittlebear
373660510 53620144
373672359 malin1103
373675278 51533603
373686605 qfrog8
373688246 48796486
373694038 tianyabushiguil
373777026 4679128
373777966 62187235
373785212 51021378
373785969 51646115
373786443 GlenKnight
373790954 58028604
373791423 45315356
373810449 56268634
373811852 2254641
373812365 47013608
373820183 DanielleOU
373825211 48730281
375659979 16648171
375718175 64110105
375718504 huoruiting
375718576 leafwaiting
375719334 huoruiting
375721372 jjjjjjjjjjjjjjb
375721949 47346092
375722379 53728187
375723498 dsecho
375724019 55502416
375724769 56065283
375727809 62227450
375753645 miguajiang
375754861 56996764
375771352 kevinjia1122
375772125 44791069
375830580 sevencherry
376210818 maialovev
376212433 huahuayaojianfe
381508316 Kayicat
381541432 53220324
381543852 51370949
381545474 52263972
381545698 3412512
381546190 3412512
381547304 yikeke
381548202 49754005
381548924 49118788
381555164 54313523
381558097 42724279
381558915 echo915
381559054 echo915 381546190 3412512
381559254 echo915 381546190 3412512
381559960 42724279
381560105 53714885
381560257 42724279 381559054 echo915
381560707 42724279
381561141 42724279 381547304 yikeke
381561207 midu
381561422 63273655
381561827 smallwater
381562078 asake
381562415 42724279 381562078 asake
381563979 dakini_1229
381565448 42724279
381574965 onamiu 381565448 42724279
381576612 gumantong 337798172 3775403
381580368 42724279 381574965 onamiu
381588863 36785903 381565448 42724279
381624160 majune
381631950 46228652
412626030 ss0305dd0812
412637353 49205647
412638296 62186166
412638694 49205647
412655458 JenniferFay
412708949 Syrupious
412709527 onamiu 412708949 Syrupious
412710052 onamiu 412638694 49205647
412710629 49941721
412710863 Syrupious 412709527 onamiu
412711420 onamiu 412710863 Syrupious
412712228 Syrupious
412712573 onamiu 412712228 Syrupious
412712727 Syrupious
412713138 Syrupious
412714241 onamiu 412713138 Syrupious
412714693 66973333
412715969 xiaoting0129
412716060 skywar123
412716129 47352504
412716412 vivianteng
412716618 onamiu 412716129 47352504
412717027 66449428
412717335 Syrupious 412716129 47352504
412717615 Syrupious 412714241 onamiu
412718246 52923871
412718667 ericLip 337788720 buxiong1211
412720292 56928430
412720810 Syrupious 412716060 skywar123
412721228 skywar123 412720810 Syrupious
412722590 Syrupious 412721228 skywar123
412724452 hedy0528
412731288 Syrupious 412724452 hedy0528
412742140 57721873
412745072 pingguopianpian
412754684 Syrupious 412745072 pingguopianpian
412756235 pingguopianpian 412754684 Syrupious
412758221 35053206
412759075 Syrupious 412756235 pingguopianpian
412761213 57588040
412761326 40913793
412761453 pingguopianpian 412759075 Syrupious
412761849 Syrupious 412761453 pingguopianpian
412763325 34379237
412763442 pingguopianpian 412761849 Syrupious
412763993 Syrupious 412763442 pingguopianpian
412765750 2661951
412766459 Syrupious 412765750 2661951
412766677 66225037
412767409 leolennon
412768383 60040392
412770435 Syrupious 412768383 60040392
412771497 aohan168
412772511 onamiu 412745072 pingguopianpian
412773131 2661951 412766459 Syrupious
412773605 45158949
412774115 tengyuanmeihong
412775412 pingguopianpian 412772511 onamiu
412775557 pingguopianpian 412763993 Syrupious
412777293 61290003
412779399 56168117
412780437 3764299
412795494 onamiu 412780437 3764299
412795619 onamiu 412775412 pingguopianpian
412799242 pingguopianpian 412795619 onamiu
412799729 whisperd666
412800624 34090878 412763993 Syrupious
412801025 60040392
412801924 Htqsn
412802248 2134241
412804114 56493659
412805366 tizzchu
412842748 Syrupious 412775557 pingguopianpian
412844805 Syrupious 412800624 34090878
412846673 34090878 412844805 Syrupious
412848995 Syrupious 412846673 34090878
412849807 55589828
412851489 pingguopianpian 412848995 Syrupious
412852762 Syrupious 412851489 pingguopianpian
412856733 4340283
412873257 59007407
412876496 Syrupious 412873257 59007407
412879863 43373801
412913813 59007407 412876496 Syrupious
412915449 vanilla.ching
412916122 kevinjia1122
412917094 64667105
412917716 dorishantiger
413004069 pingguopianpian 412852762 Syrupious
413009528 48891521
413038945 64229067
413039872 48862812 412773605 45158949
413044366 Syrupious 413039872 48862812
413047103 48862812 413044366 Syrupious
413047684 Syrupious 413004069 pingguopianpian
413047879 Syrupious 413047103 48862812
413048292 Syrupious 412913813 59007407
413049249 ishigenkin37
413051416 Ga-K
413051601 51112150
411157334 50423002
411158515 52546862
411166850 48247154
411170489 4747494
411191446 44700431
411198749 51135746
411202966 38725065
411205723 34239333
411205756 58023082
411206898 58023082
411210708 aman.
411210723 vincent.chen
411214352 ALBERTYI
411214499 foolsnow
411215292 51581451
411215490 Missreal2
411222152 65037589
411254834 48601577
411257229 49199455 337790083 Monica_Huang
411262672 54109574
411265284 64372781
411268797 teakay
411272951 66017295
411279361 Syrupious
411369913 64444919
411383485 51863100
412182581 44063619 411191446 44700431
412186907 32446893
412188003 31918414
412191403 shadowlyy
412200046 onamiu
412200321 onamiu 411210723 vincent.chen
412200592 onamiu 411166850 48247154
412205629 27014623
412206915 52340730
412208387 onamiu 412205629 27014623
412211023 Haricot1984
412211523 ring96
412211762 onamiu 412211023 Haricot1984
412213283 onamiu 412211523 ring96
412221225 22466774
412221771 baichibird
412225558 50371836
412226550 vincent.chen 412200321 onamiu
412228897 3391157
412229470 onamiu 412221771 baichibird
412229791 onamiu 412228897 3391157
412231221 onamiu
412231429 3391157
412231576 angela1168
412282217 Syrupious 412200046 onamiu
412286129 Syrupious
412288748 53495844
412291870 62384047
412293216 56048593
412294746 46542183
412295124 64594907
412296440 46238497
412300697 Syrupious
412307072 sunnysisi
412308446 57694690
412310432 benjaminci 411257229 49199455
412311098 benjaminci 412200046 onamiu
412311972 JenniferFay
412314341 Syrupious 412311972 JenniferFay
412315265 52538634
412315870 41543222
412318180 dasauto
412318674 shianwy 337798172 3775403
412321483 3775403 412318674 shianwy
412322910 35053206
412324735 shianwy 412321483 3775403
412330064 Syrupious 412322910 35053206
412344344 47772985
412350571 57451690
412438801 48247154
412440616 45497693
412447189 weixiaomin
412449556 2229054
412457554 65167959
412483651 49205647
412493923 49205647
412504060 Syrupious 412493923 49205647
412510634 61920644
412511676 49205647 412504060 Syrupious
412607030 onamiu
412607260 onamiu 412322910 35053206
406809550 freeflyhadi
412608314 onamiu 412483651 49205647
406811365 wuhanee
412608343 alleren
406812945 57014545
406814536 1969797
412608767 onamiu 412311972 JenniferFay
406815481 48314832
412609117 onamiu 412608343 alleren
406824333 yongjuanermian
406825931 37451384
412610001 alleren
406827108 leecookie
412610146 onamiu
406829668 yyxyy
412611784 2365074
406830466 mars9
412612836 2365074
406831844 luxuefei
412613434 56378250
406832172 seven1016
412624596 46018157
412625868 60317989
406837411 looo0 337838198 ZhuYangMin
412625987 ss0305dd0812
406854548 54291569
412625997 61137479
406858099 6769611
406864618 kikiivy
406865847 kiki17
406866230 kikiivy
406866767 sobitch
406868378 61817631
406870358 cardamontang 406868378 61817631
406870728 66720526
406871216 60319808
406871884 65689163
406874205 stonejane
406881915 LoliViola 337786150 33487671
406882383 newknow
406882515 newknow
406882775 newknow
406894427 muriellin 337899334 deckel
406895191 yy_134340
406895920 muriellin
406897540 51289180
406902639 59604611
406990101 wuzhuan105
406999681 cherishmemory
407021960 48954969
407139929 4002652
407140124 43563199
407140499 43563199
407141987 53759444
407146420 yggdrasil
407147501 hanrhelen
407151081 ytxw
407155239 2047038
407175331 zhen826
407179349 65336688 337786963 onamiu
407667248 tiffanyji
407875420 wangzhaotongxue
407876253 64665713
407877325 summerchord
407877513 onamiu
407877847 onamiu
407895072 46018157
407897580 52736328
407904897 46018157
407908879 newknow
407909553 newknow 407877847 onamiu
407909803 lishunsheng
407909851 eric-fhc
407912389 2010007
407962334 52800044
407962522 2025972
408010037 54668522
408022422 44063619
408025295 4191862
408045473 61142642
408046995 57453206
408048148 48709534
408049063 48709534 408010037 54668522
408050352 rebornking
408050402 krisheaven
408061749 63135250
408065388 49214416
411082009 44063619
411108568 1553542
411112228 66887840 337785531 3079236
411112688 62675224
411113504 61554255
411119975 61828672
411121181 lovealonelxy
411122782 52544152
411123512 48314832
411123732 wendashou
411125934 martin12
411126291 mlittlebei
411127480 prq
411127722 56017542
411128809 louder
411129651 48369524
411131206 benjaminci 337786150 33487671
411131795 woodmoon
411133247 benjaminci
411135817 46003824
411137062 KameKazuya0808
411142298 13116791
411144295 ambershen
411150103 47040626
411154864 64791717
411155576 momodata
413051977 Masked-xia
413053114 tiffanylee77
413054655 Yeudy928
413057699 pingguopianpian 413047684 Syrupious
413059489 Syrupious 413057699 pingguopianpian
413061826 pingguopianpian 413059489 Syrupious
413062626 47284791
413063677 47352504
413064574 Green_Tea_More
413065030 47352504 412717335 Syrupious
413065247 lefi
413066916 lefi 390552525 4379688
413067798 kakushiu
413068616 misspaopao
413069695 3034520
413072136 53499908
413075933 stellakim
413083141 2099901
413092251 59007407 413048292 Syrupious
413101388 4898393
413123591 Syrupious 413065030 47352504
413124252 Syrupious 413092251 59007407
413126116 47423748
413142740 64229067 413063677 47352504
413143303 tianyr
413147624 65600524
413149962 kevinjia1122 413126116 47423748
413157328 Syrupious 413147624 65600524
413162092 65600524 413157328 Syrupious
413162275 Syrupious 412916122 kevinjia1122
413162807 Syrupious 413162092 65600524
413163661 47352504 413142740 64229067
413272217 45158949 413039872 48862812
413315732 64229067 413163661 47352504
413379038 48862812 413272217 45158949
413379596 airroy
413649246 45158949 413379038 48862812
413779138 48862812 413649246 45158949
413779682 42569565
413782921 Syrupious 413779682 42569565
413783319 42569565 413782921 Syrupious
413783998 Syrupious 413783319 42569565
413817560 45158949 413779138 48862812
413819487 60832491
414032262 48480252
414032413 53087436
414040543 SWAYWENZI
414040706 m1ss0ver
414050964 53418325
414051215 shawshank321
414051510 honggy
414051628 54367063
414078044 jullllla
414080784 65043147
414083477 xuxin_gguo
414097696 62474747
414100595 3887536
414115707 AhDor
414150453 4559511
414152466 nb029
415026151 37451384
415182064 36794667
415186124 1321533
415217131 Allison.W
415218997 66019564
415466922 serpentv
