341091290 59359927
341092630 52486373
341093666 verse2012
341095741 55848165
341096861 LitZ 341092630 52486373
341097179 LitZ 341093666 verse2012
341097284 LitZ 341095741 55848165
341097317 39656586
341097389 52486373 341096861 LitZ
341097498 verse2012 341097179 LitZ
341097971 LitZ 341097389 52486373
341098319 39656586
341098355 52486373 341097971 LitZ
341098934 yekeliang 341097179 LitZ
341098986 LitZ 341097498 verse2012
341099387 39656586
341099486 2819211
341099656 LitZ 341098355 52486373
341099866 Lyisheng
341100176 39656586
341100557 LitZ
341100780 derketzer
341100993 LitZ 341097317 39656586
341101204 52486373
341101275 LitZ 341099486 2819211
341101513 47400203
341101607 LitZ 341100780 derketzer
341101716 39656586
341102116 LitZ 341101204 52486373
341102542 LitZ 341101513 47400203
341102766 LitZ 341101716 39656586
341102907 yekeliang 341100557 LitZ
341102992 52486373 341102116 LitZ
341103196 LitZ 341102907 yekeliang
341103597 yekeliang 341103196 LitZ
341103879 jinmoli
341105128 4249735
341105291 LitZ 341103879 jinmoli
341106700 LitZ 341105128 4249735
341107823 LitZ 341100176 39656586
341117910 LitZ
341123100 wd1124
341123405 imagoodguy
341123543 wd1124 341123405 imagoodguy
341123757 wd1124
341124359 3270446
341124735 3270446
341124971 wd1124
341125118 linkatyan
341125169 wd1124 341124735 3270446
341125474 3270446
341126810 runfast
341127883 over_cast
341128588 3270446
341128681 sleep_ago
341128986 3270446
341129657 3270446
341130570 57926734
341130873 41193302
341131294 LitZ 341123405 imagoodguy
341131752 LitZ 341123100 wd1124
341132641 LitZ
341133212 catslater
341134086 LitZ 341125118 linkatyan
341134908 wd1124 341128986 3270446
341134994 LitZ 341126810 runfast
341135307 27490991 341128986 3270446
341135531 LitZ 341130570 57926734
341135552 55277175
341135804 LitZ 341130873 41193302
341136208 LitZ
341136561 44716190
341137154 41193302
341137489 3042979
341137571 LitZ 341133212 catslater
341137660 48001116
341138097 LitZ 341137154 41193302
341138174 60337746
341138896 LitZ 341137489 3042979
341139230 cat219
341139385 41193302
341139500 LitZ 341137660 48001116
341139513 42796913
341139813 48001116 341139500 LitZ
341139815 LitZ 341138174 60337746
341140362 LitZ 341139230 cat219
341140797 cat219 341140362 LitZ
341140950 LitZ 341139513 42796913
341141326 LitZ 341140797 cat219
341141684 LitZ
341141853 meiniu_
341142142 kristinacat
341142830 syubuting 341105128 4249735
341142943 48001116 341141684 LitZ
341143034 58479967 341124359 3270446
341143104 LitZ 341141853 meiniu_
341143359 52418637
341143740 3042979 341138896 LitZ
341143806 LitZ 341142943 48001116
341143883 38552055
341185201 52746785
341185282 52746785
341185417 3270446
341185622 LitZ
341186176 3270446
341186506 Ariovistus
341186633 31082152
341186801 58943630 341185622 LitZ
341186883 Aldrberan 341186176 3270446
341187140 57494165
341187331 58479967
341187883 3270446 341186883 Aldrberan
341188129 LitZ
341188640 LitZ 341187140 57494165
341188789 Aldrberan 341187883 3270446
341188802 58943630
341189147 LitZ 341186506 Ariovistus
341189501 3270446 341186633 31082152
341190442 3270446 341187331 58479967
341190785 3270446 341188789 Aldrberan
341190912 3270446 341189147 LitZ
341191443 58479967 341190785 3270446
341191719 57926734 341135531 LitZ
341191812 3270446 341191443 58479967
341192089 3270446 341191443 58479967
341192288 53083409
341192308 LitZ 341191719 57926734
341192657 LitZ 341192089 3270446
341192744 58479967 341192089 3270446
341192905 3270446 341192288 53083409
341193308 georginas
341193499 42461105
341193797 LitZ 341193308 georginas
341193807 3270446 341192657 LitZ
341193862 georginas
341194121 3270446 341192744 58479967
341194317 3270446 341193797 LitZ
341194597 3270446 341193499 42461105
341195172 LitZ 341194317 3270446
341195359 georginas
341195470 53083409
341195826 3270446 341193862 georginas
341196041 3270446 341195172 LitZ
341196110 3270446 341195470 53083409
341196299 42461105 341194597 3270446
341196316 LitZ
341196320 georginas
341196564 LitZ 341196110 3270446
341196655 3270446 341196299 42461105
341196983 bucktooth
341197040 3270446 341196320 georginas
341197498 3270446 341196564 LitZ
341197835 allen3iverson
341198549 3270446 341196983 bucktooth
341198584 53083409
341199257 57423865
341199311 3270446 341197835 allen3iverson
341199397 3270446 341198584 53083409
341199660 57423865
341200175 3270446 341199660 57423865
341201009 53083409
341201071 31082152
341201161 LitZ 341200175 3270446
341201335 3270446 341201009 53083409
341201943 57926734 341192308 LitZ
341202054 31082152
341202366 3270446 341201071 31082152
341202637 3270446 341201161 LitZ
341203078 LitZ 341201943 57926734
341203152 3270446 341202054 31082152
341203380 3034062 341192089 3270446
341203393 57926734 341203078 LitZ
341204059 3270446 341203380 3034062
341204751 LitZ
341205124 3270446 341204751 LitZ
341206272 JingzheLou
341206836 ariel17
341207526 3270446 341206272 JingzheLou
341208282 3270446
341208577 31082152
341209353 3270446 341208577 31082152
341211115 2987152
341211334 2987152
341211978 58716685 341189501 3270446
341212026 JingzheLou 341207526 3270446
341212388 3270446 341211115 2987152
341212473 31082152
341212480 3270446 341211334 2987152
341212836 3270446 341212026 JingzheLou
341213247 JingzheLou 341212836 3270446
341213530 3270446 341211978 58716685
341213718 3270446 341212473 31082152
341213742 ilovelost
341214061 3270446 341213247 JingzheLou
341214593 3270446 341213742 ilovelost
341214777 JingzheLou 341214061 3270446
341214845 3270446
341214919 georginas 341197040 3270446
341215065 ilovelost 341214593 3270446
341215711 58479967 341204059 3270446
341144479 3042979
341144591 3042979
341144845 meiniu_ 341143104 LitZ
341144960 LitZ 341143740 3042979
341145520 LitZ 341144479 3042979
341145833 isabel-rene
341145998 LitZ 341144845 meiniu_
341146157 isabel-rene
341146334 LitZ
341146352 46525498
341146371 meiniu_ 341145998 LitZ
341146478 3042979 341145520 LitZ
341146729 LitZ 341146157 isabel-rene
341146765 48055514
341146802 isabel-rene 341146334 LitZ
341147013 isabel-rene 341146729 LitZ
341147521 LitZ 341146478 3042979
341147605 naver
341148118 LitZ 341146352 46525498
341148159 3042979 341147521 LitZ
341148341 53289545
341148485 LitZ 341146371 meiniu_
341148819 LitZ 341146802 isabel-rene
341149038 meiniu_ 341148485 LitZ
341149064 isabel-rene
341149118 naver
341149263 LitZ 341148159 3042979
341149265 isabel-rene 341148819 LitZ
341149666 LitZ 341147605 naver
341149959 LitZ 341149265 isabel-rene
341150245 lkrrfu
341150369 LitZ 341149038 meiniu_
341151063 59679313
341151427 isabel-rene
341152009 LitZ 341151063 59679313
341152415 LitZ
341152803 runfast
341152819 isabel-rene 341152415 LitZ
341153446 LitZ 341152803 runfast
341153488 59679313 341152009 LitZ
341154097 LitZ 341152819 isabel-rene
341159629 LitZ 341146765 48055514
341160487 52746785
341160736 2904730
341161580 LitZ 341160487 52746785
341161831 LitZ 341160736 2904730
341162476 52746785 341161580 LitZ
341162956 LitZ 341162476 52746785
341163118 3270446
341163531 LitZ 341163118 3270446
341165252 52746785 341162956 LitZ
341165293 3270446
341166489 2987152
341166687 LitZ
341167633 LitZ 341166489 2987152
341167767 MorningGloryyy
341168083 52746785
341168434 3270446
341168967 LitZ 341168434 3270446
341169279 52746785 341168434 3270446
341169413 LitZ 341167767 MorningGloryyy
341169508 3270446 341168967 LitZ
341169792 52746785
341170250 LitZ 341169508 3270446
341170869 LitZ 341168083 52746785
341171185 52746785 341170250 LitZ
341171940 LitZ
341171992 52746785 341170869 LitZ
341172135 2338600
341172207 3270446 341170250 LitZ
341172742 52746785 341171940 LitZ
341173249 LitZ 341171992 52746785
341173654 Aldrberan 341124359 3270446
341173756 LitZ 341172207 3270446
341175619 LitZ 341172207 3270446
341176081 3270446 341173654 Aldrberan
341176849 Aldrberan 341176081 3270446
341177104 3270446 341173756 LitZ
341177710 3270446 341175619 LitZ
341178136 58943630
341178385 52746785 341177104 3270446
341178569 3270446 341176849 Aldrberan
341178878 LitZ 341177104 3270446
341179318 3270446
341179368 Aldrberan 341178569 3270446
341179744 LitZ
341179799 3270446 341178385 52746785
341180217 3270446
341181572 runfast 341153446 LitZ
341182021 58479967
341182085 LitZ 341180217 3270446
341182098 3270446 341179368 Aldrberan
341182387 runfast 341180217 3270446
341183234 58943630 341179744 LitZ
341183701 Aldrberan 341182098 3270446
341183933 58943630 341179318 3270446
341183966 3270446 341143034 58479967
341184332 3270446 341182085 LitZ
341185074 52746785
341185142 52746785
366745010 tiffanyYUYI
366747874 53124609
366753130 hahehahe
366771575 lucky77
366776202 bigcatlc
366777784 axio
366799025 12548845
366832951 Ayuan_TVXQ
366838308 53852410
366853419 52148864
366855748 31302718 341124359 3270446
366855830 37797431
366863571 2289743
366873631 43420328
366874634 58542002
366878526 52736548
367294983 FinGerco
374286020 36852210
394695540 runrunrabbit
394696923 56083576
395290391 62485062
398128496 51145178
398129463 lynn730
416261250 deliciaaa
416358829 53274632
341216863 31082152
341217185 pdoudou
341217291 georginas
341217312 31082152
341219995 LitZ 341214845 3270446
341220463 LitZ 341217291 georginas
341220661 LitZ
341222061 LitZ 341211115 2987152
341222175 linjingmin
341222318 4249735 341106700 LitZ
341222509 2842863
341222839 4249735
341223037 LitZ 341212026 JingzheLou
341223323 pdoudou 341220661 LitZ
341223891 georginas 341220463 LitZ
341224047 LitZ
341224351 music929
341224761 3270446 341215065 ilovelost
341224803 JingzheLou 341223037 LitZ
341224820 LitZ 341223323 pdoudou
341225043 3270446 341215711 58479967
341225279 3270446 341216863 31082152
341225556 3270446 341220463 LitZ
341225746 LitZ 341224351 music929
341226180 LitZ 341225556 3270446
341226740 pdoudou 341224820 LitZ
341226866 3270446
341227093 pdoudou 341226180 LitZ
341227264 LitZ 341226740 pdoudou
341227986 3270446 341222839 4249735
341228081 pdoudou 341227264 LitZ
341228271 3270446 341226180 LitZ
341228435 3270446 341227093 pdoudou
341228449 linjingmin 341224047 LitZ
341229872 fangsj0126
341230158 pdoudou 341228435 3270446
341230334 LitZ 341228271 3270446
341230661 3270446
341230794 LitZ 341229872 fangsj0126
341231155 3270446 341230334 LitZ
341232288 LitZ 341231155 3270446
341232796 3270446 341232288 LitZ
341233873 4249735 341227986 3270446
341234067 pdoudou 341230661 3270446
341234732 LitZ 341232796 3270446
341235507 3270446 341233873 4249735
341235632 3270446 341234067 pdoudou
341236320 35510577
341236416 3270446 341234732 LitZ
341236417 4249735 341235507 3270446
341236520 3270446 341236417 4249735
341236585 babyneonsay
341236604 35510577
341237128 3270446 341236417 4249735
341237266 4249735
341237512 35510577
341237575 3270446 341236320 35510577
341238015 33283905
341238084 3270446 341236585 babyneonsay
341238318 35510577
341238508 LitZ 341237266 4249735
341238653 35510577
341238750 kappaxie
341239088 3270446 341238318 35510577
341239494 35510577
341239596 babyneonsay 341238084 3270446
341239661 35510577
341239756 35510577
341239868 4249735
341240145 49739587
341240331 3270446 341238750 kappaxie
341240366 LitZ 341239868 4249735
341240525 3270446 341239494 35510577
341240788 3270446 341239596 babyneonsay
341240941 3270446
341241140 35510577
341241173 35510577
341241466 35510577
341241670 LitZ 341240941 3270446
341241678 4249735 341240366 LitZ
341241996 3270446 341241140 35510577
341242025 meifannao
341242167 4249735
341242173 3270446
341243008 35510577
341243237 4149666
341244114 LitZ 341242173 3270446
341244269 LitZ
341244373 4249735 341244114 LitZ
341247077 BAILEIS
341259776 fangsj0126 341230794 LitZ
341262429 42153922
341273718 music929 341225746 LitZ
341282621 53404913 341192089 3270446
341286619 42461105
341290246 42461105
341290703 43107242
341297592 58825261
341312345 allen3iverson
341358446 58479967
341375592 LitZ
341386434 3034062 341375592 LitZ
341387019 52498098
341391140 46885756
341397369 LitZ 341386434 3034062
341400516 BAILEIS 341247077 BAILEIS
341403152 kappaxie 341240331 3270446
341403633 momodata
341429598 LitZ 341403633 momodata
341451474 58337139
341513622 momodata
341586522 2904730 341161831 LitZ
341753145 57423865 341201161 LitZ
341755240 mayplace
341757067 48253081
341897733 LitZ 341757067 48253081
341992758 3554977
342233704 43262256
342249132 icysummer
342249922 59511620 341102542 LitZ
342373917 48171112
342378251 in710 341124735 3270446
342378357 in710 342249922 59511620
342382442 LitZ
342415897 48171112 342382442 LitZ
342498499 LitZ 342415897 48171112
342517509 41772542
342544989 48171112 342498499 LitZ
342547324 lololoves
342682728 LitZ
342710181 51486594
342711704 med923
342785316 kisscululala 341189501 3270446
342862961 41393043
355163672 31082152
366047178 LitZ
366049500 LitZ 355163672 31082152
366073639 31082152
366108992 48982789
366126700 40345086
366127817 fayspeaks 341124359 3270446
366128061 1925789
366148823 3270446 366126700 40345086
366148942 3270446 366127817 fayspeaks
366149025 3270446 366047178 LitZ
366255674 tag-queen
366264232 moliguinness
366281541 58827239
366296271 Daniela711
366357827 fayspeaks 366148942 3270446
366375638 40345086 366148823 3270446
366375836 3270446 366357827 fayspeaks
366377398 3270446 366375638 40345086
366380750 40345086 366377398 3270446
366412251 fayspeaks 366375836 3270446
366413543 daJ
366427523 LitZ 366108992 48982789
366427853 LitZ
366428226 LitZ 366149025 3270446
366429011 LitZ 366281541 58827239
366462427 58269271
366463225 bigcatlc
366463466 lucky77
366479951 tiffanyYUYI
366486569 fatbook
366650361 3270446 366380750 40345086
366650965 3270446 366413543 daJ
366651198 3270446 366428226 LitZ
366651560 3270446 366462427 58269271
366652356 3270446
366652652 3270446 366463466 lucky77
366652857 58269271 366651560 3270446
366653563 3270446 366486569 fatbook
366653873 3270446 366652857 58269271
366655459 fatbook 366653563 3270446
366659242 bm1004
366663215 bigcatlc 366652356 3270446
366673220 40345086
366684015 3270446 366659242 bm1004
366685166 3270446
366685522 3270446 366673220 40345086
366686648 bigcatlc 366685166 3270446
366688923 3270446
366690200 2457592
366690925 58121892
366691826 3270446
366691951 3270446 366690925 58121892
366692645 2457592 366691826 3270446
366692835 3270446
366695030 JCMaxwell
366699075 58121892 366691951 3270446
366718662 LitZ 366699075 58121892
366719704 LitZ 366651198 3270446
366721262 58121892 366718662 LitZ
366721671 LitZ 366721262 58121892
366722238 LitZ
366723566 Ayuan_TVXQ
366727042 58121892 366721671 LitZ
366734878 LitZ 366723566 Ayuan_TVXQ
366740444 LitZ
