342129056 50207127
342129280 xu2kang
342130226 42535636
342130301 1946912 342129056 50207127
342130568 dongcidaci
342130814 orangefield
342131467 1946912 342130814 orangefield
342131717 1946912 342130568 dongcidaci
342131834 blackcoder
342131962 canyoufeel
342131991 43211803
342132189 lamiiic
342132536 shellsail
342133218 1946912 342131991 43211803
342133257 54490566
342134206 47816693
342134268 59314994
342134905 1946912 342133257 54490566
342135563 1946912 342134206 47816693
342135690 1946912 342134268 59314994
342136261 54490566 342134905 1946912
342136437 59314994
342136779 50875722
342136866 1946912 342136261 54490566
342137449 1946912 342136437 59314994
342137736 1946912 342136779 50875722
342138374 50875722 342137736 1946912
342138675 M-ZZANG
342143698 47816693 342135563 1946912
342147369 54490566 342136866 1946912
342150143 1946912 342143698 47816693
342150341 1946912 342147369 54490566
342150938 47616636
342151545 1946912
342153322 jh001
342153921 snakewangjin
342156384 53532061
342157014 50424224
342157265 50424224
342158781 xy198821 342153921 snakewangjin
342159162 xy198821
342160067 xy198821 342143698 47816693
342161015 xy198821 342153322 jh001
342161329 xy198821 342129056 50207127
342217975 M-ZZANG
342240513 xy198821
342242247 bluejiang 342157014 50424224
342249685 45841439
342254965 50424224 342242247 bluejiang
342256482 bluejiang 342254965 50424224
342262189 50207127 342161329 xy198821
342262475 dsnep
342267033 vivi___Orz
342507337 1946912 342157014 50424224
342507753 1946912 342217975 M-ZZANG
342508052 1946912 342249685 45841439
342508828 31806999
342508838 1946912 342254965 50424224
342509052 1946912 342508828 31806999
342510022 smyr
342511913 Elvi
342512698 60887396
342513008 31806999 342509052 1946912
342548751 51409123
342551915 54490566
342553465 littleqie
342557660 52746785
342557890 HDJCCarter
342557921 40451229
414801176 46112060 342159162 xy198821
414801710 58953303
