343831715 25697986
343831823 32646285 343831715 25697986
343831955 25697986 343831823 32646285
343832098 32646285 343831955 25697986
343832173 25697986 343832098 32646285
343832183 rogeryunoo
343832339 32646285 343832183 rogeryunoo
343832361 32646285 343832173 25697986
343832624 25697986 343832361 32646285
343832835 2759174
343832883 47209937
343833244 5848359
343833349 32646285 343832835 2759174
343833364 32646285 343833244 5848359
343833385 32646285 343832883 47209937
343833483 23756229
343834456 32646285 343833483 23756229
343859275 58856026
343859748 36473201 343859275 58856026
343860760 37899598
343863787 32646285 343859275 58856026
343864484 vighead
343865877 hihuhu
343865963 32646285
343866002 37582570
343866160 xiaojiny
343866176 32646285 343865877 hihuhu
343866198 4711381
343866900 32646285 343866002 37582570
343867102 32646285 343866198 4711381
343867253 hihuhu 343866176 32646285
343867361 32646285
343867397 3847056
343867536 antinous
343867609 32646285 343867397 3847056
343868157 57273867 343866002 37582570
343868243 32646285 343867536 antinous
343869596 32646285 343868157 57273867
343870595 57273867 343869596 32646285
343871846 37899598
343872953 32646285 343871846 37899598
343874083 56963983
343875251 qiuchisb
343877258 55427837
343879192 apeisme
343888044 50128453
343888063 50128453
343890003 fanini 343879192 apeisme
343890430 57423865
343891928 IloveWilliam
343893676 3547608
343894043 MADAY
343897572 36473201
343899834 2987152
343899873 2987152
343991355 32646285 343875251 qiuchisb
343991446 32646285 343899834 2987152
343991629 32646285 343894043 MADAY
343992126 blackcoder
343992375 qiuchisb 343991355 32646285
343992571 58978571
343992635 32646285 343890430 57423865
343992637 56142076 343834456 32646285
343992749 56142076 343991355 32646285
343992794 alex707b
343993090 32646285 343888044 50128453
343993236 lalayeah
343993341 32646285 343992794 alex707b
343993555 4483146
343993823 alex707b 343993341 32646285
343994353 32646285 343992126 blackcoder
343994865 32646285 343993555 4483146
343995639 4483146
343995745 57444189
343995874 32646285 343992375 qiuchisb
343996264 32646285 343995745 57444189
343996498 32646285 343993236 lalayeah
343997142 32646285 343877258 55427837
343997285 32646285 343995639 4483146
343997587 32646285
343999328 Nomee
344000585 32646285 343999328 Nomee
344004758 qiuchisb 343995874 32646285
344005419 32646285 344004758 qiuchisb
344007516 qiuchisb 344005419 32646285
344007699 1531945
344008190 ananna
344008270 32646285 344007699 1531945
344008288 55427837 343997142 32646285
344008539 32646285 344007516 qiuchisb
344008678 32646285 344008288 55427837
344008794 53532061
344008845 32646285 344008190 ananna
344009223 60835348
344009530 4440660
344009749 32646285
344010216 59729549
344010300 53532061 344009749 32646285
344010494 53532061 344010216 59729549
344010780 lu0
344010782 32646285
344010893 53532061 344010782 32646285
344011105 32646285 344010893 53532061
344011111 2759174
344011383 59729549 344010494 53532061
344011744 53532061 344011105 32646285
344011792 32646285 344010494 53532061
344012037 32646285 344010780 lu0
344012178 angudonga
344012268 59729549 344011792 32646285
344012658 32646285 344012268 59729549
344012950 59729549 344012658 32646285
344013061 32646285 344012178 angudonga
344013357 32646285 344012950 59729549
344013453 58489305
344013602 59729549 344013357 32646285
344015265 32646285 344011744 53532061
344020882 53532061 344013357 32646285
344021103 1531945 344010780 lu0
344025460 32646285 344020882 53532061
344057377 55427837 344008678 32646285
344071121 32646285 344057377 55427837
344072917 59966954
344073654 lelecry
344073893 32646285 344072917 59966954
344074341 32646285 344073654 lelecry
344077750 haiyangdeyang
344079340 32646285 344077750 haiyangdeyang
344079596 49110772
344082238 32646285 344079596 49110772
344083935 35664491
344084658 lalola
344085522 32646285 344084658 lalola
344085707 32646285 344083935 35664491
344132123 zellVcheung
344132987 zellVcheung
344136757 32646285
344143119 51186887
344143160 3406899
344143431 32646285 344143160 3406899
344144272 ZhZebra
344144610 35664491
344144743 2394369
344144846 32646285 344144743 2394369
344144974 32646285 344144610 35664491
344145196 32646285 344144272 ZhZebra
344145352 35664491
344145619 chige
344145690 32646285 344145352 35664491
344145799 ZhZebra 344145619 chige
344145825 32646285 344145619 chige
344145859 ZhZebra 344145196 32646285
344146061 35664491 344145690 32646285
344146152 32646285 344145859 ZhZebra
344146280 32646285 344146061 35664491
344147149 35664491 344146280 32646285
344147402 Lotus-l
344147462 57693541
344147798 ZhZebra 344147462 57693541
344148120 32646285 344147462 57693541
344148298 60187828
344148821 32646285 344148298 60187828
344149174 60187828 344148821 32646285
344149313 ZhZebra 344148821 32646285
344149378 32646285 344149174 60187828
344149416 mycer0796
344149843 mycer0796
344149907 ZhZebra 344149416 mycer0796
344150317 mycer0796 344149907 ZhZebra
344150360 32646285 344149416 mycer0796
344150987 mycer0796 344150360 32646285
344151360 32646285
344151636 athene_12
344151694 athene_12
344151695 mycer0796
344151873 32646285 344151636 athene_12
344152108 32646285 344151694 athene_12
344152233 32646285
344153073 mycer0796
344153325 32646285 344153073 mycer0796
344153787 mycer0796
344154379 32646285 344153787 mycer0796
344154530 mycer0796
344154642 60187828 344149378 32646285
344154915 60187828 344151694 athene_12
344154933 chige 344145825 32646285
344155495 32646285 344154933 chige
344155874 32646285 344154933 chige
344156167 pixies7
344156354 animalming
344156556 60187828 344156167 pixies7
344156618 32646285 344156354 animalming
344156761 32646285 344156167 pixies7
344157036 pixies7
344157362 60187828 344156354 animalming
344157733 animalming 344156618 32646285
344157748 60187828
344158093 32646285
344158465 32646285
344158680 32646285 344157748 60187828
344158784 animalming 344158465 32646285
344159294 60187828
344159662 60187828 344158680 32646285
344159732 48303081
344159853 jene4sh
344159991 32646285 344159732 48303081
344160268 animalming 344159294 60187828
344160334 32646285 344159853 jene4sh
344160672 32646285
344160727 jene4sh 344160334 32646285
344160818 autoconfig
344161186 animalming 344160334 32646285
344161438 32646285 344160818 autoconfig
344161633 32646285 344161186 animalming
344161755 animalming
344161970 60187828
344162295 32646285 344160727 jene4sh
344162624 32646285
344163922 animalming 344161970 60187828
344164206 32646285 344163922 animalming
344164772 60187828 344163922 animalming
344166067 41828236 343834456 32646285
344166364 32646285 344166067 41828236
344166635 animalming
344166973 32646285 344166635 animalming
344167368 13211130
344167664 animalming 344166973 32646285
344168791 32646285
344170385 animalming
344172075 mazing
344172664 4713910
344173418 galvin2012
344178956 lyh0202
344181835 zhang_dolores
344217492 zellVcheung
344218333 king0065
344224123 zellVcheung
344301668 32646285
344302043 32646285 344178956 lyh0202
344302557 32646285 344217492 zellVcheung
344302768 32646285 344172664 4713910
344302950 32646285
344303586 32646285 344224123 zellVcheung
344312529 32646285 344218333 king0065
344315665 56797501 344302043 32646285
344315902 mars9
344316094 mars9 344315665 56797501
344316237 2651909
344316251 56797501
344316621 mars9 344218333 king0065
344317036 56797501 344316621 mars9
344317366 mars9
344317779 mars9 344013453 58489305
344318906 32646285 344315665 56797501
344319163 56797501 344317366 mars9
344319245 32646285 344317366 mars9
344320080 mars9 343992794 alex707b
344320276 32646285 344317779 mars9
344320442 mars9 344319163 56797501
344320782 mars9 344320276 32646285
344321078 32646285 344320442 mars9
344321191 mars9 344319245 32646285
344321486 32646285 344320782 mars9
344321638 mars9 344321078 32646285
344322024 32646285 344321191 mars9
344322076 58489305 344317779 mars9
344322350 32646285
344335294 zellVcheung
344335532 56797501
344340154 lovekame
344341650 mars9 344335532 56797501
344341770 mars9 344322350 32646285
344342050 mars9 344322024 32646285
344345097 32646285 344342050 mars9
344345674 32646285 344340154 lovekame
344345836 32646285 344341770 mars9
344346504 kissthefire 343860760 37899598
344361095 mars9 344345097 32646285
344361618 32646285 344361095 mars9
344362120 mars9
344362554 32646285 344362120 mars9
344365523 mars9 344362554 32646285
344374132 32646285 344365523 mars9
344374298 ZhZebra
344461209 mars9 344374132 32646285
344729569 32646285 344461209 mars9
344730878 piscestar 344011744 53532061
344731008 5677596
344731086 46903946
344731829 32646285 344731008 5677596
344731881 32646285
344734990 37899598 344346504 kissthefire
349051556 56279218
349063118 shalimar123
349400050 32646285 349063118 shalimar123
349404894 GGGGGGGGGGGGG
349406510 32646285 349404894 GGGGGGGGGGGGG
349761886 25612347
350068605 32646285 349761886 25612347
350308859 58688117
350309139 candy_lsy
350309558 yuuuuuuuuu
350312605 arshadow
350314541 47043869
350315907 60263106
350318331 VanDeESLander 350068605 32646285
350320496 Lenita
350385834 32646285 350320496 Lenita
350385843 32646285 350318331 VanDeESLander
350385874 32646285 350315907 60263106
350385895 32646285 350309558 yuuuuuuuuu
350385903 VanDeESLander 350385843 32646285
350385916 32646285 350309139 candy_lsy
350385938 32646285 350314541 47043869
350415219 candy_lsy 350385916 32646285
350415322 candy_lsy 350415219 candy_lsy
350419509 41824325
350420373 32646285 350419509 41824325
350420795 32646285 350415219 candy_lsy
350430866 candy_lsy 350420795 32646285
350458520 60263106 350385874 32646285
350524850 47043869 350385938 32646285
350524942 47043869 350458520 60263106
350530219 60263106 350524942 47043869
350539772 47043869 350530219 60263106
350553125 60263106 350539772 47043869
350556712 32646285 350458520 60263106
350561180 60263106 350556712 32646285
350575546 52406594
350577033 32646285 350575546 52406594
350580492 46492177
350609916 32646285 350580492 46492177
350693132 52323530 344155495 32646285
350694272 32646285 350693132 52323530
350694387 52323530 343868243 32646285
350694603 52323530 350694272 32646285
350694857 32646285 350694603 52323530
350695099 32646285 350694387 52323530
350695607 52323530 350695099 32646285
350695827 32646285 350695607 52323530
350725044 4735134
350735631 52958704
350846909 32646285 350725044 4735134
350847697 32646285 350735631 52958704
350857329 4735134 350846909 32646285
350858817 32646285 350857329 4735134
350862522 4735134 350858817 32646285
350866766 ZhZebra 350580492 46492177
350868017 60439796
350871260 32646285 350868017 60439796
350874759 52958704 350847697 32646285
350875958 32646285 350874759 52958704
350886036 46892554 343860760 37899598
350889049 46892554 344155495 32646285
350889564 32646285 350889049 46892554
350893284 46892554 350889564 32646285
350894101 32646285 350893284 46892554
350899793 56501913
350903594 32646285 350899793 56501913
350940795 56501913
350942252 love19347310
350948405 32646285 350940795 56501913
350952693 49815184 344143431 32646285
350953355 49815184 344151636 athene_12
350953363 32646285 350952693 49815184
350954321 buleann
350959279 49815184 350953363 32646285
350959659 49815184
350960787 32646285 350959279 49815184
350962648 49815184 350960787 32646285
350963000 zhaodiya 350309558 yuuuuuuuuu
350963606 49815184
350964790 32646285 350963606 49815184
350966251 49815184 350964790 32646285
350967306 32646285 350966251 49815184
350969932 49815184 350967306 32646285
350976085 56501913 350948405 32646285
351040787 neverland97
351041799 bingoo921 344144846 32646285
351048701 buleann 350959659 49815184
351227624 49815184
351227873 49815184 351040787 neverland97
351231657 tianlanxiaozi 351227624 49815184
351232866 50155882
351235238 49815184 351231657 tianlanxiaozi
351250186 32646285 351041799 bingoo921
351250194 32646285 351232866 50155882
351250223 32646285 350976085 56501913
415688351 49841014
