344403730 numnum
344403795 49739419
344403855 numnum 344403795 49739419
344403858 LCY
344403911 3438868 344403858 LCY
344403943 49739419
344403979 49739419 344403911 3438868
344404076 numnum 344403943 49739419
344404109 numnum 344403979 49739419
344404154 2485199
344404223 49739419 344404154 2485199
344404233 49739419 344404109 numnum
344404247 numnum 344404154 2485199
344404270 numnum 344404233 49739419
344404409 49739419 344404270 numnum
344404440 BOYS2
344404447 BOYS2
344404490 numnum 344404409 49739419
344404523 49739419 344404447 BOYS2
344404589 cyan109
344404607 BOYS2 344404523 49739419
344404628 49739419 344404589 cyan109
344404632 numnum 344404447 BOYS2
344404654 49739419 344404607 BOYS2
344404669 BOYS2 344404632 numnum
344404687 exy.want
344404704 numnum 344404669 BOYS2
344404750 BOYS2 344404654 49739419
344404751 exy.want
344404762 49739419 344404687 exy.want
344404777 BOYS2 344404704 numnum
344404801 49739419 344404750 BOYS2
344404894 numnum
344404913 cyan109 344404628 49739419
344404939 numnum 344404913 cyan109
344404941 49739419 344404894 numnum
344404965 49739419 344404913 cyan109
344404992 49739419 344404939 numnum
344405020 exy.want
344405037 numnum 344404941 49739419
344405052 numnum 344405020 exy.want
344405053 cyan109 344404939 numnum
344405071 49739419 344405020 exy.want
344405074 numnum 344405053 cyan109
344405092 cyan109 344404965 49739419
344405121 cyan109 344405074 numnum
344405177 numnum 344405121 cyan109
344405202 numnum 344405092 cyan109
344405328 cyan109 344405202 numnum
344405385 numnum 344405328 cyan109
344405764 cyan109 344405385 numnum
344406290 1467425
344406953 singlewind
344407004 49739419 344405764 cyan109
344407025 49739419 344406290 1467425
344407036 55863105
344407044 49739419 344406953 singlewind
344407055 49739419 344407036 55863105
344407093 singlewind 344407044 49739419
344407113 49739419 344405202 numnum
344407122 numnum 344407004 49739419
344407152 49739419 344407093 singlewind
344407159 rogeryunoo
344407176 49739419 344407122 numnum
344407195 49739419 344407159 rogeryunoo
344407221 singlewind 344407152 49739419
344407230 numnum 344407176 49739419
344407287 rogeryunoo 344407195 49739419
344407290 49739419 344407221 singlewind
344407325 49739419 344407287 rogeryunoo
344407373 49739419 344407230 numnum
344407413 singlewind 344407290 49739419
344407417 numnum 344407373 49739419
344407464 49739419 344407413 singlewind
344407479 49739419 344407417 numnum
344407536 numnum 344407479 49739419
344408217 BOYS2
344412468 joyjoy123
344413850 47271686
344463468 13722052
344550948 MADAY
344728870 49739419 344412468 joyjoy123
344728900 49739419 344413850 47271686
344728920 49739419 344463468 13722052
344728932 49739419 344550948 MADAY
344765033 58522816
344769596 axax
344786444 mayo524
344912386 49739419 344765033 58522816
344912641 49739419 344769596 axax
344912818 49739419 344786444 mayo524
344913068 axax 344912641 49739419
344916831 47043869 344912818 49739419
344961047 47232431
344961553 xiaochen1607
345035897 49739419 344913068 axax
345035956 49739419 344961047 47232431
345036129 49739419 344961553 xiaochen1607
345036183 49739419 344916831 47043869
345036286 60117606
345036838 49739419 345036286 60117606
345037052 49739419
345037721 50277952
345043947 49739419 345037721 50277952
345052265 42135502
345057982 51126045
345058474 51126045
345060241 xiaochen1607 345036129 49739419
345060527 60117606 345036838 49739419
345065366 axax 345035897 49739419
345068012 58522816
345069522 2208767
345370411 49739419 345052265 42135502
345370475 49739419 345057982 51126045
345370541 49739419 345058474 51126045
345370552 49739419 345060241 xiaochen1607
345370622 49739419 345060527 60117606
345370642 49739419 345065366 axax
345370723 49739419 345068012 58522816
345370737 49739419 345069522 2208767
345373187 hannat
345374500 Vollmilch
345374530 49739419 345373187 hannat
345374889 10179573
345375175 lishiyu 344404939 numnum
345434980 wanyf
345707104 49739419 345374889 10179573
345707110 49739419
345707140 49739419 345434980 wanyf
345707386 bubuzzzzzzz
345707455 xkx2030
345707475 36769151
345708002 10179573 345707104 49739419
345787591 42135502
345787946 42135502 345707475 36769151
345788324 leosone
345878184 hannat 345374530 49739419
346026495 calla
346248774 49739419 345707386 bubuzzzzzzz
346248948 49739419 345707455 xkx2030
346498433 49739419
346249634 49739419 345707475 36769151
346498508 49739419
346249918 49739419 345787591 42135502
346498591 Iris_L
346250031 49739419 345788324 leosone
346250406 49739419 345878184 hannat
346499064 49739419 346498591 Iris_L
346250490 amo-li
346250537 49739419 346026495 calla
346499435 cardamontang
346251641 leosone 346250031 49739419
346499893 49739419
346252088 chenmugou
346252947 43286057
346501013 49739419
346253426 fcaoer
346501276 42135502
346501530 chuan1989
346257723 49739419 346251641 leosone
346501553 46081803
346258040 49739419 346250490 amo-li
346501890 49739419 346501276 42135502
346258356 49739419 346252947 43286057
346258572 49739419 346252088 chenmugou
346502337 49739419 346501530 chuan1989
346258691 49739419 346253426 fcaoer
346502436 42135502
346502707 zhongchihan
346260120 kakaouya
346502888 49739419
346261249 chenmugou 346258572 49739419
346263243 49739419 346253426 fcaoer
346503072 49739419 346502707 zhongchihan
346508882 42135502
346263480 49739419 346260120 kakaouya
346512234 49739419 346508882 42135502
346263661 49739419 346261249 chenmugou
346525284 chuan1989 346502337 49739419
346268244 Nikonikodo
346526225 42135502 346512234 49739419
346270223 fcaoer 346263243 49739419
346539184 49739419 346525284 chuan1989
346276867 bluefleabane
346539337 49739419 346526225 42135502
346277073 sh1j1e
346541444 cpooman
346286617 smile91
346542664 chuan1989 346539184 49739419
346292915 49739419 346276867 bluefleabane
346546514 numnum
346895969 49739419 346541444 cpooman
346292975 49739419 346277073 sh1j1e
346895990 49739419 346546514 numnum
346293031 49739419 346286617 smile91
346896007 49739419 346542664 chuan1989
346300010 calla 346250537 49739419
346938678 adella
346303122 51991909 344407055 49739419
347177364 cpooman 346895969 49739419
346305194 chuan1989
347181985 59359927
346312562 smile91
347182496 Jchens
346321671 49739419 346300010 calla
347229053 49739419 346938678 adella
346321676 49739419 346305194 chuan1989
347229072 49739419 347181985 59359927
346321691 49739419 346303122 51991909
347229077 49739419 347177364 cpooman
346321701 49739419 346312562 smile91
347229084 49739419 347182496 Jchens
346323015 leosone 346257723 49739419
347244288 cpooman 347229077 49739419
346327290 hannat 346250406 49739419
347270042 59359927
346422677 51991909 346321691 49739419
347883650 49739419 347270042 59359927
346471307 chuan1989 346321676 49739419
346477824 42135502 346260120 kakaouya
347883766 catinbedroom
347885635 49739419 347883766 catinbedroom
346478476 kakaouya 346477824 42135502
348112933 42135502 347229053 49739419
346480078 42135502 346276867 bluefleabane
350765678 54843798
346480641 42135502 346478476 kakaouya
404881045 51145178
405835190 66106823
346481091 42135502 345707140 49739419
405837650 6338416
346481318 kakaouya 346480641 42135502
346490961 cardamontang
405968900 balabababa 345037052 49739419
346492345 49739419 346471307 chuan1989
405968901 62244322
419500297 greenmuzi
346492586 49739419 346477824 42135502
346492908 49739419
346493428 49739419 346490961 cardamontang
346493675 Iris_L
346493842 49739419
346493964 49739419 346493675 Iris_L
346494183 Iris_L 346493964 49739419
346495375 sherlockvesper 344404939 numnum
346497614 49739419 346494183 Iris_L
346497790 49739419 346495375 sherlockvesper
346498252 49739419
346498338 49739419
