345399162 49532363
345399337 Juice_xy
345400311 imlikeegotist
345400357 wd1124
345401967 59341334 345400311 imlikeegotist
345402093 59341334 345399337 Juice_xy
345402241 59341334 345400357 wd1124
345402336 3092993
345402429 imlikeegotist 345401967 59341334
345402580 24547943
345402616 wd1124 345402241 59341334
345403492 49532363
345403722 wd1124
345404345 Juice_xy 345402093 59341334
345405019 georginas
345405275 59341334 345403722 wd1124
345405385 59341334 345405019 georginas
345405481 59341334 345402616 wd1124
345405731 59341334 345402580 24547943
345405755 tabris17
345406066 wd1124 345405275 59341334
345406224 georginas
345406960 59341334 345406066 wd1124
345407072 59341334 345406224 georginas
345407857 wd1124 345406960 59341334
345408230 59341334 345407857 wd1124
345408531 6279539
345408730 3917375
345408997 georginas
345409628 3529279
345409851 wd1124 345408230 59341334
345410344 liulimark 345405275 59341334
345410629 47145910
345412115 59341334 345410629 47145910
345413103 59341334 345408997 georginas
345413321 58217961
345413452 52746785
345413907 60263106
345414121 59341334 345413321 58217961
345414813 59341334 345413907 60263106
345415936 wd1124 345409851 wd1124
345417119 wd1124
345418268 lareinaliv
345421806 59341334 345417119 wd1124
345422063 59341334 345418268 lareinaliv
345422788 wd1124 345421806 59341334
345423018 wd1124
345424355 cyj.19ang
345446552 60263106 345414813 59341334
345509326 59341334
345511196 wd1124 345509326 59341334
345511468 Juice_xy
345511787 52746785
345512352 yangcancan
345522547 59341334 345511468 Juice_xy
345522764 59341334
345523031 59341334 345512352 yangcancan
345536984 kakaouya
345541935 50075186
345551613 Gatueron3
345593006 yangcancan
345608342 59341334 345541935 50075186
345608493 59341334 345551613 Gatueron3
345608792 59341334 345593006 yangcancan
345609050 57910481
345609969 heeeeeebe
345611669 heeeeeebe
345612412 Juice_xy
345614876 4867557
345653055 4481712
345653461 ramonachan
345915505 59341334 345653055 4481712
345915728 59341334 345614876 4867557
345915783 59341334 345653461 ramonachan
345916000 59341334 345609050 57910481
345916714 promisenever
345917935 mianmian0121
345960916 kangmimi
346009008 MissCa
346063102 59341334 346009008 MissCa
346063593 59341334 345960916 kangmimi
346099856 chenchen3036
346111685 59341334 346099856 chenchen3036
346113760 xujinjing
346117203 MissCa 346063102 59341334
346166372 chenchen3036
346168207 duskwisdom
346171595 45463776
346317379 52204484
346332521 59341334 346317379 52204484
346332817 59341334 346171595 45463776
346332986 whocarecat
346333239 59341334 346166372 chenchen3036
346333858 45442897
346339128 45463776
346343675 59341334 346332986 whocarecat
346343929 59341334 346339128 45463776
346344939 59341334 346333858 45442897
346345269 4515479
346345975 53671220
347632744 m.r.g
347688741 24422077
347690418 persicalee
347691609 59341334
347691755 59341334
347691850 59341334 347690418 persicalee
347692263 59341334 347688741 24422077
347692322 57631780
347698137 24422077
347702402 4603975
347703388 4603975
347709273 ccshu2
347717986 af1103
347733360 52923968
347740658 soda212
347746773 wizzlovediana
347802274 leavingmehere
347802533 leavingmehere
347803798 yeyiyi
347812256 zhaolulu
347817984 51456370
347825173 xiaoyang2b
348048137 2717255
348051331 59341334 348048137 2717255
348051786 59341334 347803798 yeyiyi
348052309 59341334 347802533 leavingmehere
348052925 59341334 347717986 af1103
348053017 59341334 347812256 zhaolulu
348053181 59341334 347746773 wizzlovediana
348053378 59341334 347703388 4603975
348056808 leavingmehere
348059633 24422077
348076428 2717255
348078816 40820021
348079864 57258102
348080875 50443634
348180551 47733314
348188087 mailedou
348189549 2208767
348192095 48253081
348192429 58953536
348270834 JO-FU
348315704 antong0000
348315753 antong0000
348329718 2904730
348363382 49226704 345402241 59341334
348365656 49226704
348370247 54182470
348414300 47733314
348441828 qiaoduan
348578886 wenzi1222
348637784 59341334 348441828 qiaoduan
348637886 59341334 348578886 wenzi1222
348638740 mailedou
348639389 59341334 348370247 54182470
348639530 wenzi1222 348637886 59341334
348639880 59341334 348365656 49226704
348640018 59341334 348639530 wenzi1222
348640263 59341334
348641450 59341334 348192095 48253081
348641740 59341334 348638740 mailedou
348641881 59341334 348363382 49226704
348642420 zhaolulu 348053017 59341334
348650253 JO-FU 348640263 59341334
348661969 JO-FU 348650253 JO-FU
348675877 qiaoduan 348637784 59341334
348677711 qiaoduan 348637784 59341334
348679963 52605109
348717978 jinghee
348752874 lizishuo
348752956 43798303
348777762 osearay
348785920 47397579
348808344 49043617
348877258 59341334 348677711 qiaoduan
348878502 59341334
348878921 59341334 348777762 osearay
348884283 59341334 348808344 49043617
348884421 59341334 348785920 47397579
348885896 50152530
348886903 lizishuo
348896965 52529745
348899702 37462087
348934393 34665454
348974802 zhaolulu
348977248 qiaoduan 348877258 59341334
348981453 47110064
348983333 wandu
348984827 seaskyshy
348986012 59341334 348899702 37462087
348986373 59341334 348974802 zhaolulu
348989881 60192538
348990868 zhaolulu
348991130 zhaolulu
349011563 37462087 348986012 59341334
349027633 46921479
349040171 4270578
349091256 47397579 348884421 59341334
349096391 44330676
349101791 44330676
349113781 46274191
349145038 51387328
349148456 3032560
349152697 cemily
349343490 loveariel
349348514 af1103
349371383 over_cast
349372017 over_cast
349381947 41633901
349517786 41725003
349527082 fengxiaoqing 347709273 ccshu2
349533008 chen1728449
349543361 monla
349562767 jinghee 345408230 59341334
349584377 52705768
349593549 58349644
349632289 Lgel
349635322 mawson
349650990 50896162
349703967 59341334
349704090 59341334 349650990 50896162
349704433 59341334 349632289 Lgel
349704529 59341334 349527082 fengxiaoqing
349705489 59341334
349709225 mawson
349745365 52705768
349745496 61260969
349748251 seminterrato
349785549 OTT
349806970 qiansdyh
349807770 46522940
349822239 fengxiaoqing 349704529 59341334
349861236 longyini
349933074 loveariel
349935003 loveariel
349957524 tongwandougn
350069859 btbrother
350071103 btbrother
350111548 xianglulu
350264235 mawson
350287701 50896162 349704090 59341334
350386144 niewa
350387483 50623408
350396628 Lgel
350398774 44330676
350400075 59341334 349957524 tongwandougn
350400101 59341334 350398774 44330676
350400215 59341334 350396628 Lgel
350400363 59341334 350069859 btbrother
350401747 Lgel 350400215 59341334
350401780 59341334
350402472 loveariel 350401780 59341334
350402868 59341334 350402472 loveariel
350402914 59341334 350387483 50623408
350403230 44330676 350400101 59341334
350403508 loveariel 350402868 59341334
350403984 loveariel 350402868 59341334
350410739 catneck
350413265 43275941
350421011 zuozuoloveyou
350612793 59341334 350421011 zuozuoloveyou
350617359 cemily
350624170 noooooooooo
350698477 btbrother 350400363 59341334
350840253 ccshu2 349704529 59341334
350852552 Lsuallen
351134966 Lgel
351159095 2877015
351162370 37216397
351165786 37216397
351278522 59341334 351165786 37216397
351278622 59341334
351278877 59341334 350624170 noooooooooo
351280241 3543190
351310675 57695235
351315079 37216397 351278522 59341334
351320246 pilibei
351321123 m.r.g
351321191 57695235
351344726 Lsuallen
351347183 Lsuallen
351349341 Lgel 351278622 59341334
351352418 MamuDD
351357214 liulimark
351361461 zhouzhouer
351362298 57905582
351481117 Lgel
351564366 mdq
351725821 saysaymama
351727638 54488808
351728929 mon
351740951 55578277
351899039 57695235 351728929 mon
351929267 nju-zj
351933747 australian
351934852 australian
352009579 Lgel
352079358 sotae
352112731 55311888
352134090 mon 351899039 57695235
357954711 50443634
357955885 jinyubao
358041605 hxlshirley
358047950 jinqiangqiang
358143733 seasidecity
358238489 59341334
358238608 59341334
358701038 53644224
358724941 51142481
359214108 jishufanhua
359288556 53698617
360224427 52088204
360627426 hahehahe
360637842 43194831
360663661 50332687
361447563 59341334 360663661 50332687
361447642 59341334 360637842 43194831
361452001 59341334 360224427 52088204
361466293 59341334 359214108 jishufanhua
361466361 59341334
361476975 52088204 361452001 59341334
361737624 hahehahe 361466361 59341334
361741439 52088204 361452001 59341334
361756967 48055514
361771881 Ovilia.
361859305 9050124
361860386 2870277
362352318 59341334 361859305 9050124
362352434 59341334 361860386 2870277
362352616 59341334 361771881 Ovilia.
362352955 59341334
362355106 Ovilia.
362356904 2870277 362352434 59341334
362357239 1767420
362420437 hahehahe 362352955 59341334
362457115 9050124 362352318 59341334
362651656 59341334
362651718 59341334 362457115 9050124
362652868 9050124 362651718 59341334
362654133 hahehahe 362651656 59341334
362676789 62682997
362687980 yovitam
363163954 59341334 362687980 yovitam
363166198 yovitam
365108934 1538084
365533866 hahehahe
366059389 Ayuan_TVXQ
366179216 59341334
367614891 hahehahe
367615039 hahehahe
367615533 hahehahe
367767400 59341334
367767766 59341334
367768013 59341334
367768611 59341334
367768874 hahehahe
367772125 59341334
367781445 hahehahe 367772125 59341334
367801890 Ayuan_TVXQ
367857116 59341334
367920349 hahehahe 367857116 59341334
367920736 59341334
367923518 hahehahe 367920736 59341334
367938571 zhouchouchou
367971011 3344704
368022225 1538084
368031306 4336349
368032146 aitiaowudemeng
368114427 zimoxianchen
368183453 59341334 368022225 1538084
368184106 59341334
368195904 39228612
368232307 53677996
368272196 zhouchouchou
368285398 59341334 368272196 zhouchouchou
368286419 59341334 368232307 53677996
368288697 58758166
368434751 3344704
368516381 4117648
368517754 chenmingm
368604366 57116226
368672322 59341334
368727482 53677996
368729737 63170379
368792672 3344704
368798611 42611046
368922630 59341334
368965324 3344704
368972729 1538084
368980219 38919889
368982561 62840522
370117478 59341334 368982561 62840522
370133320 62840522
370146100 49304131
370515682 59341334 370133320 62840522
370522182 47066344
370570932 62840522 370515682 59341334
370641034 44616760
370644737 4848740
370644798 4848740
352141999 2230719
352272346 57695235 352134090 mon
352278736 35710142
352292197 46765874
352310814 lomopapa
352403354 35710142
352405794 35710142
352406728 59341334 352310814 lomopapa
352406944 59341334 352405794 35710142
352424369 37216397
352435415 61543029
352446885 43255020
352468995 35710142
352483150 59341334 352424369 37216397
352483231 59341334 352310814 lomopapa
352483371 Lgel
352524868 50289460
352532771 48871950
352564792 37216397 352483150 59341334
352572705 kacha
352573092 2026969
352586866 62100439
352587477 hahehahe
352644376 1435913
352672171 49691070
352731447 3983104
352735238 52300762
352965413 1965328
352972143 1965328
353062382 55301066
353209526 59341334 352564792 37216397
353209769 59341334 353062382 55301066
353210015 59341334 352587477 hahehahe
353210480 59341334 352672171 49691070
353210616 59341334 352972143 1965328
353212596 hahehahe 353210015 59341334
353217356 49691070 353210480 59341334
353218018 59341334 352965413 1965328
353220352 49691070
353276585 xixidexiaoxudao
353318309 37172965
353346245 Lgel
353357607 1965328
353366870 53644224
353368216 59651778 345400357 wd1124
353386167 liulimark 350264235 mawson
353399198 mawson 353386167 liulimark
353409344 40426013
353435074 62100439
353554866 enmaying
353556177 2640761
353630943 46747716
353653592 54241328
353655737 Yyq2hqT
353829135 60758521
353855207 59308865
353862598 53149107
353892831 2570708
353909807 Thekim
353974358 60758521
355702664 59341334 353974358 60758521
355702924 59341334 353892831 2570708
355703055 59341334 353630943 46747716
355703569 59341334 353368216 59651778
355704397 luoluoanan
355705274 moguyao199311
355707228 59341334 353655737 Yyq2hqT
355707482 59341334 355705274 moguyao199311
355708290 moguyao199311 355707482 59341334
355709006 59341334
355709158 59341334
355709233 58619748
355709584 59341334 353357607 1965328
355709984 59341334
355710164 59341334 353318309 37172965
355710182 moguyao199311 355709158 59341334
355717307 mahya 345403722 wd1124
355718393 mahya
355737659 46747716 355703055 59341334
355738268 yuriiiii
355740800 58619748 355709984 59341334
355777864 Yyq2hqT
355889703 59651778
355910891 62100439
355911759 48579433
355976778 46921479
356101133 50623408 355709984 59341334
356178362 33069422
356243647 53149107
356352891 ashinsong
357228494 60283606
357245764 50352645
357354065 59341334 357245764 50352645
357354296 59341334
357737201 47397579
357826785 33069422
357910899 green1106
357949163 24422077
357954453 50443634
357954705 50443634
346347437 2913493
346397355 MissCa 346063102 59341334
346427580 m1ssfe1
346445027 chenchen3036
346447676 52204484 346332521 59341334
346453140 chenchen3036 346447676 52204484
346497118 whocarecat
346502541 47756107
346509453 59341334 346345975 53671220
346510348 59341334 346502541 47756107
346510666 59341334 346447676 52204484
346515719 53671220 346509453 59341334
346520573 47756107
346549794 59341334 346520573 47756107
346634317 59341334 346345269 4515479
346636797 ssssssstarry
346658435 47756107
346661351 54182470
346661756 jiaplusjia
346663090 54182470
346665388 Rasgullas
346667215 zouyazou
346670482 ci_lovecandy
346682688 8616903
346715700 49838146
346874066 59341334 346715700 49838146
346874229 59341334 346667215 zouyazou
346874481 59341334 346661756 jiaplusjia
346874573 59341334 346682688 8616903
346877401 59341334 346347437 2913493
346931722 54182470
346937829 1096688
346938077 1096688 345405385 59341334
346938983 1096688
346939615 1096688 345410344 liulimark
346940256 1096688 345509326 59341334
346961322 59341334 346663090 54182470
346967180 SHRIEK
346967540 1965328 346961322 59341334
346982305 52204484 346453140 chenchen3036
346989060 4867557
346992866 4485228
347034479 jiaplusjia
347061351 59341334 346967540 1965328
347066292 xiaoyang2b
347073063 42771061
347077940 3059025
347078162 chenchen3036 346982305 52204484
347093227 2913493 346877401 59341334
347100276 antong0000
347103722 53671220
347104649 xyzhnag
347202852 59341334 347077940 3059025
347203056 59341334 347100276 antong0000
347205560 59341334
347209662 4916696
347237404 52204484
347239633 54182470
347260689 34665454
347273522 2518953
347274850 daoaoao 346347437 2913493
347281020 53712024
347288451 2913493 347205560 59341334
347289122 3529317
347310517 52204484 347078162 chenchen3036
347314577 52771127
347434847 georginas
347435432 georginas
347436856 georginas 346938077 1096688
347508716 59341334
347509547 59341334 347239633 54182470
347509815 59341334
347510352 59341334 347434847 georginas
347515035 georginas
347520508 4523939
347525522 zhaolulu
347528545 zoey07
347536796 xyzhnag
347544599 60670629
347552700 4024435
347575487 e.pamela
347576388 58281437
347577207 58627275
347583334 4603975
347584318 2913493 347509815 59341334
347590331 persicalee
347613863 42771061
347617598 44289887
347618274 59341334 347590331 persicalee
347619917 59341334 347583334 4603975
347620092 59341334 347575487 e.pamela
347620670 derketzer
347622997 50443634
347624008 57258102
347627240 lizishuo
347630566 37110938
347630582 44921603
347631365 37110938 346099856 chenchen3036
347631410 52923968
347632594 SSQBS
401234082 45853748
401234219 52655575
401284829 65407323
401334190 30344344
401353282 61685120
401405418 linayan
402692860 61595370
403586890 fengxiaoqing
403891323 37216397
404100024 59341334
404102953 59341334 403891323 37216397
404138708 37216397
404235460 fengxiaoqing
404235953 fengxiaoqing
404239270 60636872
405075574 65407323
405076034 65407323
405078290 51163944
405140344 66132679
406109347 sidiu
407474679 canran8
407493990 canran8
407499303 at3000
407501400 Ellyback
407506976 aaaaap
407511681 46372650
407608436 52989515
407648812 66878709
407658018 Gatueron3
407658064 Gatueron3
407664998 52947899
407668272 48875638
408101772 48685428
408118734 65240116
408124671 40459945
408128999 60963489
408286096 59394003
408286988 dynforever
408292643 44702716
408322973 60984709
408332980 4167417 345408230 59341334
408336533 66928427
409379708 64798976
409784200 goobee_psyche
410728510 goobee_psyche
410875806 56011476
410904070 56011476
411828861 59341334 401234219 52655575
411860116 52655575
411933321 56011476
411936926 66908651
412611062 Cecila-Dream
412662947 52471140
412681872 tuotuoouyoyo
413044353 huisiumui
413081628 59939345
414172403 40977208
417020106 60189663
417028740 60189663
417110909 65775708
418159532 ronnie0505
418164180 47423748
418166717 43857751
418249120 echoissmart
418252288 Z09621
418439140 41433518
419671135 64337151
419672142 57167193
419673993 65878271
419675491 55966758
419692233 52072794
419694287 4914234
419695554 36118915
419697304 52520321
419707725 50710201
419709559 50710201
419784579 30282087
419784955 56052608
370644809 4848740
370644898 4848740
370645170 4561799
370647668 4169973
370648711 Oopsmas
371116437 63004570
371244096 53828993
371437121 34995343
371441288 34708293
371473292 58346404
371473916 6647293
372007577 58321939
372011704 59341334 370644898 4848740
372011939 59341334 370647668 4169973
372013556 59341334 372007577 58321939
372013724 59341334 371244096 53828993
372016610 58321939
372020696 59341334 372016610 58321939
372026179 58321939
372039990 rouzhen
372073906 4848740
372083296 4375837
372159887 52811326
372277749 malin1103
372278702 ZhouMiss
372279653 ZhouMiss
372280008 ZhouMiss
372315194 59341334
372315339 59341334
372315427 59341334 372159887 52811326
372315622 59341334 372277749 malin1103
372320490 malin1103
372321671 59341334 372320490 malin1103
372361841 4375837
372414661 52148864
372426020 62516152
372753322 noirjinn
372761344 53273633
372783573 43665320
372797308 53695268
372821388 50414567
372891830 59341334
372923661 1861165
373020181 cozyxin
373020540 cozyxin
373073592 52811326 372315427 59341334
373156558 43785935
373157369 43550347
373163032 49258508
374099879 3344704
374117968 aishencun
374604071 54143037
374604551 treecolour
374604814 47359874
374701002 56045374
374701896 56045374
374720921 chenjuan0125
374739203 chenjuan0125
375030058 59341334 374739203 chenjuan0125
375031840 wwwlucky
375086960 59341334
375087625 59341334
375087892 59341334 374701896 56045374
375089067 38471691
375089547 38471691
375101604 wwwlucky
375103550 J-cloud
375354620 56045374
375357895 59341334 375354620 56045374
375359050 45254404
375361452 13736379
375363582 56045374
375612990 59341334 370647668 4169973
375613133 59341334 375363582 56045374
375685665 58821006
375690510 38960112
375699482 60296627
375931183 y_zhan9
375991422 color-17
375994022 62997706
376002956 59341334
376003534 62997706
376003715 taemecho 375613133 59341334
376004534 59341334 375994022 62997706
376004616 59341334 376003715 taemecho
376006490 62997706
376008701 Sahoxin
376009119 Sahoxin
376010381 CANCAN198787
376031909 60187828
376038505 40427178
376038825 taemecho 376004616 59341334
376057934 noirjinn
376071828 susan0815
376120800 59341334 376057934 noirjinn
376140692 bio7
376143367 56045374
376172519 48835595
376173345 Joyfully
376187969 foolxx
384477355 31437041
384479513 48529630
384479870 43917205
384494674 2813506
384559385 54237019
384561721 50113010
384594991 zhangquezi
384630353 59079472
384854236 52063559
384854639 52063559
384855072 52063559
384950388 52489858
385033719 59341334 384477355 31437041
385033787 59341334
385033975 59341334 384854639 52063559
385034096 26659176
385034222 26659176
385034739 59341334 384854236 52063559
385034884 59341334 385034222 26659176
385034978 59341334 384561721 50113010
385036797 26659176 385034884 59341334
385085986 31437041 385033719 59341334
386340940 jullllla
386341835 jullllla
386345004 55532792
386354822 46574364
386492541 59341334 386345004 55532792
386493337 59341334 385085986 31437041
386649279 ningmengya
386655379 52718307
386730600 31437041 386493337 59341334
386978575 lalamie
387033837 46659593
387037832 46659593
387066025 46659593
387071584 61292430
387078839 lazyTee
387081134 48366354
387265267 62588492 386493337 59341334
387299674 beautifui
387300670 31229481
387306781 guerya
387314003 dracula1874
387929121 zhangquezi
387955848 zhangquezi
388028096 duiweier
388035977 usuallybaba
388146212 2540124
388238029 2117191 345509326 59341334
388404046 chaochaodouban
388405774 2348639
388564157 64822891
388695315 47588395
391239294 l888
391241323 65407323
391250103 universe7
391255326 4072163
391255793 49398509
394907224 59341334
395415340 62488498
395424247 1724798
395441345 1572510
395531800 51637087
395620243 59341334 395424247 1724798
395620374 59341334 391255326 4072163
395623006 24193297
395634440 42615492
395692679 13816242
395693126 13816242
395861790 pianziyatou
395865836 45396905
395868222 62367301
395868372 62367301
395909708 53005944
396028152 62812551
396872000 55873266
396874306 55873266
396887353 Pr1nc3ss.Ma
396945270 39730846
397662834 hongtongxian
397686387 59341334
397686492 59341334 397662834 hongtongxian
397686627 59341334 397662834 hongtongxian
397690303 hongtongxian 397686627 59341334
397690972 49125515
397754812 48046553
397782218 55873266
397785714 36853493 345408230 59341334
398069301 53237220
398144813 58082100
398149403 42212735
398244664 39730846 397686387 59341334
398250656 52756099
398561127 50495896
398741675 57111864
399247414 55873266
401190346 lilyC
401233097 4777103
401233939 45853748
401233992 45853748
376196264 noirjinn 376120800 59341334
376204157 38960112 376002956 59341334
376247882 59341334 376204157 38960112
376303778 color-17
376304306 54659169
376334276 foolxx
376362741 42387465
376433964 50408775
376648664 4429359
376758032 62530967
376898984 63816489
376898995 63816489
376899655 45762914
376900426 xiaohuangxinger
376904407 2341427
376904598 2341427
376904620 2341427
376904738 2341427
376904792 2341427
376904879 2341427
376907730 44924401
377075181 kaminali
377282476 59341334
377282694 59341334 376904738 2341427
377283387 59341334
377326000 4429359
377346280 2341427 377282694 59341334
377353708 56771473
377357210 49156324 345509326 59341334
377370569 59341334 377357210 49156324
377370639 59341334 377353708 56771473
377370733 59341334 377326000 4429359
377436220 2341427 377370733 59341334
377458951 KidCardona
377522745 59341334 377436220 2341427
377530369 2341427
378064623 6625459
378092702 6625459
378467974 59341334 378092702 6625459
378760614 41933332
380152640 junheng
380155549 VivianTao
380304461 61356110
380324935 6625459 345509326 59341334
380409495 sphinxt
380413668 34708293
380413791 34708293 380304461 61356110
380435323 61356110 380413791 34708293
380668561 34708293 380435323 61356110
380698743 61356110 380668561 34708293
380719620 59341334 380413668 34708293
380723081 junheng
380728448 49189594
380844661 62997706
380859418 62997706
380901588 59341334 380844661 62997706
380905931 59341334 380152640 junheng
380960923 buyaoshabi
380963643 62997706 380901588 59341334
381251902 59341334 380960923 buyaoshabi
381251977 59341334 380963643 62997706
381252239 hellodreamer
381270277 59341334 381252239 hellodreamer
381759435 sphinxt
381987862 z6 381270277 59341334
381989552 11747362
382053928 34708293 380719620 59341334
382056635 missraya
382059857 daisy3days
382096417 59079902
382537068 59341334 382096417 59079902
382547837 59079902
382657871 z6
382720721 minnta
382733216 41040261
382741834 37535614
382763062 tbddm
382771774 58229154
382772224 SsoOs
382774945 16464926
382868974 lovelyxiong
383025305 xrbabayu
383186404 supersaiku
383236076 supersaiku
383237072 46910789
383726459 59341334 382868974 lovelyxiong
383728554 59341334
383744221 37588050
383749002 lizier
383781222 lovelyxiong
383800075 tbddm
383802262 61622613
383812423 supersaiku
383819397 demoniac
383835541 jullllla
383873441 60307845
384341024 59341334 382772224 SsoOs
384341104 59341334 383812423 supersaiku
384341151 59341334 383835541 jullllla
384475126 SsoOs 384341024 59341334
