405151812 ilowo
405156333 watermelon520
405156655 3034062
405163956 yangchengjie
405176200 64350248
405210808 3034062 405156333 watermelon520
405214453 55440937
405218159 peijin115
405219779 64617211
405220428 jujo
405247051 watermelon520 405163956 yangchengjie
405250615 46224963 405163956 yangchengjie
405256933 66132679
405257896 64198194
405268810 43677701
405333796 59738341
405456182 pishuang0808
405458542 pandaemi
405458659 appppppple
405528996 2457981
405532179 lisacat
405536726 59321315
405558178 4163031
405573017 58199590
406234859 3690857
406240367 59606768
406241231 65125283
406245453 60300095
406253253 4252859
406279428 54068017
406282352 xiaoxiaoshuo
406284271 9611209
406286260 53822078
408648477 53454341
408650128 59544148
408650901 yuyear 408650128 59544148
408650990 yuyear
408651149 yuyear
408652445 56428016
408652878 43136451 408650901 yuyear
408653483 yuyear 408652878 43136451
408653561 43136451 408650901 yuyear
408654400 49523984
408654461 yuyear 408653561 43136451
408654669 43136451 408653483 yuyear
408654970 43136451 408654461 yuyear
408655235 yuyear 408654669 43136451
408655351 yuyear 408654970 43136451
408655589 43136451 408655235 yuyear
408656057 yuyear 408655589 43136451
408656545 youjingnian
408676393 pishuang0808 408651149 yuyear
408743632 yuyear 408676393 pishuang0808
408745916 pishuang0808 408743632 yuyear
409609465 53001327
409615141 DeepThroat402
409617971 yuyear
409619566 DeepThroat402 409617971 yuyear
409619788 yuyear 409617971 yuyear
409746771 4062899
409749513 lvseyaowan
409952037 3601184
409952409 59966954
409954043 64845289
409980086 63390057
410812267 42273412 405156655 3034062
410823258 3034062 410812267 42273412
410922524 42273412 410823258 3034062
410925563 8640425
410926817 3034062 410922524 42273412
411149391 42273412 410925563 8640425
411149615 42273412 410926817 3034062
411155777 54470430
411161681 xumianmian
411163349 45355563
411167347 65020686
411170367 jovybox
411173067 41882343
411177295 3034062 411149615 42273412
411238455 44937622
411247126 44838574
411261721 44545830
411381422 42273412 411261721 44545830
411520081 4770986
411554473 Lynn_3
411559111 42273412 411520081 4770986
411559235 42273412 411554473 Lynn_3
411884223 54470430 411559235 42273412
411892447 48247702
411894636 zifeiyu77
411895949 50531557
411899523 baekseul
411904197 corneactto
411925795 lnhikari
412126039 42273412 411884223 54470430
412132840 60378481
412682927 52471140
412684733 62155957
412839275 59939345
412956403 2817624
412959057 62416194
413837800 Vacancy_agoni
413839694 65600057
413840672 xy-mysun
414274846 54477070
419170005 yue126
419250957 62904067
419251518 57570615
419892126 45664287
419894494 67465877
419899576 52063559
419900184 57892290
419902042 LuvYyc
