348822482 47074004
348822942 35395671
348824310 59132415
348825041 tangfe48
348825798 sveenland
348826306 lolnlol
348831124 47507403
348831365 wusajiang
348831436 sadism
348831741 60263106
348831809 btmint
348832679 4659859
348833164 shadowknows
348836194 17313854 348825798 sveenland
348967427 54116899
348968196 55993588
348969252 4704827
348969557 60946492 348969252 4704827
348969817 56045374
348969964 4704827 348969557 60946492
348970655 60946492 348969964 4704827
348971233 4704827 348970655 60946492
348971609 60946492 348971233 4704827
348971801 4704827 348971609 60946492
348971943 60946492 348971233 4704827
349002731 41975495 348969557 60946492
349004489 2682206
349006988 hmq1988
349007243 58459004
349013890 Luv_Frances
350187233 41975495
350188686 Yyq2hqT
350275001 4419514
350277034 61471121 350275001 4419514
350277585 61471121 348832679 4659859
350277947 4659859 350277585 61471121
350280025 42644661
350282422 road_bridge
350285384 2428967
350409740 CCJR 350275001 4419514
350411706 hanying0521 350275001 4419514
350441672 61471121 350277947 4659859
350442408 4419514
350455481 46284321
351344704 41975495 350275001 4419514
351348530 56485512
353332309 41975495
353348780 57615214
353349496 55998424
353413246 52606469
353417386 lingxi5688
353422047 cccvv
353422123 oSalome 351344704 41975495
353424305 55998424 353417386 lingxi5688
353425032 2987152
353426547 lugae
353427279 naoki00 350275001 4419514
353428780 44884813
353430674 41198675
353431027 56111784
353432947 2637631
353447310 49594454
353449631 51123304
353457408 32398568
353509996 fxiaoxiaoxiaof
353786316 46647218
353786518 taizilongxu
353787039 49118788
353788279 sheliwang123
353791203 9980314
353791325 tofelove
353791439 unicorno
353791803 imlikeegotist
353791983 imlikeegotist
353793682 1337279
353794981 haqiano
353795057 2026292
353795292 xi3
353795385 50593944
353795482 40571313
353797438 Victoria.
353797530 44137904
353798364 Leave_Summer
353798415 60661953
353798536 41532614
353963572 lovemissj
353978238 50312681
353983351 gelsey1992
353983908 gelsey1992
353988239 liming1215
353994690 pjh
354001284 pjh
354002225 kengyiidain
354006963 56996764
354008695 lynwang
354009899 prhmeng2
354010046 48064378
354010595 paradise-city 348969964 4704827
354011941 50787468
354016545 52104359 349004489 2682206
354016595 52104359
354017108 52104359 353788279 sheliwang123
354021298 4704827 354010595 paradise-city
354022816 paradise-city 354021298 4704827
354023038 4704827 354022816 paradise-city
354023593 mashrooooom
354024261 paradise-city 354023038 4704827
354024545 4704827 354024261 paradise-city
354025331 yukeyrong 348968196 55993588
354027169 52300762
354028729 55993588 354025331 yukeyrong
354030931 YChen7 348971233 4704827
354031482 4704827
354037136 YChen7
354037493 jene4sh 353791803 imlikeegotist
354037814 anysunshine 353983351 gelsey1992
354037999 sheliwang123
354038094 imlikeegotist 354037493 jene4sh
354038107 sheliwang123
354039413 ishisi
354069757 toShare 348969557 60946492
354070628 toShare 349002731 41975495
354072402 toShare
354072919 toShare
354074206 49319060
354075386 smilebaoer
354077455 35884251
354080021 hc1215
354083108 a_pan1025 354074206 49319060
354092478 aaaza
354092967 52152655
354093472 52771127
354094749 Rerush
354125313 41975495
354126970 cowgirlfanny
355855465 automb 348825798 sveenland
355862573 yingtianjin
355874829 huangjing321
355875714 56111667
355875896 49397577 354039413 ishisi
355876003 49397577
355886889 killuafei
355888532 hide10
355888613 33505984
355891866 blue-time
355892330 imlikeegotist
355943524 41975495 355888532 hide10
355957991 hide10 355943524 41975495
355999820 43471280
356030548 breathing-yan
356037311 50623408
356038401 Christine_meiya
356111026 hangingaround
377162444 Woody0115
377469710 KidCardona
377491563 3063561 354072402 toShare
377501088 toShare 377491563 3063561
377527384 3063561 377501088 toShare
377541987 47795306
377548424 40199434
377554911 1468547
377556308 62054432
377563431 54709144
377564336 48498643
377571418 35960188
377579837 self-Lan
377639474 62997432
377666547 34444386
377685161 toShare 377527384 3063561
377685888 momo60
377712275 42413589
377738726 54709144
378836326 41975495 377712275 42413589
378840500 nemofishhome
378841306 1752929
378841464 55686268
379142345 48187313
379144061 25392483
379296653 45863216
379296954 nononononononou
379298305 4814819
379304293 xialuoweiming
379549517 Richael
379551221 47161575
379558942 44731282 348968196 55993588
379559342 44731282 348825798 sveenland
379566868 winter-summer
379581343 sdlee1625-02
379582389 41647402
379583429 51596458
379584238 Hifana
379592144 58758166
380064688 43997909
380090388 desire19840311
380109625 ilovepjharvey
380110154 10995599
380110941 49058018
380111256 58656459
380111552 wu-bang
380136767 52473550
380138759 viya1204
380332376 41975495 379581343 sdlee1625-02
380333345 sudream
380333512 45580347
380337098 49416557
380340673 5936421
380870099 63900144
381004983 hyx19930827
381653750 34444386
381658105 58699731
381674840 58549782
381689783 loveleehomwang
381704092 55411407
381706907 28517962
381707783 cnxoxo
382661194 32605166
382662149 50453146
382663513 55759493 353787039 49118788
382703468 33743732 382663513 55759493
382712392 60832491
382819053 61571897
383024231 41975495 382712392 60832491
383024349 41975495 382703468 33743732
383027586 54530559
383027870 54963370
383028882 29603086
383035116 48319896
383039533 57988281
383052601 64194723
383061010 43056598
383062934 Bang-Bang
383068096 creamsoda233
383077011 zhutimax
383079731 oneandtwotwo
383085130 46603256
383162851 41463107
383164083 ymssssssssss
383168632 43025689
383191470 52489019
384782095 41975495 383162851 41463107
385439729 geinijiandan
385447728 Little-Shaily
385448331 foxtang
385450014 49310061
385452621 helone
385466837 douziheile
385490256 esgape
385491388 48390831
385498570 53895727
385498675 3702912
385499806 joker_ranger
385504327 chilaweng
385516268 51502770
385715558 44757681
385810684 maomao0703
386178772 nowdow
386179203 37567011
386180100 alashendeng
386181420 64395214
386233446 64992105
386281275 domarnic
386281752 1338192
386281763 shine1223
386281984 oringinal.
386286778 at3000
386302995 61554255
387487751 Chloe-IZUMI
387487994 55887017
387488406 56896270
387494647 48447418
387496099 4280679
387497323 45233114
387498043 47859558
387498490 cyon
387498778 lechemin
387499567 fuckyoua
387499996 MAY_zhongwuyan
387500041 kezen
387500252 3734656
387501199 43625160
387503072 50851768
387505928 doubanxiaozi
387508102 jmjm
387508918 58171635
387522613 50346068
387522824 60522399
387523063 35925987
387523691 AANANNAN
387541401 64067554
387542179 63572476
387542688 59878554 348968196 55993588
387543143 14345299
387543463 suk411
387544549 51289180
387545244 2300993
387547615 46022415
387548578 sharonlee1993
387548624 sharonlee1993
387548671 sharonlee1993
387583128 Olivia-h
415289482 56909414
415289829 nuonuo1989
415292410 37019644
415302593 yuanyou
415303532 Henry190
415308251 62525705
415308457 gylLaura
415309073 41975495
415309280 15247848
415309405 53626797
397302244 50499390
397434293 Impzxb
397469264 50025895
397469993 morning22
397471784 lady_a
397472844 44350031
397474897 seaskyshy
397475212 44101935
397477080 Maggie00
397478062 YY1cixin
397497216 49230028
397507184 2291062
397612464 41975495
397612664 41975495
397635622 lovemessage
397636287 SuperDora
397772859 isisisis
397774623 linchuzhuang 348831741 60263106
397776989 xingxing_dandan
397777698 39724103 348831365 wusajiang
397777927 unromantic
397778458 na222222
397779579 29895623
397783569 39724103 348831365 wusajiang
397783651 59165174
397899345 53116355
398361835 41975495 397778458 na222222
398361970 41975495 397899345 53116355
398362756 52921028
398363644 na222222 398361835 41975495
398395744 53116355 398361970 41975495
398747166 jinlianglei
400877510 miiya
400922899 dawnying
400981175 waiting.luan
402178202 41975495 400981175 waiting.luan
412167275 AnitaSep06
412173894 43442680
412173895 43442680
412175051 51155362
412175608 61038001
412175719 orangelov3r
412176011 32434716
412176878 49994403
412177524 2812420
412177768 livelybaby 348831124 47507403
412178543 missss-herR
412179463 1904200
412179911 51226948
412180273 64106985
412180312 58219000
412180382 4523412
412180413 yumengfei
412181679 ring96
412187421 twining
412392936 38785303 353427279 naoki00
412393482 38785303 354001284 pjh
412393814 45791126
412473774 41975495 412393482 38785303
412474807 47967729
412474905 dj0823
412537448 yuki1202
414681265 53001327
414683059 48442471
414684965 47591307
414685379 41658365
414686020 43601253
414687914 usuallybaba
414688654 qingxiam
414688687 humanlyc
414688839 62951020
414690454 hanjinglei815
414690924 65914819
414693733 newtypezhao
414694370 dagos
414694655 buttoncc
414695788 52299470
414695800 45451877
414698948 crazy77
414699630 nuannuanxiaohai
414700932 1094513
414704888 34910155
414708410 i.m.possible
414709127 calvin.
414709178 angryolk
414712734 vlad
414729137 46867082
414730712 44309121
414732031 43617110
414732585 41910408
414737177 64174240
414741367 33278229
414786926 suxiaoyao
414831499 38550004
414887740 zwj212
415019436 bluesickhui
415125671 62896470
415130172 windsbuer
415268023 52242727
415270234 liezao
387606321 60423502
387610832 44331916
387681859 emanon_yu
387685504 52243959
387685821 3702912
387703230 A91
387704244 miss-c
387706431 TiFFanY_HInT
387739459 nonoyoyo
387740175 kekedebenzi
387766940 binfenai
387767507 supniuzi
387767697 2819211
387881375 missZsy
387882656 62047000
387882806 53353306
387883485 onlyalice
387992563 41975495
388034458 lacus_won
388035383 55740129
388035878 stellayea
388036039 64356599 348822482 47074004
388036142 51123304
388037174 49384111
388038024 Madder17
388038136 tuzeshengming
388038316 Aisxis
388041727 58228627
388051580 oodestroy
388053444 56407208
388053583 zhuzaishuijiao
388053606 52768367
388053758 41652806
388054652 49443116
388055481 41986725
388055760 44596316
388058815 4514583
388147172 1557815
388302974 63937439
388305575 dcly
388308589 45495478
388309566 hudu310
388310144 48363787
388310448 chengbei
388311027 54914759
388311533 52318761
388311538 52318761
388311853 59247137
388312052 63576350
388315301 65185900
388317155 49635553
388317383 oossase
389419338 50689286
389419726 ryanxy
391430377 Pinocchio__
391432065 hmily47
391436073 canyanluan
391436488 allthelight
391436907 34078392
391436949 sbith
391437570 pinkygiraffe
391438382 nicolove_ak
391443393 sapporo16
391444360 claire77mayday
391445077 49166139
392988512 65503485
392989969 51534374
393296006 65552670
393491790 50062390
393613113 56813999
394357412 25772045
394359742 60367620 353791803 imlikeegotist
394361864 60367620
394422503 51163944
394429118 61202539
394431837 48578279
394784954 60877433
394948654 51117300
394950407 hayleyhuang
394952215 60973350
394952849 asdzhounan
395593692 56407208
395612534 4776031
395801587 L_memo
395905259 amo0324
395920122 dsdsdf
396078311 3971587
397099275 50767425
397109511 56808256
397113499 47518652
397125263 4497330
397126248 58209314
397127174 45119625
397127226 47042347
397127246 drcooper
397127597 59510773
397127762 45723340
397128646 41980752
397128928 56501913
397128932 inssxxxx
