351955351 irisfish
351956136 43677701
351956811 bluetruck
351957409 1485877
351958662 50267941
351959323 50267941
351959647 animalming
351959969 animalming 351957409 1485877
351960951 bluetruck 351959969 animalming
351961519 36425785
351964200 43677701
351965541 44696319
351966306 caicai_smiling
351966947 59186755
351967539 55000239
351967543 1485877 351964200 43677701
351968063 43677701 351967543 1485877
351968269 Yyq2hqT
351968404 59012402
351970050 49528362
351970979 43677701 351970050 49528362
351971374 banque 351964200 43677701
351971737 MBcore
351972195 moremoresure
351972348 43677701 351971374 banque
351972886 3354310
351973614 banque 351972348 43677701
351974061 43677701 351972886 3354310
351974585 43677701 351973614 banque
351975501 banque 351974585 43677701
351975608 57905582
351975756 corsair
351976727 43677701 351975501 banque
351978138 banque 351976727 43677701
351980484 smile85
351981021 diaohuixin
351983694 48760614
351984496 geziguaiguai
351984917 sssssssxfss
351985787 caibaobao
351986121 47099873
351986656 LABUMI
351988814 albee_L
351993478 kkqq1102
351994452 aprilfoolpear
351995195 banque
351997607 lilychan
351998425 lilychan
351999337 42159368
351999679 animalming
351999909 tongluoshao 351993478 kkqq1102
352000120 laurel7
352001396 DanSiung
352003545 pgdzhua
352005824 shenyingzimu
352006671 fuzion
352007553 suntianyang
352012678 renatelli 351998425 lilychan
352013557 49946187
352013613 HMILYL
352014686 cchenga 351976727 43677701
352014897 43677701 352014686 cchenga
352015547 yang050916
352015808 2405891
352016089 Sweet.MixYao
352016648 43677701 351973614 banque
352017053 aprilfoolpear
352017176 yang050916 352016648 43677701
352017569 61820640
352018186 1485877 352014686 cchenga
352018382 Floyd.L
352018827 49107658
352019132 43677701 352017176 yang050916
352019417 43677701 352018186 1485877
352020138 58251209
352020278 yang050916
352021276 43677701 352020278 yang050916
352021720 yang050916 352021276 43677701
352022446 36531286 351972886 3354310
352023822 1485877 352017176 yang050916
352024670 43677701 352023822 1485877
352025730 1485877 352024670 43677701
352026114 cchenga 352014897 43677701
352026332 43677701 352025730 1485877
352026697 43677701 352026114 cchenga
352027499 landflower
352028073 summerlk 352026114 cchenga
352028080 43677701
352028801 51645217
352029710 1485877 352026332 43677701
352029840 4071065
352029932 54258242
352030439 57944167
352030690 43677701 352029710 1485877
352030868 juliet428
352031444 1485877 352030690 43677701
352031700 43677701 352029710 1485877
352031885 43677701 352031444 1485877
352033767 1992670
352033816 56206519
352034015 51022511
352034053 41941688
352034432 lilynwt 352029932 54258242
352034486 52120997
352035069 29271779
352036219 1485877 352031885 43677701
352036801 43677701 352036219 1485877
352037611 1485877
352037837 29271779
352038593 29271779 352037611 1485877
352038894 38626779
352044261 symyself
352045868 iapiao
352045952 nanguache
352046747 moliguinness
352047184 daisy_cheung
352047406 28947113
352056454 43677701 352034053 41941688
352056769 43677701
352079493 youyan
352089800 41124830
352094190 41941688
352095182 gumantong
352095653 dakay
352096087 3619211
352096266 43677701
352097242 QueenQqiaoqiao
352098471 48450704
352099622 48450704
352100407 whisper326
352103493 41941688 352096266 43677701
352105256 Lane4720518
352112878 33857780
352118388 38283338
352120886 animalming
352125936 luckyugliest
352126046 ReneeBlake 352012678 renatelli
352127370 animalming 352126046 ReneeBlake
352127963 renatelli 352126046 ReneeBlake
352133199 43677701
352133398 animalming
352135519 chantelle-ria
352135559 animalming
352136845 axax
352137025 5782254
352137227 41941688 352133199 43677701
352137548 lowrea 351972886 3354310
352137812 43677701 352137227 41941688
352137884 laopozi
352138777 duxiaoluo
352138839 NONOJIA
352139551 wangyinqiu
352140075 D_ream
352140661 Fan-evil
352141093 iamguli 352006671 fuzion
352141232 gaozhiwen
352141273 48458067 352034053 41941688
352141570 animalming 352138839 NONOJIA
352142119 48458067
352142513 gaozhiwen
352142557 41941688 352141273 48458067
352142718 43677701
352142881 48458067
352143077 43677701 352141273 48458067
352143155 gaozhiwen 352142557 41941688
352143432 gaozhiwen
352143468 3453608
352143736 summerberry
352144477 icemankimi
352144584 gaozhiwen
352144712 animalming
352144831 45157224 351993478 kkqq1102
352145198 light0817
352145398 3280775
352146480 44854071 352033767 1992670
352146495 43677701 352143468 3453608
352146843 44854071 352144831 45157224
352147474 48458067 352142557 41941688
352148759 41941688 352147474 48458067
352149024 animalming 352147474 48458067
352149218 44854071 352143468 3453608
352150801 44854071
352151545 3453608 352144477 icemankimi
352151791 icemankimi
352152464 3685220
352152467 3685220
352153667 53943348
352154226 3453608 352151791 icemankimi
352154228 axax
352154558 33857780 352150801 44854071
352154624 icemankimi
352154918 48819425
352154950 3453608
352154986 liejiu
352155345 forever1047
352156032 43677701 352154986 liejiu
352156164 xxian
352156456 forever1047 352133199 43677701
352156554 43677701 352127370 animalming
352156565 liejiu 352156032 43677701
352216707 42135569
352216967 42135569
352217978 callmekk
352218263 44854071
352218470 50423002
352219107 animalming
352219212 44854071
352219900 callmekk
352220271 callmekk 352219212 44854071
352220985 41941688
352221068 fugen
352221464 42582349
352221507 41941688
352221586 41941688
352221637 fugen
352221729 41941688
352221906 animalming
352222108 48450704
352222319 callmekk 352221068 fugen
352222321 callmekk
352222572 animalming
352223152 44854071
352223608 callmekk 352222108 48450704
352223655 callmekk
352223720 tity1
352223922 42582349
352224008 animalming
352224108 44854071
352224175 Bobobobobobobo
352224191 callmekk
352224439 duxiaoming
352224724 44854071 352223720 tity1
352224848 callmekk
352224973 callmekk 352224724 44854071
352225414 tity1 352224724 44854071
352225440 44854071
352225705 44854071 352225414 tity1
352225821 41941688
352226250 tity1 352225705 44854071
352226274 callmekk
352226288 42582349
352226389 callmekk 352226250 tity1
352226578 animalming
352226733 44854071 352226250 tity1
352226862 42582349
352226936 callmekk 352226578 animalming
352227565 44854071
352227574 tity1 352226389 callmekk
352227920 57226279
352227949 44854071
352227971 callmekk 352227574 tity1
352228100 callmekk 352227565 44854071
352228320 animalming 352225821 41941688
352228695 44854071 352228100 callmekk
352228957 44854071 352227971 callmekk
352229158 callmekk 352228695 44854071
352229291 callmekk 352228957 44854071
352229531 44854071 352229291 callmekk
352229871 callmekk 352229531 44854071
352230084 41941688
352230109 44854071 352229871 callmekk
352230294 xjw777
352230372 callmekk 352230109 44854071
352230457 callmekk 352230294 xjw777
352230888 animalming
352231272 callmekk
352231909 44854071
352232206 callmekk 352231909 44854071
352233218 44854071
352233471 callmekk 352233218 44854071
352233895 44854071
352234334 callmekk 352233895 44854071
352234506 sabixii 351972886 3354310
352234906 BaoBao0312
352234953 41941688
352235603 44854071
352235867 callmekk 352235603 44854071
352236218 animalming 352234953 41941688
352236268 piabalr
352236464 47632370
352236550 iapiao 352221464 42582349
352237183 41941688
352237526 gaozhiwen 352154228 axax
352237969 wrlovecrystal
352238325 gaozhiwen
352240725 4821466
352240962 yudandanyuyu
352243700 XOOOOO
352244730 Milk123
352247269 vkc
352248660 58514080
352250912 43677701
352253747 manjusaka.
352256291 57303520
352256851 48450704
352257416 53943348 352234506 sabixii
352257471 53943348 352253747 manjusaka.
352257498 58251209
352257877 53943348
352258386 43677701 352257877 53943348
352156699 43677701 352156456 forever1047
352156854 43677701 352156565 liejiu
352157219 lingoapple
352157583 Raysum
352157672 7884263
352158493 3453608
352159622 xxian
352160043 xxian
352161351 43677701 352159622 xxian
352161934 43677701
352161979 xxian 352161351 43677701
352162728 62043265 352046747 moliguinness
352163160 43677701 352161979 xxian
352163238 62043265
352163701 xxian 352163238 62043265
352163814 3453608 352161934 43677701
352164155 3354310 351974061 43677701
352164240 3354310 352022446 36531286
352164845 3354310 352137548 lowrea
352165049 3453608 352163160 43677701
352165369 53993882
352165472 43677701 352164155 3354310
352165685 43677701
352166261 43677701 352165049 3453608
352166516 53993882 352165685 43677701
352166963 kid928
352167207 43677701 352166516 53993882
352167733 53993882 352167207 43677701
352167923 43677701 352167733 53993882
352168804 53993882 352167923 43677701
352169045 animalming 352163814 3453608
352169498 animalming
352169736 lowrea
352171362 3354310 352169736 lowrea
352171465 3453608
352172244 43677701 352171465 3453608
352172948 animalming 352171465 3453608
352173948 43677701
352174833 myenn
352174985 lowrea 352171362 3354310
352175793 54079264
352175950 43677701 352174833 myenn
352177125 43677701 352174833 myenn
352177489 60263106
352179246 banque 352016648 43677701
352179612 myenn 352177125 43677701
352180185 Risepon
352180751 myenn 352177125 43677701
352180781 43677701 352179612 myenn
352181658 43677701 352180185 Risepon
352181939 2026969
352182417 myenn
352182589 43677701 352179246 banque
352182653 43677701 352182417 myenn
352183104 animalming
352183189 animalming
352184286 52785516
352184347 49156324 352020138 58251209
352185314 animalming
352185451 49156324 352033767 1992670
352186081 49156324 352037611 1485877
352187241 animalming
352188115 58688117
352189185 wuzhimonv
352189264 wuzhimonv 352189185 wuzhimonv
352189715 1485877 352186081 49156324
352190288 61347976
352190661 49156324 352189715 1485877
352191802 1485877 352190661 49156324
352191955 3453608
352192623 shakalonger
352193137 Doria.C. 352190661 49156324
352193316 animalming 352179246 banque
352193740 3453608 352180185 Risepon
352193805 Doria.C. 352190661 49156324
352193906 49156324 352191802 1485877
352194516 49156324 352193805 Doria.C.
352195123 49156324
352195841 Doria.C. 352195123 49156324
352196137 49156324 352195841 Doria.C.
352196372 Doria.C. 352194516 49156324
352197054 41941688
352199420 callmekk 352149218 44854071
352203058 animalming
352203783 48450704
352205997 callmekk
352206727 a371623866 351957409 1485877
352207469 41941688
352207630 animalming
352208684 41941688
352210174 callmekk
352212081 48450704
352212861 callmekk
352213412 yurafish
352213601 elaineoctober
352214203 48450704
352214867 callmekk 352037611 1485877
352215118 callmekk
352215891 42135569
352216568 48450704 352215118 callmekk
352259869 KAY-FONG
352259969 rosemary626
352260406 48450704
352262146 53943348 352258386 43677701
352262808 43677701 352262146 53943348
352264266 53943348 352262808 43677701
352264665 43677701 352264266 53943348
352265037 1485877
352265213 43677701 352265037 1485877
352265387 FUTU
352266206 53943348 352264665 43677701
352266333 qiyuexia
352267462 43677701 352266206 53943348
352272894 53943348 352267462 43677701
352272926 53943348 352266333 qiyuexia
352273320 53943348 352272926 53943348
352273816 53943348 352266333 qiyuexia
352273870 qiyuexia 352273320 53943348
352273881 53943348 352267462 43677701
352274220 qiyuexia 352273816 53943348
352274485 43677701 352273816 53943348
352275361 53943348 352273870 qiyuexia
352275536 53943348 352274485 43677701
352276057 qiyuexia 352275361 53943348
352276084 53943348 352274220 qiyuexia
352276276 53943348 352276057 qiyuexia
352276683 53943348 352276057 qiyuexia
352276922 qiyuexia 352276276 53943348
352277366 53943348
352277647 qiyuexia 352277366 53943348
352277863 qiyuexia 352277366 53943348
352277886 46113187
352278017 sabixii 352257416 53943348
352278307 1485877 352277366 53943348
352278359 smilebaoer
352279633 1485877
352279713 53943348 352278017 sabixii
352279999 53943348 352278307 1485877
352280342 hulagirl
352280777 lilynwt 352143077 43677701
352281286 lilynwt 352154558 33857780
352281398 43677701 352280777 lilynwt
352281649 sabixii 352279713 53943348
352282019 sabixii 352278359 smilebaoer
352282772 lingoapple
352282812 smilebaoer 352282019 sabixii
352283367 47787902
352285747 33857780 352281286 lilynwt
352287109 49156324 352257498 58251209
352287329 lilynwt
352287522 54597818
352288306 53943348 352281649 sabixii
352288539 53943348 352283367 47787902
352289857 43677701 352288539 53943348
352289896 2114426 352276057 qiyuexia
352290133 53943348 352289857 43677701
352290184 53943348 352289896 2114426
352291570 2114426 352290184 53943348
352292060 qiyuexia 352289896 2114426
352292106 naominao
352292631 53943348 352292106 naominao
352295594 hinsh 351984917 sssssssxfss
352297256 sssssssxfss 352295594 hinsh
352299449 persephone.les
352301189 jimmy_L
352304315 bushuoguanyu
352305160 hinsh 352297256 sssssssxfss
352305409 jianghongye
352306683 41941688
352307160 47787902 352288539 53943348
352307296 liejiu
352308146 liejiu 352281649 sabixii
352311492 2779212
352312286 manjusaka. 352257471 53943348
352313057 geequeen 352301189 jimmy_L
352315556 44854071 352259869 KAY-FONG
352317179 geequeen
352317839 geequeen 352046747 moliguinness
352318347 53943348 352307296 liejiu
352318690 53943348 352312286 manjusaka.
352318765 animalming
352319025 53943348
352319290 KAY-FONG
352321277 callmekk
352321742 callmekk
352322734 geequeen 352144477 icemankimi
352323204 geequeen 352145398 3280775
352323610 icemankimi 352322734 geequeen
352327007 callmekk
352331173 43677701 352318765 animalming
352331589 43677701 352318347 53943348
352332848 jimmy_L 352313057 geequeen
352332959 axax 352237526 gaozhiwen
352333448 gaozhiwen 352332959 axax
352334126 43677701 352332848 jimmy_L
352334279 neko_neko_
352334629 axax 352333448 gaozhiwen
352334867 gaozhiwen 352334629 axax
352335305 3280775 352323204 geequeen
352335991 2114426 352334279 neko_neko_
391314029 shirley0228
391316238 sue1031 352034053 41941688
391319190 cocosaycoco
391342416 VampireSue 391314029 shirley0228
391358885 toiletwater 352020138 58251209
391505220 11035726
391525782 64648297
391687084 Odawara-Hikari
391695256 47152073
391784012 65128030
391798520 Candy.X 391784012 65128030
391814238 FJIABAOBAO
391815823 Candy.X 391784012 65128030
391816212 65128030 391798520 Candy.X
391816372 65128030 391815823 Candy.X
391816389 Candy.X 391784012 65128030
391816883 65128030
391817318 Candy.X 391816212 65128030
391817820 Candy.X 391816883 65128030
391819389 65128030 391817820 Candy.X
391820779 ytll220
391821849 Reneeshao
391824569 hildazhang
391973997 onlymok
392156670 2778562
392322300 banque
392969001 mysweety
393281771 nonoyoyo
402739538 48481225 391973997 onlymok
402742261 33560968
402750960 48046553
402754657 Miki0622
402758295 61939288
402941562 vitadolcejuri
402963003 xwhite
402963534 27583852
402967155 libramin
403727257 40927845
403860364 46461511
403892703 53895236
403892774 53895236
403940791 63513795
403963240 orianaspeak
404027615 38682701
404558924 48841303
404590364 4398171
404596821 48937277
404611441 51851497
406832560 14137580
407157788 2047038
407548260 61382446
418211198 o0yanxing0o
418212130 48932443
418830374 66835372
418843472 paper5431
418937173 45543265
418937581 51039032
419098866 3622346
419107464 36421209
419933891 57900284
420030850 49745566
388075658 62997706
388080038 48463250
388080309 42554344
388080966 48463250 388080309 42554344
388081311 42554344 388080966 48463250
388081599 48463250 388081311 42554344
388081984 42554344 388081599 48463250
388106577 59539869
388106976 34753899
388107242 mutou_c
388107525 mutou_c
388108519 SSheep
388110592 goldfishs
388113866 2518520
388114033 jinran113
388196024 48084963
388196203 48084963
388218877 XIADAN4
388226924 62208957
388231053 2069963
388248206 48084963 388231053 2069963
388249478 2069963 388248206 48084963
388256314 43239303
388272712 48463250 388081984 42554344
388288014 46250442
388288353 1361959
388288530 48084963 388249478 2069963
388289530 34603161
388297808 51359360
388307545 54579885 388288014 46250442
388314140 52318761
388342866 46250442 388307545 54579885
388370155 54579885 388342866 46250442
388371159 aliciafy
388371475 aliciafy 388080309 42554344
388374897 47862747
388380357 46250442 388370155 54579885
388387076 undergroundbabe
388392351 48084963
388397505 54579885 388380357 46250442
388402594 52763458
388405023 46250442 388397505 54579885
388434604 2824779
388475991 3612971
388476996 37058903
388482319 43677701 388434604 2824779
388571057 48084963 388475991 3612971
388575873 2824779 388482319 43677701
388576005 2824779 388475991 3612971
388580655 46277260
388588471 42613757 351957409 1485877
388594647 54579885 388405023 46250442
388672749 46250442 388594647 54579885
388674476 56481123
388675076 54579885 388674476 56481123
388676747 38853463
388683813 3477215
388716312 56481123 388675076 54579885
388721560 48084963 388580655 46277260
388721665 48084963 388683813 3477215
388723998 VampireSue
388727371 3477215 388721665 48084963
388731552 46250442 388683813 3477215
388753166 3477215 388731552 46250442
388786826 54579885 388716312 56481123
388809859 52763458
388816898 50086535
388817671 48084963 388727371 3477215
388831813 49443491
388845029 56110502
389446476 42997923 351957409 1485877
389490688 5662239
389491646 unusedivan
389493634 sissi0913
389511271 MolinCheung
389554531 Candy.X
389557705 scrabblemaster
389590497 learon
389601256 yuen827 388307545 54579885
389625025 byebyepo
389688028 54579885 389601256 yuen827
389938414 3543883 351984496 geziguaiguai
389938520 3543883 389938414 3543883
390972167 50730606
390972939 50730606
391089888 48084963 390972939 50730606
391124372 1485877 389446476 42997923
391128062 51145495
391129512 51145495
391130264 liuweilvy
391132779 wobushijianeng 351971374 banque
391142103 38651210
391142631 fengzi777
391145642 43677701 391124372 1485877
391145841 43677701 391142631 fengzi777
391146990 48084963 391128062 51145495
391147785 36473201
391162658 sweetcandy
391235806 shirley0228 388723998 VampireSue
391303224 VampireSue 391235806 shirley0228
353386364 geequeen
353392789 49156324 353386364 geequeen
353625387 5207679
353641371 fbxww
353714349 62057504
353715084 62057504
353715686 62057504
353773501 53395657 352127370 animalming
353779668 animalming 353773501 53395657
353956167 36718638
353959714 purepale
353993638 53395657 353779668 animalming
354001152 43677701
354011917 animalming
354017732 Yyq2hqT
354020588 49118788
354121324 geequeen 354020588 49118788
354137858 animalming 354020588 49118788
354142062 3556405
354157044 devilwxl
354158145 devilwxl
354382821 fongchueng 352156554 43677701
354385879 48072166
354393282 53919232
354394533 53919232 352031885 43677701
354445258 43677701
354445398 43677701
354466636 Bunnyshmily 352033816 56206519
354471057 17853312
354481204 62045080 352145398 3280775
354481857 osearay
354482548 56720456
354824922 fongchueng 354445398 43677701
354825422 fongchueng
354827391 43677701 354824922 fongchueng
354829850 48415615
354925153 devilwxl 354825422 fongchueng
355027252 fongchueng 354925153 devilwxl
361397361 flower-n-scent
361397363 flower-n-scent
361513399 1485877
362092413 candy_law
378585229 47390200
378587675 58345434
378601994 58669946
378605294 63622474
378635604 57947916
378639421 2405722
378640342 yjz520
378645176 54579885
378654900 imissjane
378657058 54872239
378663374 imissjane
378668372 imissjane
378668885 48627569
378669515 mydarlingo
378669878 43677701
378670290 55664526
378671829 56031597
378672268 36373707
378672864 36373707
378675305 imissjane
378676140 S-sue 352033816 56206519
378678094 47112921
378681586 mydarlingo
378683836 43723167
378695167 mydarlingo
378695308 jostan
378701277 imly008
378711452 53324877
378714214 bikoi55
378716174 yysunnyy
378716518 53324877
378717077 50403530
378717186 4023755
378717707 4023755
378719555 21987076
378720133 4023755
378751294 43677701
378769273 36373707
378780544 54579885 352166261 43677701
378781293 schery
378782290 43677701 378780544 54579885
378787125 1752797
378875469 63866811
378906389 54579885 378782290 43677701
378907945 43677701 378906389 54579885
378913012 57635744
379223670 63006718
383754433 yuen827
383764230 lijiarong
387876597 sweetystar 351975501 banque
352336121 axax 352334867 gaozhiwen
387878651 48084963 387876597 sweetystar
387880547 ginomo
352337501 42582349 352266333 qiyuexia
387888190 sweetystar 387878651 48084963
352341076 53733693 352334126 43677701
387889886 62390562
352342572 43677701 352341076 53733693
387891194 48084963 387888190 sweetystar
352342780 bushuoguanyu
352342818 57910773
387891563 sweetystar
352343518 33857780 352287329 lilynwt
388074750 banque 387876597 sweetystar
352343752 33857780 352334867 gaozhiwen
388074859 banque 387878651 48084963
352346893 53733693 352342572 43677701
352350229 poinousivy
352350653 mandy502
352352310 48450704 352280777 lilynwt
352355545 3280775
352357246 wangyoucao1991
352358198 Mafias
352359846 dazzzhhh 352037611 1485877
352362976 45433701
352363327 naominao 352301189 jimmy_L
352364171 gaozhiwen 352343752 33857780
352365107 43677701 352364171 gaozhiwen
352367856 4439271
352370923 geequeen 352323610 icemankimi
352371543 geequeen 352332848 jimmy_L
352373235 geequeen 352335305 3280775
352376068 53470090
352376969 jimmy_L
352377413 53470090 352095182 gumantong
352382597 gumantong 352377413 53470090
352382851 47793165
352383985 3280775
352385923 3280775
352387126 54791047
352389231 gaozhiwen 352365107 43677701
352389904 suimie
352390640 2114426 352383985 3280775
352394151 3280775 352390640 2114426
352395409 1485877 352382597 gumantong
352396382 53470090 352166516 53993882
352400587 53470090 352215891 42135569
352405308 4224344
352407877 kkqq1102 352144831 45157224
352431157 pavemrnt
352498353 49946187 352317179 geequeen
352499548 geequeen 352385923 3280775
352501804 geequeen 352498353 49946187
352501909 ame
352502789 geequeen 352376969 jimmy_L
352505628 49946187 352501804 geequeen
352507353 liejiu 352318347 53943348
352510910 ZillahTiptoe 352335991 2114426
352511730 liejiu 352318347 53943348
352527669 jimmy_L 352502789 geequeen
352536673 53943348 352511730 liejiu
352579126 N_0619
352582298 4024435
352889237 53100219
352893919 53100219 352352310 48450704
352894472 53100219 352400587 53470090
352919253 49156324 352893919 53100219
352923311 53100219 352919253 49156324
352926570 49156324
352927684 53100219 352926570 49156324
352927979 53100219 352926570 49156324
352927993 49156324
352928630 53100219 352927993 49156324
352929035 49156324
352934366 1816481
352935101 53100219 352934366 1816481
352937078 53100219 352934366 1816481
352937483 53100219 352934366 1816481
352939240 lovec2
352939929 53100219 352929035 49156324
352947127 1816481
352947261 49156324
352948554 geequeen 352947261 49156324
352952675 53100219
352953092 53100219 352947261 49156324
352953763 53100219 352277647 qiyuexia
352969074 49156324 352948554 geequeen
352969361 49156324
352978313 60318556
352996193 qiyuexia
353001102 animalming 352996193 qiyuexia
353018793 qiyuexia
353019731 43015179
353026585 53100219 352996193 qiyuexia
353179737 54845112
353192875 59651778 351956136 43677701
353205007 43677701 353192875 59651778
353219504 siouxsie7
353222452 1485877 353192875 59651778
353222688 59651778 353205007 43677701
353225458 43677701 353222688 59651778
353229699 43677701
353231878 luanne
353241011 59651778 353222452 1485877
353245111 48084963
353251595 48084963
353253302 43677701
353268753 36718638
