352170049 58002314
352171131 30599843
352172210 51310264
352172360 2717255
352172549 61289074 352170049 58002314
352173183 61289074 352171131 30599843
352173267 60120536
352173391 61289074 352172210 51310264
352173732 39091389
352173790 61289074 352172360 2717255
352173878 41751653
352174022 51310264
352174214 51989701
352174745 61289074 352173732 39091389
352175711 61289074 352173878 41751653
352175850 58002314 352173391 61289074
352176430 61289074 352174022 51310264
352176716 61289074 352175850 58002314
352177238 liulimark
352177262 41751653
352177345 39091389
352177407 helpfulhardy
352177748 51186887
352177779 51310264
352177989 30599843 352173183 61289074
352178045 58002314 352176716 61289074
352181353 Axisd
352182100 kezen
352182338 59657780
352182894 graycker
352183212 61289074 352177238 liulimark
352183425 eisntobe
352183475 61289074 352177262 41751653
352183740 53419349
352184060 61289074 352177345 39091389
352184406 liulimark 352183212 61289074
352184572 61289074 352177407 helpfulhardy
352184838 61289074 352177748 51186887
352184861 masakichiyuu
352186525 dengkaka_ok 352173391 61289074
352186806 39091389 352184060 61289074
352187115 61289074 352177779 51310264
352187510 51186887 352184838 61289074
352188008 61289074 352178045 58002314
352188322 cucocola
352188637 Luv_Frances
352189200 51310264
352189381 61289074 352181353 Axisd
352189779 61289074 352182100 kezen
352190405 61289074 352182338 59657780
352190929 59657780
352191328 61289074 352182894 graycker
352192114 61289074
352193684 61289074 352183740 53419349
352194083 61289074 352184406 liulimark
352194571 Axisd
352196221 61289074 352186525 dengkaka_ok
352196586 61289074 352186806 39091389
352196684 61289074 352196586 61289074
352196996 61289074 352187510 51186887
352197159 61289074 352188322 cucocola
352197725 61289074
352197820 61289074 352189200 51310264
352198064 61289074 352190929 59657780
352198615 a371623866
352198796 61289074 352194571 Axisd
352199484 59657780 352198064 61289074
352200102 Axisd
352200502 56996764
352201003 51186887 352196996 61289074
352203152 51455681
352203585 61289074
352203961 61289074 352200102 Axisd
352204239 dsecho
352205013 61289074 352200502 56996764
352205635 61289074 352201003 51186887
352205861 61289074 352203152 51455681
352206461 kezen 352189779 61289074
352206820 Axisd 352203961 61289074
352207690 61289074 352206461 kezen
352207819 61289074 352206820 Axisd
352208021 iwasekenzo
352208452 ZVLA 352173878 41751653
352208467 jessica9128
352208927 ZVLA
352209011 ZVLA
352209174 ZVLA 352187510 51186887
352210237 61289074 352208467 jessica9128
352211270 47523625
352211700 61289074 352208927 ZVLA
352212013 61289074 352211270 47523625
352213028 syk91114
352213757 ZVLA 352211700 61289074
352213961 61289074 352213028 syk91114
352214239 61289074 352213757 ZVLA
352214853 syk91114
352215073 syk91114
352216024 61289074 352215073 syk91114
352216175 61289074
352217647 61289074 352204239 dsecho
352217841 61289074 352208021 iwasekenzo
352218075 61289074 352208452 ZVLA
352218209 11510990
352221074 55783188
352223887 cjppo
352225297 Jill1204
352226212 a371623866
352240525 41751653
352261626 55532792
352261740 yszhinian
352264662 baiyu3637 352177748 51186887
352264701 eisntobe
352264889 baiyu3637 352184838 61289074
352265217 baiyu3637
352282954 51186887 352205635 61289074
352283181 51186887 352209174 ZVLA
352283212 54597818
352283285 51186887
352287997 51186887
352288559 softlightlee
352354182 ZVLA 352218075 61289074
352354992 ZVLA 352214239 61289074
352363695 guolulu
352401588 61289074 352363695 guolulu
352404432 zhuxin
352437320 61289074 352221074 55783188
352437876 61289074 352218209 11510990
352438086 61289074 352223887 cjppo
352438208 61289074 352225297 Jill1204
352438369 61289074 352261740 yszhinian
352438449 61289074 352261626 55532792
352438567 Yyq2hqT
352438621 Yyq2hqT 352438567 Yyq2hqT
352438654 61289074
352438829 61289074 352438621 Yyq2hqT
352439088 61289074 352404432 zhuxin
352439155 61289074 352354182 ZVLA
352439305 61289074 352354992 ZVLA
352439747 cjppo
352440175 61289074 352288559 softlightlee
352440321 61289074 352283212 54597818
352440510 4327702
352440622 axax
352440750 yszhinian 352438369 61289074
352440965 pandapan819
352443146 61289074 352440965 pandapan819
352444903 1800797
352446621 ZVLA 352439305 61289074
352446782 ZVLA 352439155 61289074
352451234 46202549
352453981 Bangbangbang
352461092 53419349
352461789 maradona
352470119 kezen 352207690 61289074
352472758 59891987
352477982 61289074 352472758 59891987
352478011 61289074 352470119 kezen
352478102 61289074 352461092 53419349
352478234 61289074 352451234 46202549
352478807 61289074 352461789 maradona
352492162 maradona 352478807 61289074
352519857 softlightlee 352440175 61289074
352535450 2779212
352581254 kyoyasama
352602645 baiyu3637 352438654 61289074
352603121 58284586
352605977 51186887
352606606 59504159
352608803 59784903
352613455 34665454
352633253 45260638
352666805 61289074 352581254 kyoyasama
352666892 61289074 352603121 58284586
352667027 61289074 352605977 51186887
352667113 61289074 352606606 59504159
352667207 61289074
352667461 61289074 352613455 34665454
352667525 61289074 352633253 45260638
352669160 52391756
352672301 4743765 352669160 52391756
352673202 61289074 352669160 52391756
352673805 59504159 352667113 61289074
352675073 61289074
352675170 61289074 352673805 59504159
352675182 17784438 352673202 61289074
352675413 60100114
352675711 59504159
352675787 1800785 352176716 61289074
352676035 1800785 352675413 60100114
352676434 61289074
352676779 1800785 352676434 61289074
352676967 61289074 352675182 17784438
352677087 61289074 352676779 1800785
352677275 Iamapilot_1995
352679312 17784438
352679635 etnotet
352680791 61289074 352679312 17784438
352681051 61289074 352677275 Iamapilot_1995
352681115 61289074 352679635 etnotet
352681975 etnotet 352681115 61289074
357882432 32723608
357886473 tachibanaag
358202699 61289074 357886473 tachibanaag
358212399 binglin
358358370 thomas173
358537811 37273057
358554826 silencecry
360212450 oodestroy
360243770 61289074 358212399 binglin
360243982 61289074 358358370 thomas173
360244186 61289074 358537811 37273057
360244407 61289074
360244646 ukis
360245240 61289074 360212450 oodestroy
360245591 61289074 360244646 ukis
360246167 DrCzx
360247855 ukis
360247901 37273057 360245240 61289074
360249222 61289074 360247855 ukis
360250228 61289074 360247901 37273057
360251806 49542126
360253603 ukis
360254196 61289074 360253603 ukis
360254601 61289074 360251806 49542126
360260118 49542126 360254601 61289074
360262462 4089731
360277797 61289074 360262462 4089731
360277961 61289074 360260118 49542126
360281237 ukis 360254196 61289074
360281370 59087759
360282995 61289074 360281237 ukis
360283112 61289074 360281370 59087759
360286495 59087759 360283112 61289074
360287029 61289074 360286495 59087759
360287528 ukis 360282995 61289074
360289828 59087759 360287029 61289074
360290002 61289074 360289828 59087759
360290121 61289074 360287528 ukis
360290123 lenglanfish
360292558 59087759 360290002 61289074
360295105 61289074 360290123 lenglanfish
360295171 61289074 360292558 59087759
360297097 ukis 360290121 61289074
360298236 lenglanfish 360295105 61289074
360298325 59087759 360295171 61289074
360304004 oodestroy 360245240 61289074
360464022 61289074 360304004 oodestroy
360509042 3155304
360582992 oodestroy
360617192 45389336
360617343 FKYang
360809590 heiheiheihei
360812952 silencecry
360813943 61289074 360617192 45389336
360814230 61289074 360617343 FKYang
360814286 Adward
360814481 61289074 360809590 heiheiheihei
360814546 61289074 360812952 silencecry
360814967 61289074 360814286 Adward
360890674 4024435
360929266 Adward
360957362 61289074 360890674 4024435
360957489 61289074 360929266 Adward
360958318 51423103
360964347 Adward 360957489 61289074
360964775 zuoeyi 352681051 61289074
360964876 61289074 360964347 Adward
360964977 61289074 360964775 zuoeyi
360965133 61289074 360958318 51423103
360965996 51423103 360965133 61289074
360966512 tosiben
360968387 59784045
360968518 zuoeyi 360964977 61289074
360968998 61289074 360965996 51423103
360969101 61289074 360968387 59784045
360969156 61289074 360968518 zuoeyi
360969447 61289074 360966512 tosiben
360971072 yuriiiii
360975177 51423103 360968998 61289074
361035599 57680965
361635417 61289074
361640529 wzer825
361640756 wzer825
361665845 61289074
361665981 61289074 361640756 wzer825
362299376 eden0820
362308777 51277593
362460643 yewanrongSHU
362462365 yxtsui
362479970 61289074 362308777 51277593
362480381 61289074 362460643 yewanrongSHU
362480741 61289074 362462365 yxtsui
362482124 yxtsui 362480741 61289074
362486149 61289074 362482124 yxtsui
362487682 yxtsui 362486149 61289074
362487898 yxtsui 362486149 61289074
362487970 ahuangquan
362543213 61289074 362487682 yxtsui
362543413 61289074 362487898 yxtsui
362543581 61289074 362487970 ahuangquan
356387835 61289074
356389320 61289074
356389529 FSRMD
356391416 61289074
356392241 61289074
356393487 61289074
356394537 61289074
356400773 domokun1992
356403335 Realgirl
356410115 61289074
356410156 61289074 356403335 Realgirl
356414607 flowerroad 356389320 61289074
356415831 61289074 356414607 flowerroad
356500410 32723608
356533590 53080027
356533643 53080027
356658115 61289074 356500410 32723608
356658231 61289074 356533643 53080027
356666710 32723608 356658115 61289074
356668243 61289074 356666710 32723608
356817535 32723608 356668243 61289074
356843053 61289074 356817535 32723608
356844190 58780102
356864985 32723608 356843053 61289074
356993673 61289074 356864985 32723608
356993846 61289074 356844190 58780102
356994218 32723608 356993673 61289074
356995302 3300047
357002592 61289074 356995302 3300047
357003095 Ann.Love 352172360 2717255
357005943 3300047 357002592 61289074
357006665 cocococo
357012968 61289074 357006665 cocococo
357014053 tachibanaag
357014435 tachibanaag 356410115 61289074
357019446 thomas173
357019804 thomas173
357026256 linxiaonan
357031300 kuanglu1003
357038310 sunmiaoran
357127294 61289074 357038310 sunmiaoran
357127500 61289074 357031300 kuanglu1003
357128825 61289074 357019804 thomas173
357129380 carm-child
357129440 61289074 357019446 thomas173
357129677 61289074
357132609 thomas173 357129440 61289074
357136263 61289074 357132609 thomas173
357139197 thomas173 357136263 61289074
357142129 61289074 357139197 thomas173
357149101 thomas173 357142129 61289074
357153035 59891987
357169116 57329986
357209693 61289074 357153035 59891987
357209770 61289074 357169116 57329986
357275138 yinqixiong 357209770 61289074
357307257 51277593
357361807 61289074 357307257 51277593
357409922 47855812
357447320 61289074 357409922 47855812
357449941 47855812 357447320 61289074
357548660 57329986 357209770 61289074
357691077 scsdr 357447320 61289074
357696046 47147071
357698158 50395720
357713613 big_peach
357830863 61289074 357698158 50395720
357831016 61289074 357696046 47147071
357831069 61289074 357691077 scsdr
357831171 61289074 357548660 57329986
357831429 61289074 357449941 47855812
357853385 scsdr 357831069 61289074
357855652 61289074 357853385 scsdr
357856510 scsdr 357855652 61289074
357857963 smilesy
357858607 61289074 357856510 scsdr
357858948 scsdr 357858607 61289074
357859772 61289074 357857963 smilesy
357860310 61289074 357858948 scsdr
357861160 scsdr 357860310 61289074
357861724 32723608
357863849 61289074 357861160 scsdr
357863984 61289074 357861724 32723608
357864283 32723608 357863984 61289074
357865484 61289074 357864283 32723608
357866454 44202749
357867522 scsdr
357868283 smilesy 357859772 61289074
357869699 61289074 357867522 scsdr
357869812 61289074 357866454 44202749
357870234 61289074 357868283 smilesy
357872013 32723608 357865484 61289074
357873755 61289074 357872013 32723608
357874999 32723608 357873755 61289074
357878866 61289074 357874999 32723608
357879659 32723608 357878866 61289074
357880652 49388662
357881428 61289074 357880652 49388662
357881722 61289074 357879659 32723608
357882345 32723608 357881722 61289074
355207658 61289074
355208428 61289074
355210043 30599843
355211485 59891987 355207658 61289074
355213771 61289074 355211485 59891987
355216418 59891987 355213771 61289074
355787468 61289074 355216418 59891987
355789008 59891987
355790886 61289074 355789008 59891987
355793689 59891987 355790886 61289074
355796837 fears
355823695 61289074 355793689 59891987
355823771 61289074 355796837 fears
355834191 nianzu
355844567 61289074 355834191 nianzu
355844955 nianzu 355844567 61289074
355845537 59226139 352177748 51186887
355846710 daisy_cheung
355848147 61420172
355848774 61289074 355844955 nianzu
355848899 61289074 355846710 daisy_cheung
355848993 61289074 355848147 61420172
355849660 nianzu
355851629 yinqixiong
355852291 yinqixiong 355848993 61289074
355852735 yinqixiong
355884913 61420172 355848993 61289074
355911836 fears
355914446 sunmiaoran
355917966 woyaochirou
355946950 3760524
356028982 61289074 355849660 nianzu
356029131 61289074
356029282 61289074 355852291 yinqixiong
356029413 61289074 355852735 yinqixiong
356029517 61289074 355884913 61420172
356029712 61289074 355911836 fears
356029863 61289074 355914446 sunmiaoran
356030005 61289074 355917966 woyaochirou
356030265 48819425
356030275 61289074 355946950 3760524
356030460 62441021 352216024 61289074
356030829 61289074 356030265 48819425
356030943 61289074 356030460 62441021
356031075 yinqixiong 356029131 61289074
356031822 61289074 356031075 yinqixiong
356032543 42871855
356032602 yinqixiong 356031822 61289074
356033914 45157224
356034497 45157224
356038261 woyaochirou 356030005 61289074
356072411 nianzu 356028982 61289074
356081377 47855812
356088896 yinqixiong
356095265 61289074 356088896 yinqixiong
356095339 61289074 356081377 47855812
356095508 61289074 356072411 nianzu
356095658 61289074 356034497 45157224
356095839 61289074 356032602 yinqixiong
356095884 61289074 356032543 42871855
356096220 61289074 356038261 woyaochirou
356096347 yinqixiong
356096911 45157224 356095658 61289074
356097135 61289074 356096347 yinqixiong
356097188 61289074 356096911 45157224
356098095 yinqixiong
356102506 fears
356104237 nianzu
356105418 61289074
356105527 61289074
356106304 45157224 356097188 61289074
356106742 61289074 356106304 45157224
356108764 fears
356109199 61289074
356119528 37273057
356147352 flowerroad
356152654 yinqixiong
356153650 yinqixiong
356198457 acatinhome
356199263 hooibe 356198457 acatinhome
356203394 acatinhome 356199263 hooibe
356203901 48038996
356207825 takarailia
356208074 53597719
356208450 48153292
356208671 takarailia
356209663 takarailia
356214364 x550xt
356214430 erling
356224706 51277593 356152654 yinqixiong
356226324 Realgirl
356319889 domokun1992
356320103 wzl3745
356323064 32723608
356369679 flowerroad 356209663 takarailia
356385122 61289074 356323064 32723608
356385306 61289074 356320103 wzl3745
356385708 61289074 356319889 domokun1992
356386032 61289074 356226324 Realgirl
356387614 61289074 356214430 erling
352689861 4743765
352690559 Spencer_z
352713185 61289074 352690559 Spencer_z
352720689 51186887
352729548 rabbit53638332
352809043 61289074 352720689 51186887
352810514 57444189
352823986 61289074 352810514 57444189
352824022 luluxu
352824688 Miya_xiaominmin
352826655 47296835
352827473 34665454
352828712 61289074 352824022 luluxu
352828838 61289074 352824688 Miya_xiaominmin
352828933 61289074 352826655 47296835
352831135 cloris_shiqi
352845324 61289074 352831135 cloris_shiqi
352868465 51277593
352870539 VinceJ
352871519 44289887
352872470 Assado 352184861 masakichiyuu
352893721 cloris_shiqi 352845324 61289074
352894936 M-makeup
352900139 the_X
352901729 donotwatchme
352920657 61289074 352901729 donotwatchme
352920752 61289074 352900139 the_X
352921245 61289074 352894936 M-makeup
352921673 61289074 352893721 cloris_shiqi
352921763 61289074 352871519 44289887
352921913 61289074 352870539 VinceJ
352922318 61289074 352868465 51277593
352923800 zhaozhirou
352926087 52869787
352930349 61289074 352923800 zhaozhirou
352930915 61289074
352931466 33760285
352934289 52869787
352936492 VinceJ 352921913 61289074
353010030 ImInMyDream
353011344 61289074 353010030 ImInMyDream
353011428 57303520
353012033 57303520
353013656 42718305
353014266 57303520
353019318 61289074
353019856 61289074 353013656 42718305
353029521 57303520 353019318 61289074
353029989 49272967
353031056 61289074
353031764 sweet-killer
353032081 61289074 353029989 49272967
353032260 lotus_sk
353032418 59482670
353032576 61289074 353031764 sweet-killer
353032778 61289074
353032883 61289074 353032418 59482670
353033021 kacha
353034087 lotus_sk
353035236 61289074
353035394 61289074 353033021 kacha
353035751 kacha 353035394 61289074
353035975 46807106
353036012 49272967 353032081 61289074
353036040 clover517 352216024 61289074
353036083 61289074 353035751 kacha
353036441 61289074
353037388 61289074
353037506 61289074 353036012 49272967
353037645 clover517 353036441 61289074
353038476 61289074 353037645 clover517
353038961 50181755
353039513 caonixiong
353040295 clover517 353038476 61289074
353041040 46807106
353041077 61289074 353039513 caonixiong
353041349 43060611
353041888 61289074
353042721 61289074
353046418 ImInMyDream 353011344 61289074
353050650 46807106 353042721 61289074
353057131 61289074 353050650 46807106
353092691 49272967
353093226 61289074 353092691 49272967
353094004 56996764
353097820 49272967 353093226 61289074
353098628 61289074 353097820 49272967
353098948 61289074 353094004 56996764
353099972 the_X 352920752 61289074
353101283 56996764
353101863 61289074 353101283 56996764
353102619 caonixiong 353041077 61289074
353104916 49272967 353098628 61289074
353105481 61289074 353104916 49272967
353105641 4330843
353106071 61289074 353102619 caonixiong
353106179 61289074 353105641 4330843
353107973 56996764 353101863 61289074
353108485 49272967 353105481 61289074
353109682 51277593 352922318 61289074
353110489 hooibe
353110749 40932341
353111293 12548845
353112397 61289074
353112490 61289074 353110749 40932341
353113212 61289074 353111293 12548845
353113303 hooibe
353113498 61289074 353108485 49272967
353114352 61289074 353107973 56996764
353114500 61289074
353114685 61289074
353114768 3779758
353115389 61289074 353114768 3779758
353115465 12548845 353113212 61289074
353115504 hooibe 353114685 61289074
353116087 61289074 353115504 hooibe
353116180 61289074 353115465 12548845
353116352 52234581
353117319 3779758 353115389 61289074
353117439 12548845 353116180 61289074
353118330 61289074 353116352 52234581
353118627 61289074 353117319 3779758
353118764 61289074 353117439 12548845
353118920 41781751 352196684 61289074
353119135 61289074 353118920 41781751
353119647 12548845 353118764 61289074
353120031 3641045
353124447 40932341 353112490 61289074
353130544 aibayun
353157749 4547726
353173300 61289074
353339992 42718305 353019856 61289074
353340983 58716685
353341159 58716685
353345943 61289074 353119647 12548845
353346036 61289074 353120031 3641045
353346124 61289074 353124447 40932341
353346297 61289074 353130544 aibayun
353346349 61289074 353157749 4547726
353347284 61289074 353339992 42718305
353348429 61289074
353348597 61289074 353341159 58716685
353470190 51277593
353478097 53080934
353483888 3285945
353484361 Frank921208
353485709 ceciliashan
353596422 61289074 353470190 51277593
353596786 61289074 353478097 53080934
353597080 61289074 353483888 3285945
353597164 61289074 353483888 3285945
353597493 61289074 353484361 Frank921208
353598054 61289074 353485709 ceciliashan
353606398 Frank921208 353597493 61289074
353633782 caonixiong
353635551 4406242
353638880 53080934
353648970 Ladybirdy
353679886 61289074 353606398 Frank921208
353680203 61289074 353648970 Ladybirdy
353683060 3565784
353708737 61289074 353683060 3565784
353799209 37044773
354062865 61289074 353799209 37044773
354071385 47765847
354120766 4100931
354125756 47147071 353114685 61289074
354126689 flowerroad
354139239 52869787
354315888 61289074
354316209 61289074 354120766 4100931
354316267 61289074 354125756 47147071
354316792 scsdr
354317229 61289074
354318463 61289074 354316792 scsdr
354319368 scsdr 354318463 61289074
354320131 50623408
354325373 flowerroad
354351402 61289074 354319368 scsdr
354352768 61289074
354358867 scsdr 354351402 61289074
354361083 58929602
354367118 47765847 354315888 61289074
354628693 61289074
354650949 ReneeZ
354672684 59891987 354318463 61289074
354793373 46148669
354793570 46148669
354817201 47765847 354628693 61289074
354827664 59383021
354876206 lichenqian
354877920 61289074 354650949 ReneeZ
354878142 61289074
354878248 61289074
354878349 61289074 354827664 59383021
354878397 61289074 354876206 lichenqian
355090884 2218295
355095626 59891987
355095685 59891987
355098580 57578366
362622421 FJIABAOBAO 353101863 61289074
362627463 54456394
362837615 61289074
362837689 61289074 362627463 54456394
366077061 ImInMyDream
366083333 61289074 366077061 ImInMyDream
366388206 ImInMyDream
366601390 54758442
366618921 63368061
366633072 61289074 366618921 63368061
366633328 61289074 366601390 54758442
366633640 61289074 366388206 ImInMyDream
367010722 51173113
367049378 61289074 367010722 51173113
367071533 2540307
367071719 2540307
367080213 31792419
367080760 61289074 367071533 2540307
367080915 61289074 367071719 2540307
367081255 26917413
367083657 61289074 367081255 26917413
367088581 26917413
367271403 whysoserious9
367298531 2540307 352440175 61289074
367299474 2540307 352218075 61289074
367299896 61289074
367300002 61289074 367299474 2540307
367301200 61289074 367271403 whysoserious9
367301704 61289074 367299474 2540307
367301861 61289074
367302372 2540307
367304728 2540307 355208428 61289074
367305875 2540307 367300002 61289074
367306038 61289074 367304728 2540307
367306281 61289074
367310376 2540307 367306038 61289074
367311405 61289074
367312467 53631123
367328233 yiten
367328491 whysoserious9 367301200 61289074
367344717 26917413
367347837 31792419
367390271 61289074 367344717 26917413
367390708 61289074 367080213 31792419
367390860 61289074 367328491 whysoserious9
367390915 61289074 367328233 yiten
367391739 61289074 367312467 53631123
367394154 whysoserious9 367390860 61289074
367427994 26917413
392662213 62883986
392701448 64774625
392705589 chunxiaod
392705956 hivan
392706475 xiaoxinmaidou
392718458 milklotus
392718602 40622869
392721330 whatevershit
392721445 30966008
392801818 AILEG888
392966349 61289074 392718458 milklotus
392966509 61289074 392801818 AILEG888
392966584 LonelyCatcher
392967004 61289074 392721445 30966008
392967008 number7z
392967129 61289074 392966584 LonelyCatcher
392967280 61289074 392967008 number7z
392967452 61289074 392721330 whatevershit
392967534 61289074 392718602 40622869
392967658 number7z
392968778 61289074 392705589 chunxiaod
392968934 61289074 392706475 xiaoxinmaidou
392969170 53912562
392971240 61289074
392972583 61289074 367427994 26917413
392972806 61289074 392701448 64774625
392973049 61289074 392969170 53912562
392982244 53912562 392973049 61289074
392986380 53912562 392982244 53912562
392995916 whatevershit 392967452 61289074
393011296 robinfight
393015330 milklotus 392966349 61289074
393268893 26917413
393672938 chunxiaod 392968778 61289074
394406873 59492335
394711075 51173113
394761345 weixiao321
394772499 hierr
394782553 42848014
394869710 64374283
394870686 hooibe
394871179 asuka321
395136898 61289074 392995916 whatevershit
395137486 61289074 394871179 asuka321
395137648 61289074 394782553 42848014
395137998 61289074 394772499 hierr
395138444 61289074 394761345 weixiao321
395138645 61289074 394711075 51173113
395138735 61289074 394406873 59492335
395139060 61289074 394869710 64374283
395139335 61289074 393672938 chunxiaod
396979175 61289074
396979826 61289074
396979898 61289074
396980816 61289074
396980933 61289074
396981136 61289074
396981228 61289074
396981376 49423198
396981449 61289074
396981613 61289074
396981727 61289074
396981880 61289074
396982125 61289074
396982300 61289074
396982546 64799329 396981880 61289074
396982658 61289074
396984175 61289074
396984276 61289074
396984569 61289074 396982546 64799329
396984674 61289074 396981376 49423198
396991814 louise97 396982658 61289074
396992393 59851328 353114685 61289074
396997102 yangzhuo322
397014866 sid5
397017545 37867084
397022650 15323342 396980816 61289074
397031003 jaybaoqiang
397034751 63784260
397035889 wongorange
397036037 MISHIDIDAI 396984175 61289074
397036221 41286079
397036534 annett
397043446 MISHIDIDAI
397047519 MISHIDIDAI 396984175 61289074
397048672 MISHIDIDAI
397052765 chensaijun 396980933 61289074
397053867 52921028
397056124 51186887
397056581 51186887
397177110 59891987
397213882 2201636
397299987 61289074
401600625 61289074
397302541 61289074 396997102 yangzhuo322
401600713 61289074
397302627 61289074 397014866 sid5
401601095 61289074
397302939 61289074
401601177 61289074
397303142 61289074
401601316 61289074
397303387 61289074 397034751 63784260
401601389 annonymous
401601411 66106823
401601451 65879349
397304140 61289074 397052765 chensaijun
397304399 61289074 397035889 wongorange
397304825 61289074
401601473 61289074
397305034 61289074 397036221 41286079
401601565 61289074
397305491 61289074
401601900 61289074
401602109 61289074
397306856 61289074
397307115 61289074 397056581 51186887
401602200 61289074 401601389 annonymous
397307705 61289074 397177110 59891987
401602492 61289074 401601411 66106823
397307894 51277593
401602683 61289074
397307916 61289074 397213882 2201636
397308396 61289074
397308897 51277593 397308396 61289074
401612822 66106823
397314097 53912562 397308396 61289074
401652815 57213071
401653357 53912562
397318423 63784260 397303387 61289074
402416977 rainbowb
397318895 59958076
402544236 41976205
397345899 61289074
397346072 61289074 397314097 53912562
402555456 poppy57 357859772 61289074
402574728 outman1020
397346441 61289074 397318895 59958076
397353201 51277593 397345899 61289074
402637047 61289074 402555456 poppy57
397354061 53912562 397346072 61289074
402638179 61289074 401612822 66106823
397356114 louise97 397299987 61289074
397357804 61289074
397364747 59891987 397307705 61289074
397365035 louise97 397357804 61289074
397370195 51186887 397307115 61289074
397381582 MISHIDIDAI
402638476 61289074 401652815 57213071
397382097 MISHIDIDAI 397056124 51186887
402638673 61289074 401653357 53912562
397390031 57213071 352176716 61289074
397392751 57213071
397403755 64161888
397508466 wongorange 397354061 53912562
402639230 61289074 402416977 rainbowb
397516374 Abscissas
402640242 61289074 402544236 41976205
397551842 53912562 397508466 wongorange
397588550 wongorange 397551842 53912562
397600311 greenmuzi
397707223 53992473
402640424 61289074 402574728 outman1020
402641645 41976205 402640242 61289074
397716353 bokunomirai
397716623 lizengfa101
397734531 louise97
402642803 61289074 402641645 41976205
397843778 MISHIDIDAI 397716353 bokunomirai
395139477 61289074 393011296 robinfight
397844490 MISHIDIDAI 397734531 louise97
402643169 41976205 402642803 61289074
395140319 61289074 392986380 53912562
398022666 louise97 397844490 MISHIDIDAI
395140663 2476206
402648889 53912562 402642803 61289074
398024673 53912562
395162393 53912562 395140319 61289074
402652214 57213071 402638476 61289074
398027789 louise97 398024673 53912562
395183946 chunxiaod 395139335 61289074
398035527 53912562 398027789 louise97
395189324 weixiao321 395138444 61289074
402659556 61289074 402643169 41976205
398039718 37957904
395208717 57932568
402659672 61289074 402648889 53912562
398042193 louise97 398035527 53912562
395279865 2178514
398328571 65879349
395434942 61289074 395279865 2178514
402659838 61289074 402652214 57213071
401224785 keinokei
401226114 62074083
402659906 41976205 402659556 61289074
395435221 61289074 395208717 57932568
401226691 62074083
402660657 61289074 402659906 41976205
402662355 53912562 402659672 61289074
402662543 41976205 402660657 61289074
401600128 61289074 397392751 57213071
395435419 61289074 395189324 weixiao321
402662771 61289074 402662355 53912562
401600321 61289074 397403755 64161888
395435665 61289074 395183946 chunxiaod
402663089 61289074 402662543 41976205
395436077 61289074 395140663 2476206
402665197 41976205 402663089 61289074
402670573 61289074 402665197 41976205
395436545 61289074 395162393 53912562
395437165 38065369
402670654 poppy57
402671055 41976205 402670573 61289074
402673683 46583916
395441352 2476206 395436077 61289074
402674232 61289074
402990510 57213071 402659838 61289074
395446805 5867827
403122851 astrolibrafeng
403123156 astrolibrafeng
402674394 61289074 402671055 41976205
403123628 58580929
403123772 astrolibrafeng
395494491 53912562 395436545 61289074
402674519 61289074 402673683 46583916
403125453 astrolibrafeng
403125902 astrolibrafeng
402675475 41976205 402674394 61289074
395630672 59321315
403128100 astrolibrafeng
402675867 61289074 402675475 41976205
395700831 chensaijun
395710079 chensaijun
402676210 41976205 402675867 61289074
403128770 astrolibrafeng
395714082 jjm
403220075 3553735
403220758 50086355
395716132 lacus_won
402676789 61289074 402676210 41976205
403254253 50432341
395723288 2178514 395716132 lacus_won
403260753 52869787
402677453 41976205 402676789 61289074
402678158 daisy.x
403275862 astrolibrafeng
402681665 poppy57 402674232 61289074
395731584 3758353
403275973 astrolibrafeng
403276072 astrolibrafeng
402682147 59205326
395746192 53912562 395436545 61289074
402683216 61289074
403391036 61289074
402683486 61289074 402678158 daisy.x
403391194 61289074
395748832 61289074 395746192 53912562
403391705 61289074 403123772 astrolibrafeng
395749069 61289074 395731584 3758353
402683943 61289074 402682147 59205326
402684063 61289074 402677453 41976205
402684662 41976205 402684063 61289074
403391820 61289074 403125902 astrolibrafeng
403392132 61289074 403254253 50432341
403392260 61289074 403220075 3553735
403392303 61289074 403220758 50086355
402685924 daisy.x 402683486 61289074
395749366 61289074 395716132 lacus_won
402686370 poppy57 402683216 61289074
403392420 61289074
395750821 61289074 395700831 chensaijun
402688296 61289074 402686370 poppy57
395751702 53912562 395748832 61289074
403392526 61289074
402688392 61289074 402685924 daisy.x
395753258 61289074 395710079 chensaijun
403392885 61289074
402688794 61289074 402684662 41976205
395754211 61289074 395714082 jjm
403392971 41976205 403392526 61289074
402690606 41976205 402688794 61289074
395754500 53912562 395749069 61289074
402692353 61289074 402690606 41976205
395754704 61289074 395446805 5867827
403394253 61289074 403392971 41976205
402693057 minicatss
395755135 61289074 395441352 2476206
403395358 saintsjl
402708226 shunman
403397357 41976205 403394253 61289074
395755317 61289074 395437165 38065369
402709235 53941020
403404524 astrolibrafeng
403404858 astrolibrafeng
402717781 rainbowb
395756090 61289074 395754500 53912562
402718535 61289074 402717781 rainbowb
395756567 53912562 395756090 61289074
403405136 astrolibrafeng
395758176 61289074 395756567 53912562
402719173 61289074 402709235 53941020
403405290 astrolibrafeng
395758213 49919817
395758964 64524760
403405412 astrolibrafeng
402719824 61289074 402693057 minicatss
395760570 53912562 395758176 61289074
403405618 astrolibrafeng
402720155 66202140
403405689 astrolibrafeng
403405701 3553735
402720693 rainbowb 402718535 61289074
395762305 61289074 395760570 53912562
402721092 61289074 402720693 rainbowb
403405894 astrolibrafeng
403406026 astrolibrafeng
402721299 61289074 402720155 66202140
395762634 61289074 395758964 64524760
402723996 66202140
403406223 astrolibrafeng
403406383 astrolibrafeng
395763054 53912562 395762305 61289074
402728241 53941020
403406584 astrolibrafeng
395763950 61289074 395758213 49919817
402743997 52935013
395764423 saintsjl
403406613 61289074
395764513 61289074 395763054 53912562
402745016 59205326 402683943 61289074
402747116 sissifan
403406713 61289074 403404858 astrolibrafeng
395765340 53912562 395764513 61289074
403406812 61289074 403405136 astrolibrafeng
395766017 chensaijun
402749027 61289074 402728241 53941020
403407018 61289074
402749933 53941020
395766758 53912562 395764513 61289074
403407135 61289074 403405412 astrolibrafeng
402750338 61289074 402747116 sissifan
395769887 61289074 395764423 saintsjl
403407330 57795927
402750540 61289074 402743997 52935013
395771178 65209285 356209663 takarailia
395773608 chensaijun
402751774 sissifan 402750338 61289074
403407377 astrolibrafeng
402753104 65322848
395776447 impedance
403407479 61289074 403405618 astrolibrafeng
395781445 2476206 395755135 61289074
403407517 astrolibrafeng
402754954 daisy.x 402688392 61289074
403407691 astrolibrafeng
402760090 lukejia
395782330 2476206 395755135 61289074
402795153 41976205 402692353 61289074
403407807 61289074 403405689 astrolibrafeng
395786226 61289074 395776447 impedance
402796062 61289074 402753104 65322848
403407959 61289074 403405701 3553735
395786599 61289074 395776447 impedance
402796379 saintsjl
395786853 61289074 395766017 chensaijun
403408254 61289074
402796670 61289074 402754954 daisy.x
395787087 61289074 395766017 chensaijun
403408335 61289074 403406026 astrolibrafeng
402801268 daisy.x
395787255 61289074 395771178 65209285
403408474 61289074 403406223 astrolibrafeng
395788712 61289074 395773608 chensaijun
403408615 61289074 403406383 astrolibrafeng
395789534 61289074 395782330 2476206
403409225 61289074
395792023 2476206 395789534 61289074
403409496 61289074 403407330 57795927
403409590 3553735
395792946 chensaijun 395786853 61289074
403409648 61289074 403407377 astrolibrafeng
395808148 65209285 395787255 61289074
403409802 61289074 403407517 astrolibrafeng
396449069 61289074 395808148 65209285
403409872 61289074 403407691 astrolibrafeng
396449314 61289074 395792946 chensaijun
403410015 61289074 403409590 3553735
396450643 61289074 395792023 2476206
403412598 3553735
396462796 2476206
403413971 creamsoda233
396466902 61289074 396462796 2476206
403416770 daisy.x 403392420 61289074
396474078 2476206 396466902 61289074
403422544 61289074 403412598 3553735
396481335 sid5
403422652 61289074 403416770 daisy.x
396536635 15323342
403422748 61289074 403413971 creamsoda233
396580121 chensaijun 396449314 61289074
403425893 daisy.x
396748127 64161888
396907795 57254696
403463996 65322848 403409872 61289074
396907884 64852485
403483600 61289074 403463996 65322848
396916139 3427392 353118764 61289074
403483671 x550xt 352172360 2717255
396916974 64799329
403954966 41394663
396918642 62361225
403963841 52034612
396918943 52869787
403991169 4386029
396932965 51186887
404146973 astrolibrafeng
396938407 louise97
404151052 lecn
404151891 50431760
396940401 MISHIDIDAI 352181353 Axisd
404152372 52154496
396941943 MISHIDIDAI 352438369 61289074
404156259 LaSe.K
396943658 MISHIDIDAI
404157565 LaSe.K 404146973 astrolibrafeng
404160917 tan55
396944975 MISHIDIDAI 353041349 43060611
404423259 61289074 403954966 41394663
396946123 MISHIDIDAI
404424171 61289074 403963841 52034612
396948943 MISHIDIDAI 357857963 smilesy
404424486 61289074
396950558 MISHIDIDAI 360814230 61289074
404424717 61289074 404146973 astrolibrafeng
404425582 astrolibrafeng
404428827 61289074 404151052 lecn
404429280 61289074 404151891 50431760
404429466 61289074 404152372 52154496
396951300 MISHIDIDAI 362480381 61289074
404429764 61289074 404156259 LaSe.K
396952241 Axisd 396940401 MISHIDIDAI
404430340 61289074 404425582 astrolibrafeng
396953051 MISHIDIDAI 392966509 61289074
404438249 astrolibrafeng
404459666 LaSe.K 404429764 61289074
396960176 MISHIDIDAI 393672938 chunxiaod
404462370 4386029
396962672 MISHIDIDAI 395760570 53912562
404505043 4275202
396964515 MISHIDIDAI 396952241 Axisd
396965166 MISHIDIDAI
419332413 44143064
419333386 61289074 419332413 44143064
419334075 44143064 419333386 61289074
419335346 61289074 419334075 44143064
419336729 Jacobzebra
419361534 44143064 419335346 61289074
419362045 61289074 419361534 44143064
419373276 44143064 419362045 61289074
419375690 61289074 419373276 44143064
419377377 44143064 419375690 61289074
419387960 49595983
419397880 35524011
419406816 46276842
419568381 55581657
419863580 29046097
420038924 52776951
420070476 67352206
404547073 26629130
404735116 lecn
404768268 2441602 403422748 61289074
404814162 46583916
404822247 64160941
406764499 astrolibrafeng
406765596 lovemaybe
408434979 44710286 352283212 54597818
408443621 47477458
409547756 57967083
412485149 59321315 409547756 57967083
412566991 61289074
412567043 61289074 412485149 59321315
412567074 61289074 409547756 57967083
412567202 61289074 408443621 47477458
412567262 61289074 406764499 astrolibrafeng
412567348 61289074 404822247 64160941
412567532 61289074 404814162 46583916
412567796 61289074 404768268 2441602
412567836 61289074 404735116 lecn
412567869 61289074 404547073 26629130
412567969 61289074 404505043 4275202
412568793 61289074
412568962 61289074
412569423 50395720
412570332 26629130 412567869 61289074
412591690 44160733
412604973 lovemaybe 412566991 61289074
412606297 ohw007
412614355 LaSe.K 412568962 61289074
412614720 LaSe.K 412568962 61289074
412618634 57967083 412567043 61289074
412639527 61289074
412639980 zyzsunny
412640927 61289074 412591690 44160733
412641122 61289074 412606297 ohw007
412641130 57795927
412641299 50395720 412639527 61289074
412644458 61289074
412646352 61289074 412641299 50395720
412646588 62920985
412653702 lovemaybe 412644458 61289074
412654333 honwhy
412660889 50395720 412646352 61289074
412661716 59321315 412567532 61289074
412665468 61289074 412646588 62920985
412666206 61289074 412660889 50395720
412666996 trick_trick
412667791 61289074 412666996 trick_trick
412668563 trick_trick 412667791 61289074
412669362 61401731
412700477 47477458 412567202 61289074
412711360 3936233
412875325 44160733 412640927 61289074
412881038 44160733 412667791 61289074
412890009 61289074 412875325 44160733
412890503 61289074
412891216 61289074
412891752 61289074 412669362 61401731
412894889 56996764
412895751 61401731
412986531 4275202 412567969 61289074
413144600 61289074 412986531 4275202
413150631 61289074 412895751 61401731
413152123 61289074 412894889 56996764
413153252 4275202
413163862 64639758
413178767 61038001
413179457 47666486
413269168 56996764
413440336 61289074 413179457 47666486
413441168 61289074 413163862 64639758
413441614 61289074 413178767 61038001
413443564 61289074 413269168 56996764
413444551 47666486 413443564 61289074
413444809 43033196
418836615 66835372
419030761 61289074 413444809 43033196
419088028 57475818
419091248 60522233
419244027 35524011
419244158 35524011
419244375 61356901
419250290 58066077
419251880 58544034
419251979 55948475
419253150 missguzi
419257016 55001797
419324217 61289074 419244158 35524011
419324322 61289074 419251979 55948475
419324543 61289074 419244375 61356901
419325008 61289074 419251880 58544034
419325144 61289074 419250290 58066077
419325311 61289074 419091248 60522233
419325357 43076826
419325547 61289074 419088028 57475818
419325655 61289074 419325357 43076826
419325816 44143064
419327870 61289074 419325816 44143064
419330805 thypnos
