353826442 xixiaokou
353831170 aiyixiaxia 353826442 xixiaokou
353832246 aiyixiaxia
353832907 57536464
353834821 zhaodiya
353836748 aiyixiaxia 353834821 zhaodiya
353837167 aiyixiaxia 353832907 57536464
353837904 27762744
353844936 lwmm
353845552 a371623866
353845932 winglovelaura
353846313 beijudeshuo
353846553 4752218
353848349 31461164
353848507 nata.r
353849376 48270203
353849702 topato
353850888 52793240
353850993 robinfight
353851054 baisana
353851483 wxy--_--wxy
353851855 yys_viola
353852149 47601690
353852627 48270203 353850993 robinfight
353854574 robinfight
353854623 aiyixiaxia
353855324 aiyixiaxia 353844936 lwmm
353855733 xixiaokou 353836748 aiyixiaxia
353855964 aiyixiaxia 353848507 nata.r
353856252 aiyixiaxia 353849702 topato
353856268 ben2
353856844 58920358
353857527 sissi_y
353858413 yoakel
353858601 joyhi
353861680 veronica0
353868658 missonefan
353869150 aiyixiaxia 353858413 yoakel
353870293 topato 353856252 aiyixiaxia
353870864 50973005
353871727 47987897
353871886 aiyixiaxia
353872084 aiyixiaxia
353873075 domo7
353873266 41772542
353873445 40130329
353874504 50207127
353875716 49504955
353879002 aiyixiaxia
353879686 aiyixiaxia 353875716 49504955
353879979 aiyixiaxia 353874504 50207127
353881609 42559871
353883755 aiyixiaxia
353888291 22220957 353832907 57536464
353890959 topato
353892690 57536464 353888291 22220957
353892873 2280250
353892997 Mavis.m
353896094 28499757
353896849 aiyixiaxia 353892997 Mavis.m
353896962 aiyixiaxia 353892873 2280250
353897087 aiyixiaxia 353892873 2280250
353897293 certainsourire
353897701 Mavis.m 353897087 aiyixiaxia
353898214 SoulAS
353898736 aiyixiaxia 353897701 Mavis.m
353900124 Mavis.m 353898736 aiyixiaxia
353901019 aiyixiaxia
353902300 aiwoaiwo
353903181 aiyixiaxia 353902300 aiwoaiwo
353903858 aiwoaiwo 353903181 aiyixiaxia
353904452 aiwoaiwo
353904856 22220957 353892690 57536464
353905739 58361584
353908855 aiyixiaxia
353917389 nata.r
353920114 zozoe
353920629 in710
353924918 aiyixiaxia 353920629 in710
353928301 aiyixiaxia
353928542 4024435
353930901 40345086
353932837 cnana9
353936761 fishchildhood
353955286 Mavis.m
353958482 aiyixiaxia 353955286 Mavis.m
353959151 56723702 353896962 aiyixiaxia
353959508 56723702 353900124 Mavis.m
353968639 in710 353924918 aiyixiaxia
354120105 aiyixiaxia 353968639 in710
354120295 aiyixiaxia 353959151 56723702
354121542 szycc
354123013 31918414
354125875 S8
354151324 55787367
354153462 anitatu
354154894 lizza
354155132 aiyixiaxia 354123013 31918414
354155245 aiyixiaxia 354154894 lizza
354155305 lizza
358453306 54470452
358453384 54470452
358762400 51870415
359261215 tianlingzi
359263270 45656630
403880889 2816389
404041909 4509709
404514703 4275202
404515708 YYangping
404519714 57784798
404559212 54267337
404590854 4398171
404591855 4339670
404599177 2984167
404599538 2984167
404600778 62625348
411096928 43120849
411279676 57688458
411513438 46093255
411605026 simplelala
411606749 49155538 353855324 aiyixiaxia
411610890 50397517
411613690 64410192
411636123 48601577
411636415 48601577
411640380 50545152
411642128 zxl111
411653007 6279539 353854574 robinfight
411657004 goodboyyu
411657735 2026292
411658071 2026292
411677798 64454830
411678315 1614749
354155409 aiyixiaxia 354151324 55787367
354155944 Mavis.m
354157050 aiyixiaxia 354121542 szycc
354157174 aiyixiaxia
354157773 mayo524
354158412 aiyixiaxia 354155305 lizza
354158557 46913174
354158622 aiyixiaxia 354157773 mayo524
354159569 aiyixiaxia 354153462 anitatu
354161755 Mavis.m
354164026 aiyixiaxia
354164447 47256782
354355696 43056598
354358827 56723702 354120295 aiyixiaxia
354377637 57247943
354402997 48191624
354404540 48191624
354405010 48191624
354406150 3062629
354406831 49616822 354404540 48191624
354407737 1880849
354409247 35089684
354412408 babyneonsay
354414079 45897965
354425888 46755556
354428205 jiangcaicai
354428920 zanyyang
354435661 2759174
354437056 56581791
354440075 54470452 353831170 aiyixiaxia
354466660 aiyixiaxia 354358827 56723702
354473126 iamqiuqiu
354475918 3788707
354477906 39275852
354480598 Gzq359719979
354520982 aiyixiaxia 354473126 iamqiuqiu
354530232 31918414 354155132 aiyixiaxia
354537879 62045080
354545591 44950811
354564192 47256782
354646164 40789862
354694356 56723702 354466660 aiyixiaxia
354703070 4258574
354711850 51851887 354405010 48191624
354767004 aiyixiaxia 354694356 56723702
354774453 shinydx
354778678 49386557
354779816 58632384
354928645 2349544
354932027 48191624
354933447 48191624
354934628 galeno
354935742 48191624 354409247 35089684
354936049 48191624 354545591 44950811
354936887 48191624 354564192 47256782
354937082 35089684 354935742 48191624
354943515 44950811 354936049 48191624
354947517 48191624 354943515 44950811
354947901 51851887 354932027 48191624
354948561 48191624
354949264 zhoujialin
354971207 letgoofme
354973736 44950811 354947517 48191624
354974425 bushuoguanyu
354974566 61528655
354974656 bushuoguanyu
354977477 1982618
354986486 45897965
354986980 54456394
354990731 57616241
355003906 51239161
355117134 48191624 354986486 45897965
355117195 48191624 354986980 54456394
355117506 48191624 354973736 44950811
355118443 54456394 355117195 48191624
355120227 48191624 355118443 54456394
355210433 44950811 355117506 48191624
355228064 43873358 354155305 lizza
355246324 qingtian1213
355257744 4218867
355346510 48191624 355257744 4218867
355358633 Vivi_SH
355363853 48568323
355374495 47256782
355375598 47256782 354936887 48191624
355438179 51851887 355374495 47256782
355568432 zkx
355588494 57190450
355589565 as_shmily
355590535 MrBeauty
355615039 ichongchong
355628127 littlemicky
355640566 3171492
355662207 moguyao199311
355663686 37110938
355909403 4218867 355346510 48191624
355927455 48191624 355909403 4218867
355954051 znvxwanxgu
356007246 47256782
357921659 4024435
