357454089 dengxiaoxian190
357454292 52984821
357454558 best_times
357455017 41497851
357455173 48877720
357455297 42335308
357455324 50638095
357455330 absintheye
357455412 cindy..wu
357455504 43308038
357455520 nsyta
357455527 Dorothy-dy
357455573 45112731
357455653 nubeer
357455683 miaomiaowu
357455739 decstar
357455831 47094965
357456346 47177463
357456580 49446598
357456829 shuang1230
357457122 47177463
357457148 60661953
357457335 48596265
357457345 4286679
357457358 rabbitmm
357458644 47177463 357457335 48596265
357459038 4286679 357458644 47177463
357459498 51186887
357459561 2510124
357459666 nubeer 357457335 48596265
357459963 2510124
357460023 44693357
357460144 62053924 357459498 51186887
357461828 W.-ing
357462312 45647349
357462491 43007886
357462723 W.-ing
357463247 43007886
357464691 57949721
357464955 rabbitmm
357465347 62053924 357462312 45647349
357467071 62053924
357468476 joyarrival
357469133 39228838
357469415 Olivia-h
357470937 62053924 357469415 Olivia-h
357471661 pandapan819
357472545 Qln9_.
357472992 qizhuzhuibeidou
357473119 joyarrival
357473542 nsyta
357474252 62053924
357475156 46732023
357475637 lottywish 357475156 46732023
357475649 62053924 357475156 46732023
357476471 Clycatie
357476477 46732023 357475637 lottywish
357477191 lottywish 357476477 46732023
357477307 Clycatie
357477776 joyarrival 357477191 lottywish
357479095 ixixiy
357479576 jiang18
357480989 candywing
357483552 52827854
357484186 candywing
357485974 50277952
357487864 45517162
357488132 52293460
357488336 BeardMonster
357488344 46732023 357477191 lottywish
357488671 nubeer
357488945 45517162 357488336 BeardMonster
357489158 nsyta
357489318 52293460
357489613 45517162 357489318 52293460
357490156 BeardMonster 357488945 45517162
357490824 45517162 357490156 BeardMonster
357490949 43308038
357490965 nsyta
357492533 52293460
357493516 43007886 357488132 52293460
357493946 43007886 357488336 BeardMonster
357494298 52293460
357494824 52293460
357495417 43308038
357495479 43007886
357496002 43007886 357492533 52293460
357496362 28551035 357459038 4286679
357496930 masoeur
357497459 17862627
357498297 45517162 357497459 17862627
357498953 17862627 357498297 45517162
357499490 47094965
357500002 43007886 357497459 17862627
357500262 47094965
357502717 nsyta
357503182 4703476
357503495 sumi_chan
357503606 47094965
357506316 49283739
357699598 59542071
357699818 45517162
357700002 45517162 357699598 59542071
357701180 59542071 357700002 45517162
357702764 43328435
357703324 45517162
357703839 45517162
357703851 59542071 357703324 45517162
357704302 bluesummer
357704489 nubeer
357704560 bluesummer
357705112 43328435 357703839 45517162
357705362 59542071 357704560 bluesummer
357705672 bluesummer 357705362 59542071
357705701 45517162
357706452 43328435
357706540 47638909
357706637 47638909
357707027 43007886
357708635 45517162 357706540 47638909
357710352 47094965
357710775 47638909 357708635 45517162
357718447 45517162 357710775 47638909
357718725 45517162
357719679 45647349
357720204 annabelleliahb
357720722 59542071 357718447 45517162
357721346 45517162 357720722 59542071
357721440 annabelleliahb
357722523 45517162 357721440 annabelleliahb
357722660 suntianyang 357705701 45517162
357723341 45517162 357722660 suntianyang
357723816 47094965 357722523 45517162
357723933 59542071 357721346 45517162
357724243 suntianyang 357723933 59542071
357724458 45517162 357723933 59542071
357725016 annabelleliahb 357722523 45517162
357725081 59542071 357724243 suntianyang
357725547 47094965
357725671 45517162
357726217 59542071 357724458 45517162
357726680 45517162
357727837 59542071 357726680 45517162
357730524 45647349 357725671 45517162
357731277 candywing
357731720 47094965
357732895 candywing
357733095 gumantong
357733194 43007886 357731277 candywing
357735482 45517162 357732895 candywing
357736052 45517162
357736526 candywing 357733194 43007886
357737342 43007886 357736526 candywing
357737875 candywing
357738111 candywing 357737342 43007886
357738886 43007886 357738111 candywing
357739950 candywing 357738886 43007886
357741043 orangeflower
357741137 orangeflower
357743880 orangeflower
357744463 orangeflower
357744547 59542071 357736052 45517162
357744718 miffy69
357744868 candywing 357743880 orangeflower
357746092 43007886 357744463 orangeflower
357746891 orangeflower 357744868 candywing
357747066 orangeflower 357746092 43007886
357747178 bluesummer 357744868 candywing
357747517 17862627
357748263 candywing
357751766 candywing 357747178 bluesummer
357752379 45517162 357747517 17862627
357752454 45517162 357751766 candywing
357753238 candywing 357752454 45517162
357753729 nubeer 357753238 candywing
357754253 ak39680688 357457335 48596265
357755085 candywing
357755679 45517162 357753238 candywing
357756246 candywing 357755679 45517162
357757028 45517162 357756246 candywing
357758627 aprilfoolpear 357737875 candywing
357761159 joyarrival
357763942 45517162 357761159 joyarrival
357764474 candywing 357704302 bluesummer
357767843 4102868
357767966 reddancingshoes
357768422 nubeer
357769044 candywing
357770387 45517162
357770797 sissizuo
357771067 nubeer
357771438 45517162
357771869 candywing 357771067 nubeer
357772229 bluesummer
357772571 candywing 357772229 bluesummer
357772687 nubeer 357772229 bluesummer
357772924 45517162 357772229 bluesummer
357773494 bluesummer
357774461 candywing
357774591 45517162
357839154 nubeer
357839190 nubeer
357839443 DevilPrincess 357839154 nubeer
357839615 lilynwt
357839784 1281616
357840035 candywing
357840042 1281616
357840238 lilynwt 357839443 DevilPrincess
357840394 DevilPrincess 357840035 candywing
357840524 DevilPrincess 357840238 lilynwt
357840566 45517162
357840641 50816673 357839443 DevilPrincess
357840669 nsyta
357840700 lilynwt 357840524 DevilPrincess
357840881 1281616 357840524 DevilPrincess
357841385 nsyta
357841426 DevilPrincess 357840641 50816673
357841697 DevilPrincess 357840700 lilynwt
357842207 45517162
357842247 lilynwt 357841697 DevilPrincess
357842371 43007886 357840669 nsyta
357842845 DevilPrincess 357842247 lilynwt
357842899 lilynwt
357842983 lilynwt 357842845 DevilPrincess
357843226 nubeer 357842207 45517162
357843234 DevilPrincess
357843475 DevilPrincess 357842983 lilynwt
357844401 52206304
357846585 47638909
357847130 1281616
357847131 DevilPrincess
357847530 1281616
357847753 nubeer 357847530 1281616
357847895 1281616
357848260 45647349
357848711 58520717
357849307 1281616
357849363 58520717
357850436 tannin
357852093 AgnesYYY
357852314 AgnesYYY
357853903 tannin
357853990 1281616
357855542 58520717
357855580 nubeer
357856091 xyrh
357856099 1281616
357856887 DevilPrincess
357857662 nubeer
357858944 suntianyang
357859637 1281616 357858944 suntianyang
357859682 rabbitmm
357861833 lilynwt
357861859 lilynwt
357861885 lilynwt
357872068 52206304
357886916 tannin
357887839 nsyta 357861833 lilynwt
357890348 lilynwt 357887839 nsyta
357891476 bluesummer
357891540 nsyta 357890348 lilynwt
357891552 1281616 357890348 lilynwt
357892070 bluesummer
357900988 bluesummer
357902848 1281616 357900988 bluesummer
357903491 candywing
357913337 46674538
357915148 sapphirewind
357916124 43327765
357922016 bluesummer
357922782 43327765
357924468 nniiiuu
357943974 39549725
357995155 52206304
357999617 53129349
358091122 rabbitmm
358100250 bluesummer 357999617 53129349
358169434 blairlove
358513155 32682514
365178437 49638373
378007467 63398892
414854844 Reine1123
414859080 Reine1123 357475156 46732023
357509112 nsyta
357513110 43007886
357515560 28551035
357518539 Florasmile
357519127 tannin
357523118 47094965
357528524 tannin
357530292 tannin
357531692 PANNINI
357534814 candywing
357536131 candywing 357518539 Florasmile
357537123 Florasmile 357536131 candywing
357538377 nsyta
357538615 candywing
357540794 tannin
357541141 52206304
357543704 candywing 357537123 Florasmile
357546179 PANNINI
357546495 28551035 357531692 PANNINI
357548630 joyarrival 357489613 45517162
357549266 59502466
357549847 candywing
357561773 tannin
357565700 43003807
357569176 59542071
357577725 bluesummer 357496362 28551035
357583057 bluesummer
357584462 62053924
357591738 suntianyang
357593085 xbishishenlan
357595970 45517162 357498953 17862627
357596927 candywing 357595970 45517162
357597394 45517162
357597490 45517162 357596927 candywing
357597957 45517162 357548630 joyarrival
357599801 candywing
357600702 candywing
357602183 xbishishenlan
357603030 AgnesYYY
357611052 bluesummer
357611535 candywing
357612816 jsyn
357612836 jsyn
357613191 candywing
357618104 candywing
357623100 50423002
357624440 43007886
357639318 shuang1230
357641006 AgnesYYY
357641042 aprilfoolpear 357618104 candywing
357642833 47094965
357644455 shuang1230 357641006 AgnesYYY
357645769 nubeer
357647628 AgnesYYY
357650588 aprilfoolpear
357652840 tannin
357653813 joyarrival
357654720 xbishishenlan
357655726 PANNINI 357546495 28551035
357656383 xbishishenlan
357657151 43007886 357654720 xbishishenlan
357659189 xbishishenlan
357659343 Aldrberan
357659738 43007886
357661110 43007886 357659343 Aldrberan
357661162 joyarrival 357659343 Aldrberan
357663975 Aldrberan
357664062 Aldrberan 357661162 joyarrival
357666139 2553158
357670195 suntianyang
357673919 cindysummer
357675372 45517162
357677060 32682514
357678925 45517162 357677060 32682514
357679963 joyarrival
357680293 45517162 357679963 joyarrival
357680407 aaaaqiao 357677060 32682514
357681011 45517162 357680407 aaaaqiao
357684290 45517162 357569176 59542071
357684919 32682514 357678925 45517162
357685418 45517162
357685795 45517162 357684919 32682514
357685973 59542071 357684290 45517162
357686496 44763247
357687528 45517162 357685973 59542071
357688391 59542071 357687528 45517162
357689041 45517162
357689517 45517162 357688391 59542071
357690861 59542071
357691643 45517162 357690861 59542071
357691673 59542071 357689517 45517162
357691777 aaaaqiao
357692702 45517162 357691673 59542071
357694248 45517162 357691777 aaaaqiao
357696474 59542071 357692702 45517162
357697484 32682514 357685795 45517162
357697827 45517162 357697484 32682514
357698543 45517162
357698852 43328435 357678925 45517162
357699446 45517162 357698852 43328435
357775882 candywing
357776145 candywing 357774591 45517162
357776245 suntianyang
357776579 42732042
357777181 suntianyang
357778320 candywing
357778394 bluesummer
357778417 candywing
357778540 62053924 357771869 candywing
357778704 nubeer 357778320 candywing
357778728 Florasmile
357779078 nubeer
357779093 45517162
357779296 Florasmile
357779592 62053924
357779873 45517162 357778728 Florasmile
357780593 62053924
357781382 nubeer 357780593 62053924
357781419 45517162
357781690 bluesummer
357781717 aaaaqiao
357782508 suntianyang 357780593 62053924
357782649 62053924
357783015 sulam
357783196 lilynwt
357783788 candywing
357783993 bluesummer 357783196 lilynwt
357783994 62053924 357783196 lilynwt
357784280 xbishishenlan
357784484 nubeer 357783196 lilynwt
357785392 sulam
357785396 62053924
357785450 nubeer 357783994 62053924
357785811 45517162
357785958 62053924
357786254 lilynwt
357786476 62053924
357786712 candywing 357786476 62053924
357787083 45517162
357787214 candywing 357786254 lilynwt
357787505 2553158
357788300 lilynwt
357789379 candywing
357789937 candywing
357790025 43007886
357790492 aaaaqiao 357787505 2553158
357792538 lilynwt 357790492 aaaaqiao
357792701 rabbitmm
357793024 50816673
357794344 candywing
357795769 joyarrival 357787083 45517162
357796157 suntianyang
357796256 suntianyang
357797444 candywing
357797609 miffy69
357797703 candywing
357797963 45517162
357798180 suntianyang 357797444 candywing
357798230 45517162 357797609 miffy69
357798603 candywing
357798797 candywing 357798180 suntianyang
357799512 suntianyang 357798230 45517162
357833732 nubeer
357833840 DevilPrincess 357833732 nubeer
357833993 nubeer 357833840 DevilPrincess
357834585 lilynwt
357835069 suntianyang
357835072 candywing
357835390 suntianyang
357835633 1281616
357835758 1281616
357835790 suntianyang
357835827 1281616
357836073 lilynwt 357835790 suntianyang
357836089 1281616
357836262 suntianyang 357836073 lilynwt
357836307 nubeer 357836089 1281616
357836412 1281616
357836437 DevilPrincess
357836587 suntianyang 357836412 1281616
357836600 DevilPrincess
357836771 50816673
357837109 1281616
357837325 nubeer
357837366 candywing 357836587 suntianyang
357837485 1281616 357837325 nubeer
357837553 suntianyang 357837366 candywing
357837577 DevilPrincess
357837690 nsyta
357837931 nubeer
357837961 candywing 357837553 suntianyang
357838221 45517162
357838338 45517162
357838413 suntianyang 357837961 candywing
357838444 nubeer
357838480 50816673
357838536 nubeer 357838413 suntianyang
357838539 suntianyang 357838444 nubeer
357838550 DevilPrincess
357838626 lilynwt
