357580834 crisnaagua
357583309 46617491
357589739 soun
357590170 sherrydb
357590198 57331875
357590315 xixiaokou
357590730 2513503
357590847 58412600
357591339 dakay
357595800 4496778
357597809 marni
357598110 52036904
357598162 zhangdadaner
357598501 46617491
357598830 3489078
357598958 starburst
357599182 pishuang0808
357599244 BellaY_JoeH
357599362 poaan
357599431 41432061
357600285 53103908
357603330 46617491
357603366 oh_tina
357603387 46617491
357603867 46617491
357626709 46617491 357600285 53103908
357626843 46617491 357598958 starburst
357627536 42559871
357627871 55998424
357627998 37845588
357628016 48627569
357628027 3442303
357631643 46617491 357627536 42559871
357631738 46617491 357628027 3442303
357631888 3442303
357631932 56754325
357632600 miyasuki
357632631 46617491
357632789 46617491 357631888 3442303
357632991 46617491 357631932 56754325
357636226 46617491
357637636 40922332
357638237 46617491 357637636 40922332
357639810 46617491
357640060 cocococo
357641086 46617491
357642191 reginatone
357642729 4043302
357643464 61041059
357644285 36712692
357644876 61321389
357645096 46617491 357642729 4043302
357649251 lovecanornot
357649877 25612347
357650862 46617491 357649251 lovecanornot
357651176 46617491 357649877 25612347
357651618 46755556
357651905 keepitreal
357652288 46617491
357652363 25612347
357653141 daisy_cheung
357653767 46617491 357652363 25612347
357654026 diudiuiris
357654141 46617491 357589739 soun
357654362 46617491 357599182 pishuang0808
357659623 46617491
357663789 46617491
357664524 46617491
357672917 46617491
357673914 55572774
357677261 46617491 357673914 55572774
357677600 lili729
357678386 46617491 357677600 lili729
357689040 1485877
357690109 1485877
357695048 46617491
357702691 1485877
357704734 46617491
357709031 apeisme
357737647 46617491 357709031 apeisme
357737820 46617491 357702691 1485877
357738070 52129136
357738079 Mafias
357745132 46617491 357738070 52129136
357745212 46617491 357738079 Mafias
357749475 1485877
357750596 61979464
357753043 4701141
357753830 46617491 357753043 4701141
357753953 46617491 357749475 1485877
357758827 1485877
357761097 46617491 357758827 1485877
357761345 46617491
357762125 15960847
357762385 1485877
357762642 46617491 357762385 1485877
357762666 bocaixiaojie
357762721 46617491 357762125 15960847
357762910 HduanH
357763877 2848913 357638237 46617491
357764316 1485877 357762642 46617491
357764560 foxmy
357765305 46617491 357762910 HduanH
357765659 46617491 357764560 foxmy
357766346 46617491 357764316 1485877
357771574 47525850
357780281 Cain_
357781224 46617491 357763877 2848913
357781578 46617491 357771574 47525850
357797013 50667649
357801495 costya
357804448 46617491
357810623 47525850
357826560 soun
357829241 1485877
357850978 46617491 357829241 1485877
357851202 46617491 357826560 soun
357853204 4703476
357854202 46617491 357853204 4703476
357855325 9755327
357855923 46617491 357855325 9755327
357857186 1485877 357850978 46617491
357857659 46617491 357857186 1485877
357857954 1485877
357858555 46617491 357857954 1485877
357865791 46617491
357884075 2510124
357889486 9755327 357855923 46617491
357896914 soun 357855923 46617491
357904990 52129136 357745132 46617491
357951465 46617491 357904990 52129136
357951566 46617491 357884075 2510124
357965698 46617491
357990177 46617491
357990331 46617491 357889486 9755327
357992813 46617491 357896914 soun
358000316 9755327 357990331 46617491
358001882 46617491 358000316 9755327
358002774 9755327 358001882 46617491
358062740 46617491 357762125 15960847
358105033 15960847 358062740 46617491
358105143 1485877
358105619 53080934
358107924 xuenuo
358110227 46617491 358107924 xuenuo
358110444 46617491 358105033 15960847
358110531 46617491 358105619 53080934
358134791 soun 357992813 46617491
358135086 soun
358135314 46617491 358135086 soun
358146144 3280775
358150427 46617491 358146144 3280775
358150906 60976839 357631643 46617491
358151362 46617491 358150906 60976839
358152299 60976839 358151362 46617491
358157344 3280775 358150427 46617491
358178239 46617491 358157344 3280775
358184023 49740692
358188044 46617491 358184023 49740692
358286489 46617491
358296698 49740692 358188044 46617491
358297597 46617491 358296698 49740692
358309836 guilt
358310235 56944168 357631643 46617491
358311606 49740692 358297597 46617491
358311799 46617491 358310235 56944168
358311884 46617491 358311606 49740692
358312660 51462538
358313762 46617491
358314760 46617491
358319029 51462538 358313762 46617491
358319446 46617491 358319029 51462538
358499052 46617491
358572825 mus1
358597489 46617491 358572825 mus1
358598127 vyfly
358601832 luzern 357631643 46617491
358602740 2928165
358605023 50359569 357781224 46617491
358636387 46617491 358605023 50359569
358637345 50359569 358636387 46617491
358637397 fuckeggs 357632991 46617491
358640889 46617491 358637345 50359569
358641592 50359569 358640889 46617491
358641882 46617491 358641592 50359569
358642008 50359569 358641882 46617491
358642789 46617491 358642008 50359569
358656026 47145910
358659052 zanena
358660245 46617491 358659052 zanena
358663246 53436134
358666099 53436134
358682315 30290719 358666099 53436134
358685220 49200669
358691131 mus1
358692640 dansx
358693375 mokalynn
358694317 chuck666 357631932 56754325
358694500 56754325 358694317 chuck666
358695645 chuck666 358694500 56754325
358696218 31918414
358713897 1485877 358666099 53436134
358737437 3523693
358873058 53436134 358713897 1485877
358873398 53436134 358682315 30290719
358900445 30290719 358873398 53436134
358912559 53436134 358900445 30290719
358914129 30290719 358912559 53436134
358915217 46617491 358696218 31918414
358915522 46617491 358685220 49200669
358915854 46617491 358666099 53436134
358918165 42997050
358924757 31918414 358915217 46617491
358930846 53436134 358915854 46617491
358931369 53436134 358914129 30290719
358936174 46617491 358930846 53436134
358936908 3054972
358938054 30290719 358931369 53436134
358938705 53436134 358938054 30290719
358943681 48419568
358961321 seven000
358977296 youfengtang
358977326 62301262
359097344 46617491 358943681 48419568
359099599 58287985
359099791 4372651
359106092 51282785
359122169 48419568
359130245 duranying
359136853 blair891
359157998 46617491 359136853 blair891
359158029 46617491 359122169 48419568
359181641 46617491
359417989 46617491
359423991 62301262
359436243 46617491
359438734 26659176
359439935 joylan
359460072 46617491 359438734 26659176
359460994 49166139
359470860 figo508
359481780 46617491 359470860 figo508
359520067 62301262
359521209 61393998
359533684 Superxiaohe
359708541 46617491
359717536 RPupupup
359719133 49180628 359708541 46617491
359720893 46617491 359719133 49180628
359723063 49180628 359720893 46617491
359724341 46617491 359723063 49180628
359724692 49180628 359724341 46617491
360305758 wawa0830
360310835 55315168
360332455 2510124
360756774 46617491 360332455 2510124
360760270 55578277
360761022 yangyanjun
360761516 dwn0810 357603366 oh_tina
360761854 49148359
360762680 43972630
360762899 46617491 360761516 dwn0810
360763077 46617491 360762680 43972630
360951858 47380110
360952432 Yolo77
360961207 46617491 360951858 47380110
360961248 46617491 360952432 Yolo77
360961995 Yolo77 360961248 46617491
360977538 47380110
360986793 Olivia-h
360998703 46617491
361008169 47380110
361015379 46617491 357763877 2848913
361043203 1485877
361049027 GuteNacht1
361068772 4419514
361089762 46617491 361043203 1485877
361441573 46617491
361630758 wzer825
361866832 46617491 361630758 wzer825
362018442 46617491
362122468 46617491
363581600 46617491
363625071 nan_sheep
363674468 pulapulla
363676722 46617491 363625071 nan_sheep
363676909 46617491 363674468 pulapulla
363678237 ericand012
363678948 ericand012
363680575 46617491 363678237 ericand012
363680720 46617491 363678948 ericand012
363774179 46617491
363815754 qyschloe
363816321 lijialan 363678948 ericand012
363816665 lijialan 357583309 46617491
363820996 46617491 363816665 lijialan
363821660 lijialan
363832063 lov3u
363975249 46617491 363821660 lijialan
363976150 lijialan 363975249 46617491
363978119 46617491
363978458 lijialan 363978119 46617491
363978699 46617491 363978458 lijialan
363978905 46617491 363978458 lijialan
363979755 lijialan 363978905 46617491
363980516 46617491 363979755 lijialan
363980763 46617491 363979755 lijialan
363980969 mrmu
363982227 lijialan 363980516 46617491
363982301 lijialan 363980763 46617491
363983899 46617491 363982301 lijialan
363986072 lijialan
364019790 53394182
364127900 46617491
364320773 4202007
364321620 63004570
364407781 46617491 364320773 4202007
364439383 46617491
365191510 46617491
365261940 51422192
365267194 2759174
365442885 46617491 365267194 2759174
365569727 mus1
365584998 46617491 365569727 mus1
365853772 46617491
365905926 mus1
366068256 46617491 365905926 mus1
366074446 mus1 366068256 46617491
366075112 46617491 366074446 mus1
366239213 8662196
366368474 46617491 366239213 8662196
366442502 37679030
367127480 46617491
367131778 2026969
367134819 2759174
367134872 2759174
367135232 2759174
367162862 comsbei
367467011 38853463
367515647 bolan
367917090 46617491 367131778 2026969
367917127 46617491 367515647 bolan
367917236 46617491 367467011 38853463
367917351 46617491 367162862 comsbei
367978971 38853463 367917236 46617491
367987413 4065715 363978119 46617491
368199693 46617491 367987413 4065715
368199745 46617491 367978971 38853463
368202889 48941995
368232378 46617491 368202889 48941995
368239730 wendyin430
368320216 46617491 368239730 wendyin430
368330930 38853463 368199745 46617491
368566026 46617491
369758544 46617491
370044211 46617491
381002160 46617491
399250472 misslllgreen
420126108 4506843
420136191 46617491 420126108 4506843
