359007113 57600015
359011017 gilliet
359011226 freesia319
359011879 Sahoxin
359012705 gootoe9th
359013827 30003991
359014177 41582394
359014903 tuiyoushifu
359035067 c0coon
359041778 2286552 359035067 c0coon
359044582 50564853
359046736 61266987
359047980 3042813
359048854 57258102
359049707 1800003
359051272 xhong
359119795 57600015
359130818 37364863
359131942 shaben
359133210 Veil-X
359133597 Veil-X
359134525 blair891
359135679 mix73
359136789 4495072
359136850 60036258 359135679 mix73
359179561 40405602
359181165 Guti
359182738 50493532
359183503 decipher
359184309 decipher 359179561 40405602
359185392 translatelove
359186627 55279725
359191523 50957198
359191794 decipher 359191523 50957198
359193970 Guti 359184309 decipher
359197481 xiaozhutingjin
359201416 2286552
359203983 40405602
359207722 53073700
359208491 53073700
359208840 53073700
359208978 53073700
359209090 58246773 359051272 xhong
359209412 serenaItaly
359209691 xhong
359209797 53073700
359210160 53073700
359210468 53073700
359210634 57600015 359133597 Veil-X
359210948 bluewedding
359211088 1608850
359211325 1608850
359211406 57600015 359179561 40405602
359212456 57600015 359197481 xiaozhutingjin
359213099 NirvanAnswer
359213461 57600015 359208978 53073700
359213684 57600015 359211325 1608850
359215858 Les_Mao
359216277 Les_Mao
359216436 49686450
359216783 missme4ever
359217043 burningsummer 359211406 57600015
359217221 42493830
359217231 burningsummer 359210948 bluewedding
359217515 bluewedding 359217231 burningsummer
359325784 xiaozhutingjin 359210948 bluewedding
359327273 xiaozhutingjin 359211406 57600015
359328273 61229785
359330749 40405602
359333812 niphia
359334274 hysteria4444 359041778 2286552
359404147 Guti 359217515 bluewedding
359404167 57600015 359217043 burningsummer
359404196 57600015 359327273 xiaozhutingjin
359404227 57600015
359404256 57600015 359333812 niphia
359405586 le-renard
359405610 lxl0214
359405871 burningsummer 359405586 le-renard
359405880 burningsummer 359404167 57600015
359405893 burningsummer 359404167 57600015
359424914 niphia 359404256 57600015
359425209 43549885
359485344 xiaozhutingjin
359689800 57600015 359424914 niphia
416856133 57600015
416856886 57600015
416858341 57600015
416858442 57600015
416858487 62895886
416859652 3324717
416861351 55795253
416862589 perpa
416874033 57600015 416862589 perpa
416874123 57600015 416858487 62895886
