359142947 yetier
359143422 55315168
359143641 H5 359142947 yetier
359143699 yetier 359143641 H5
359143955 H5 359143422 55315168
359307996 H5
359316853 48786932
359328578 YYsoldier
359346140 mus1 359307996 H5
359351533 H5
359353549 vivvvvvi
359354058 47352504
359355165 41659835
359355955 4708349
359356805 39000548
359358079 H5 359353549 vivvvvvi
359358739 H5 359355165 41659835
359358959 H5 359355955 4708349
359362540 H5 359356805 39000548
359363085 53080934
359363914 H5 359363085 53080934
359364100 suntianyang 359363914 H5
359364486 29469992
359366717 50442605
359367331 H5 359364100 suntianyang
359367515 suntianyang 359367331 H5
359367839 suntianyang 359367331 H5
359368324 56892961
359369921 H5
359370216 H5 359367839 suntianyang
359371887 H5 359368324 56892961
359373919 H5 359368324 56892961
359375786 zheyang
359375874 sadism
359377288 H5 359375874 sadism
359377679 H5
359378321 sadism
359378773 H5 359378321 sadism
359378969 sadism
359379992 H5 359378969 sadism
359380562 sadism
359380736 50891364
359381324 H5 359380736 50891364
359381581 H5 359380736 50891364
359382580 sadism
359382756 1073355
359384149 52036904
359385078 56892961
359387260 45834106
359388522 aslangasbb
359390425 55633117
359390718 vanvenus
359391006 37802898
359413121 52594294
359414616 ccbai
359425059 pzhou
359458025 53080934 359363914 H5
359488235 lovekame
359508385 mus1 359351533 H5
359636035 49309537
359657975 33326759
359676763 2904730
359682736 56856952
359697289 bitchoney
359724600 Fazzie
359737575 50891364
359916836 H5 359390425 55633117
359917557 H5
359918174 H5 359414616 ccbai
359918645 H5 359657975 33326759
359918933 H5 359458025 53080934
359919155 H5
359919729 H5 359676763 2904730
359920222 H5 359697289 bitchoney
359920934 H5 359724600 Fazzie
359924176 54309608
359939869 41850333
359941874 H5 359939869 41850333
359947368 40399720
359951048 53080934 359918933 H5
359958030 tongdatou
359959187 52242726
359959426 46755556
359972517 40967870
359991478 tooyoungtoodie 359682736 56856952
359993155 36754065
359993241 36754065 359993155 36754065
359995488 H5
359995646 H5 359993241 36754065
359997091 H5 359951048 53080934
360058203 2904730 359997091 H5
360090999 56856952
360122206 hi-juli
360276840 H5
360827402 2904730
360836622 60594215
360911756 H5 360836622 60594215
360911846 H5 360827402 2904730
360932066 2430510
360934174 3135370
360943662 2904730 360911846 H5
361002012 H5 360943662 2904730
361002336 H5 360934174 3135370
361002457 H5 360932066 2430510
361006605 ZVLA
361006838 ZVLA 361002457 H5
361008363 43961488
361037150 60594215 360911756 H5
361055323 2430510
361056887 41659835 360934174 3135370
361284553 3135370 361002336 H5
361779513 H5 361006605 ZVLA
361779657 H5 361037150 60594215
361779740 H5 361008363 43961488
361789217 41518887
361794227 H5 361789217 41518887
361833345 ZVLA 361779513 H5
361845681 lijialan
361850259 4705205
361851126 60487853
361856403 impedance
361909660 2794386
362017762 3054972
363232068 1390841
364834313 Selene_90 361002457 H5
366875053 H5 361037150 60594215
366875301 H5
366875490 H5 361909660 2794386
366875705 H5
366876250 H5 361845681 lijialan
366876525 H5 361851126 60487853
366876614 H5 361856403 impedance
366889652 60594215 366875053 H5
366891955 lijialan
366892940 H5 366889652 60594215
387840039 funada 359367331 H5
387854107 44804686
387864933 lizi0522
387876280 48579433
387879971 45718557
388157781 35389815
388677880 56779222
388900044 37284497
392361671 48579433
392386796 naver
392684602 50086535
392808428 ljanoky
392808870 1467425
392812814 49891926
392813470 helone
392826645 lovnd
392827772 47488612
392831299 61229627
392835286 Greenyni
392841379 62873047
392958409 52233588
392959407 2407069
392960320 3549730
392960379 41393043
397715082 53116355
397872718 44539836
398489913 40013768
398490022 40013768 388677880 56779222
398503821 55787367
398507282 2744127
398615902 too-rex
398810619 56779222 398490022 40013768
398814559 HeavenHuang
398819015 11947763
398840281 50781623
398855627 lestat913
398857378 37802898 398840281 50781623
398860147 4294514
402371522 shyoo
402377390 sosoyeah
402393941 37451384
402414530 shamtoy
402479209 52264748
402534727 50896331
413065963 orangeflower
413066201 40562854
413074431 usuallybaba
413107749 dearJoys
413108820 3623030
413111813 55502416
413223444 47145910
413228056 53184598
413231082 Capital_D
413271626 3500792
