359754151 58219000
359754263 58219000
359754638 52287729
359754820 17862627
359764051 uf0 359754820 17862627
359764243 uf0 359754263 58219000
359764614 17862627 359764051 uf0
359765306 uf0 359764614 17862627
359766622 noah_honeysuckl
359767142 noah_honeysuckl 359765306 uf0
359767430 17862627 359765306 uf0
359767541 42718305
359767577 amyjet
359768183 uf0 359767541 42718305
359778880 uf0
359850614 58219000
359951711 crashmyshadow 359778880 uf0
359953238 57525198
360271698 uf0 359951711 crashmyshadow
360272328 uf0 359953238 57525198
360277399 57525198 360272328 uf0
360279214 yunta
360280166 rex2xt
360348837 crashmyshadow 360271698 uf0
360351596 3952235
360376102 58219000 360351596 3952235
360376452 58219000 360272328 uf0
360376656 58219000 359953238 57525198
360382639 sl-wing
360387882 44854071
360390423 58219000 360382639 sl-wing
360435616 57525198 360376656 58219000
360448997 easonivy_08
360453753 58219000 360435616 57525198
360454184 58219000
360456285 57525198
360481504 2510124
360495462 58219000
360498598 fangzi0
360501874 impedance
360504802 fenellarik 359778880 uf0
360522436 58219000 360501874 impedance
360522518 58219000 360504802 fenellarik
360526431 2026969
360547708 impedance
360549499 3184442
360551490 impedance
360551773 impedance
360557620 58219000
360564964 33980661
360572960 35879666
360580004 impedance
360580182 impedance
360580414 impedance
360675317 easonivy_08 360454184 58219000
360696229 anshengbuan
360709060 58219000 360675317 easonivy_08
360735832 impedance
360741006 1866794
360743983 easonivy_08 360709060 58219000
360782493 impedance
360801586 47321950
360803264 3135370 360498598 fangzi0
360805128 iuy
360805564 GoldenRay
360811010 fangzi0 360803264 3135370
360812007 fangzi0 360803264 3135370
360815575 3135370
360859540 58219000
360860960 impedance
360883106 1866794
360892483 48153292
360893343 38862896
360913551 58219000
360978965 47321950
361371959 33980661 360913551 58219000
361376324 impedance
361376608 impedance 360883106 1866794
361379144 impedance 360913551 58219000
412490800 uf0
412493467 1904200
