359876292 56896270
359876523 62558133 359876292 56896270
359877129 43105151
359877289 43105151
359877480 62558133 359877129 43105151
359877554 62558133 359877289 43105151
359877624 50746559
359877731 62558133 359877624 50746559
359877767 shadyyang
359877895 62558133 359877767 shadyyang
359878181 iwtvampire
359878257 36875156
359878339 HIKOUSHI 359877895 62558133
359878532 shadyyang 359877895 62558133
359878741 62558133 359878181 iwtvampire
359878972 62558133 359878257 36875156
359879026 62558133 359878339 HIKOUSHI
359879073 62558133 359878532 shadyyang
359879153 62558133 359878532 shadyyang
359879160 45923690
359879169 shadyyang 359879073 62558133
359879403 62558133 359879160 45923690
359879699 hello_Lil 359877895 62558133
359879810 45923690 359879403 62558133
359879931 HIKOUSHI 359879026 62558133
359879936 62558133 359879699 hello_Lil
359880072 fzc11510
359880110 62558133 359879810 45923690
359880170 62558133 359879931 HIKOUSHI
359880320 HIKOUSHI 359880170 62558133
359880536 62558133 359880320 HIKOUSHI
359880712 HIKOUSHI 359880536 62558133
359880731 blow_a_kiss
359880750 45643691
359880821 62558133 359880712 HIKOUSHI
359880898 62558133 359880731 blow_a_kiss
359881000 62558133 359880750 45643691
359881083 3875457
359881200 62558133 359881083 3875457
359883832 3875457
359883979 62558133 359883832 3875457
359884107 52692936
359884196 vicense2star
359884398 62558133 359884107 52692936
359884552 62558133 359884196 vicense2star
359885443 xyzhnag
359885766 56896270
359885820 vicense2star 359884552 62558133
359885931 62558133
359885950 justfind
359886182 62558133 359885820 vicense2star
359886291 52692936
359886329 62558133 359885950 justfind
359886487 justfind 359886329 62558133
359886554 62558133 359886487 justfind
359887655 justfind 359886554 62558133
359887868 jiuerbao
359888311 62558133 359887655 justfind
359888348 62558133 359887868 jiuerbao
359888726 justfind 359888311 62558133
359888872 54160674
359889600 62558133 359888726 justfind
359889653 62558133 359888872 54160674
359890552 StCatherine
359890604 lipidure
359890715 62558133 359890552 StCatherine
359890801 xyzhnag 359885931 62558133
359890834 62558133 359890604 lipidure
359890935 62558133 359890801 xyzhnag
359890978 kyoyasama
359891352 62558133 359890978 kyoyasama
359891853 jxj_jin
359892078 62558133 359891853 jxj_jin
359893288 kyoyasama 359891352 62558133
359893991 15461434
359894043 62558133 359893288 kyoyasama
359894068 62558133 359893991 15461434
359894282 jxj_jin 359892078 62558133
359894519 62558133 359894282 jxj_jin
359894871 15461434 359894068 62558133
359895022 kyoyasama 359894043 62558133
359895082 62579648
359895465 62558133 359894871 15461434
359895574 62558133 359895022 kyoyasama
359895644 62558133 359895082 62579648
359896669 jxj_jin 359894519 62558133
359897096 62558133 359896669 jxj_jin
359897530 kyoyasama 359895574 62558133
359897655 15461434 359895465 62558133
359897853 62558133 359897530 kyoyasama
359897925 fuckooo
359898028 62558133 359897655 15461434
359898181 62558133 359897925 fuckooo
359898228 62558133
359898454 lipidure
359898656 iamtea
359898771 62558133 359898454 lipidure
359898806 62558133 359898656 iamtea
359899270 iamtough
359899540 62558133 359899270 iamtough
360126551 3442303
360126897 62558133 360126551 3442303
360128457 Lebb
360129238 62558133
360129608 50779383
360130303 62558133 360129608 50779383
360132886 Lebb 360129238 62558133
360134310 62558133 360132886 Lebb
360134768 50779383 360130303 62558133
360134959 62558133 360134768 50779383
360135756 Lebb 360134310 62558133
360136290 62558133 360135756 Lebb
360153546 3590955
360154506 62558133 360153546 3590955
360154956 3590955 360154506 62558133
360155602 62558133 360154956 3590955
360155915 50779383 360134959 62558133
360155965 3590955 360154506 62558133
360157422 ykvs
360157879 3590955
360158316 4130275
360159441 57676677 359885766 56896270
360159554 62558133 360155965 3590955
360159836 62558133
360160109 62558133 360157879 3590955
360160331 62558133 360158316 4130275
360160352 hirair
360160881 62558133 360160352 hirair
360161215 ykvs 360159836 62558133
360161542 leavesomeone
360162208 hirair
360163063 62558133 360161542 leavesomeone
360163288 62558133 360162208 hirair
360166296 4130275 360160331 62558133
360174523 62558133 360166296 4130275
360177212 43467850 359878972 62558133
360177871 62558133 360177212 43467850
360181377 ComeOnHongKong
360182536 62558133 360181377 ComeOnHongKong
360186301 ComeOnHongKong 360182536 62558133
360213450 62558133 360186301 ComeOnHongKong
360229799 iwantican
360231769 leavesomeone 360163063 62558133
360239191 62558133 360229799 iwantican
360239237 62558133 360231769 leavesomeone
360246850 50647394
360247355 62558133 360246850 50647394
360248004 4778211
360268971 62558133 360248004 4778211
360310688 40954310
360318330 lhlh1024
360408866 iwantican 360239191 62558133
360428728 62558133 360408866 iwantican
360461173 iwantican 360428728 62558133
360461380 62558133 360461173 iwantican
362102370 4575570
362105594 62558133 362102370 4575570
365664796 58758166
365710108 concentration20
365710536 1346715 365710108 concentration20
365713457 impedance
365717922 neige1214
365973395 62558133 365664796 58758166
365973902 62558133 365717922 neige1214
365977297 willlogion
365979526 62558133 365977297 willlogion
366086682 58758166 365973395 62558133
366088304 62558133 366086682 58758166
366530030 53679658
366531075 42611046
366532398 62558133 366530030 53679658
366532433 62558133 366531075 42611046
366540489 42611046 366532433 62558133
366540688 42611046
366542963 62558133 366540489 42611046
366543045 62558133 366540688 42611046
366544164 42611046 366543045 62558133
366544700 62558133 366544164 42611046
366545029 3170396
366548563 36035962
366550316 dear_77
366553692 TransMule
366555942 Abscissas
366556926 38460478
366589824 62558133 366545029 3170396
366590059 62558133 366548563 36035962
366590145 62558133 366550316 dear_77
366590252 62558133 366553692 TransMule
366590417 62558133 366555942 Abscissas
366590512 62558133
366595265 38460478 366590512 62558133
366597217 62558133 366595265 38460478
366599780 38460478 366597217 62558133
366600411 62558133 366599780 38460478
366601115 38460478 366600411 62558133
366601567 56096307
366602579 pql295882844
366603520 62558133 366601567 56096307
366603559 52207338
366603872 62558133 366602579 pql295882844
359900126 62558133
359901809 kyoyasama 359897853 62558133
359902337 62558133 359901809 kyoyasama
359902775 9611209
359903106 62558133 359902775 9611209
359903149 1346715
359903237 1346715
359903294 kyoyasama 359902337 62558133
359903440 62558133 359903149 1346715
359903492 62558133 359903237 1346715
359903672 62558133 359903294 kyoyasama
359903730 1346715
359903782 kyoyasama 359903149 1346715
359903818 62558133 359903730 1346715
359903981 48628801
359904022 1346715 359903782 kyoyasama
359904109 62558133 359903981 48628801
359904141 1346715 359903818 62558133
359904214 yuki__wang
359904290 58978571
359904309 48628801 359904109 62558133
359904315 kyoyasama 359903672 62558133
359904454 62558133 359904141 1346715
359904665 1346715 359904454 62558133
359904691 62558133
359904703 4747494
359904867 yuki__wang
359904874 62558133 359904290 58978571
359904995 yuki__wang
359905044 62558133 359904309 48628801
359905280 48628801 359905044 62558133
359905297 62558133 359904665 1346715
359905373 62558133 359904703 4747494
359905442 kyoyasama 359904022 1346715
359905454 1346715 359905297 62558133
359905476 62558133 359904995 yuki__wang
359905559 62558133 359905280 48628801
359905600 1346715 359905442 kyoyasama
359905794 48628801 359905559 62558133
359905814 62558133 359905454 1346715
359905952 62558133 359905794 48628801
359905975 kyoyasama 359904109 62558133
359906100 1346715 359905814 62558133
359906111 62558133 359905975 kyoyasama
359906167 62558133 359906100 1346715
359906186 48628801 359905952 62558133
359906324 62558133 359906186 48628801
359906455 georginas
359906733 davidlien
359906855 45418009
359906932 47070342
359906990 62558133 359906455 georginas
359907002 57295336 359905044 62558133
359907062 48628801 359906324 62558133
359907122 62558133
359907278 62558133 359906855 45418009
359907304 2450600
359907420 62558133 359906932 47070342
359907533 62558133 359907002 57295336
359907594 62558133 359907062 48628801
359907750 kyoyasama 359906111 62558133
359907796 62558133 359907304 2450600
359907883 62558133 359907750 kyoyasama
359907900 davidlien 359907122 62558133
359907986 YUI_XXZ
359908078 bluefleabane
359908217 62558133
359908280 62558133 359907986 YUI_XXZ
359908349 62558133 359908078 bluefleabane
359908371 57295336 359907533 62558133
359908509 31523810
359908645 36875156 359878972 62558133
359908687 62558133 359908371 57295336
359908804 bluefleabane 359908349 62558133
359908970 62558133 359908509 31523810
359909132 62558133 359908645 36875156
359909142 57295336
359909352 62558133 359908804 bluefleabane
359909442 62558133 359909142 57295336
359909753 georginas 359906990 62558133
359910006 62558133 359909753 georginas
359910017 57295336
359910045 42115021
359910240 62558133 359910017 57295336
359910441 62558133 359910045 42115021
359910495 kyoyasama 359907883 62558133
359910504 36875156 359909132 62558133
359910730 62558133 359910495 kyoyasama
359910829 52502196
359910844 57295336 359910240 62558133
359910848 62558133 359910504 36875156
359911016 62558133 359910829 52502196
359911082 62558133 359910844 57295336
359911444 kyoyasama 359910730 62558133
359911692 62558133 359911444 kyoyasama
359911914 36875156 359910848 62558133
359912091 brightmoonlight
359912199 54792124
359912286 62558133 359911914 36875156
359912658 58978571 359904874 62558133
366603996 62558133 366603559 52207338
366604134 40130329
366604271 andrea1030
366604744 62558133 366604134 40130329
366604825 62558133 366604271 andrea1030
366604926 pql295882844 366603872 62558133
366607017 62558133
366607307 pql295882844 366607017 62558133
366607713 62558133 366607307 pql295882844
366608509 pql295882844 366607713 62558133
366609037 62558133
366609255 52207338 366603996 62558133
366609529 1281616
366609648 3723476
366609739 62558133 366609255 52207338
366610103 62558133
366610329 pql295882844 366609037 62558133
366610344 62558133 366609648 3723476
366610394 foolishcat
366610537 1281616 366610103 62558133
366610559 62558133 366610329 pql295882844
366610698 62558133 366610394 foolishcat
366610842 62558133 366610537 1281616
366611029 pql295882844 366610559 62558133
366611651 2706007
366611791 62558133 366611029 pql295882844
366611860 62558133 366611651 2706007
366611929 1281616 366610842 62558133
366612074 62558133
366612523 pql295882844 366611791 62558133
366612525 60737810
366612555 4586638
366613218 1281616 366612074 62558133
366613340 62558133 366612525 60737810
366613466 62558133 366612555 4586638
366613645 62558133 366613218 1281616
366614783 1281616 366613645 62558133
366614955 1281616 366613645 62558133
366615355 62558133
366626597 62558133
366642976 dear_77 366590145 62558133
366649977 62558133
366662926 26107963 366626597 62558133
366663374 62558133 366662926 26107963
366758737 55806681
366786777 56096307 366603520 62558133
366800536 62558133 366758737 55806681
366801448 62558133 366786777 56096307
366808830 56096307 366801448 62558133
366810933 62558133 366808830 56096307
366814263 56096307
366814554 62558133 366814263 56096307
366814864 63230578
366815344 62558133
366816432 63230578 366815344 62558133
366816539 Ovilia.
366817057 62558133 366816432 63230578
366817185 62558133 366816539 Ovilia.
366818188 62558133
366818639 63230578 366818188 62558133
366818802 62558133 366818639 63230578
366819046 Ovilia. 366817185 62558133
366819182 purplenight
366819352 56096307 366814554 62558133
366819471 63230578 366818802 62558133
366819538 62558133 366819046 Ovilia.
366819689 62558133 366819471 63230578
366819922 63230578 366819689 62558133
366820198 62558133 366819182 purplenight
366820304 62558133 366819352 56096307
366820502 62558133 366819922 63230578
366820509 Ovilia. 366819538 62558133
366820735 62558133 366820509 Ovilia.
366820809 63230578 366820502 62558133
366821133 62558133 366820809 63230578
366821977 63230578 366821133 62558133
366822086 62558133 366821977 63230578
366822918 63230578 366822086 62558133
366823377 62558133 366822918 63230578
366823842 63230578 366823377 62558133
366824357 62558133 366823842 63230578
366824689 63230578 366824357 62558133
366825290 62558133 366824689 63230578
366825655 63230578 366825290 62558133
366825878 62558133 366825655 63230578
366826194 siln
366826408 63230578 366825878 62558133
366826675 62558133 366826194 siln
366828180 63242197
366828733 62558133 366828180 63242197
366830751 Ovilia. 366820735 62558133
366831609 62558133 366830751 Ovilia.
366832591 iroc
366833161 Ovilia. 366831609 62558133
366833431 mamiss
366842508 62558133 366832591 iroc
366842783 62558133 366833161 Ovilia.
366843551 62558133 366833431 mamiss
366845402 in710
366845570 62558133 366845402 in710
359912827 36875156 359912286 62558133
359912840 62553858
359913220 62558133 359912658 58978571
359913282 62558133 359912827 36875156
359913415 62558133 359912840 62553858
359913679 62553858 359913415 62558133
359914318 4747494 359905373 62558133
359914376 52502196 359911016 62558133
359914510 62558133 359913679 62553858
359914626 62558133 359914318 4747494
359914672 62558133 359914376 52502196
359920595 2725590 359908371 57295336
359920999 57295336 359920595 2725590
359921217 53938594
359921909 62558133 359921217 53938594
359922115 53938594 359921909 62558133
359922376 62558133
359922421 62558133 359922115 53938594
359925862 michellexion
359926671 62558133 359925862 michellexion
359927044 miraclej
359927317 62558133 359927044 miraclej
359927445 1876211
359927630 62558133 359927445 1876211
359928629 1876211
359933725 blow_a_kiss 359880898 62558133
359936243 52463545
359937040 62558133 359936243 52463545
359938124 44603600
359938493 62558133 359938124 44603600
359964891 iamtea 359898806 62558133
359978570 19765113
359979919 turandot1224
359984400 x__________i
359985174 61284550
359992223 cyut27
359994321 4389328
359994977 38365301
360004292 jordana
360004546 sylvie_l
360004665 bifur 359879403 62558133
360004669 50779383
360006477 62558133 359978570 19765113
360006526 62558133 359979919 turandot1224
360006541 62558133 359984400 x__________i
360006552 62558133 359985174 61284550
360006598 62558133 359992223 cyut27
360006636 62558133 359994977 38365301
360006652 62558133 360004292 jordana
360006667 62558133 360004546 sylvie_l
360006691 62558133 360004669 50779383
360007628 47729763
360008586 44418760
360008679 62558133 360007628 47729763
360008686 62558133 360008586 44418760
360010729 ciciyoho
360011464 62558133 360010729 ciciyoho
360012609 50779383
360013976 iwantican 359887868 jiuerbao
360014533 62558133 360012609 50779383
360014603 62558133 360013976 iwantican
360016159 evilx
360017687 sylvie_l 360006667 62558133
360017787 62558133 360017687 sylvie_l
360021248 55668481
360059832 62558133 360021248 55668481
360061503 3442303
360064416 withliancheng
360066281 62558133 360061503 3442303
360066524 62558133 360064416 withliancheng
360067251 RecklessHUH
360069936 kyoyasama
360073865 Coldicy
360089450 turandot1224
360098006 jiuerbao 360013976 iwantican
360107982 50779383
360108791 pandaemi
360110391 4575570
360111364 62558133 360067251 RecklessHUH
360111483 62558133 360069936 kyoyasama
360111635 62558133 360073865 Coldicy
360111709 62558133 360089450 turandot1224
360111909 62558133 360098006 jiuerbao
360112184 62558133 360107982 50779383
360112468 62558133 360108791 pandaemi
360112553 62558133 360110391 4575570
360114072 pandaemi 360112468 62558133
360114506 62558133 360114072 pandaemi
360115663 pandaemi 360114506 62558133
360116578 62558133 360115663 pandaemi
360117920 pandaemi 360116578 62558133
360118320 62558133 360117920 pandaemi
360124278 floragarfield 359898181 62558133
360124791 SouYing
360125152 62558133
360125241 50779383 360112184 62558133
360125270 62558133 360124791 SouYing
360125492 62558133 360125241 50779383
360125625 floragarfield 360125152 62558133
360125776 62558133 360125625 floragarfield
367054524 62558133
367055340 Eranca 359877480 62558133
367055551 46214297
367055841 62558133 367055340 Eranca
367055977 62558133 367055551 46214297
367056656 46214297 367055977 62558133
367057176 62558133
367057507 wangjing0520
367057601 46214297
367057704 62558133 367057507 wangjing0520
367057869 46214297
367057896 62558133 367057601 46214297
367057986 62558133 367057869 46214297
367059044 46214297
367059259 46214297
367059449 62558133 367059044 46214297
367059701 46214297 367059449 62558133
367059772 62558133
367059914 62558133 367059701 46214297
367059917 Jill1204 367054524 62558133
367060062 62558133 367059917 Jill1204
367060754 46214297 367059914 62558133
367060984 62558133 367060754 46214297
367061156 deaRyyy
367061393 Jill1204 367060062 62558133
367061541 46214297
367061821 46214297 367061156 deaRyyy
367062455 deaRyyy 367061821 46214297
367062709 46214297 367062455 deaRyyy
367063272 61993054
367063819 deaRyyy 367062709 46214297
367064635 46214297 367063819 deaRyyy
367065013 4772052
367065095 46214297
367065397 62558133 367061156 deaRyyy
367065629 62558133 367061393 Jill1204
367066044 62558133
367066505 62558133 367061821 46214297
367066655 62558133 367062455 deaRyyy
367066777 62558133 367063272 61993054
367066917 62558133 367065013 4772052
367067033 62558133 367065095 46214297
367067427 deaRyyy 367064635 46214297
367067888 62558133 367067427 deaRyyy
367068148 deaRyyy 367065397 62558133
367068815 62558133 367068148 deaRyyy
367069696 deaRyyy 367067888 62558133
367070403 62558133 367069696 deaRyyy
367071129 deaRyyy 367070403 62558133
367071288 62558133 367071129 deaRyyy
367114464 61993054 367066777 62558133
367122366 mewmew1994
367128032 62558133 367114464 61993054
367128177 62558133 367122366 mewmew1994
367137894 61993054 367128032 62558133
367138069 62558133 367137894 61993054
367142076 61993054 367138069 62558133
367160838 in710 366845570 62558133
367161219 xiao-ali
367164490 63385198
367164653 GJXUN
367188974 62558133 367160838 in710
367189028 62558133 367161219 xiao-ali
367189260 62558133 367164490 63385198
367189335 62558133 367164653 GJXUN
367189613 GJXUN 367189335 62558133
367189978 goter
367190959 62558133 367189978 goter
367202250 goter 367190959 62558133
367202953 62558133
367203877 comsbei
367204361 goter 367202953 62558133
367204543 goter
367204761 62558133
367204839 62558133 367204361 goter
367204927 62558133 367204543 goter
367205607 comsbei 367204761 62558133
367205698 comsbei 367204543 goter
367206132 62558133 367205607 comsbei
367206206 goter 367204927 62558133
367206449 comsbei 367206132 62558133
367206664 62558133 367206206 goter
367206718 darlinfish
367206753 62558133 367206449 comsbei
367206829 62558133 367206718 darlinfish
367207213 goter 367206449 comsbei
367208017 comsbei 367207213 goter
367210565 darlinfish
367210737 62558133 367210565 darlinfish
367236640 jia0519
367237035 62558133 367236640 jia0519
367281342 56222756
367284306 62558133
367285491 music929
367286170 62558133 367285491 music929
367286197 music929
367286414 music929
367286612 62558133 367286197 music929
367287810 62558133 367286414 music929
367384492 hivan
367402368 62558133 367384492 hivan
367433182 hivan 367402368 62558133
367433654 53313696
367437515 62558133 367433654 53313696
367437928 2816673
367438153 62558133 367437928 2816673
367465599 in710 367189978 goter
367477465 62558133 367465599 in710
367481980 in710 367477465 62558133
367483226 3545622
367484550 62558133 367483226 3545622
367485109 3545622 367484550 62558133
367485532 62558133 367485109 3545622
367495301 wanzhangsilu
367495422 62558133 367495301 wanzhangsilu
367641083 4772052 367066917 62558133
367657772 62558133 367641083 4772052
367658753 49250140 359877289 43105151
375924247 49352639 359913415 62558133
375965166 62558133 375924247 49352639
375965473 imyojo
376016206 62558133 375965473 imyojo
376017087 3312539
376112766 62558133 376017087 3312539
376164863 46214297
376199928 62558133 376164863 46214297
376202383 siupalace
376231057 62558133 376202383 siupalace
376233179 qhzr
376262435 canyrl
376262947 50408775
376263944 61354474 359876523 62558133
376305540 62558133 376233179 qhzr
376305628 62558133 376262947 50408775
376305752 62558133 376263944 61354474
376406722 58808993
376418359 kuramochi
376426958 41744961
376451008 62558133
376451376 62558133 376418359 kuramochi
376451483 62558133 376426958 41744961
376451921 wengbeiluo
376452745 41744961
376461376 49187463
376462082 fancy5005
376462243 momo6
376463077 52173260 376462243 momo6
376463296 52173260
376463592 52173260 376426958 41744961
376464223 21147484
376474323 44633848
376474899 62558133 376451921 wengbeiluo
376475079 62558133
376476051 62558133 376461376 49187463
376477171 62558133 376462082 fancy5005
376477294 62558133 376462243 momo6
376489132 momo6 376463077 52173260
376490665 52173260 376489132 momo6
376493224 2600083
376493271 momo6
376494170 52173260 376493271 momo6
376498407 53773505
376507469 hyx19930827
376508462 hyx19930827
376511942 62558133
376512265 62558133 376498407 53773505
376512772 43431003
376512913 62558133 376508462 hyx19930827
376513120 62558133
376514834 63720506
376515170 50184076
376522274 62558133 376514834 63720506
376522458 62558133
376524907 2600083 376511942 62558133
376531259 62558133 376524907 2600083
376533262 2600083 376531259 62558133
376537479 summerkid7
376562179 2273332
376562274 2273332
376564124 62558133
376564152 62558133 376537479 summerkid7
376564182 62558133 376562274 2273332
376566890 58699731
376570509 63720506 360174523 62558133
376605556 qhzr 376305540 62558133
376605943 52210453
376606423 61006968
376608131 25159165
376610556 60714228
376614418 rolingli 367287810 62558133
376634359 2600083 376564124 62558133
376635971 2273332 376564182 62558133
376637437 2273332
376749952 summerkid7 376564152 62558133
376789759 62558133 376566890 58699731
376789850 62558133 376570509 63720506
376790062 62558133 376605556 qhzr
376790147 62558133 376605943 52210453
376790246 62558133 376606423 61006968
376790455 62558133 376606423 61006968
366845736 57878188
366845795 sunsunwen
366846214 62558133 366845736 57878188
366846901 62558133 366845795 sunsunwen
366870924 63242197
366871214 63242197 366845402 in710
366871491 4752495
366871553 utaka
366872896 28693843
366892022 62558133
366892284 62558133 366871491 4752495
366892656 pql295882844
366892718 62558133 366871553 utaka
366892974 62558133 366872896 28693843
366893097 62558133 366892656 pql295882844
366893221 utaka 366892718 62558133
366893719 pql295882844 366893097 62558133
366893809 62558133 366893221 utaka
366893926 62558133 366893719 pql295882844
366894211 utaka 366893809 62558133
366894280 tiaodengkan
366894506 62558133 366894211 utaka
366894660 utaka 366894506 62558133
366895041 62558133
366895131 62558133 366894660 utaka
366895796 pql295882844 366893926 62558133
366896330 62558133
366897373 pql295882844 366896330 62558133
366897460 sjsp
366897821 62558133 366897373 pql295882844
366897886 62558133 366897460 sjsp
366897988 sjsp 366897886 62558133
366898103 62558133 366897988 sjsp
366900148 pql295882844 366897821 62558133
366900475 62558133
366900776 pql295882844 366900475 62558133
366900888 pql295882844 366897988 sjsp
366901308 62558133 366900776 pql295882844
366901677 pql295882844 366901308 62558133
366901982 62558133 366901677 pql295882844
366902541 pql295882844
366902563 3471641
366902826 62558133 366902541 pql295882844
366902978 62558133
366903026 pql295882844 366902826 62558133
366903560 62558133
366904047 3471641 366902978 62558133
366918060 utaka 366895131 62558133
366921160 62558133 366918060 utaka
366922717 utaka 366921160 62558133
366923431 gzeven1314
366923639 62558133 366922717 utaka
366923753 62558133 366923431 gzeven1314
366924311 gzeven1314
366930983 63230578
366933979 62558133 366924311 gzeven1314
366934212 62558133 366930983 63230578
366941429 63230578 366934212 62558133
366942202 62558133 366941429 63230578
366945053 63230578 366942202 62558133
366945843 61993054
366945997 62599388
366960543 62558133 366945053 63230578
366960710 62558133 366945843 61993054
366961037 62558133 366945997 62599388
366994326 mewmew1994
366996273 asuka321 366994326 mewmew1994
366999671 ciarazhou
367003378 61993054 366960710 62558133
367031457 62558133 366994326 mewmew1994
367031720 62558133 366999671 ciarazhou
367032080 62558133 367003378 61993054
367032539 42095517
367033643 62558133 367032539 42095517
367036647 42095517 367033643 62558133
367039901 62558133 367036647 42095517
367043219 kapowansui
367044064 62558133 367043219 kapowansui
367044575 deaRyyy
367044754 casolove
367045838 62558133 367044575 deaRyyy
367046315 62558133 367044754 casolove
367048199 casolove 367046315 62558133
367049087 princessj1217
367049305 deaRyyy 367045838 62558133
367049522 62558133 367048199 casolove
367050097 casolove 367049522 62558133
367050577 62558133 367049087 princessj1217
367051175 62558133 367049305 deaRyyy
367051388 62558133 367050097 casolove
367051695 casolove 367051388 62558133
367051805 62558133 367051695 casolove
367051926 casolove 367051805 62558133
367052039 62558133 367051926 casolove
367052797 Jill1204
367053235 62558133 367052797 Jill1204
367053407 deaRyyy
367054011 Jill1204 367053235 62558133
367054131 Jill1204
367054384 62558133 367053407 deaRyyy
417032470 IIIsland
417078963 62558133 417032470 IIIsland
417079399 62558133
417079690 66629372
417079896 62558133 417079690 66629372
417080373 66629372 417079896 62558133
417081237 57245571
417081697 62558133 417080373 66629372
417081866 50353732
417082059 62558133 417081237 57245571
417082495 62558133 417081866 50353732
417083109 57245571 417082059 62558133
417083237 50246906 359886554 62558133
417083722 62558133 417083109 57245571
417084102 62558133 417083237 50246906
417084170 50353732
417084944 62558133 417084170 50353732
417085090 60276506
417085657 50928470
417085730 57819091
417085739 62558133 417085090 60276506
417086066 62558133 417085657 50928470
417086346 whiteout
417086589 62558133 417085730 57819091
417086606 50353732 417084944 62558133
417086746 62558133 417086346 whiteout
417086779 duskwisdom
417087093 62558133 417086606 50353732
417087222 62558133 417086779 duskwisdom
417087315 50928470 417086066 62558133
417087549 duskwisdom 417087222 62558133
417087777 duskwisdom
417089333 60276506 417085739 62558133
417089735 50353732 417087093 62558133
417097494 62558133 417087549 duskwisdom
417097634 62558133 417087777 duskwisdom
417097787 62558133 417089333 60276506
417098027 62558133 417089735 50353732
417098054 53180420
417098153 62558133 417098054 53180420
417098423 53180420 360174523 62558133
417098664 62558133 417098423 53180420
417098890 53180420 417098664 62558133
417099889 62558133 417098890 53180420
417100064 53180420 417099889 62558133
417101388 61481790
417101797 62558133 417101388 61481790
417103046 50353732 417098027 62558133
417103221 62558133 417103046 50353732
417103917 50353732
417106596 57819091 417086589 62558133
417106909 62558133 417106596 57819091
417107184 57819091 417106909 62558133
417107445 61481790 417101797 62558133
417107845 62558133 417107445 61481790
377797001 hoshiino
377807276 62558133
377807521 62558133
377843342 MentorJo 377807276 62558133
377844398 62558133 377843342 MentorJo
377984214 septembele
377985858 3584002
377986399 63230578
378005022 62558133 377984214 septembele
378005072 62558133 377985858 3584002
378005130 62558133 377985858 3584002
378005203 62558133 377986399 63230578
378020079 50640490
378020229 50640490 378005203 62558133
378021142 50640490 366607713 62558133
378023001 50640490
378023137 50640490
378024082 50640490 359893288 kyoyasama
378027950 50640490 360129608 50779383
378029815 50640490 360408866 iwantican
378031719 alpshan 359885766 56896270
378036195 62558133 378020079 50640490
378036284 62558133 378020229 50640490
378036683 62558133 378023001 50640490
378036796 62558133 378027950 50640490
378036884 62558133 378031719 alpshan
378038865 57878188
378055851 iwantican 378029815 50640490
378056275 35632240
378058109 62558133 378056275 35632240
378059257 10995599
378060421 50640490 378036683 62558133
378060929 50640490 378036195 62558133
378060962 50229395
378066750 62558133 378059257 10995599
378066850 62558133 378060929 50640490
378066953 62558133 378060962 50229395
378068135 50779383 378036195 62558133
378068524 10995599 378066750 62558133
378086625 62558133 378068135 50779383
378086669 62558133 378068524 10995599
378102474 50229395 378066953 62558133
378114039 62558133 378102474 50229395
378115620 52304686
378117662 62558133
378117968 35632240 378058109 62558133
378118264 62558133 378117968 35632240
378119983 52304686 378117662 62558133
378120348 62558133 378119983 52304686
378124134 52304686 378120348 62558133
378124367 62558133
378125010 52304686 378124367 62558133
378125869 62558133
378126736 52304686 378125869 62558133
378153146 twitodd 359877895 62558133
378197866 62558133 378153146 twitodd
378209240 septembele 378005022 62558133
378210058 shuttlebus
378276383 50779383 378086625 62558133
378327073 62558133 378276383 50779383
378348370 50779383 378327073 62558133
380022205 kyoyasama
380024471 64508040
380113236 62558133 380022205 kyoyasama
380113260 62558133 380024471 64508040
380124524 31404072
380125145 1346715
380125654 64508040 380113260 62558133
380126597 44760720
380127519 60832491
380128465 4023755
380154332 62558133 380124524 31404072
380154393 62558133 380125145 1346715
380154438 62558133 380125654 64508040
380154563 62558133 380126597 44760720
380154662 62558133 380127519 60832491
380154816 62558133 380128465 4023755
380158748 45156748
380159527 31404072 380154332 62558133
376790552 62558133 376610556 60714228
380224850 62558133 380158748 45156748
376790794 62558133 376614418 rolingli
380243794 1346715 380154393 62558133
376791001 62558133 376635971 2273332
376791141 62558133
380298486 62558133 380243794 1346715
376791234 52210453 376790147 62558133
380318159 1346715 380298486 62558133
376791241 62558133 376749952 summerkid7
380319274 Littlesnowman
376791451 62558133 376791234 52210453
380346935 62558133 380318159 1346715
380347008 62558133 380319274 Littlesnowman
376792094 63720506 376789850 62558133
380391343 Littlesnowman
376792107 justbelieve
380392491 51431477
376796802 62558133 376792094 63720506
380422241 62558133 380391343 Littlesnowman
376796943 62558133
380422322 62558133 380392491 51431477
376797428 60714228 376790552 62558133
380425511 youngy
376797560 62579648
380454923 Littlesnowman 380422241 62558133
376798535 jycalm
380463213 4039163
376798954 62558133 376797428 60714228
380481459 yaxuan1113
380484355 62558133 380425511 youngy
376799089 62558133
380484515 62558133 380481459 yaxuan1113
376799150 62558133 376798535 jycalm
380484619 brightmoonlight
376800318 jycalm 376799150 62558133
380484922 brightmoonlight
376801675 58542002
380531688 youngy 380484355 62558133
376807933 62558133 376801675 58542002
417030559 60189663
376816589 60714228 376798954 62558133
376825004 52270859
376826230 twdpx
376827618 62558133 376816589 60714228
376827723 62558133 376825004 52270859
376827860 62558133 376826230 twdpx
376836302 52270859 376827723 62558133
376848513 63720506 376796802 62558133
376853941 62558133 376848513 63720506
376866723 60714228 376827618 62558133
377106068 53935870
377113813 monica757701314
377131928 62558133 377106068 53935870
377132020 62558133 377113813 monica757701314
377166406 53935870 377131928 62558133
377198024 62558133 377166406 53935870
377248369 53935870 377198024 62558133
377248732 xyz4youth
377249062 Hirochin
377249363 62558133 377248732 xyz4youth
377249370 62558133 377249062 Hirochin
377249455 xyz4youth 377249363 62558133
377251736 37257038
377252976 septembele
377254790 57769718
377267042 53100219 359877895 62558133
377295813 53100219
377323707 62558133 377249455 xyz4youth
377323790 62558133 377251736 37257038
377323845 62558133 377252976 septembele
377323904 62558133 377254790 57769718
377324060 62558133 377295813 53100219
377324990 1976312
377333608 29271779
377341619 septembele 377323845 62558133
377350378 62558133 377324990 1976312
377350451 62558133 377333608 29271779
377350755 62558133 377341619 septembele
377350800 49606886
377350968 62558133 377350800 49606886
377351094 48322184
377351490 49606886 377350968 62558133
377351570 62558133
377351691 62558133 377351490 49606886
377352057 pandaaaaaaaaa
377353518 49606886 377351691 62558133
377447974 53100219 377324060 62558133
377455953 62558133 377352057 pandaaaaaaaaa
377456432 62558133 377353518 49606886
377456659 62558133 377447974 53100219
377457625 agsunshine
377457825 hemite
377458402 pandaaaaaaaaa 377455953 62558133
377459057 62558133
377459121 62558133
377459181 62558133 377458402 pandaaaaaaaaa
377460579 agsunshine 377459057 62558133
377461607 4732828
377463918 62558133
377463978 62558133 377461607 4732828
377466200 sunneelover
377469442 63412134
377474636 62558133 377466200 sunneelover
377475742 50094819
377479292 62558133 377475742 50094819
377483049 septembele 377350755 62558133
377509872 62558133 377483049 septembele
377530311 63412134 377483049 septembele
377546030 49526396 377509872 62558133
377560848 septembele 377509872 62558133
377561060 septembele 377530311 63412134
377564897 14771388
377591810 62558133 377546030 49526396
377591834 62558133 377560848 septembele
377591857 62558133 377564897 14771388
377612070 63412134 377561060 septembele
377628588 septembele 377591834 62558133
377628644 septembele 377612070 63412134
377795711 62558133 377628588 septembele
377795967 MentorJo
