360466326 46276114
360466344 bluewedding
360466408 60661953
360466478 53110223 360466326 46276114
360466539 53281495 360466408 60661953
360466547 howcafe
360466666 taozhiyaoyaoxia
360466717 53110223 360466344 bluewedding
360467016 anybodyelse
360467022 bluewedding
360467045 62779191
360467139 62779191 360467022 bluewedding
360467153 44192249
360467190 53110223 360466408 60661953
360467203 agpaper
360467232 lizza
360467322 53110223 360467016 anybodyelse
360467379 4662503
360467419 2870277
360467427 mzld
360467463 41124830
360467490 53110223 360467022 bluewedding
360467725 zhuyu198875
360467825 53110223 360467045 62779191
360467971 53110223 360467153 44192249
360468037 delicateflavour
360468248 44731373
360468357 53110223 360467232 lizza
360468489 53110223 360467725 zhuyu198875
360468552 53110223 360468037 delicateflavour
360468676 50207127
360468854 60554055
360468919 dsecho
360469085 47999633
360469177 43997241
360469308 mzld
360469396 gumantong 360469085 47999633
360469519 53110223 360468676 50207127
360469851 53110223 360468854 60554055
360469991 sunruhan
360470268 53110223 360468919 dsecho
360470339 44731373
360470720 60661953 360467190 53110223
360470743 boporsky
360470837 boporsky
360471015 53110223 360469177 43997241
360471606 53110223 360469991 sunruhan
360471669 delicateflavour
360471800 53110223 360470339 44731373
360471894 dsecho 360470268 53110223
360472297 44731373 360471800 53110223
360472443 53110223 360470837 boporsky
360472664 53110223 360472297 44731373
360472839 53110223 360471894 dsecho
360473297 4752495
360473299 dsecho 360472839 53110223
360473319 anybodyelse 360467322 53110223
360473335 sunruhan 360471606 53110223
360473497 53110223 360471894 dsecho
360473666 62779191 360467825 53110223
360474033 53110223 360473297 4752495
360474790 4677370
360474920 53110223
360475041 53110223 360473666 62779191
360476945 53110223
360477421 53110223 360473335 sunruhan
360478443 17856572
360478938 53110223 360478443 17856572
360478952 flowerroad 360469851 53110223
360479143 flowerroad 360477421 53110223
360479651 50166173
360480261 53110223
360480720 53110223 360479651 50166173
360480906 flowerroad 360480261 53110223
360480907 anybodyelse
360481538 53110223
360481821 53110223 360480907 anybodyelse
360481870 47011997
360483619 flowerroad
360483745 flowerroad 360481821 53110223
360484011 53110223 360483619 flowerroad
360484600 flowerroad 360484011 53110223
360485411 4089731 360467322 53110223
360486112 53110223 360485411 4089731
360486584 2460442
360487662 53110223
360490417 53532061
360490537 2460442 360487662 53110223
360524316 53110223 360490417 53532061
360525153 53110223 360490537 2460442
360525337 eveesa
360526029 53110223 360525337 eveesa
360760829 53532061
360762541 iwasekenzo
360811096 53110223 360762541 iwasekenzo
360814513 iwasekenzo 360811096 53110223
360817235 52099280
360821562 kidnapperzhang
360824958 53110223 360821562 kidnapperzhang
360825381 53110223 360817235 52099280
360828107 53110223
360829170 tazi
360829437 49956323
360829799 57575189 360469851 53110223
360917905 53110223 360829437 49956323
360917918 53110223 360829799 57575189
360922277 58176465
360943249 spriteathena
361009768 ZVLA
361011169 hachi08
361016489 14121672
361017236 54534614
361017795 53110223 360922277 58176465
361017890 53110223 361017236 54534614
361018110 53110223 361009768 ZVLA
361018348 53110223 360943249 spriteathena
361018421 53110223 361016489 14121672
361018994 9057171
361019072 48541605 361017795 53110223
361022187 fish7s
361023386 ZVLA 361018110 53110223
361024163 47362866
361029665 Mr._Celay
361032854 53110223 361018994 9057171
361033029 48896688
361033219 53110223
361033320 53110223 361029665 Mr._Celay
361033439 53110223 361023386 ZVLA
361033513 53110223 361022187 fish7s
361033554 53110223 361033029 48896688
361034265 ZVLA 361033439 53110223
361034464 53110223
361035356 53110223 361034265 ZVLA
361036565 53110223
361043024 57680965
361046470 letgoofme
361046793 kleinefuenf
361047585 in710
361048207 50831981
361049763 ZVLA 361035356 53110223
361051341 54275228
361051353 54275228
361054091 53532061
361058276 53110223
361058455 53110223 361054091 53532061
361058604 48529767
361058627 53110223 361051341 54275228
361058987 53110223 361049763 ZVLA
361059055 53110223 361058604 48529767
361059301 53110223 361046470 letgoofme
361063990 47362866 361033219 53110223
361069119 ZVLA 361058987 53110223
361105732 53532061 361069119 ZVLA
361131710 ZVLA
361137707 58240048
361139540 leng7.
361155424 58031096
361166167 minuan
361172780 49956323 360917905 53110223
361177881 51277593
361184833 Jeff17
361231501 53110223
361231847 53110223 361155424 58031096
361232798 9057171
361233134 53110223 361184833 Jeff17
361234367 53110223 361166167 minuan
361234579 53110223 361232798 9057171
361235717 46114015
361239867 9057171 361234579 53110223
361240997 53110223 361239867 9057171
361242838 9057171 361240997 53110223
361245402 bywalkman
361245603 60383161
361247202 minuan 361234367 53110223
361249788 34665454
361254788 45954295
361273781 58240048 361231501 53110223
361275339 Oyys
361299032 3917502
361339002 53532061
361405272 Rong_Doris
361418672 53110223
361419297 53110223 361339002 53532061
361419399 53110223 361299032 3917502
361419520 53110223 361254788 45954295
361419794 53110223
361420015 53110223 361249788 34665454
361420070 53110223 361242838 9057171
361420282 53110223 361245603 60383161
361420411 53110223 361245402 bywalkman
361420459 53110223
361421741 VampireSue
361422248 3039393
361574595 53110223 361421741 VampireSue
361577625 47066378
361581647 46449830
361582046 cmysunny 360467322 53110223
361589871 34665454 361420015 53110223
361591760 53110223 361589871 34665454
361592075 53110223 361582046 cmysunny
361592160 53110223 361589871 34665454
361592468 53110223 361581647 46449830
361592784 53110223 361577625 47066378
361597133 47066378
361601152 47029555
361608191 53110223 361601152 47029555
361610049 catbabe
361610568 catbabe
361618173 53110223
361639788 61654778 360467725 zhuyu198875
361650020 34665454 361591760 53110223
361671039 cmysunny 361592075 53110223
361689935 52099280 360825381 53110223
361833812 53110223 361671039 cmysunny
361833956 53110223 361689935 52099280
361836931 60383161
361837129 Youarenasty 360466478 53110223
361838668 42325678
361848807 52099280 361833956 53110223
361850774 imjas
361852013 vimint
361852903 pangding1014
361854834 41751653
361859393 2870277
361860403 cmysunny 361833812 53110223
361862745 53110223 361836931 60383161
361863056 53110223 361859393 2870277
361863656 53110223 361854834 41751653
361863833 53110223 361852013 vimint
361864286 42325678
361864743 2870277 361863056 53110223
361865389 53110223
361865743 53110223 361864743 2870277
361866523 Lenita
361866544 53110223
361867390 53110223 361866523 Lenita
361868081 42325678 361865389 53110223
361868305 41751653
361869217 Lenita 361867390 53110223
361871216 53532061 361868305 41751653
361873604 kkllkl
361876165 53110223 361868305 41751653
361876695 rayn1ce
361896518 53110223 361876695 rayn1ce
361898829 53110223
361899189 rayn1ce 361898829 53110223
361901310 53110223 361899189 rayn1ce
361906002 42325678 361898829 53110223
361911119 YESSIEshuo
361997273 42723280 360524316 53110223
361997952 42723280 361863656 53110223
362045020 53110223 361997273 42723280
362045071 53110223 361997952 42723280
362054247 3764299
362068325 42723280 362045020 53110223
362085853 jjrabbitbaby
362091138 tangmingqi
362181180 35151982
362181188 35151982
362453800 Youarenasty
362454333 53110223 362068325 42723280
362455138 53110223
362455322 53110223 362181180 35151982
362455705 53110223 362453800 Youarenasty
362456179 53110223 362091138 tangmingqi
362458271 Youarenasty 362455705 53110223
362458882 53110223 362458271 Youarenasty
362458978 austin_chiu
362459453 62465945 360467825 53110223
362461442 Youarenasty 362458882 53110223
362461960 duncansu
362469943 53110223 362461442 Youarenasty
362470121 53110223 362461960 duncansu
362471527 56996764
362519900 53110223 362471527 56996764
362553492 56996764 362519900 53110223
362677144 54597818
363099212 53110223 362553492 56996764
363339944 53532061
363340497 libralavender 361592468 53110223
365028024 53110223 363340497 libralavender
365033270 53110223 363339944 53532061
365553580 lily-H
365592593 56729372
365612959 alleren 361034464 53110223
365786213 44037945 361876165 53110223
365789887 C-N-honey
365883480 53110223 365553580 lily-H
365883796 53110223 365592593 56729372
365886306 53110223 365786213 44037945
365991441 44037945 365886306 53110223
366012958 voidyu
366014476 37280569 361017795 53110223
366544133 53679658 360472664 53110223
366581068 53852410
366589620 50170088
366603713 6886361
366605253 pql295882844
366606519 62127585
366909473 63006718
368478815 53110223
368479733 48153292 368478815 53110223
368480022 53110223 368479733 48153292
368480260 48153292 368480022 53110223
368483082 48153292 368480022 53110223
368506157 53532061
368506301 53532061 368483082 48153292
368506750 48153292 368506301 53532061
368507603 53532061 368506750 48153292
368507838 48153292 368507603 53532061
368750272 53110223 368507838 48153292
368750318 53110223 368507603 53532061
368789769 48153292 368750272 53110223
369164751 53532061
369167300 Kayicat
369553465 snoolayue
369555323 Hey-Hey
369555745 3894225
369568841 3894225 360469851 53110223
369602420 62093944
369926128 53110223 369602420 62093944
369926567 53110223 369568841 3894225
369926776 53110223 369555745 3894225
369926834 Raymondsexy
369926916 53110223 369555323 Hey-Hey
369926988 53110223 369926834 Raymondsexy
369927326 53110223 369553465 snoolayue
369927654 53110223
369942461 Kayicat 369927654 53110223
418432140 48603465 361034464 53110223
418435840 48603465 361865743 53110223
418436200 Toblerone
418437828 48603465 366589620 50170088
419039123 35456954
419040523 61345991
419053646 31300383
419055950 lulovecheer
368111172 53110223
368132034 45920757
368132543 JeeRrY 368111172 53110223
368134464 48153292
368137868 45920757
368142145 48153292 368137868 45920757
368142230 Hana119
368144522 45920757 368142145 48153292
368146715 48153292 368144522 45920757
368152128 53110223
368152478 cunta
368152731 53110223 368142230 Hana119
368153004 53110223 368146715 48153292
368153133 53110223
368153831 4743765
368154493 cunta 368153133 53110223
368155517 48153292 368153004 53110223
368155702 53110223
368155799 53110223 368154493 cunta
368156444 53110223
368156509 cunta
368156606 cunta
368156981 48153292 368156509 cunta
368158001 53532061
368158004 62504867
368158174 48153292 368156444 53110223
368158558 53110223 368158004 62504867
368159349 53110223
368160064 harrybin
368160653 48153292 368159349 53110223
368160832 53110223 368160064 harrybin
368161056 53110223 368160653 48153292
368161085 superqueen
368161169 48153292 368161056 53110223
368161716 53110223 368161085 superqueen
368165717 cunta 368156981 48153292
368166114 48153292 368165717 cunta
368166842 harrybin 368160832 53110223
368167192 53110223 368166842 harrybin
368167335 cunta 368166114 48153292
368167383 53110223 368161169 48153292
368167402 45920757 368152128 53110223
368167981 45920757
368168052 53110223 368167402 45920757
368168330 53110223 368167981 45920757
368168817 51648388
368168957 48153292
368169190 48153292 368167383 53110223
368170106 53110223 368169190 48153292
368171078 48153292 368170106 53110223
368172109 53110223 368171078 48153292
368172681 48153292 368172109 53110223
368175135 53110223 368158001 53532061
368176495 48153292 368172109 53110223
368177682 53110223 368176495 48153292
368178479 48153292 368177682 53110223
368196695 45920757 368168052 53110223
368198520 45920757
368201125 chenmingm
368201962 caiwoshishei
368212357 4743765 368155702 53110223
368214013 aubreylee
368251700 53110223 368214013 aubreylee
368251816 53110223
368252183 53110223 368198520 45920757
368280665 45920757 368252183 53110223
368284118 zasuilao
368286134 zasuilao 360825381 53110223
368287191 43031212
368308751 aubreylee 368251700 53110223
368319347 seanfree
368429650 53110223 368280665 45920757
368429785 53110223 368286134 zasuilao
368430176 53110223 368287191 43031212
368430964 53110223 368319347 seanfree
368441964 45920757 368429650 53110223
368448306 48153292
368448349 48153292
368470181 48153292
368470365 48153292
368470538 48153292
368470680 48153292
368470772 48153292
368470991 48153292
368471257 48153292
368471299 48153292
368471321 48153292
368471346 48153292
368471375 48153292
368471423 48153292
368471516 48153292
368471556 48153292
368471593 48153292
368471624 48153292
368471657 48153292
368471761 48153292
368478311 53110223 368471761 48153292
368478491 53110223 368470772 48153292
368478584 48153292 368478311 53110223
368478808 48153292 368478491 53110223
367172546 53110223 366014476 37280569
367172655 53110223 366909473 63006718
367172866 53110223 366603713 6886361
367173212 53110223 366581068 53852410
367173323 53110223 366544133 53679658
367174371 55371931
367231533 53110223 367174371 55371931
367272685 53852410 367173212 53110223
367309546 Vienna-van
367370255 48153292
367381041 52067480
367383979 nemofishhome
367436621 seanfree
367443752 will00
367444196 luoxiaoan
367447029 56362031
367448152 michaelYeb
367448240 53110223 367272685 53852410
367448408 53110223
367449722 62635295 360817235 52099280
367449847 53110223 367370255 48153292
367450175 Joannahu
367450907 53110223 367436621 seanfree
367451129 53110223 367443752 will00
367451196 53110223 367444196 luoxiaoan
367451284 53110223
367451442 53110223 367450175 Joannahu
367452099 Joannahu 367451442 53110223
367452324 62635295 367451284 53110223
367460210 2403309 360524316 53110223
367466178 53532061
367467465 58219000
367506660 longgoodbye
367508122 46284080
367514644 48153292 367449847 53110223
367541426 52067480
367565994 46953111
367678223 30029218
367678360 30029218
367678720 30029218
367706875 snoolayue
367749376 3790469
367797964 53110223
367798054 53110223 367541426 52067480
367798126 53110223 367565994 46953111
367798255 53110223 367678720 30029218
367798342 53110223 367706875 snoolayue
367798540 53110223 367467465 58219000
367798616 53110223
367799700 seanfree
367837305 48153292 367798616 53110223
367838637 jc_1213 367706875 snoolayue
367838891 jc_1213
367840169 josephineS
367842336 53110223 367838891 jc_1213
367842858 jc_1213
367842873 53110223 367840169 josephineS
367844384 53110223
367845866 53110223 367799700 seanfree
367846371 29509741
367849564 48153292 367844384 53110223
367852558 29509741
367853922 53110223
367854140 53110223 367852558 29509741
367855098 53110223
367863064 48153292 367855098 53110223
367865495 53110223
367868590 45920757
367868975 josephineS
367874703 51533603 367174371 55371931
367895637 48153292 367865495 53110223
367897537 JeeRrY
367909232 Hana119
367918303 53110223 367897537 JeeRrY
367918600 53110223 367909232 Hana119
367923421 JeeRrY 367918303 53110223
367958315 48153292
367958572 jingyidehua
367962464 53110223 367923421 JeeRrY
367962837 53110223 367958315 48153292
367963434 48153292 367962837 53110223
367964870 4582373
367965967 53110223 367964870 4582373
367966197 53110223
367966714 4582373
367967946 53110223 367966714 4582373
367969631 48153292 367966197 53110223
367970076 4582373
367970468 53110223 367969631 48153292
367971803 48153292 367970468 53110223
367972584 53110223 367971803 48153292
367973019 48153292 367972584 53110223
367973449 53110223
367973706 48153292 367973449 53110223
367995957 newoldold
368070988 JeeRrY 367962464 53110223
368085476 matatatata 367450907 53110223
368110048 53110223 367995957 newoldold
368110204 53110223
368111136 53110223
