360964967 stellaaa
360965433 cecilia9624
360965459 3162495 360964967 stellaaa
360965503 3162495 360965433 cecilia9624
360965552 2598777
360965755 parkjungsoo
360965935 cecilia9624 360965503 3162495
360965939 3162495
360965991 3162495 360965935 cecilia9624
360966104 3162495 360965552 2598777
360966145 stellaaa
360966552 3162495 360966145 stellaaa
361057784 3162495
361058724 wwwlucky
361059200 60263106
361059669 3162495 361058724 wwwlucky
361059788 whateverworks
361059957 3162495 361059200 60263106
361060668 chenmugou
361060833 60263106 361059957 3162495
361061247 3162495 361059788 whateverworks
361061332 60263106 361059957 3162495
361061387 3162495 361060668 chenmugou
361061748 3162495 361060833 60263106
361061765 chenmugou 361061387 3162495
361062446 60263106 361061748 3162495
361062571 3162495 361062446 60263106
361062918 3162495 361061765 chenmugou
361064032 60263106 361062571 3162495
361064441 3162495 361064032 60263106
361066138 linchuzhuang
361067900 3162495 361066138 linchuzhuang
361072180 58144756
361074749 3162495 361072180 58144756
361098432 wwwlucky
361099276 3162495 361098432 wwwlucky
361101438 wwwlucky
361104191 3162495 361101438 wwwlucky
361105310 1435913 361058724 wwwlucky
361106166 3162495 361105310 1435913
361106674 1435913 361106166 3162495
361106967 53532061
361107758 3162495 361106967 53532061
361109701 xiandexiaoxi
361110424 3162495 361109701 xiandexiaoxi
361129372 crashmyshadow
361165887 3162495 361129372 crashmyshadow
361169873 49177997
361169954 52605109
361175977 41619901
361177179 46686351
361328239 3162495 361177179 46686351
361328457 3162495 361175977 41619901
361328623 3162495 361169873 49177997
361329207 3162495 361169954 52605109
361334555 fengqingwei
361336120 39228838
361336474 39228838
361355916 3162495 361336120 39228838
361356593 3162495 361334555 fengqingwei
361448011 49177997 361328623 3162495
361450512 50277952
361451442 forever_smile 360965935 cecilia9624
361452133 forever_smile
361454582 cecilia9624 361451442 forever_smile
361456369 forever_smile 361454582 cecilia9624
361457568 cecilia9624 361456369 forever_smile
361478087 forever_smile 361457568 cecilia9624
361491412 cecilia9624 361478087 forever_smile
361506196 3162495 361491412 cecilia9624
361512772 forever_smile 361506196 3162495
361515269 cecilia9624 361506196 3162495
361517491 privatelie
361517629 privatelie
361634473 3162495 361517629 privatelie
361635414 3162495 361512772 forever_smile
361719000 forever_smile 361635414 3162495
361720359 2709085
361722662 weixun16
361723555 weixun16
361736587 3162495 361722662 weixun16
361736626 3162495 361723555 weixun16
361736753 3162495 361720359 2709085
361736894 3162495 361719000 forever_smile
361740501 weixun16 361736587 3162495
361740923 weixun16 361736626 3162495
361824758 50277952
361855287 3162495
396395229 marysays
411563190 67275110
411571074 54470430
411590904 3162495 411571074 54470430
411620945 54470430 411590904 3162495
