361886067 chouchouCp
361886367 sogoodbye
361886415 44008404
361886617 62821639
361886737 mixmimi 361886415 44008404
361886761 39856638
361886943 57925125 361886367 sogoodbye
361886967 liya201
361887184 37674741
361887208 62806688
361887369 nana101312
361887377 57925125 361886415 44008404
361887432 57925125 361886737 mixmimi
361887570 57925125 361887369 nana101312
361887705 41751653
361887772 3531890
361887841 nana101312 361887570 57925125
361888353 57925125 361886967 liya201
361888534 57925125 361887841 nana101312
361888586 12922285
361888804 57925125 361887705 41751653
361888961 liya201
361889220 aloysius-muamua
361889271 57925125 361887772 3531890
361889329 57925125 361888586 12922285
361889387 57925125 361889220 aloysius-muamua
361889514 57925125 361888961 liya201
361889671 57925125 361888961 liya201
361889984 57925125
361890037 57925125 361886067 chouchouCp
361890741 12927223 361889984 57925125
361891589 57925125 361890741 12927223
361891627 4218867 361889984 57925125
361891947 57925125 361891627 4218867
361892558 alice_chen 361891947 57925125
361892578 3531890
361892669 59572020
361892909 sswords
361892927 57925125 361892578 3531890
361892975 57925125 361892909 sswords
361893081 57925125 361892669 59572020
361893094 MADAY
361893215 52404211
361893412 57925125 361892578 3531890
361893516 57925125
361894218 vighead
361894533 57925125 361893094 MADAY
361895441 redsteel 361887841 nana101312
361895730 MADAY 361894533 57925125
361896329 redsteel 361895441 redsteel
361896524 57925125 361895730 MADAY
361896670 57925125 361895441 redsteel
361896703 superlilith
361896883 39012142 361895441 redsteel
361897099 57925125 361896703 superlilith
361897261 47570520
361897944 4824806
361898206 rzs
361898678 nana101312 361895441 redsteel
361898781 smonus
361898894 smonus
361899106 61698690 361898206 rzs
361899566 MADAY 361896524 57925125
361900512 60878161
361900755 50886698
361902908 48398869
361904063 impedance
361917562 57925125 361897261 47570520
361917681 57925125 361900755 50886698
361917805 57925125 361902908 48398869
361917926 57925125 361904063 impedance
361918564 Venus_39
361919365 57925125 361918564 Venus_39
361920045 58112589 361889984 57925125
361921052 57925125 361920045 58112589
361921184 58112589 361919365 57925125
361921414 42136852
361923881 57925125 361921414 42136852
361924143 57925125 361921184 58112589
361924392 4805777
361924508 51061892
361924767 51061892
361924880 impedance
361925866 44619262
361926351 sodayuayu
361926409 chuhui 361895730 MADAY
361926418 57925125 361924392 4805777
361926487 57925125 361924508 51061892
361926537 domo7
361926988 57925125 361924767 51061892
361927759 sswords 361892975 57925125
361928203 49107658
361928808 Venus_39 361919365 57925125
361929697 51268635
361930506 kuangyedexin
361931020 57925125 361926351 sodayuayu
361931301 57925125 361927759 sswords
361931412 57925125 361928808 Venus_39
361931569 57925125
361931922 57925125 361929697 51268635
362207895 balabababa
362208084 balabababa
362210740 57925125 362208084 balabababa
362210872 57925125
362211349 57925125
362215483 fks1945
362217627 skaka
362217997 balabababa 362210740 57925125
362219125 57925125 362217997 balabababa
362219639 balabababa 362219125 57925125
362220676 57925125 362219639 balabababa
362221041 balabababa 362220676 57925125
362221299 52481628
362223788 57925125 362221299 52481628
362224038 57925125
362226119 balabababa 362224038 57925125
362226917 57925125
362227611 balabababa 362226917 57925125
362248534 52481628 362223788 57925125
362250128 58112589
362250312 58112589
362261381 57925125
362262849 57925125 362248534 52481628
362277052 48982789
362280547 Yang7
362306510 mayzo 361889984 57925125
362310385 majorjohn
362311273 sunsun_w 361919365 57925125
362313421 alal_clcl
362318539 impedance
362429032 46665536
362438414 momo60
362518460 57925125
362518569 57925125 362277052 48982789
362518667 57925125 362311273 sunsun_w
362518790 57925125 362280547 Yang7
362518858 57925125 362438414 momo60
362518957 57925125 362429032 46665536
362519026 57925125 362318539 impedance
362519117 57925125
362519198 57925125 362306510 mayzo
362524541 alal_clcl 362519117 57925125
362526568 57925125 362524541 alal_clcl
362537733 alal_clcl 362526568 57925125
362538593 57925125 362537733 alal_clcl
362540054 thattaibai
362545212 momo60
362545726 57925125 362540054 thattaibai
362545903 57925125 362545212 momo60
362546311 momo60 362545903 57925125
362548541 57925125 362546311 momo60
362551447 yymqiang
362558380 57925125 362551447 yymqiang
362559030 yymqiang 362558380 57925125
362562113 57925125 362559030 yymqiang
362573362 51288460
362575897 vicki.c
362580468 thattaibai
362596739 yymqiang 362562113 57925125
362605381 46665536 362518957 57925125
362608403 46665536 362575897 vicki.c
362624462 57925125 362605381 46665536
362634123 majorjohn
362636096 tangsengpsq
362640750 balabababa
362640804 balabababa 362636096 tangsengpsq
362642796 tangsengpsq
362643271 ccbai 361886943 57925125
362652830 55664526
363114666 57925125 362652830 55664526
363389647 57925125 362642796 tangsengpsq
363389769 57925125 362643271 ccbai
363390078 57925125 362636096 tangsengpsq
363390368 57925125
363390586 57925125 362605381 46665536
363405391 46665536 363390586 57925125
363416286 tangsengpsq 363389647 57925125
363418900 balabababa
363431352 57925125 363405391 46665536
363431543 57925125 363416286 tangsengpsq
363431661 57925125 363418900 balabababa
363431966 46665536 363431352 57925125
363567114 48982789
363623251 balabababa
363666081 57925125 363431966 46665536
363666178 57925125 363623251 balabababa
363666381 57925125 363567114 48982789
363668437 vicki.c 362608403 46665536
363670447 57925125 363668437 vicki.c
363674874 46665536 363668437 vicki.c
363938001 geeshy
363966225 57925125 363938001 geeshy
363978298 geeshy 363966225 57925125
363988881 sosilkke
364035941 57925125 363978298 geeshy
364035991 57925125 363988881 sosilkke
364038251 sosilkke 364035991 57925125
364040794 sosilkke
364040858 sosilkke
364040870 sosilkke
362037925 58112589
362043060 60160445
362045037 crowdie
362064951 fenellarik
362065161 fenellarik
362066104 fenellarik
362072773 1758758
362078210 57925125
362078418 57925125 362037925 58112589
362078604 57925125 362072773 1758758
362079721 57925125 362065161 fenellarik
362080139 57925125 362066104 fenellarik
362080475 57925125 362037925 58112589
362080515 zouyazou
362080875 57925125 362064951 fenellarik
362081986 zouyazou
362081999 57925125
362082147 57925125 362081986 zouyazou
362082539 57925125
362082719 57925125
362083117 foxtang
362083407 57925125
362083611 57925125 362083117 foxtang
362083664 Pr1nc3ss.Ma
362083780 57925125
362083861 57925125 362083664 Pr1nc3ss.Ma
362084178 57925125
362084384 57925125
362084715 59606768
362085631 57925125
362085855 57925125
362085899 sallyhsu
362086104 57925125
362086259 sallyhsu 362084178 57925125
362086413 57925125 362085899 sallyhsu
362086503 sallyhsu 362083611 57925125
362086730 4752495
362086732 57925125 362086259 sallyhsu
362086875 57925125 362086730 4752495
362087002 57925125 362086503 sallyhsu
362087058 57925125 362045037 crowdie
362087336 57925125
362087491 57925125
362087532 sallyhsu 362086413 57925125
362088200 sallyhsu 362087002 57925125
362088451 sallyhsu 362086732 57925125
362088911 foxtang
362089058 57925125 362087532 sallyhsu
362089221 xiaoxiangxitong 361887570 57925125
362089263 57925125 362088911 foxtang
362089392 57925125 362089221 xiaoxiangxitong
362090653 xiaoxiangxitong 361931301 57925125
362091255 57925125 362088451 sallyhsu
362091384 xiaoxiangxitong 362089392 57925125
362091417 57925125 362090653 xiaoxiangxitong
362091504 xiaoxiangxitong 362091417 57925125
362091674 57925125 362091384 xiaoxiangxitong
362091789 57925125 362091504 xiaoxiangxitong
362091975 57925125 362088200 sallyhsu
362092723 xiaoxiangxitong 362091789 57925125
362093249 xiaoxiangxitong 362091674 57925125
362093302 Pr1nc3ss.Ma 362083861 57925125
362093983 57925125
362094304 57925125 362093249 xiaoxiangxitong
362095607 crowdie 362087058 57925125
362097396 57925125 362095607 crowdie
362097897 15461434 362086259 sallyhsu
362097954 crowdie 362097396 57925125
362098076 4752495 362086875 57925125
362099602 xiaoxiangxitong 362094304 57925125
362099603 sallyhsu 362091255 57925125
362099738 62649742 361889984 57925125
362100633 57925125 362099738 62649742
362100914 57925125 362099603 sallyhsu
362101171 57925125 362099602 xiaoxiangxitong
362101474 57925125 362098076 4752495
362101613 57925125 362097897 15461434
362101681 57925125 362097954 crowdie
362102039 crowdie 362101681 57925125
362103933 catbins 362097897 15461434
362104238 sallyhsu 362101613 57925125
362104529 fenellarik 362080875 57925125
362107728 62649742 362101613 57925125
362108058 15461434 362103933 catbins
362108282 15461434 362104238 sallyhsu
362111092 57925125
362114514 sallyhsu 362108282 15461434
362121994 55787367
362133103 57925125 362121994 55787367
362133282 57925125 362114514 sallyhsu
362133478 57925125 362107728 62649742
362133621 57925125 362104529 fenellarik
362134189 xiaoxiangxitong 362101474 57925125
362135914 lovingforever
362142804 57925125
362143523 57925125 362134189 xiaoxiangxitong
362143723 57925125 362135914 lovingforever
362154402 4614609
362160208 lovingforever 362143723 57925125
362206018 48982789
364040908 sosilkke
364040970 sosilkke
364041307 Babe_Freya 361888804 57925125
364178833 57925125 364040970 sosilkke
364178910 57925125 364041307 Babe_Freya
364179969 Babe_Freya 364178910 57925125
364182895 streety 361929697 51268635
364183144 streety 364182895 streety
364184060 57925125 364179969 Babe_Freya
364184607 Babe_Freya 364184060 57925125
364188378 57925125 364182895 streety
364189463 57925125
364190023 57925125
364190150 57925125 364184607 Babe_Freya
364190387 Babe_Freya 364190150 57925125
364190515 Babe_Freya 364190023 57925125
364197838 57925125 364190515 Babe_Freya
364199779 Babe_Freya
364210815 streety 364188378 57925125
364280882 sosilkke 364178833 57925125
364281631 51214422 361886415 44008404
364302852 44008404 364281631 51214422
364318774 Mellin
364420428 51268635 364188378 57925125
364433797 63106657
364435205 63106657 362207895 balabababa
364502277 40456350
364504577 4614609 362210872 57925125
364618164 57925125 364280882 sosilkke
364618247 57925125 364199779 Babe_Freya
364618502 57925125 364318774 Mellin
364618660 57925125 364504577 4614609
364618869 57925125 364435205 63106657
364619200 57925125 364433797 63106657
364619674 57925125 364433797 63106657
364623220 Babe_Freya 364618247 57925125
364633257 53891400
364635806 Mellin 364618502 57925125
364635838 53345592 364184607 Babe_Freya
364636349 Babe_Freya 364635838 53345592
364636452 53345592
364636773 53345592 364636349 Babe_Freya
364637151 Babe_Freya 364636773 53345592
364637335 farellio
364637383 53345592 364637151 Babe_Freya
364637824 Babe_Freya 364637383 53345592
364638329 53345592 364637335 farellio
364638466 53345592 364637824 Babe_Freya
364639462 Newnew-Feng
364639780 domo7 364639462 Newnew-Feng
364640419 farellio 364638329 53345592
364642837 53345592 364640419 farellio
364643748 1493020
364650603 57925125 364638329 53345592
364650787 57925125
364652552 57925125 364623220 Babe_Freya
364654150 53345592
364657157 farellio 364642837 53345592
364658272 balabababa 364435205 63106657
364665309 58105844
364706255 44901095
364733176 57925125
364733495 57925125 364706255 44901095
364747549 44901095 364733495 57925125
364765810 57925125 364747549 44901095
364803312 63106657 364619200 57925125
365624409 57925125 364803312 63106657
365654568 malin1103
365656087 malin1103
365660343 54740692
365668779 40247063
366109660 57925125 365656087 malin1103
366110148 57925125 365660343 54740692
366135493 lily-H
366138694 46941281
366312956 46941281
366377931 malin1103
366414234 46941281
366514805 62599388
367235404 57925125 366135493 lily-H
367235612 57925125 366514805 62599388
367235743 57925125 366377931 malin1103
367235816 57925125 365656087 malin1103
367241722 lily-H 367235404 57925125
367242354 57925125 367241722 lily-H
367246611 lily-H 367242354 57925125
367266469 57925125 367246611 lily-H
367499042 malin1103 367235816 57925125
367502226 placyp1982 364638329 53345592
367508295 blufiamma
367512558 fengqingwei
367523410 blufiamma
367576504 53345592 367512558 fengqingwei
367577012 60878669
367580068 42399169 361900755 50886698
367581074 42399169
367581761 51680077
367581807 42399169 366514805 62599388
367582295 42399169 366110148 57925125
367582996 42399169 367581761 51680077
367583763 42399169 365654568 malin1103
367584098 ILeoN
367584677 42399169 364182895 streety
367584759 42399169 367584098 ILeoN
367585026 42399169 367584098 ILeoN
367585716 42399169
367586310 42399169 362636096 tangsengpsq
367586621 42399169 363418900 balabababa
367587111 42399169 364420428 51268635
367587383 42399169 364636452 53345592
367587593 42399169 364650787 57925125
367588150 42399169
367593157 thattaibai
367596576 balabababa 367586621 42399169
367598425 27406418
367615935 42399169 367593157 thattaibai
367615992 42399169 367596576 balabababa
367629593 streety 367585026 42399169
367630546 streety 367584677 42399169
367650299 xianuannuan
367662702 42399169 367629593 streety
367662830 42399169 367630546 streety
367663606 ass3366
367681836 3413910
367703677 tangsengpsq 367586310 42399169
367799104 ILeoN
367877624 42399169 367799104 ILeoN
367887081 57925125 367512558 fengqingwei
367887219 57925125 367799104 ILeoN
367887455 ILeoN 367877624 42399169
367887502 ILeoN 367887219 57925125
367887633 57925125
367887948 57925125 367593157 thattaibai
367888127 57925125 364420428 51268635
367888676 57925125 364433797 63106657
367894003 aubreylee
367898627 wanyf
367899356 57925125 367894003 aubreylee
367899395 57925125
367906012 agathayi
367919219 42399169 367906012 agathayi
367929513 57925125 367906012 agathayi
367943840 3543190
367946894 hanwensw
367953719 55664526
367973146 ass3366 367887633 57925125
367977071 57925125 367973146 ass3366
367977399 57925125 367953719 55664526
367977482 57925125 367946894 hanwensw
367986092 51268635
367987363 hanwensw
368011797 57925125 367986092 51268635
368011996 51268635 368011797 57925125
368012342 57925125 368011996 51268635
368012830 51268635 368012342 57925125
368013232 42399169
368029943 agathayi
368031021 agathayi
368049607 42399169 368029943 agathayi
368056602 Ovilia.
368057011 donpei.lau
368108091 agathayi 368049607 42399169
368110487 42399169 368108091 agathayi
368110609 42399169 368057011 donpei.lau
368215623 aubreylee 367899356 57925125
368219903 34325113
368220432 57925125 368219903 34325113
368220497 57925125 368108091 agathayi
368220519 57925125 368056602 Ovilia.
368223271 34325113 368220432 57925125
368239820 Ovilia. 368220519 57925125
368240924 42399169 368239820 Ovilia.
368252709 Ovilia. 368240924 42399169
368303712 agathayi
368344921 42399169 368252709 Ovilia.
368366970 Ovilia. 368344921 42399169
368495602 mojiji 362083611 57925125
368498062 39066785
368535968 57925125 368498062 39066785
368536111 57925125 368495602 mojiji
368537061 thattaibai
368545170 39066785 368535968 57925125
368545977 58993583
368546064 58993583
368569035 57925125 368537061 thattaibai
368788664 57925125 368545170 39066785
368788738 57925125 368546064 58993583
368788919 57925125 368537061 thattaibai
368801166 thattaibai
368946741 57925125 368801166 thattaibai
368947298 57925125 368546064 58993583
368958788 thattaibai
368959900 58219000
369058665 ljgss
369134801 57925125 368958788 thattaibai
369134991 57925125 368959900 58219000
369221428 57925125 369134801 57925125
369222065 58219000 369134991 57925125
369290340 57925125 369222065 58219000
369292146 balabababa 369290340 57925125
361932111 1830681
361932200 51268635 361931922 57925125
361932300 57925125 361928203 49107658
361932479 57925125 361932200 51268635
361932553 57925125 361932111 1830681
361932731 Venus_39 361931412 57925125
361932782 57925125 361892909 sswords
361932807 maoduoli 361891947 57925125
361932878 57925125 361932731 Venus_39
361933005 impedance
361933296 57925125
361934030 57925125 361933005 impedance
361934255 57925125 361933005 impedance
361934658 Venus_39 361932878 57925125
361934736 impedance
361935036 57925125 361934736 impedance
361935232 57925125 361934658 Venus_39
361935254 47873796
361935598 impedance
361936179 Venus_39 361935232 57925125
361936838 57925125 361935598 impedance
361936987 57925125 361936179 Venus_39
361937095 maoduoli 361933296 57925125
361937272 57925125 361935254 47873796
361937687 manda0325
361937845 Venus_39 361936987 57925125
361937941 47873796 361937272 57925125
361938002 c012
361938323 zzjdouban
361938419 redmt
361938539 57925125
361938744 57925125 361938419 redmt
361938938 wenziwz
361939179 57925125 361937687 manda0325
361942725 3800553
361942817 maoduoli 361938539 57925125
361944964 59966954
361945653 impedance
361946243 impedance
361947182 57925125 361944964 59966954
361947577 59966954 361947182 57925125
361948402 57925125
361948520 57925125 361947577 59966954
361948924 57925125 361946243 impedance
361949142 57925125 361942817 maoduoli
361949487 57322754
361949920 57925125 361949487 57322754
361950235 57925125 361947577 59966954
361951017 48173279
361951569 51204619 361932300 57925125
361951989 57925125 361951017 48173279
361952718 59966954 361948520 57925125
361953370 59966954 361950235 57925125
361953638 MADAY 361926409 chuhui
361954874 fenellarik
361955448 57925125 361951569 51204619
361955487 50035464
361955724 57925125 361953370 59966954
361955921 4336349
361955979 57925125
361956176 57925125 361955921 4336349
361956284 himawari13
361956300 57925125 361955487 50035464
361956547 50035464 361956300 57925125
361957464 57925125 361956284 himawari13
361957752 4336349
361958152 himawari13 361957464 57925125
361958184 impedance
361958728 sweet-killer
361960716 hilll 361958728 sweet-killer
361961854 maoduoli 361949142 57925125
361964178 57925125 361957752 4336349
361964350 57925125 361958728 sweet-killer
361964488 57925125 361961854 maoduoli
361965081 57925125 361958184 impedance
361965999 57925125 361958728 sweet-killer
361966119 52481628
361967029 3638309
361967498 impedance
361967756 sweet-killer 361964350 57925125
361968315 57925125 361967498 impedance
361969023 57925125 361967756 sweet-killer
361969264 57925125 361966119 52481628
361969410 57925125 361967029 3638309
361970650 51342877 361898206 rzs
361972642 51342877 361933296 57925125
361973175 sweet-killer 361969410 57925125
361979801 3800553 361948402 57925125
361983171 domo7 361931569 57925125
361984120 Apple.J
361984716 chris9
361988747 4743765
361990028 lsc920
361990212 balabababa 361887570 57925125
361990788 xiayueyue
361992701 51282785
361993030 15461434
361999193 46665536
362008519 FSRMD
362008596 FSRMD
369292808 2540307 361888586 12922285
369309254 58219000 369290340 57925125
369310159 wqpw
369384462 57925125 369310159 wqpw
369384546 57925125 369310159 wqpw
369384667 57925125 369309254 58219000
369404703 57925125 369384667 57925125
369458192 58219000 369384667 57925125
369488006 57925125 369458192 58219000
369505058 61612713
369510453 christine441
369684648 46665536
369687929 57925125 369505058 61612713
369687957 57925125
369746546 46665536 369687957 57925125
369813270 61612713 369687929 57925125
369817375 57925125 369813270 61612713
369819180 61612713 369817375 57925125
369839521 34497644
369857806 57925125 369819180 61612713
369858003 57925125 369839521 34497644
369863180 54922600 361919365 57925125
369931096 57925125 369863180 54922600
370074437 34497644 369858003 57925125
370075630 58219000
370076834 46958357
370106284 42399169 369813270 61612713
370229085 45578100
370231013 57925125 370074437 34497644
370231044 57925125 370229085 45578100
370231131 57925125 370075630 58219000
370235641 1103950 361888353 57925125
370239685 61612713 370106284 42399169
370241546 42399169 370239685 61612713
370266174 61612713 370241546 42399169
370267052 50598683
370374227 57925125 370267052 50598683
370390165 50598683 370374227 57925125
370434784 57925125 370390165 50598683
370445966 50598683 370434784 57925125
370448040 57925125 370445966 50598683
370450042 37679095
370451157 2333632
370467552 57925125 370450042 37679095
370467629 57925125 370451157 2333632
370467861 1715604
370468462 37679095 370467552 57925125
370480893 daluobo 361938539 57925125
370560613 2333632 370467629 57925125
370562695 42399169 370266174 61612713
370658358 balabababa
370741593 57925125
370744664 57925125 370560613 2333632
370744960 57925125 370480893 daluobo
370745166 57925125 370467861 1715604
370745245 57925125 370468462 37679095
370751401 senses058 361887772 3531890
370803694 3531890 370562695 42399169
370814684 42399169 370803694 3531890
370832652 3531890 370814684 42399169
370904728 balabababa 370741593 57925125
370908516 62640913 361931412 57925125
370933610 57925125
370933742 57925125
370934522 62640913 370933742 57925125
370935852 balabababa 370933610 57925125
370943495 57925125 370935852 balabababa
370943661 57925125
370944177 57925125 370935852 balabababa
370945739 balabababa 370944177 57925125
370946541 57925125 370945739 balabababa
370947777 balabababa 370946541 57925125
370948133 57925125 370947777 balabababa
370948349 balabababa 370948133 57925125
370948483 57925125 370947777 balabababa
370948673 balabababa 370948483 57925125
370949080 57925125 370948673 balabababa
370949414 balabababa 370949080 57925125
370949704 57925125 370949414 balabababa
370949995 balabababa 370949704 57925125
370950693 57925125 370949995 balabababa
370961152 62640913
370977014 jima
371113403 63004570
371212927 57925125 371113403 63004570
371214225 57925125 370977014 jima
371225821 sosilkke
371432402 57925125 371225821 sosilkke
371745828 57925125 371432402 57925125
371761122 63106657 367888676 57925125
371764610 57925125 371761122 63106657
371764995 4336349
371766397 63106657 371764610 57925125
371781117 57925125 371766397 63106657
371789431 63306250
371808152 53606952 362636096 tangsengpsq
371815786 63106657 371781117 57925125
371926096 57925125 371789431 63306250
371926255 57925125 371815786 63106657
371943674 63106657 371926255 57925125
404950681 62915964
404950751 heyt
404951653 Yussi
404968345 42336179 362090653 xiaoxiangxitong
405042228 xiaoxiangxitong 404968345 42336179
405071119 64127240
405072474 37451384
405434326 56821223
405454927 66224322 361886943 57925125
405469542 lily-H
406044059 57925125 405469542 lily-H
406044113 57925125 405454927 66224322
406434795 64454830
406467582 42025856 361886367 sogoodbye
406580942 cocoyana 367596576 balabababa
406583476 cocoyana 361887377 57925125
406737664 57925125 406583476 cocoyana
406753507 cocoyana 406737664 57925125
406797288 57925125 406753507 cocoyana
406831816 cocoyana 406797288 57925125
406842479 63996970
407171625 57925125 406842479 63996970
407171709 57925125 406831816 cocoyana
407173002 cocoyana 407171709 57925125
407289366 64949374
407329719 makara1992 361895730 MADAY
407387564 57925125 407289366 64949374
407387800 57925125 407289366 64949374
407437544 MADAY 407329719 makara1992
407437747 makara1992 407437544 MADAY
407439042 MADAY 407437747 makara1992
407445066 63996970 407171625 57925125
407481778 57925125 407445066 63996970
407481838 57925125 407445066 63996970
407484789 57925125 405434326 56821223
407494715 2591093
407498809 30030399
407499271 30030399
407507281 53361133 361889984 57925125
407566434 63996970 407481778 57925125
407566730 63996970 407494715 2591093
407722464 57925125 407566730 63996970
407722584 57925125 407507281 53361133
407722832 57925125 407498809 30030399
407745079 yellowyello
407746713 64721117
407748113 yellowyello 362086259 sallyhsu
407751547 yellowyello 367576504 53345592
409137969 50600598
409727440 48676004 361949920 57925125
409731565 67022347 361887772 3531890
409794564 4720925
411617151 57925125 409794564 4720925
411617262 57925125 409137969 50600598
411737040 40786385
411910902 48928555
417504006 57925125
417504226 57925125 411910902 48928555
417505135 57925125 409794564 4720925
417505246 57925125 409137969 50600598
417505308 57925125 407746713 64721117
372108205 57925125 371943674 63106657
372134017 63306250 371926096 57925125
372167104 57925125 372134017 63306250
373041832 44350116
373282872 62804763
373428753 57925125 373282872 62804763
373439134 qiaoduan
373762048 57925125 373439134 qiaoduan
373762405 57925125 373282872 62804763
374098294 62804763
374170589 qiaoduan 373762048 57925125
374195565 1495878 361931020 57925125
374195799 57925125 374170589 qiaoduan
374195963 57925125 374098294 62804763
374196178 57925125 374195565 1495878
374197010 qiaoduan 374195799 57925125
374200434 1495878 374196178 57925125
374399148 57925125 374200434 1495878
374399176 57925125 374197010 qiaoduan
374469220 qiaoduan 374399176 57925125
374564094 57925125 374098294 62804763
378240325 44567315 374564094 57925125
378653694 57925125 378240325 44567315
378684219 44567315 378653694 57925125
378691908 54143037 361889984 57925125
378694179 54143037 361932300 57925125
378697338 57925125 378691908 54143037
378697537 57925125 378694179 54143037
378698489 54143037 362103933 catbins
378700697 2904263 378697537 57925125
378876393 54851757
378972084 57925125
378972205 57925125 378700697 2904263
378996269 2904263 378972205 57925125
379052713 orange_yao 361889984 57925125
379054624 Onionoheart 378972205 57925125
379104798 58345434
379308531 57925125 379052713 orange_yao
379308845 57925125 379054624 Onionoheart
379477390 Onionoheart 379308845 57925125
379494610 64455526
379604891 57925125 379477390 Onionoheart
379605325 57925125 379494610 64455526
379613309 64455526 379605325 57925125
379640006 49840794
379770852 57925125
379776626 60940498 361886067 chouchouCp
379778686 60940498 361984120 Apple.J
379780586 60940498
379788730 MISHIDIDAI 361891947 57925125
379795676 Apple.J 379778686 60940498
379797797 62004448
379799826 MISHIDIDAI 370803694 3531890
379800492 11749439 361889984 57925125
379822037 AKIRA.CROCO
379884415 3531890 379799826 MISHIDIDAI
379899445 3250777
380205491 57925125 379800492 11749439
380205730 57925125 379899445 3250777
380477508 40699857
380531288 40699857
380835927 48382179 380477508 40699857
380891050 3654011
380895109 42334860
380924392 60940498 379795676 Apple.J
380939704 Apple.J 380924392 60940498
380967698 axier 362636096 tangsengpsq
380973651 tangsengpsq 380967698 axier
381007604 axier 380973651 tangsengpsq
381048819 tangsengpsq 381007604 axier
381060636 60940498 380939704 Apple.J
381627703 40699857
383788142 57925125 381627703 40699857
383788224 57925125 380835927 48382179
383788370 57925125 380891050 3654011
383788469 57925125 380477508 40699857
383799477 lovenca 361896883 39012142
383807686 48382179 383788224 57925125
383810328 58376309
383863756 57925125 383807686 48382179
383864018 57925125 383807686 48382179
383875032 3097821
383907129 48382179 383863756 57925125
383908100 52231471
384013005 61356110
384086057 52473550 370231131 57925125
384099079 56322812
384102516 gayu 361889984 57925125
384142830 6917514
384295850 52473550
384483218 57925125 384295850 52473550
384483290 57925125 384295850 52473550
384483309 57925125 384142830 6917514
384483461 57925125 384099079 56322812
384483585 57925125 383907129 48382179
384483636 57925125 384013005 61356110
384483734 57925125 383875032 3097821
384485632 26603845
384508803 48382179 384483585 57925125
384562707 57925125 384508803 48382179
384579230 cuteness
384585043 63051980
384588360 ngfeiyin 361891589 57925125
384590061 8666357
384593752 54114325
384620858 62658944
384864628 57925125 384620858 62658944
384864704 57925125 384588360 ngfeiyin
384864772 57925125
384865502 57925125 384585043 63051980
384874264 cuteness
384878635 62658944 384864628 57925125
384895864 44150747 368788664 57925125
385164193 57925125 384878635 62658944
385164318 57925125 384895864 44150747
385164436 57925125 384874264 cuteness
385216116 cuteness
386227837 57925125 385216116 cuteness
386344915 cuteness
387252187 4102868
387271917 Natechen 361891947 57925125
387382152 hierr
387813669 57925125 387252187 4102868
387813703 57925125 387271917 Natechen
387813798 57925125 387382152 hierr
389247314 evebanger666
389471438 51659576
389492772 unusedivan
389509381 57925125 389247314 evebanger666
389509662 57925125 389471438 51659576
389509847 57925125 389509662 57925125
389510165 57925125 389492772 unusedivan
389512624 unusedivan 389510165 57925125
389528572 51659576 389509662 57925125
389538103 evebanger666 389509381 57925125
389560040 gengzhituzi
390437863 57925125 389528572 51659576
390437972 57925125 389560040 gengzhituzi
392814229 57925125 390437972 57925125
392825831 balabababa
392848350 18259506 361984120 Apple.J
392856449 18259506 367929513 57925125
393507759 57925125 392856449 18259506
393524635 malin1103
393525089 malin1103
393563404 18259506 393507759 57925125
393576130 50600598
393584736 2276211
393614374 61561192 393524635 malin1103
393865045 57925125 393614374 61561192
393865366 57925125 393524635 malin1103
393865767 57925125 393584736 2276211
393865983 57925125 393576130 50600598
393890203 malin1103 393614374 61561192
393935663 63768906
393936613 mika0715
393948822 60711027
394032735 61561192 393865045 57925125
394033736 61561192 393890203 malin1103
394138583 58199590
395313654 57925125 394138583 58199590
395314049 57925125 394033736 61561192
395331109 47872758
395394070 greenyyo
395394655 57925125
395394764 57925125 395394070 greenyyo
395457590 61561192 395314049 57925125
395514299 47872758 395394655 57925125
395517571 48269105
395953291 57925125
395954014 57925125 395517571 48269105
396620401 ranylau
396660944 58596256
397229382 50211617
397335583 49125515
397496279 62914784
397514980 56205055
397568186 ranylau
401706412 49310073
402332923 cuteness
402911705 58199590 395313654 57925125
402959924 57925125 397229382 50211617
402960083 57925125 402911705 58199590
402960455 57925125 397514980 56205055
402960544 57925125 397568186 ranylau
402960733 57925125 397335583 49125515
402962012 4711381
403890047 57925125 402962012 4711381
403895280 63604438
403900725 4711381 403890047 57925125
404042600 57925125 403900725 4711381
404042686 57925125 403895280 63604438
404140901 lily-H
404452624 48557449
404500613 mysweety
404748203 57925125 404140901 lily-H
404748253 57925125 404452624 48557449
404904004 hotpinktabi
404929868 seven1016
404950481 heyt
