362607708 45502967
362607717 lowrea
362609726 hellodaylight
362609831 33423930
362609893 onlyalice
362610433 ggggg0220 362607717 lowrea
362611590 51282785
362613238 ggggg0220 362611590 51282785
362619381 ggggg0220
362620429 ggggg0220
362620798 27378097
362620899 61654778
362621094 ggggg0220
362621236 48084963
362621762 ggggg0220
362621911 ggggg0220
362622309 33492476
362622330 ggggg0220 362620899 61654778
362622382 ggggg0220 362622309 33492476
362622772 hellodaylight
362622932 ggggg0220 362622772 hellodaylight
362623097 hellodaylight 362622932 ggggg0220
362623272 ggggg0220
362623338 ggggg0220 362623097 hellodaylight
362623752 hellodaylight 362623338 ggggg0220
362623813 56655413
362624059 ggggg0220 362623813 56655413
362624090 ggggg0220 362624059 ggggg0220
362624274 ggggg0220 362623752 hellodaylight
362624660 27378097
362624933 hellodaylight
362625048 ggggg0220
362625288 ggggg0220 362624933 hellodaylight
362625506 hellodaylight
362625683 ggggg0220 362625506 hellodaylight
362625935 hellodaylight 362625683 ggggg0220
362626056 ggggg0220 362625935 hellodaylight
362635631 samfarewell
362635854 47705503
362723389 lowrea
362750300 27378097 362723389 lowrea
362766077 3195401
362767685 VampireSue
362782753 63010758
362796852 46609724
362843957 yuMan
362878509 34178295
362891739 51277593
362893243 3184442
362893667 1390841
362896255 raya-self
362901748 35378296
362905245 51277593 362901748 35378296
362912404 55619726
362914421 41265625
362921614 50810683
362942905 35378296
362944622 ggggg0220
362945837 aafish
362953398 4770882
362970034 50058178
362988514 62971304
363027688 4336349
363029785 63010758 362843957 yuMan
363035962 52678956
363036477 63087627
363050514 snowy710
363051176 snowy710
363055906 57345681
363083522 49688635 362623097 hellodaylight
363132967 aafish
363136158 hellodaylight 363083522 49688635
363138262 61229785
363154629 51277593
363168363 ggggg0220 363154629 51277593
363168639 ggggg0220 363051176 snowy710
363168684 ggggg0220 363035962 52678956
363169099 ggggg0220 363051176 snowy710
363169179 ggggg0220 363036477 63087627
363169236 ggggg0220 362970034 50058178
363169676 ggggg0220 362921614 50810683
363169786 ggggg0220 362905245 51277593
363170024 ggggg0220 362942905 35378296
363170468 ggggg0220 362893667 1390841
363170823 ggggg0220 362893243 3184442
363171233 ggggg0220 362843957 yuMan
363180699 35378296
363185445 2113059
363185999 lowrea
363188556 62186217
363189044 54577419
363190343 3352991
363191499 2731242
363193538 51277593 363168363 ggggg0220
363197526 56655413
363197533 56655413
363201528 walkwantstop
363205290 ggggg0220 363193538 51277593
363210663 snowy710
363228424 51277593
365904813 46609724
368463009 angrydog
379009571 wiarth
379014530 wiarth
379099684 sigridyy
379831943 JunoZ
379858770 2919748
379859977 47029555 379009571 wiarth
379904409 lovels1314
380028238 sexyeva
380029380 willowshaw
381638374 43274130
381732034 35389815
381746966 2817748
381853779 dommer
381985230 RAINBOWKEKE 362623813 56655413
382018940 56655413 381985230 RAINBOWKEKE
382031332 willlogion
382221074 flamepulse
384635322 49688635
384700920 hellodaylight 384635322 49688635
410694485 4396281 362944622 ggggg0220
410709118 60300095
410829155 xixigua
410831397 xol
411416386 29189813
411438881 51916546
363232536 48084963
363263419 ggggg0220 363232536 48084963
363405103 51277593
363565544 ggggg0220 363405103 51277593
363565623 ggggg0220 363405103 51277593
363565841 ggggg0220 363405103 51277593
363568079 49180628 363228424 51277593
363568514 49180628 363405103 51277593
363570067 49180628 363228424 51277593
363573105 57303520
363576975 ggggg0220 363568079 49180628
363577164 ggggg0220
363577432 ggggg0220 363570067 49180628
363578024 hellodaylight 363577432 ggggg0220
363578416 47029555
363579719 47029555 363578024 hellodaylight
363580220 hellodaylight 363565623 ggggg0220
363581386 55993588
363582566 47029555 363580220 hellodaylight
363584190 hellodaylight
363586298 ggggg0220 363578024 hellodaylight
363586573 ggggg0220 363580220 hellodaylight
363637954 yuMan 363029785 63010758
363679815 51277593 363568079 49180628
363691193 51277593 363565841 ggggg0220
363720483 49180628 363679815 51277593
363720851 49180628
363722144 49180628
363722664 49180628 363679815 51277593
363723567 51277593 363722664 49180628
363738598 49180628 363723567 51277593
363787359 47029555 363738598 49180628
363789939 49180628 363787359 47029555
363796377 47029555 363789939 49180628
363797836 49180628
363800130 47029555 363797836 49180628
363803626 49180628 363800130 47029555
363803992 49180628 363800130 47029555
363832475 1485877
363865297 aHaHa
363871280 63010758 363832475 1485877
363907563 4219551
363973799 1390841 363579719 47029555
363990698 angrydog
363997477 49180628 363907563 4219551
364015674 46609724 363154629 51277593
364019235 63087627 363169179 ggggg0220
364020928 51277593 364015674 46609724
364024811 ggggg0220 364015674 46609724
364025742 47861302
364033556 youfengtang
364034065 irisalone
364050582 46924850
364050584 46924850
364453003 63010758
364453371 63010758
364453454 63010758 364034065 irisalone
364457937 irisalone 364453454 63010758
364459844 1390841 364453371 63010758
364467164 63010758 364459844 1390841
364467348 63010758 364459844 1390841
364467468 63010758 364457937 irisalone
364468025 irisalone 364467468 63010758
364478105 1390841 364467348 63010758
364499487 lijialan
364685970 51277593 364459844 1390841
364712697 1390841 364685970 51277593
364713687 1390841
364723793 63010758
364724574 63010758 364713687 1390841
364727606 cherryin9
364727793 51277593 364723793 63010758
364733748 1390841
364736486 63010758 364733748 1390841
364737237 63010758
364737913 1390841 364736486 63010758
364739185 49180628 364025742 47861302
364739756 49180628
364740115 49180628 364685970 51277593
364740448 49180628 364712697 1390841
364743695 reddancingshoes 364737913 1390841
364745910 52207338
364748422 1390841 364739756 49180628
364748905 1390841 364740448 49180628
364749244 1390841 364743695 reddancingshoes
364751131 49180628 364748905 1390841
364752309 1390841 364751131 49180628
364752582 49180628 364752309 1390841
364775249 47029555 364739756 49180628
364775465 49180628 364775249 47029555
364775893 1390841 364752582 49180628
364776124 49180628 364775893 1390841
364780552 hellodaylight 364685970 51277593
364780727 hellodaylight 364739756 49180628
364782131 hellodaylight 364737913 1390841
364783557 54740692
364788231 hellodaylight
364792804 hellodaylight 364783557 54740692
364793523 63010758 364792804 hellodaylight
364888891 48443671
