362886582 3519574
362887839 2437706
362888476 4540678
362888987 57561808 362887839 2437706
362889357 2437706 362888476 4540678
362889544 3184442
362891151 2437706 362888987 57561808
362891263 2437706 362889544 3184442
362892290 3184442 362891263 2437706
362892561 41895423
362901089 57561808 362891151 2437706
362905883 2437706
363022709 26822185
363045685 43686078
363045952 lady_vava
363046368 2509121
363047328 hellodaylight
363048455 lijialan
363049286 jane5an-
363049907 49051881
363050136 chouchouCp
363052352 iiircs
363052653 41793399
363052662 53825848
363060287 punkdang
363062263 zhi.kui
363062932 46522940
363063106 amourhan
363063187 53080934
363064565 49196465
363064749 ayucho
363065192 amourhan 363064749 ayucho
363066015 lovenan
363079435 ayucho 363065192 amourhan
363081722 weizi2007
363082356 14771388
363082496 Love766
363082652 54597818
363082764 bpcat
363083172 3989075
363083328 3989075
363084756 56021965
363086110 57676677
363086224 57676677
363145572 46617491
363145787 46617491
363146477 61041059
363146551 47877808
363151087 guilan
363152773 54475232
363153894 42220838
363216591 yqx007
363219389 43964452
363220170 yeyiyi
363220390 58224143 363052653 41793399
363220758 58224143
363220921 moli801
363222763 47795306
363223437 jeffies
363223838 zhenin1986
363224023 zhenin1986
363224495 dadaxiaohang
363224527 lemonade15
363224902 lijialan 363062263 zhi.kui
363225071 lijialan 363223838 zhenin1986
363226289 sunnyyidream
363226661 Juice_xy
363229101 envy13
363229663 tianyabushiguil 362888476 4540678
363230091 zhenin1986 363225071 lijialan
363230406 57226279
363230491 lijialan
363230584 lijialan 363230406 57226279
363231144 61041059 363226661 Juice_xy
363231493 57226279 363230584 lijialan
363231670 48369925
363232884 Juice_xy 363231144 61041059
363233707 lijialan 363231493 57226279
363233952 62697692 363047328 hellodaylight
363234839 56672384
363234849 57226279 363233707 lijialan
363235062 lijialan
363235542 hellodaylight 363233952 62697692
363236913 zhenin1986
363237334 lijialan
363237842 2291062
363238121 26796477
363238672 3888370 363235542 hellodaylight
363238978 MAYA1989
363239273 hellodaylight 363238672 3888370
363239323 2400062
363240060 2665498
363240087 3048950 363236913 zhenin1986
363240831 zhenin1986 363240087 3048950
363240918 61041059 363232884 Juice_xy
363241289 3888370 363239273 hellodaylight
363241430 Juice_xy 363240918 61041059
363241928 zhenin1986 363237334 lijialan
363243700 chuck666
363243946 lijialan 363241928 zhenin1986
363244479 32430755
363244794 10564212
363245214 mo67er
363250158 zhenin1986 363243946 lijialan
363250674 lijialan
363251915 jj201 363146551 47877808
363253587 zhenin1986 363250674 lijialan
363370939 4540678 363229663 tianyabushiguil
363401959 37917706
363407889 spaceshuttle
363408496 61654778
363410900 Raler
363582778 sinky1020
363583826 sinky1020
363583971 51510557
363589771 49020147
363590891 graycker
363592179 61610613 363234839 56672384
363610117 3900638
363621115 aguoni
364818554 pnwong
364820277 yeyiyi
364822363 maomaos
364823662 jazztu 363583826 sinky1020
364824005 52207338 362891263 2437706
364834048 47362866
364867970 sinky1020 364823662 jazztu
364871603 loveHOCC
365193323 balabalar
365204497 49189112
365208143 marni
365209361 ccicyy
365219121 41659835
365236665 beiz1
365237436 starburst
365239904 zym1213
365242122 ELLLISE
365244031 42902480 363241928 zhenin1986
365245448 Globalization
365246225 yunge_s
365246719 mimei
365247424 2441688 362888476 4540678
365247582 sakura063 365237436 starburst
365253403 lemonade-ice
365256155 chenchen3036
365323516 4540678 365247424 2441688
365326457 41394631
365327380 57415963 365323516 4540678
365327759 57415963 363223838 zhenin1986
365329912 54793522 363583826 sinky1020
365330124 Jeta
365331505 mmmmmmiko
365333438 iwasekenzo
365334284 43464790
365340719 soul_seek
365361006 daluobo
365373219 mahya
365438589 4540678 365327380 57415963
365440824 55787367
365449816 dengkaka_ok
365456924 shenyingzimu
365578926 chenchen3036 365361006 daluobo
365586538 daluobo
365692922 59888635 363230091 zhenin1986
365695177 48270203
365751884 40824096 365373219 mahya
365755556 echo1204
365758043 53152103
365829673 mahya 365751884 40824096
365833534 dalaowang
366378392 zhenin1986 365361006 daluobo
366382342 50448763
366385815 7884263
366432489 3675954
366435733 miaolovekobe
366440594 50756908
366447126 daluobo 366378392 zhenin1986
366447397 62004448
366504280 40824096 365829673 mahya
366561862 parity
366581159 ilovejohn
366591978 imev
366598040 naominao 363408496 61654778
366599080 iou-miss
366603791 willlogion
366603962 62224189
366607975 56501913
366612411 42611046
366618798 iamliving
366673069 50012325
366702230 23404105
366705092 beihappy 363146551 47877808
366725435 57745036
366728572 jiaoyin722
366753075 freshsunflower
366756021 ninidays
366759341 50888075
366764548 46522940 366673069 50012325
366766951 46983275
366785224 50012325 366764548 46522940
366806758 jiaoyin722
366892396 47877808 366705092 beihappy
366903306 moli801 365438589 4540678
366905299 42153922 363230091 zhenin1986
366906433 42153922 366673069 50012325
366909762 lost-M
366911279 catbins
366933072 50012325 366906433 42153922
366934326 63265340 366933072 50012325
366952448 beihappy 366892396 47877808
366952643 c012
366955863 42153922 366933072 50012325
366969379 jiaoyin722 366933072 50012325
366983513 50012325 366934326 63265340
366984653 50012325 366955863 42153922
366995996 50012325 366969379 jiaoyin722
366997200 jiaoyin722 366995996 50012325
366997602 dabaitu115
366998800 ItisR
367000226 50012325 366997200 jiaoyin722
367001027 jiaoyin722 367000226 50012325
367111242 37917706
367112123 blodles
367117951 51813266
367119676 37845588 366581159 ilovejohn
367120390 zzumbrella
367120668 3173450
367184900 zhenin1986 366905299 42153922
367187772 3505598
367188283 54744453
375512085 54365237 362888476 4540678
375512896 49696567
375534476 3873219
375534487 3873219
375555481 47601143
375564301 missfate 366725435 57745036
375602007 60412403
375692681 4154706
375714334 47601143
375718798 Cheeryh93
375854638 kangti
375854726 kangti
375854730 kangti
375854917 kangti
375877991 godblesstanya
376124755 57745036 375564301 missfate
376136394 ipsn
376137517 wazhixiaojie
376324881 missfate 376124755 57745036
376328020 62641639
376338761 star118 363050136 chouchouCp
376345987 43172393
376366619 dadasshen
376394850 58808993 365361006 daluobo
376395476 smilebabyx
376395753 52246872
376398740 55719687
376399391 lostblue
376400265 younger4ever
376404015 62468631
376410697 daluobo 376394850 58808993
376411276 OOXXfuckyou
376411632 Aldrberan 363047328 hellodaylight
376411837 xxkaka
376411983 LuoBB
376416681 hellodaylight 376411632 Aldrberan
376417207 zhichitianya
376418261 zhimakaixiamen
376418622 zhimakaixiamen 376411837 xxkaka
376419671 qianchangzhezhi 376398740 55719687
376420910 iloveqiqi
376422640 bbxt 362888476 4540678
376422843 bbxt 376418261 zhimakaixiamen
376423058 tusheying
376423645 tusheying 376422843 bbxt
376423812 zhimakaixiamen 376422843 bbxt
376430108 xubin0410
376432459 lzsong
376432860 35089684 363234839 56672384
376434216 gg102108
376434405 bbxt 376423645 tusheying
376477113 tusheying 376434405 bbxt
376577926 55719687 376419671 qianchangzhezhi
376582334 qianchangzhezhi 376577926 55719687
378052326 dongnanqiao
378055662 53993373
378058036 youhuizi
378058146 forgottenit
380741914 50346068
380745076 56996764
380783128 superxu 378058146 forgottenit
385264894 49166139
385270328 2558581 366673069 50012325
385277105 mixcute
385292557 42613757 363145787 46617491
385296752 1754879
385493221 funada 366995996 50012325
385495944 3547622 363234839 56672384
385496411 4753243
385499647 59546193
388922345 2797265
388922552 40209469
388952694 63830881
388954047 blindfish
388954141 blindfish
388954536 blindfish
388958711 50623408
388960602 46837547 366995996 50012325
388961342 46837547
388962336 46837547 376411837 xxkaka
389042057 40209469
389051407 40937641 363230091 zhenin1986
389057943 59368715
389095352 50825899
389102242 blindfish
389102402 blindfish
389138211 1784511
389315365 zhenin1986 389051407 40937641
389325909 karenbabyY 363046368 2509121
389326103 Realgirl 362888476 4540678
389326900 karenbabyY 363146477 61041059
389334408 karenbabyY
389342738 2509121 389325909 karenbabyY
389345797 fancyfanxi 363243946 lijialan
389346237 51361664
389431438 2737473
389463826 Globalization
389464496 Globalization
389506919 ddacf 389464496 Globalization
390773980 57352671
390775640 45718557
390921366 dsdsdf 363230406 57226279
391017297 57226279 390921366 dsdsdf
391024182 56220319
391078526 happyhappyhappy 389464496 Globalization
391078823 happyhappyhappy
391082462 45786849
391087947 54914759
391117214 mynamelhm
391118930 n1cetime9426464
391119921 dsdsdf 391017297 57226279
391121307 44392892 363241928 zhenin1986
391121443 44392892 391118930 n1cetime9426464
391162055 27916362
391296856 Globalization 391078526 happyhappyhappy
391297179 41558510
391312394 kamenheijixu
391346132 56779222
391352904 62168894
391353386 62168894
391357252 2108648
392399477 65298085
392399585 jishaokai
392404715 charlotteslow
392537239 hellodaylight 392404715 charlotteslow
392537390 hellodaylight
392537702 escapvan 363045685 43686078
392537761 escapvan 392399585 jishaokai
392539254 62532575 375854638 kangti
392539623 62532575
392540052 62681235
392540288 62681235 392404715 charlotteslow
392541290 62681235
392541552 62681235 392539623 62532575
392542076 50551930
392544250 62532575 392541552 62681235
392545541 50136254 389464496 Globalization
392547938 4240282
392548139 4092155 363045685 43686078
392548309 4092155 392539623 62532575
392676890 jishaokai 392539623 62532575
392689016 62532575 392676890 jishaokai
392689239 62532575
392689360 resheen
392691376 2582296 363230406 57226279
392693469 ouyio1
392772195 4092155 392689239 62532575
392778113 icykiko
392780528 36853493 363408496 61654778
392781659 36853493 365829673 mahya
392782357 36853493 366785224 50012325
392785088 65510431 367000226 50012325
392794114 53541478
392794662 LEMLEMBB
392806826 62532575
392818263 mahya 392781659 36853493
392830823 4724101 366764548 46522940
392833187 4724101 376328020 62641639
392833980 2106245
392843861 38489803
392844154 36853493 392818263 mahya
392844505 orangeflower
392844940 62681235
392851913 xionngmeng 392843861 38489803
392852283 xionngmeng
392855189 zhaizhaizhai
392856505 38489803 392851913 xionngmeng
392857447 xionngmeng 376398740 55719687
392857795 xionngmeng 392856505 38489803
392861730 38489803 392857795 xionngmeng
385506138 35698725 365237436 starburst
385528811 starburst 385506138 35698725
385531571 anysunshine
385554667 heisland 363234839 56672384
385567281 46285351
385573790 lynnnne
385579362 63220076
385580479 ddacf 363046368 2509121
385580820 ddacf 363066015 lovenan
385583018 58572139
385583155 ddacf 365245448 Globalization
385583809 VICHY
385585823 ddacf
385586710 ddacf 376419671 qianchangzhezhi
385643717 lovenan 385580820 ddacf
385854023 Globalization 385583155 ddacf
385854509 Globalization 385583155 ddacf
385859211 deamissrcherry
385929721 37957904
386081519 4681796
386132274 dujiangdujiang
386134914 baoduer 363066015 lovenan
386173226 fanfanjia 363152773 54475232
386174160 fanfanjia
386175258 34691870
386176915 56081016 376423645 tusheying
386181472 1304341
386198279 44896000
386198537 52446874
386214297 lovenan 386134914 baoduer
386218296 63554658 363046368 2509121
386235072 44896000 386214297 lovenan
386239841 lovenan 386235072 44896000
386290180 5400529
386290965 60036258
386296991 only_zizi
386296995 only_zizi
386406278 baoduer 386214297 lovenan
386412604 3529655
386413989 40740359
386417811 47530117
386440302 43621016 363052653 41793399
386440719 14739731
386443170 43621016 363230091 zhenin1986
386444623 youcom
386455511 41793399 386440302 43621016
386457461 anlens 362888476 4540678
386459031 anlens
386462425 maomaodaidai
387365512 2509121 386218296 63554658
387383153 mikuyakei
387395368 hilotus
387395813 2230719 363145787 46617491
387397116 56638355
387519567 46617491 387395813 2230719
387577089 magicuknow
387626288 Catkin.t
387678556 Gia 386239841 lovenan
387738747 lovenan 387678556 Gia
387759240 zhenin1986 386443170 43621016
387770111 50329066
387773954 Vittra
387776923 liuking
387781646 49361775
387827653 gg102108
387932526 48627569
387959056 41266824
387963185 xiariwanjiepian 365361006 daluobo
388032654 45653094
388036298 41980752
388050086 49361775
388052394 40396522
388059190 daluobo 387963185 xiariwanjiepian
388095789 guidodo 386214297 lovenan
388131772 lovenan 388095789 guidodo
388760656 dujiangdujiang 385643717 lovenan
388762824 lovenan 388760656 dujiangdujiang
388795271 blindfish
388827566 57068316 366933072 50012325
388830404 1174651
388832603 62191376 385643717 lovenan
388832774 62191376 388830404 1174651
388836294 yadan165
388858783 dujiangdujiang 388795271 blindfish
388874229 40114709
388898069 lovenan 388832603 62191376
388899591 44591654
388900049 44591654 386198537 52446874
388900142 pai31415926
388900882 44591654 388830404 1174651
388902409 61610613
388906425 charamini 388795271 blindfish
388906857 charamini 365245448 Globalization
388911888 rathers
388912031 yyykkkkoj
388912449 45799562
388913056 Realgirl 362887839 2437706
388920391 4154706
388920392 4154706
388920710 chenchen3036
410911142 piyopiyopiyopiy
410913304 zhufeimo
410916276 lena3
410972102 jiaoyin722
410984544 lovenan
411004586 62147492
411006760 62147492
411012743 mayaz
411013954 60522233
411014555 60522233
411077862 55429148
411078605 tooyoungtoodie
411107845 49979956
411139292 54516599
411191345 myselflin 376398740 55719687
411206365 junemoon
411326638 blindfish
411347584 55719687 411191345 myselflin
411349299 60677240 411006760 62147492
411449870 45509034
411453562 halloanran
411647973 62147492 411349299 60677240
412632541 4397704
412633146 4397704
412996253 43043681
413002999 beautifulescape 412996253 43043681
413017171 43771170
413032425 43043681 413002999 beautifulescape
416476690 46164614
416482821 4633564
416534448 54415439
416564522 64211572
416583248 lh711
416595814 44564379
416608837 53643794 391117214 mynamelhm
416615066 lanmaolan 389102242 blindfish
416622974 44921603 392855189 zhaizhaizhai
416623436 44921603
416631940 zhaizhaizhai 416622974 44921603
416632234 47542376 416623436 44921603
416714997 61595370 376411837 xxkaka
416715877 61595370
416716789 54008336 411139292 54516599
416718384 MavisChau
416722508 43771170
416728034 blindfish 416615066 lanmaolan
416736470 lu_na 416728034 blindfish
416916849 blindfish 416736470 lu_na
416928529 pumann
416929347 2077317
416942889 43595713
416947828 48791885 365237436 starburst
416947907 48791885 363408496 61654778
416948826 wangyinqiu
416951610 45543265 363238978 MAYA1989
416952398 66958230
416990894 49224119
417005101 MAYA1989 416951610 45543265
419605771 51621580 365373219 mahya
419606470 51621580
419611277 13262475 363241928 zhenin1986
419611441 13262475
419612019 43385969 363234839 56672384
419612424 13262475
419613417 13262475
419614143 4708349
419614964 43385969 364834048 47362866
419615265 43385969 365323516 4540678
419616867 54053207
419640568 50082501
419642347 36257381
419679235 lawenda-hx
419685708 outman1020 416722508 43771170
419691543 43771170 419685708 outman1020
419698485 4540449
419698977 4540449
419722324 35184853
419723369 tammyli
419739096 yei1123
419793905 1495116 363046368 2509121
419992971 64382788
419994391 2740397
405282032 hurtsme 386239841 lovenan
405283430 hurtsme 392539254 62532575
405376594 64447065
405379079 welchwelch
405379527 2523870 405376594 64447065
405382906 4548261
405385686 57934966
405386046 64144676 405382906 4548261
405387662 56558828 363060287 punkdang
405392374 2720724
405403360 4548261 405386046 64144676
405403916 66674212
405404132 4548261 405403916 66674212
405405381 pumann
405406373 tammyli
405406895 63738178
405407766 64144676 405403360 4548261
405410013 4548261
405410142 4548261 405405381 pumann
405411351 64144676 405410013 4548261
405448511 44350031
405451093 buttoncc
405454561 save7
405458906 63604438
405463513 shushushu
405649825 lovenan 405282032 hurtsme
405653693 lovenan
405656274 2178514 365361006 daluobo
405661188 pumann 405410142 4548261
405662146 pumann
405663257 4548261 405661188 pumann
405663319 daluobo 405656274 2178514
405690056 2401038
405694359 poskiss
405725803 32336875 389464496 Globalization
405726006 32336875
405753057 64144676 405662146 pumann
405763199 pumann 405663257 4548261
405766174 pumann
405768957 64144676 405766174 pumann
405817204 4548261
405830387 SHRIEK
405830580 43521189
405835477 3426916
405886167 2108648
405886693 45097818
405967637 cww7
406023004 pumann
406023249 pumann 405835477 3426916
406036976 53950449
406037664 diviniz
406050539 47961404
406052575 57967339 363022709 26822185
406165408 cww7 406023004 pumann
406174951 Einkaufen
406277141 44584042
406301650 mizizi
406330413 1998402
406333063 youanna
406335228 1998402
406402469 pumann 405768957 64144676
406403725 pumann
406414774 64144676 406402469 pumann
406415334 52304643
406416093 52304643
406416139 64144676 406415334 52304643
406417180 52304643 406416139 64144676
406654449 4044366 365586538 daluobo
406654932 4044366 365751884 40824096
406656897 vrfengjing
406659631 misrbb
406661357 4044366 388795271 blindfish
406700539 3426916 406023249 pumann
406953980 blindfish 406661357 4044366
406957175 63677907
407092595 ximeiruru
407099241 51122778
407147516 pumann
407147876 pumann 406700539 3426916
407153551 wendy_liu
407162068 45354800
407166944 64144676 407147516 pumann
407326394 40824096 406301650 mizizi
407327360 40824096 406654932 4044366
407327649 mizizi 407326394 40824096
407328218 Miss.Jane
407330106 Miss.Jane
407330705 63554658 363046368 2509121
407330963 Miss.Jane
407331400 Miss.Jane
407336705 45806391 385643717 lovenan
407355956 2509121 407330705 63554658
407394345 lovenan 407336705 45806391
407395729 54516599 363224527 lemonade15
407396598 54516599
407456752 PzIHan
407597760 sensen915
407597792 sensen915 407396598 54516599
407598300 45790778
407612246 angel888
407618965 angel888 376398740 55719687
407619929 50040446
407623910 3623030 363226661 Juice_xy
407625721 Juice_xy 407623910 3623030
407629731 orangelov3r
407636962 65107135
407641585 vicJ
407650782 54516599 407597792 sensen915
407663638 32491732 407650782 54516599
407664520 majia1203
407667432 63888666 363048455 lijialan
407668524 54516599 407663638 32491732
407668896 2446815
407672065 kumacoco
407672945 44042980
407676183 pumann 407166944 64144676
407770849 59481797
407771996 zhenshidehuanyi
407774881 59174946
407803619 51018096
409044229 jullllla
409050637 59808957
409593744 67046069 365247424 2441688
409633614 minershuo
409634112 hety
409634513 2772685
409635063 49138888 363066015 lovenan
409815497 16678998
409817286 56944767 363230406 57226279
409931939 lovenan 409635063 49138888
409959397 62485062
409959735 veracl
410068610 62147492
410098701 62147492 407672065 kumacoco
410101198 52481628 363230406 57226279
410111616 A_may
410161324 60677240
410255845 66814142 363233952 62697692
410256996 66814142 405653693 lovenan
410258325 beautifulescape
410260633 66814142 388954047 blindfish
410270965 60677240
410491990 lovenan 410256996 66814142
410492371 lovenan 410270965 60677240
410497357 60677240 410492371 lovenan
410505146 35053206
410526724 1553542 363066015 lovenan
410531720 27708714 365245448 Globalization
410538180 27708714
410545413 lovenan 410526724 1553542
410545512 lovenan 410538180 27708714
410554887 57571893 363045685 43686078
410706167 3714589
410771729 62147492 410497357 60677240
410780113 60677240 410771729 62147492
410783267 loveJanelove
410786647 mayaz
410804597 43105151
410830105 43043681 385583809 VICHY
410835992 VICHY 410830105 43043681
410840708 62147492 410780113 60677240
410843494 60677240 410840708 62147492
410845185 62485062 410161324 60677240
410845851 62147492 410843494 60677240
410846056 28105158
410846526 mo-gu 365245448 Globalization
410847265 60677240 410845185 62485062
410847662 60677240 410845851 62147492
410851059 43043681 410835992 VICHY
410864885 62147492 410847662 60677240
410865554 mo-gu 405454561 save7
410866000 3989075
410877571 save7 410865554 mo-gu
410877992 STEFAYE-RYAN
410878900 jiaoyin722 410505146 35053206
410879165 60677240 410864885 62147492
410879638 zhufeimo
410880134 60677240
410880545 jiaoyin722
410881167 jiaoyin722 410845851 62147492
410881173 zhufeimo 410880134 60677240
410881401 zhufeimo 410880545 jiaoyin722
410881717 jiaoyin722
410882027 jiaoyin722 410881401 zhufeimo
410882602 jiaoyin722 410881401 zhufeimo
410884898 zhufeimo 410882602 jiaoyin722
410886368 62147492 410879165 60677240
410888424 jiaoyin722 410884898 zhufeimo
410891762 MsHsu
410892882 52473550
410894411 60677240
410901985 62147492 410894411 60677240
410902789 redcomedy
410904527 jiaoyin722 410901985 62147492
410907127 maru-1993 386239841 lovenan
410909529 60677240 410901985 62147492
410910211 60677240 410901985 62147492
410910953 piyopiyopiyopiy
410911033 piyopiyopiyopiy
410911083 piyopiyopiyopiy
392864312 gaziqian
392867025 monsteremo
392867077 4724101 385643717 lovenan
392869033 4024435
392872491 4724101 389463826 Globalization
392878406 52509533 362887839 2437706
392884122 32811784
392886169 58168623 386440719 14739731
392886492 51909946
392891214 47133748
392922061 39361416
392925705 flylittlefish
392928226 selavi
392931935 pilunuo
392962008 55719687 392857447 xionngmeng
393097381 xionngmeng 392962008 55719687
393099485 55719687 393097381 xionngmeng
393100356 56027797
393100574 xionngmeng 393099485 55719687
393119534 3619211
393120151 xinyidear
393168138 63051980 392867025 monsteremo
393172187 43321538 363238978 MAYA1989
393175370 43321538
393192453 40847107
393638545 charamini 392843861 38489803
393665375 3355975 392867025 monsteremo
394621440 funada 388795271 blindfish
394624364 54456760 362888476 4540678
394624566 54456760 362891151 2437706
394628363 sinky1020 392867025 monsteremo
394653994 54456760 389463826 Globalization
394673414 59137518 388795271 blindfish
394697635 blindfish 394621440 funada
394698277 blindfish 394673414 59137518
394800239 Impzxb
394816945 59137518 394698277 blindfish
394820978 44053434
394914578 blindfish 394816945 59137518
394921474 42114006
395846578 56151968
395850309 56151968 366504280 40824096
395851834 4776031
395852158 43360522 365247424 2441688
395855771 tracyyu2011
395856204 56151968 392867025 monsteremo
395857233 Sarah1101
395859829 55819662 366673069 50012325
395859873 55819662 366673069 50012325
395866280 55819662
395872127 45811610 394914578 blindfish
395881119 52365801 392867025 monsteremo
395883926 49590891
395888511 FJIABAOBAO 366955863 42153922
395941179 blindfish 395872127 45811610
395968820 40824096 395850309 56151968
395997880 64875865
396022036 huangwj
396024750 45653094
396247403 45718557
396247913 64606899
396276928 4459192 365438589 4540678
396284970 guidodo
396340477 tammy_
396341186 62078222
396371029 diana_mimi_jl
396374048 52639238
396385673 cheese_touch 363066015 lovenan
396387174 4104729
396389406 cheese_touch 376398740 55719687
396389858 cheese_touch 376417207 zhichitianya
396390649 yanzifeiwula 363621115 aguoni
396392516 60636872
396398141 49443014
396406561 3619211
396415905 55719687 396389406 cheese_touch
396420249 pengyouhai
396424939 pengyouhai 385854509 Globalization
396429618 lovenan 396385673 cheese_touch
396548102 guidodo 385643717 lovenan
396549490 59722090
396691541 56058896
396692360 49491225 363062263 zhi.kui
396707087 Globalization 396424939 pengyouhai
398647060 zl100719214
398649621 eric-fhc
404759529 50448763
404760034 kikinotyou 363047328 hellodaylight
404761248 leecookie
404770171 48625367
404770546 48625367
404870149 pottqqq 365361006 daluobo
405048344 52811326
405057560 47986678
405099950 52356806
405177026 4397704
405187610 ScorpioLee 386214297 lovenan
405188301 ScorpioLee 385854509 Globalization
405189504 deng1008
405280032 hurtsme 367000226 50012325
