363143354 50746559
363143462 50746559
363143525 58223368
363143662 qixiaoqi
363143766 natusaka
363143871 53307349
363143898 63098321 363143354 50746559
363144100 63098321 363143525 58223368
363144279 50746559
363144357 63098321 363143766 natusaka
363144466 56896270
363144645 51342877
363144894 63098321 363143871 53307349
363144905 62186217
363144908 58223368
363145043 63098321 363144466 56896270
363145106 63098321 363144908 58223368
363145188 acohol
363145346 63098321 363143662 qixiaoqi
363145669 qixiaoqi 363145346 63098321
363145827 63098321 363145188 acohol
363145847 58223368 363145106 63098321
363145920 50746559
363146029 63098321 363145669 qixiaoqi
363146436 46590936
363146448 63098321 363145847 58223368
363146672 63098321 363145920 50746559
363146726 acohol 363145827 63098321
363146748 58223368
363146841 63098321 363146436 46590936
363147033 63098321 363146748 58223368
363147417 63098321 363146726 acohol
363147671 masquefalse
363147745 darkight
363147867 63098321 363144645 51342877
363148537 63098321 363147745 darkight
363148696 63098321 363147671 masquefalse
363148943 acohol
363149062 63098321 363148943 acohol
363149496 acohol 363149062 63098321
363150056 63098321 363149496 acohol
363150438 acohol 363150056 63098321
363151036 63098321 363150438 acohol
363151745 acohol 363151036 63098321
363151869 61289074
363152121 63098321 363143462 50746559
363152601 63098321 363151869 61289074
363153288 63098321 363151745 acohol
363153826 once1218
363153846 OoeLEveNoO
363154244 61289074 363152601 63098321
363154663 63098321
363154878 63098321 363153846 OoeLEveNoO
363155815 63098321 363154244 61289074
363156051 acohol
363156448 61289074 363155815 63098321
363156759 63098321 363156051 acohol
363156873 55007908
363157065 63098321 363156448 61289074
363157443 63098321 363156873 55007908
363157498 61289074 363157065 63098321
363157908 63098321 363157498 61289074
363158229 61289074 363157908 63098321
363159232 lingst
363159675 55007908 363157443 63098321
363160136 jj201
363160295 63098321
363160753 63098321 363160136 jj201
363161071 weiweiyao
363161349 63098321 363159675 55007908
363161717 63098321 363161071 weiweiyao
363164123 60753323
363164316 56142020
363164665 sunshine__wang 363143462 50746559
363164748 63098321 363164316 56142020
363164878 63098321 363164665 sunshine__wang
363165242 63098321 363164123 60753323
363165283 61289074
363165570 63098321 363165283 61289074
363165985 60753323 363165242 63098321
363166224 63098321
363166267 54941275
363166599 63098321 363165985 60753323
363166761 63098321 363166267 54941275
363166880 oversoul
363166937 sil0417
363166996 oElephant
363167138 4485651
363167529 acohol
363167625 63098321
363167973 63098321 363166880 oversoul
363168172 63098321
363168352 63098321 363166996 oElephant
363168368 60753323 363166599 63098321
363168409 sodamp
363168530 3184442
363168538 63098321 363168368 60753323
363168661 63098321 363168368 60753323
363168750 oElephant 363168352 63098321
363168884 63098321 363168530 3184442
363187256 63098321
363187491 63098321
363187492 36531286
363187623 jiecaone 363187491 63098321
363187949 36531286
363188005 63098321 363187623 jiecaone
363188237 63098321 363187949 36531286
363188683 thesamans
363188804 36531286 363188237 63098321
363189377 63098321 363188804 36531286
363190221 36531286 363189377 63098321
363192608 3352991
363193778 miya_o
363194016 45968141
363194302 60657846
363194445 63098321 363192608 3352991
363194546 63098321 363194016 45968141
363194594 63098321 363194302 60657846
363194916 36531286
363195084 63098321 363194916 36531286
363195318 36531286 363195084 63098321
363195427 63098321 363195318 36531286
363196480 lucifarnan
363196670 63098321 363196480 lucifarnan
363197514 63098321
363197544 36531286
363197755 36531286
363198022 36531286
363198321 36531286
363206750 lingst
363215681 acohol
363216731 45267441
363222743 nuanxiaokui
363229064 syccool 363222743 nuanxiaokui
363229839 63098321 363216731 45267441
363230518 63098321 363206750 lingst
363230756 63098321 363222743 nuanxiaokui
363233798 63098321
363237904 sotae
363238189 63098321 363237904 sotae
363242706 sunshine__wang 363164878 63098321
363245257 zhaoqimao
363250143 caccy
363256865 63098321
363257052 63098321 363242706 sunshine__wang
363265704 natusaka
363271229 63098321 363265704 natusaka
363290459 wanzi1994
363292053 44559697
363293439 46799454
363293590 46799454
363293735 46799454 363215681 acohol
363296037 syccool 363293590 46799454
363296824 aafish
363313075 63098321 363290459 wanzi1994
363313778 63098321 363293439 46799454
363320328 natusaka 363271229 63098321
363320749 rosemar1nus
363322719 63098321 363320328 natusaka
363324656 63098321 363320749 rosemar1nus
363325308 natusaka 363322719 63098321
363327241 59664525 363143662 qixiaoqi
363327715 63098321 363325308 natusaka
363361797 wanzi1994 363313075 63098321
363362914 39049568
363374121 63098321 363362914 39049568
363376327 ykvs
363379386 63098321 363376327 ykvs
363379896 ykvs 363379386 63098321
363387097 61391703
363389386 63098321 363387097 61391703
363530229 15254491
363904017 63098321 363530229 15254491
363934462 48011798
363935464 63098321 363934462 48011798
363938070 xiawuwu
363939275 44885013
363940211 63098321 363939275 44885013
363943370 44885013 363940211 63098321
363945453 meshailey
363946164 2665443
363947163 cyhing
363948632 stayhappy
363950142 50129963
363960744 63098321 363945453 meshailey
363966501 63098321 363948632 stayhappy
363968340 63098321 363950142 50129963
363970855 63098321 363946164 2665443
363971752 2219602
363991498 meshailey 363960744 63098321
363992987 wwxxgg
363993249 wwxxgg
364003802 63098321 363971752 2219602
364004631 63098321 363992987 wwxxgg
364004758 63098321 363993249 wwxxgg
364009981 wwxxgg
364010141 wwxxgg
364026235 63098321 364010141 wwxxgg
364073365 15254491
364076627 51075829
370044213 54928189
370069788 mianyangmiemie
371512328 63584519
371512788 53103908
371579958 LittleHoney
371580026 sinabow
371581639 56729372
371581826 62187235 363156873 55007908
371581962 62187235 363167625 63098321
371584417 observateur
371585841 haidaochuanzhan
371847691 lucifarnan
371848327 30667117
371848587 ecfrenchbaby
372724113 63098321
372724226 63098321
372724434 63098321
372724716 63098321
372725077 63098321
372725782 63098321 371581639 56729372
372726166 63098321 371512788 53103908
372726312 63098321
372726678 63098321 371585841 haidaochuanzhan
372726924 63098321
372727342 63098321 371584417 observateur
372727829 63098321 371848327 30667117
372727839 zsyks
372728432 63098321 371848587 ecfrenchbaby
372728610 silencewong
372728739 xiaanna 372727829 63098321
372728981 63098321 372727839 zsyks
372729941 xubin0410
372729984 63098321 370069788 mianyangmiemie
372730211 63098321 372727839 zsyks
372730346 63098321 372728739 xiaanna
372730669 63098321 372729941 xubin0410
372730826 63098321
372731066 63098321
372731261 56729372 372725782 63098321
372731306 63098321
372731873 4037696
372731936 63098321 372731261 56729372
372732564 56729372 372731936 63098321
372732806 54910214
372732906 63098321 372731873 4037696
372733109 63098321 372732806 54910214
372733663 47034094
372733710 63098321 372732564 56729372
372734138 RAINBOWKEKE 363143662 qixiaoqi
372734169 63098321 372733663 47034094
372734849 63098321 372734138 RAINBOWKEKE
372734982 Yyq2hqT
372735352 k_lux
372735708 63098321 370044213 54928189
372735989 zsyks 372730211 63098321
372736244 shixiaosi 372731066 63098321
372736514 63098321
372738518 orangeflower
372739600 wiping
372741966 54928189 372735708 63098321
372747648 manmanmanman
372800125 ecfrenchbaby
373199040 63098321 372738518 orangeflower
373199074 63098321 372739600 wiping
373199319 63098321 372747648 manmanmanman
373206802 4495072
373212034 orangeflower 373199040 63098321
373350426 63098321 373212034 orangeflower
373350699 63098321 373206802 4495072
373352330 mirage-x
373366078 4495072 373350699 63098321
373637570 silencewong
373934557 63098321 373637570 silencewong
373934686 63098321 373352330 mirage-x
379055486 46122890
379055884 tianku
379091829 63247594
379181596 46122890 379055884 tianku
379193912 2203792
379195641 cyh_m
379196120 nohero11
379196372 minagawa
379204249 tianku
379421051 63098321 379055486 46122890
379421140 63098321 379196120 nohero11
379421389 63098321 379196372 minagawa
379421567 63098321 379195641 cyh_m
379422068 63098321 379193912 2203792
379423122 sophiabsb
379423936 52104359
379426534 coconutshow
379428384 minagawa 379421389 63098321
379428392 52104359 363155815 63098321
379430547 63098321 379423122 sophiabsb
379430784 63098321 379426534 coconutshow
379432062 63098321 379428384 minagawa
379434621 cyh_m 379421567 63098321
379435800 minagawa 379432062 63098321
379435958 rockbabycat
379458359 tianku 379435958 rockbabycat
363169123 36531286 363167138 4485651
363169364 63098321 363168409 sodamp
363169564 63098321 363167138 4485651
363169697 53083409
363169908 63098321
363170032 63098321 363169697 53083409
363170121 63098321 363168750 oElephant
363170414 sodamp 363169364 63098321
363170577 63098321
363171057 63098321
363171115 53083409 363170032 63098321
363171817 60753323 363168661 63098321
363172347 63098321 363171115 53083409
363172524 63098321 363171817 60753323
363172737 zhaoqimao
363172901 60753323 363172524 63098321
363173098 36531286 363171057 63098321
363173796 63098321 363172737 zhaoqimao
363173914 63098321 363173098 36531286
363174020 oElephant 363170121 63098321
363174294 63098321 363174020 oElephant
363174505 36531286 363173914 63098321
363174608 63098321 363167529 acohol
363174640 4485651
363174751 oElephant 363174294 63098321
363174862 63098321 363174505 36531286
363175397 bigcatlc 363168661 63098321
363175496 63098321 363174751 oElephant
363175503 36531286 363174640 4485651
363176011 63098321
363176162 oElephant 363175496 63098321
363176292 36531286 363174862 63098321
363176426 4485651 363175503 36531286
363176860 63098321 363174640 4485651
363176916 thesamans
363176980 annabelleliahb
363177219 63098321 363176292 36531286
363177671 63098321 363176916 thesamans
363177864 53578003
363177884 36531286 363176426 4485651
363178126 63098321 363176980 annabelleliahb
363178258 63098321 363177884 36531286
363178311 haiyangchen 363177884 36531286
363178412 36531286 363177219 63098321
363178684 63098321 363178311 haiyangchen
363178835 63098321 363178412 36531286
363178926 14305300
363178946 36531286 363178311 haiyangchen
363179064 36531286 363178258 63098321
363179430 16753385
363179636 16753385
363179662 haiyangchen 363178946 36531286
363179708 16753385
363179714 63098321 363179430 16753385
363179734 syccool
363179838 36531286 363178835 63098321
363179846 63098321 363179064 36531286
363179929 16753385
363180004 bikoi55
363180063 63098321 363179838 36531286
363180330 36531286 363179662 haiyangchen
363180456 2842863
363180515 36531286 363179846 63098321
363180556 63098321 363180004 bikoi55
363180728 63098321 363180330 36531286
363180732 wanzi1994
363180809 63098321 363180515 36531286
363180900 63098321 363180732 wanzi1994
363181058 36531286 363180063 63098321
363181186 thesamans
363181190 36531286 363180809 63098321
363181276 63098321 363180456 2842863
363181357 63098321 363181186 thesamans
363181464 36531286 363180728 63098321
363181465 haiyangchen
363181566 63098321 363181190 36531286
363181794 syccool 363181465 haiyangchen
363181899 63098321
363182272 haiyangchen
363182390 syccool 363181899 63098321
363182583 syccool 363182272 haiyangchen
363182822 63098321
363183128 haiyangchen
363183137 63098321 363181058 36531286
363183301 syccool 363182822 63098321
363183621 36531286 363183137 63098321
363183681 syccool
363184114 30395839
363184142 63098321 363183621 36531286
363184238 63098321 363184114 30395839
363184689 36531286 363184142 63098321
363185013 63098321 363184689 36531286
363185250 36531286 363185013 63098321
363185686 63098321 363185250 36531286
363186105 36531286
363186308 63098321 363186105 36531286
363186683 36531286 363186308 63098321
363186827 63098321
363186843 miya_o
363187097 jiecaone
364076963 xianuannuan
364099201 iamtea
364116487 atom
364128427 Cuseeme
364130916 54988305
364130930 edcxixi 363143462 50746559
364131055 foxtang
364223009 63098321
364226652 63098321 364128427 Cuseeme
364227065 63098321 364131055 foxtang
364230629 31297745
364248263 soloz
364251220 63098321 364230629 31297745
364251578 63098321 364248263 soloz
364251715 63098321 364130916 54988305
364252384 63098321 364076627 51075829
364252785 HeLeNNeLeH
364253418 Yyq2hqT
364266084 63098321 364252785 HeLeNNeLeH
364350889 55996572
364384521 soloz
364512894 flyinashes 364251578 63098321
364559793 tibetkids 363154244 61289074
364559982 63098321
364560907 63098321
364561310 crystene
364561515 56996764
364563386 tibetkids 364560907 63098321
364567238 tibetkids 363180732 wanzi1994
364572735 63098321 363292053 44559697
364579167 63098321 364563386 tibetkids
364579176 lonelytravel
364583519 63098321 364579176 lonelytravel
364583845 63098321 364561515 56996764
364585195 lonelytravel 364583519 63098321
364589106 63098321 364585195 lonelytravel
364590555 47942736
364592930 crystene
364605339 wanzi1994
364605628 wanzi1994 364567238 tibetkids
364606047 63098321 364590555 47942736
364606797 63098321 364561310 crystene
364619889 tibetkids 364605339 wanzi1994
364620515 felic
364628607 63098321 364620515 felic
364630337 felic 364628607 63098321
364631960 63098321 364630337 felic
364636521 wanzi1994 364619889 tibetkids
364822233 Cuseeme
365130635 55996572
365174882 tibetkids 364636521 wanzi1994
365340399 wohenhaoqi
365425094 63098321 364822233 Cuseeme
365425611 63098321 365130635 55996572
365426619 63098321 363938070 xiawuwu
365427421 63098321 363179929 16753385
365431460 figo508 363147033 63098321
365433298 63098321 365431460 figo508
366018238 57574091
368871443 58584315
368871687 22418503
368871746 22418503
368871875 49399464 363168661 63098321
368874775 63584519
368875878 47623216
368876133 carrycheng
368876348 jiutianforever
368877055 ispdy
368877309 les-foraman
368881113 54928189
368882857 orange2vic
368889296 sinky1020
368890061 nemofishhome
369470164 63098321 366018238 57574091
369470300 63098321 368871443 58584315
369470577 63098321 368871746 22418503
369470653 63098321 368871875 49399464
369470893 63098321 368874775 63584519
369471551 63098321 368881113 54928189
369471784 63098321 368875878 47623216
369472469 63098321
369472584 63098321 368882857 orange2vic
369472912 63098321 368889296 sinky1020
369473080 63098321 368890061 nemofishhome
369499755 47897343
369500566 nemofishhome
369517032 47623216
369539258 58584315 369470300 63098321
369575796 63098321 369539258 58584315
369579880 58584315 369575796 63098321
369588090 d10bar 364620515 felic
369599532 orange2vic 369472584 63098321
369617618 53679658 363165242 63098321
369618805 47234209
369632647 49399464
369634713 1364572
369635217 53128584
369638131 50664424
369640048 shixiaosi
370036817 orangeflower
395065062 46739823
395065716 63098321 395065062 46739823
395065792 46739823
395066051 63098321
395066762 46739823 395065716 63098321
395067124 63098321 395066762 46739823
395067544 46739823 395066051 63098321
395067598 kid99
395068257 46739823 395067124 63098321
395068672 2652727
395068860 63098321 395067544 46739823
395069568 46739823 395068860 63098321
395071064 63098321 395068672 2652727
395072422 47324464
395075334 4426045
395077151 63098321 395072422 47324464
395082028 60976839 363948632 stayhappy
395085545 60976839 364350889 55996572
395089022 2652727 395071064 63098321
395091251 47324464 395077151 63098321
395091354 39127886
395094070 2817748
395096601 longlegeyang
395096759 monkey41
395097614 62489605
395098019 longlegeyang 395094070 2817748
395099835 stayhappy 395082028 60976839
395100926 60976839
395101803 18014840
395106800 52159841
395108101 stayhappy 395100926 60976839
395108737 43607054
395166103 52121118
395620825 15254491
395738137 63098321 395096759 monkey41
395738207 63098321 395620825 15254491
395738599 63098321 395101803 18014840
395740801 63098321 395100926 60976839
395741013 63098321 395098019 longlegeyang
395741564 63098321 395166103 52121118
395741819 longlegeyang 395741013 63098321
395742439 63098321
395743194 63098321 395741819 longlegeyang
395745398 longlegeyang 395743194 63098321
395745703 Miss.Jane
395746109 50180435
395746613 55482911
395750968 52121118 395741564 63098321
395758313 muyuezhusijun
395773521 zhaocong1015
396026077 15254491 395738207 63098321
397669430 52362741
399643999 63098321 395758313 muyuezhusijun
399644430 63098321 397669430 52362741
399644724 63098321 395746613 55482911
399645083 63098321 395746109 50180435
399645324 63098321 395166103 52121118
399651890 muyuezhusijun 399643999 63098321
399955032 52362741 399644430 63098321
399972437 zk1683710
399985138 47457505
399994553 63098321 399651890 muyuezhusijun
399994675 63098321 399955032 52362741
400016193 muyuezhusijun 399994553 63098321
400309377 63098321
400310448 63098321 400016193 muyuezhusijun
400313089 57440670
400360524 muyuezhusijun 400310448 63098321
400417714 crashmyshadow
400418299 51668679 363164123 60753323
400490523 1138215
400497302 27652549
401416373 63098321 400490523 1138215
401416674 63098321
401416840 63098321 400497302 27652549
401416948 63098321 400417714 crashmyshadow
401417397 63098321 400360524 muyuezhusijun
401417531 63098321 400313089 57440670
401458254 crashmyshadow 401416948 63098321
401690885 63098321 401458254 crashmyshadow
401721649 crashmyshadow
401726724 63098321 401721649 crashmyshadow
401735142 crashmyshadow
401736804 45943737
401739492 65306520
401823524 63098321 401739492 65306520
401825593 63098321 401735142 crashmyshadow
401826760 1499111
401834610 jessie50110
401834833 1499111
401837038 jessie50110 401834833 1499111
401936157 63098321
401936782 iloveicecream
401936934 63098321 401826760 1499111
401937155 63098321 401936782 iloveicecream
401938349 iloveicecream 401937155 63098321
401945456 48218002
401945517 48218002
401945567 48218002
401945674 48218002
401945737 48218002
401985547 jessie50110
402871286 63098321 401945737 48218002
402871840 63098321
402883379 48218002 402871286 63098321
403021054 64559292
403071866 63098321 403021054 64559292
403073987 56415868
403074424 joker_ranger
403097988 63098321 403074424 joker_ranger
403099366 63098321 403073987 56415868
403662003 65747318
404380641 64876536
404711149 63098321 403662003 65747318
404711456 63098321 404380641 64876536
405493336 1138215 401416373 63098321
405497502 42886389
405545373 lingxi5688
410607398 63098321 405493336 1138215
410607669 63098321 405545373 lingxi5688
410607891 63098321 405497502 42886389
410609160 ilovetakasugi
410609557 63098321 403073987 56415868
410609664 63098321 410609160 ilovetakasugi
410617466 ilovetakasugi 410609664 63098321
410620792 63098321 410617466 ilovetakasugi
410634101 ilovetakasugi 410620792 63098321
410635086 36008787
410649456 63098321 410635086 36008787
410676446 36008787 410649456 63098321
410681186 63098321 410676446 36008787
410713877 22466774
410714752 52731360
410714978 SalanC
410727461 50337878
410749479 36008787 410681186 63098321
410759008 nayumii
410960494 63098321 410749479 36008787
410961198 63098321 410714752 52731360
410961554 19719873
410963099 63098321 410714978 SalanC
410963724 63098321 410961554 19719873
410964269 63098321 410727461 50337878
410966011 19719873 410963724 63098321
410968478 63098321 410759008 nayumii
410969906 63098321 410966011 19719873
410977061 19719873 410969906 63098321
410977638 41653428
410979363 simphiwe_zuma
410981144 63098321 410979363 simphiwe_zuma
410982516 63098321 410977638 41653428
410982818 simphiwe_zuma 410981144 63098321
410985451 63098321 410982818 simphiwe_zuma
410986924 anhongse
410988386 63098321 410986924 anhongse
410989346 41653428 410982516 63098321
410989490 simphiwe_zuma 410985451 63098321
411000623 no_future
411007100 LittleHoney
411009074 63098321 410989490 simphiwe_zuma
411009787 63098321 411007100 LittleHoney
411010714 anhongse 410988386 63098321
411017824 LittleHoney 411009787 63098321
411140859 36008787 411010714 anhongse
411144032 50270374
411177811 mayichaoren
411178046 mayichaoren
411811229 nayumii
411814205 65594490
411814238 56996764
411842645 38785303
412826807 63098321 411144032 50270374
412827919 63098321 411178046 mayichaoren
412828577 63098321 411814238 56996764
412829067 63098321 411842645 38785303
412951631 62994250
412954447 66549666
412954852 lovepinky
412956275 34325113
412958200 lover890612
412967787 36008787 412956275 34325113
412970291 breadwalk
413174397 63098321 412951631 62994250
413174779 63098321 412954852 lovepinky
413176239 63098321 412958200 lover890612
413176286 63098321 412970291 breadwalk
413176860 sunshine__wang
413177831 41883823
413180698 63098321 413176860 sunshine__wang
413181053 47666486
413181160 63098321 413177831 41883823
413181271 63098321 413181053 47666486
413226838 sunshine__wang
413242047 63098321 413226838 sunshine__wang
413306564 50270374
418125994 64559292
418133438 pinkycon
419923459 56058896
419924887 yeang322
419925296 48066817
379481297 2203792 379422068 63098321
379483421 41566868
379492950 cielle_bleu
379540331 tianku 379492950 cielle_bleu
379546632 40415758
379574039 tianku 379546632 40415758
379579067 64426261
379580268 tianku 379579067 64426261
379580844 63098321 379435800 minagawa
379581650 wukongxiaojie
379581731 63098321 379492950 cielle_bleu
379581954 63098321 379483421 41566868
379584099 63098321 379579067 64426261
379584364 63098321 379580268 tianku
379584554 62058886
379586786 41566868 379581954 63098321
379587803 56603047 363149496 acohol
379588819 56603047 363167138 4485651
379590244 56603047
379591374 64426261 379580268 tianku
379592126 64426261 379584099 63098321
379594088 tianku 379584364 63098321
379594650 tianku
379599096 64426261 379594650 tianku
379600056 63688405
379600727 tianku 379599096 64426261
379602558 64426261 379600727 tianku
379602842 37547814
379604252 tianku 379602558 64426261
379607008 64426261 379604252 tianku
379608853 tianku
379609441 52840010
379610843 64426261 379608853 tianku
379611825 tianku 379610843 64426261
379613911 56287403
379614582 64426261 379611825 tianku
379615102 60120536
379615400 tianku
379620595 54979545
379623967 52199577
379639797 47073220
379652302 40415758 379574039 tianku
379652857 silver_ma
379655208 tianku 379652302 40415758
379655448 tianku 379639797 47073220
379719298 annabelleliahb
380023135 63098321
380023201 63098321 379600056 63688405
380023630 63098321
380023676 63098321 379620595 54979545
380023946 63098321 379613911 56287403
380024006 63098321 379609441 52840010
380024070 63098321 379652857 silver_ma
380024150 63098321
380024205 63098321 379584554 62058886
380024224 63098321 379615102 60120536
380024301 63098321 379602842 37547814
380024556 63098321 379623967 52199577
380024624 41653428
380024646 50270374
380024667 63098321 379594088 tianku
380024722 63098321 380024646 50270374
380024750 60887396
380029032 thinkforlivng
380060617 41566868 380023135 63098321
380069513 63098321
380069610 63098321 380029032 thinkforlivng
380069654 63098321 380024750 60887396
380071096 41566868 380069513 63098321
380072235 zhenglin0577
380072656 tianku 380024667 63098321
380079761 41566868
380083473 tianku
380084119 63098321 380072656 tianku
380087915 41566868 380083473 tianku
380088850 wlj2lhx
380105041 thinkforlivng 380069610 63098321
380107985 tianku 380088850 wlj2lhx
380279162 56287403 380023946 63098321
380284852 50318949
380288555 deckel
380567011 nicolewoo_88
380567349 chenchenteufel
380573044 tianku
380573501 63098321 380288555 deckel
380573691 63098321 380567011 nicolewoo_88
380573721 63098321 380567349 chenchenteufel
380573768 63098321 380573044 tianku
380581089 zhi.kui
380586148 deckel 380573501 63098321
380587194 tianku
380587549 tianku
380589386 3471641
380857343 chenchenteufel 380573721 63098321
380859338 mayzo
380862145 at3000
380959370 tianku 380857343 chenchenteufel
380959508 tianku 380859338 mayzo
380960629 butterflyway
380961750 wushengecho
392443380 63098321
392443580 3484680
392443617 63098321
392443823 63098321
392443940 63098321
392444793 3484680 392443940 63098321
392445572 63098321
392445818 63098321 392443580 3484680
392447132 3484680 392445818 63098321
392447993 58964015
392448069 50664424
392448121 40345086 392443823 63098321
392448512 woyaochirou
392448580 woyaochirou 392448121 40345086
392451747 40345086 392448580 woyaochirou
392452998 54339131
392453082 63098321
392453402 63098321
392453591 63098321 392448512 woyaochirou
392453678 63098321 392451747 40345086
392454191 63098321
392454540 58964015 392453082 63098321
392454733 40345086 392453678 63098321
392455158 flyfuck
392455299 63098321
392455526 54569707
392455792 63098321 392455158 flyfuck
392458871 41512441 392445572 63098321
392459110 50581867
392459680 50581867
392459958 50581867
392460779 54339131 392459958 50581867
392461193 51769640
392497434 woyaochirou 392451747 40345086
392497493 woyaochirou 392453591 63098321
392523488 63098321 392460779 54339131
392523693 63098321 392461193 51769640
392523928 63098321
392629419 45239383
392734516 SuperMarioHSU
392878349 63061364
393490480 63098321
393490518 63098321 392878349 63061364
393491374 63098321 392629419 45239383
393515918 63061364 393490518 63098321
393526897 64343929
393527256 vyfly
393528271 lion3610400
393529568 SuperMarioHSU 393490480 63098321
393531016 45920757
393533269 63098321 393526897 64343929
393533863 63098321 393528271 lion3610400
393534072 63098321 393531016 45920757
393534387 58415886
393535001 lion3610400 393533863 63098321
393535384 63098321 393534387 58415886
393537322 63098321 393535001 lion3610400
393541208 valentineross
393541585 lion3610400 393537322 63098321
393547740 63098321 393541585 lion3610400
393548178 63098321 393541208 valentineross
393548336 62997706
393565488 63098321 393548336 62997706
393568921 wanxcat
393601888 3831443
393603611 LaSe.K 363158229 61289074
393604646 48898575
393611153 62997706 393565488 63098321
393617145 babyfaceY
393643871 l66556566
393671637 61289074 393603611 LaSe.K
393673622 64859542 393643871 l66556566
393674023 64859542
393794834 64343929 393533269 63098321
393852826 longlegeyang
393860569 2817748
395042365 63098321 393568921 wanxcat
395042526 63098321 393601888 3831443
395043107 63098321 393611153 62997706
395043749 63098321 393852826 longlegeyang
395044213 63098321 393860569 2817748
395044731 63098321 393617145 babyfaceY
395045358 63098321 393674023 64859542
395049425 53958145
395051732 63098321 395049425 53958145
395054317 sdyswb
395055051 14832763
395055186 sdyswb 395054317 sdyswb
395055873 52121118
395057518 63098321 395055051 14832763
395057782 63098321 395055186 sdyswb
395057855 63098321 395055873 52121118
395061199 46739823 395055873 52121118
395061982 46739823
395062532 63098321
395062880 63098321
395063375 63098321 395061982 46739823
395063381 blair891
395064076 63098321 395063381 blair891
395064645 60119828
380969729 nanx
380970632 duadu2008 363145188 acohol
381336318 63098321 380581089 zhi.kui
381336505 63098321 380857343 chenchenteufel
381337185 63098321 380960629 butterflyway
381337520 63098321 380961750 wushengecho
381337870 63098321 380969729 nanx
381338397 63098321 380279162 56287403
381339150 3568886
381340887 63098321 380587549 tianku
381341135 63098321 381339150 3568886
381349096 tsubaki666
381349151 sammy_sxm
381359151 3568886 381341135 63098321
381359457 taoyao6929 363179714 63098321
381361106 27014623
381371010 tianku 381349151 sammy_sxm
381371575 tianku 381361106 27014623
381372034 tianku 381339150 3568886
381379308 63870286 379574039 tianku
381381088 3568886 381372034 tianku
381381584 tianku 381381088 3568886
381381651 AlexJJ
381381804 3568886 381381584 tianku
381381870 3568886
381382220 tianku
381382534 tianku 381381804 3568886
381382727 schery
381382890 suzeyang 381381804 3568886
381383060 60851392
381384296 AlexJJ 381381870 3568886
381384668 63870286
381385692 butterflyway 381337185 63098321
381385988 63004570 363143525 58223368
381397726 nanx
381420618 63098321 381381804 3568886
381421767 tianku 381382727 schery
381422886 63098321 381397726 nanx
381426269 63098321
381427253 63098321 381385692 butterflyway
381428493 59530846
381433250 butterflyway 381427253 63098321
381434798 likn
381554738 AlexJJ 381427253 63098321
381567684 56287403 381338397 63098321
382332389 63098321 381567684 56287403
383946606 3568886
383987144 wcstsy
383989236 Bunnyshmily
386638310 yvetteee
386675049 myt116
386699447 64975820
387005012 nan517
387006481 THEBOURNE
387007659 64343159
387029536 44876848
388438613 63098321 383987144 wcstsy
388438747 62519473
388438748 63098321 387029536 44876848
388438902 63098321 388438747 62519473
388439063 63098321 387007659 64343159
388439634 63098321
388439874 63098321 387005012 nan517
388439966 63098321 386638310 yvetteee
388440141 63098321 386699447 64975820
388440235 63098321 386675049 myt116
388440989 62519473 388438902 63098321
388441409 mingzibeizhanle 388439634 63098321
388651785 wcstsy 388438613 63098321
388652529 zhangyibin
388808813 63098321 388441409 mingzibeizhanle
388813772 huyababay 388808813 63098321
388817944 MolinCheung
388843514 37165773
389027050 44876848 388438748 63098321
390595191 Renaissance_w
390598116 63098321 388817944 MolinCheung
390598316 63098321 388843514 37165773
390598498 63098321 390595191 Renaissance_w
390598631 63098321 389027050 44876848
390606182 37321519
390606577 63098321
391300328 63098321 390606182 37321519
391302450 62428166
391304163 37321519
391307791 62869877
391749589 2722263
392229999 4503087
392246342 63098321 391307791 62869877
392246405 63098321 391302450 62428166
392246787 63098321 392229999 4503087
392246851 63098321 391749589 2722263
392334837 2934911
392375659 cheryl_wang
392378948 61817631 391749589 2722263
392379591 41512441
392379700 41512441
392380555 60055596
392380592 58617553
392392190 40345086
