375210194 efglady
375210325 56111667
375210454 OMGboring
375212293 34060549
375214490 OMGboring
375215111 47029555
375215257 34060549 375214490 OMGboring
375219101 OMGboring
375220033 34060549
375221776 55934586
375222379 60263106
375222388 24498407
375222472 simphiwe_zuma
375223326 58219000
375226102 34060549
375227968 KtpgSeven
375254644 49201757 375219101 OMGboring
375256766 yovitam
375278782 55934586 375226102 34060549
375279024 lxl0214
375279166 lxl0214 375222388 24498407
375291229 54391657
375291325 54391657
375298902 24498407 375279166 lxl0214
375299817 49767506
375300417 lmorita
375301974 58758166
375302244 DystopiaBlanca
375302821 E-f-f-y
375303594 Le.89
375303752 Le.89 375222388 24498407
375304473 hichenruo
375304590 61955221
375308346 24498407 375303752 Le.89
375346561 Le.89 375308346 24498407
375346956 52459455
375348455 1683143
375350682 62293702
375397568 Ansyu
375424929 24498407 375346561 Le.89
375428632 34060549 375350682 62293702
375429561 34060549 375278782 55934586
375433023 34060549 375304590 61955221
375434982 xjupup
375435202 E-f-f-y
375440323 34060549
375440697 E-f-f-y 375440323 34060549
375441957 34060549
375442370 34060549
375442536 E-f-f-y 375441957 34060549
375442756 51816189
375443989 E-f-f-y 375442756 51816189
375446074 4536722
375446558 susantse
375468929 mistycanyon
375470187 28545357 375440323 34060549
375474929 efglady
375475025 efglady
375476134 efglady 375470187 28545357
375476838 queen.two-no
375476868 34060549 375474929 efglady
375478447 hichenruo 375428632 34060549
375478797 Travel.Dawn
375478987 fengqingwei 375215111 47029555
375480422 34060549 375478447 hichenruo
375481344 hichenruo 375480422 34060549
375482865 34060549 375481344 hichenruo
375483249 34060549 375481344 hichenruo
375483965 hichenruo 375482865 34060549
375485121 zhengjian127
375485133 34060549 375483965 hichenruo
375499004 42000854 375219101 OMGboring
375499569 42000854 375254644 49201757
375501622 Hey-Hey
375503344 muzi_567
375504626 OMGboring 375499004 42000854
375505109 OMGboring 375501622 Hey-Hey
375505142 littlemaomaoc
375512042 smy.ls
375512293 61955221
375515524 42000854 375504626 OMGboring
375516980 OMGboring 375515524 42000854
375522201 23414895
375532099 53682621
375532313 42000854 375516980 OMGboring
375532662 OMGboring 375532313 42000854
375533239 dsecho
375537588 49201757 375499569 42000854
375543401 34060549 375512293 61955221
375543785 34714800
375544169 34104130
375546025 34104130 375428632 34060549
375547721 48578279
375550823 34060549 375546025 34104130
375558046 2030100
375562839 56675092
375563681 42000854 375537588 49201757
375569368 34104130 375550823 34060549
375570416 huyc
375573187 34060549 375569368 34104130
375573281 48372993
375584308 51816189
375588228 fengqingwei
375590209 lizheqian
375592564 Le.89 375424929 24498407
375638190 61955221 375562839 56675092
375746898 53720688
375751968 Miss.Lynne
375752757 helone
375754102 zhaomirror
375760631 49995163
376117990 49201757 375563681 42000854
376129435 yanever 375279166 lxl0214
376129931 yanever 375573281 48372993
376135228 lxl0214 376129435 yanever
376136459 lxl0214
376136682 lxl0214 375570416 huyc
376139244 huyc 376136682 lxl0214
376152014 lxl0214 376139244 huyc
376152701 48372993 376129931 yanever
376166788 DystopiaBlanca 375573281 48372993
376187220 42000854 376117990 49201757
376197017 58291263
376198356 xu25965
376201141 leanham
376206579 43867741 375304473 hichenruo
376209851 43867741
376210570 xiongmaoa
376214267 enjoyjennyaa
376224603 50787468
376226063 58928379
376242925 hichenruo 376206579 43867741
376248586 43867741 376242925 hichenruo
376300991 49201757 376187220 42000854
376309382 42000854 376300991 49201757
376403342 34060549 376209851 43867741
376419741 43867741 376403342 34060549
376438972 34060549 376419741 43867741
376444422 42570768
376447912 43867741 376438972 34060549
376448111 43867741 376444422 42570768
376449911 34060549 376447912 43867741
376450563 nana101312
376450881 42570768 376448111 43867741
376451556 43867741 376450881 42570768
376452179 42570768 376451556 43867741
376454185 43867741 376449911 34060549
376454897 43867741 376452179 42570768
376457708 34060549 376454185 43867741
376463349 42570768 376454897 43867741
376464208 42841033 375219101 OMGboring
376476975 59808113
378064117 ppcycyc
378572181 HOLICZHOU
411605423 57461593
411606458 57461593 376454897 43867741
411607588 57461593
