363968472 samfarewell
363969895 wlj2lhx
363970014 49642536
363970343 iamsilky
363970442 4408291
363971031 losevoice
363971555 61785194
363972682 44042980
363973495 stayhappy
363974270 olivia1124
363974901 35029562
363983171 57297354
363984188 miraclej
363985913 convallaria7 363970343 iamsilky
363995899 50217791
363997420 jiajias1216
363998065 48438982 363969895 wlj2lhx
364004917 wlj2lhx 363998065 48438982
364007018 impedance
364007710 leavesye929
364008124 45975617
364009667 absintheye
364010904 impedance
364055239 28088228
364055495 46903946
364055795 3034099
364057595 3418037 363970442 4408291
364057898 57772675
364060183 simphiwe_zuma
364060691 xxz711
364060764 sSs_
364061264 mcheineken
364061306 49686015
364061469 62168894
364061882 53721813
364061949 impedance
364064756 le-renard
364065471 honey-yuz
364065726 honey-yuz
364065829 manlimonkey
364065840 rabbitsheila
364067609 4186658
364069746 54109634
364082018 49642536 364067609 4186658
364084897 4186658 364082018 49642536
364089789 fengqingwei
364090397 60514560
364099775 46694606
364114784 31035506
364117215 chukaye
364117834 6769611
364118695 nothing9246 364089789 fengqingwei
364120153 fengqingwei 364118695 nothing9246
364123724 melody95
364124122 fatbook
364177111 yyyEviana
364177525 4408291
364178752 63188914 363972682 44042980
364179512 widecat
364181567 49020147
364185991 50787468
364205994 49642536 364124122 fatbook
364273425 55883599 363971555 61785194
364273793 55883599 363983171 57297354
364275162 41929340
364277106 55883599 364089789 fengqingwei
364279039 fanmengya
364279574 46067720
364279984 fanmengya
364280942 fengqingwei 364277106 55883599
364285122 alleny 363969895 wlj2lhx
364294476 57297354 364273793 55883599
368465526 55883599
368466595 63528365
368468849 roychun
368474853 irisbaobei
368478599 1548933
368533441 ciarazhou
368534450 niceto_fuck_you
368542281 59247137
368542324 tou0306
368549936 Seife
375810362 1557815
375820802 jikazi
375821278 45975617
375821546 pilunuo
375858343 55883599 375821278 45975617
375858494 JakeNow
375859486 45975617
375860101 55883599 375859486 45975617
375860313 55883599 375858494 JakeNow
375860686 61284550
375860793 wen19900814
375860971 wayiee
375861175 49919817
375861893 55883599 375860793 wen19900814
375862036 53103908
375862113 1267390
375862165 1267390
375862205 1267390
375862247 1267390
375862327 55883599 375861175 49919817
375862628 61761114
375863725 55883599 375862036 53103908
375863947 55883599 375862165 1267390
375864291 wen19900814 375861893 55883599
375864433 49293730
375864892 jinglovexuan
375864895 55883599 375864291 wen19900814
375865149 4024435
375865570 1267390
375865851 wen19900814
375866042 46868814
375866359 59056785
375866536 flowersedge
375867432 50184076
375867965 62579648
375873370 nicholewu
375876834 59314994
375877265 45975617
375877437 43025689
375878402 45975617
375879437 53018522
375880413 4528753
375881236 tiramisu228
375882779 h7h
375884152 sulam
375884455 55883599 375880413 4528753
375884956 55883599 375884152 sulam
375885018 47861302
375885614 turandot1224 363971555 61785194
375886900 echoed
375888004 KK353104959
375890205 12581276
375891451 58341010
375891457 58341010
375892626 amyjet
375892931 KtpgSeven
375893226 viviannnn
375893837 46491346 363974901 35029562
375894001 58965080
375894115 51016333
375897674 1077234
375897722 59264364
375898758 2713922
375899744 48270203 363969895 wlj2lhx
375899975 jormin
375900486 HouseM.D
375903233 58437113
375903781 43850958 375900486 HouseM.D
375904164 46284321
375906754 48814561
375908246 43492772
375912423 UncleDon
375915841 35306776
375916749 HouseM.D
375917472 tuxuan
375917642 48932443
375917941 48932443 375917472 tuxuan
375918286 48932443 375885018 47861302
375920836 59773018
375920956 55883599 375899744 48270203
375921136 diandian711
375921176 61234198
375922415 huahuayaojianfe
375922680 rhy-
375922879 TVfXQ
375922982 wennuannuanmath
375924064 41036709
375925797 qdshenhai
375927194 eningma
375928417 48687443
375929683 48687443
375934302 2910280
375934615 37513168
375936043 jessie1589
375936157 55386363
375937513 57828907
375937607 freeman7236
375949929 62193048
375951554 58928379
375951677 58928379
375951837 lilac_peipei
375952330 m0rtiny
375952369 49367764
375952672 53606952
375955209 corsair
375955401 seven_lin
375956003 49196465
375957401 ljane
375957466 mrbigloenlysss
375958612 44008231
375962824 4714022
375965129 roi-zx
375966412 groovyX2
375969135 60519757
375970761 53231962
375971079 53419349 363970343 iamsilky
375972438 tuxuan
375972481 2450130
375972547 59314994 363969895 wlj2lhx
375973063 41515044
375973075 59314994
375974031 48720704
375978604 2450130
375980880 youngsky
375981653 wsxh 375980880 youngsky
375981773 wsxh
375985095 myenn
375985294 58219000
375985626 62227450
375985928 2198396
375986080 jiajiameggie 363984188 miraclej
375986427 50870784
375988675 52816854
375988685 56784544
375989464 55883599 375970761 53231962
375989643 55883599
375989808 55883599 375980880 youngsky
375990981 bingosunset
375998767 54057549
375999301 wangkeying
376021942 wlj2lhx 375972547 59314994
376031020 61323046
376103562 55883599 376031020 61323046
376118704 61323046 376103562 55883599
376119226 52173260
376120420 yyllis
376710887 49642536
377806101 4528753
378323371 64083471
378325582 leungkaman
378325885 On-my-own
378326612 daisy_cheung
378329132 dbjus1
378336800 64237559
378339031 lkmcl37
378340177 49196465
378341036 49409036 375897674 1077234
378341949 56131295
378343783 wangdaosad
378345750 3644572
378346717 49066765
378346985 1077234 378341036 49409036
378347342 guochi
378349720 zcl_531
378387293 fox_su
378391147 48498521
378417869 q541231522
378419749 47959701
378421622 3807930
378424641 yuyu427
378429500 59797954
378430160 3940424
378430479 lordlynn
378431018 45968141
378431067 thebig
378432040 36047877
378433074 52544152
378434166 52975498
378439372 Hifana
378440425 atom012
378440476 sevena
378451230 dreamdream-C
378451450 xiaol123456
378451993 60378481
378454398 ouyio1
378478234 jijillwang
378491738 willlogion
378520977 50222423
385527824 26413510
385528373 love19347310
385528924 xxxxmmmm
385529888 eve_lyons 375862036 53103908
385530069 rcpenny
385530998 eve_lyons
385531757 36116286
385535104 55951542
385536100 2488132
385537391 40536922
385552154 zhen826
385571992 60558046
386362900 64079031
386364516 1350609
386382945 banxiaxiaoyu
386383420 2652727
386384137 64742251
386385978 34708293
386443289 64728391
386444946 59094963
386445731 61583627
386449081 34500307
386449472 49919817
386455122 39590096
386455620 63659560
386457213 47364763
386458353 woshibill
386458930 HouseM.D
386504835 56903565 364124122 fatbook
386505403 41883823
412566050 cdmmystery
412566349 tizzchu
412566508 67129656 363985913 convallaria7
412566536 67129656 363970343 iamsilky
412566547 50203767
412567182 xiaoxx
412567733 amewang
412567815 HUANGHUI17BAN
412592269 44160733
412593201 54370447
412594482 65527018
412595320 Cecila-Dream
412596193 52756099
412597571 in710
412602535 45119625
412603632 bocimakeit
412603797 26366532 363970343 iamsilky
412604170 62091552
412605076 chinaren0123 363969895 wlj2lhx
412605162 59023329 363970343 iamsilky
412605335 65370041
412605939 littlebluebaby
412606169 46193153
412608487 61537984
412611358 62475509
412611791 J_E
412621870 milamiyaff
415432382 ceciliaycx
415432754 34910155
415433426 graciepoo
415435341 61828672
415435467 64021503
415437404 52072550
415437943 inmars
415438955 tangtanghl
415588808 zhouyu198931
415673932 57451690
415674109 57451690
415806279 43821502
415835061 miRroRtic
415836349 59601145
415837162 sweetlovexiaoxi 364009667 absintheye
415848852 41543222
415849115 lsmichelle007
415849541 Amber8520
415849768 wangyunzhu
415850082 yuga4ever
415850573 53252058
416009040 4150299
416010320 cherry-chen
416023663 38082892
416024007 61537984
416027085 49142212
416027403 rockicey
417179281 CHHHH
417219017 57071949 364007710 leavesye929
417219569 pianist
417222763 halayami
417229551 iamxiaof
417229552 iamxiaof
417229553 iamxiaof
417229555 iamxiaof
417229584 iamxiaof
417248110 53498388
417248336 43076826
386798128 50585487
386861497 52104359
386862021 49685319
386862871 2086948
386865330 zhangby2
388079604 64370758
388087095 lemaontwo
388089210 xiribanqing
388096239 62783786
388284314 47118653
388285421 64655907
388286279 2363758
388286753 usuallybaba
388293124 groovyX2
388306640 62836793
388307217 47697886 388306640 62836793
388307317 47697886
388323301 charsays
388326949 ranwuwu
388414372 61189039
388415767 joylan
388418071 24158590 375860793 wen19900814
388419074 43607054
388419338 46868814
388420652 rubychang
388425896 maomao0703
388501960 28559746
388504981 61345991
388508332 44591654
388510742 3894225 364089789 fengqingwei
388511823 3894225 375859486 45975617
388555435 yaoluliu
388569511 onionear
388579737 50631382
388595160 guangyintree
388596990 64583759
388627605 50425329
388629795 58549782
388631110 62970985
388643283 vikeydyx
388657411 wen19900814 388418071 24158590
388659540 58916658
388660197 moyistudio
388660230 62519473
389627255 solaelie
389627640 2165541
389685673 soul910405
389688867 XC911
390018921 52064504
390496852 kristinryan
390497347 57755518
390499638 3897743
390499932 60664797
390500083 60664797
390500520 BellaY_JoeH
390500650 etern1ty
390558644 55883599 390500083 60664797
390561946 60664797
390567383 HouseM.D
390645412 44860635
390663370 49422292
390663809 gl19930429
390671874 43986115 390567383 HouseM.D
390677505 AANANNAN
390681023 53053744
390682383 iloveicecream
390682635 MolinCheung
390683007 57070212
390799592 3539316
390800920 4692777
390835550 3796092 390567383 HouseM.D
390929697 hitina
390930444 64636485
390930919 59654890
390992742 60558046 390567383 HouseM.D
390993668 42790532 363969895 wlj2lhx
391029140 HouseM.D 390992742 60558046
391034688 spongicola
391036599 maomaozai 364007018 impedance
391097378 zhaoxiaoyan
391098256 mrbigloenlysss 390499932 60664797
391098539 49616822
391101201 qx2
391110859 3510942
391113301 joyjoy123
391113854 youngmykw
391115279 48806989
391126449 48491879
391131374 49642536 390929697 hitina
391134535 Alice1900
391135696 63915708
391486027 65217615
391512837 60558046
391514563 39645604
391571089 HouseM.D 391512837 60558046
392076873 62725702
394812215 49076269
394814999 2659397 363971555 61785194
394815693 47518652
394816004 shaoxueying
