366524444 joylan
366524861 2302448
370662144 49033408 366524444 joylan
370662246 49033408 366524861 2302448
370663162 59884436
370663531 zhaya
370664368 amazing008
370672755 sharonchang1
370673065 63218646
370679615 43523089
370679693 43523089
370679696 mido23
370753633 49033408 370663162 59884436
370753796 2603656
370753848 49033408 370663531 zhaya
370754053 49033408 370664368 amazing008
370754204 49033408 370672755 sharonchang1
370754234 allen3iverson
370754319 49033408 370679615 43523089
370754532 49033408 370754234 allen3iverson
370754634 cocococo
370756650 49033408 370754634 cocococo
370756968 cocococo
370757549 51655609
370758168 51655609
370758494 Xiao_pu1220
370758624 cecilla0923
370758760 51655609 370758494 Xiao_pu1220
370759143 51655609 370756968 cocococo
370759464 49033408 370756968 cocococo
370759473 51655609 370758624 cecilla0923
370759754 49033408
370759922 49033408 370758624 cecilla0923
370762767 annonymous
370766706 51655609 370762767 annonymous
370767050 annonymous 370766706 51655609
370767628 49033408 370767050 annonymous
370772443 46194161
370775843 joylan
370776086 allen3iverson 370754532 49033408
370776735 amazing008
370781270 zhaya
370783554 49033408 370775843 joylan
370783885 49033408 370776086 allen3iverson
370784259 49033408 370776735 amazing008
370784390 49033408 370781270 zhaya
370787950 zhaya 370784390 49033408
370792382 49033408 370787950 zhaya
370793160 zhaya 370792382 49033408
370793560 olivia-liv
370797549 zhaya
370808983 49033408 370793160 zhaya
370810625 olivia-liv 370797549 zhaya
370812165 nanban2006
370814705 zhaya 370808983 49033408
370815162 44854071
370815902 junrmy
370816118 nickycat
370823331 cocococo 370815162 44854071
370823918 58928379
370824816 44854071 370823331 cocococo
370825254 44854071 370823918 58928379
370825945 46178667
370867284 allen3iverson 370783885 49033408
370869631 53460116
370870172 TooJoy
370871292 49109082
370871599 sunnylefay
370873655 SoberEmbrace
370906706 49033408 370871292 49109082
370924380 cocococo 370824816 44854071
370930720 44854071 370924380 cocococo
370978870 4024435
370986495 49033408 370930720 44854071
370986671 49033408 370870172 TooJoy
370991652 cocococo 370930720 44854071
370992396 4495072
371000847 20561500
371015301 63368061
371208636 joylan 370783554 49033408
371210628 cug17108110
371211065 colinevol
371423785 49033408 371210628 cug17108110
371712519 4495072
371727073 cug17108110
371729857 Misseleven
371730016 HeLeNNeLeH
371731167 zhaya
371749312 50414567
371749322 50414567
371749342 50414567
371768117 cocococo 371729857 Misseleven
371774145 49033408 371729857 Misseleven
371788249 49033408 370814705 zhaya
371835882 lisawang7
371836121 47099180
371895328 cug17108110
372032344 49033408 371895328 cug17108110
372032564 d10bar
372032761 49033408 370824816 44854071
372032807 49033408 372032564 d10bar
372032907 49033408
372033157 61195907
372033426 olivia-liv 371774145 49033408
372034292 49033408 372033157 61195907
372038470 langel77
372041212 cug17108110
372045308 3082027
372150011 49033408 372041212 cug17108110
372154215 49033408 372045308 3082027
372156535 myway510
372285878 49033408 372156535 myway510
372293998 wrbaby
372295502 M8888888
372317857 50798252
372380447 49033408 372317857 50798252
372381439 49686450
372473621 Mrlawrece
372474576 49033408
372475283 49033408 372473621 Mrlawrece
372476894 49212091
372477841 Mrlawrece 372475283 49033408
372498439 lisawang7
372528585 4638013
372530243 pql295882844
373376753 cpy92
373385901 cug17108110
373439232 1358204
373510222 lawyerlau
373981411 49033408 373376753 cpy92
374200420 49033408 373385901 cug17108110
374200815 49033408
374201225 49033408
374204806 Wild-dora
374235449 37466270
374830661 48927113
377268949 34750721
378181852 F_Lafite
378183577 46590503
378183599 46590503
378189753 reneemiemie
384515347 45325266
417042719 60189663
