367211896 58343409
367211962 iammissg
367212084 58343409 367211962 iammissg
367212603 4679010
367212749 58343409
367212895 52473010
367212990 summerlk
367213107 iwasekenzo
367213454 iamrighthere
367214234 Alage
367214404 58343409 367213107 iwasekenzo
367214545 58343409 367214234 Alage
367215290 48084963
367215619 58175343
367215644 1004210
367215713 57575189
367216310 vitsii
367216553 54010663
367216823 58343409 367215644 1004210
367217066 58343409 367216553 54010663
367217131 Jasoy
367217252 63242197
367217461 33461423
367217762 whatafday
367217831 58343409 367217131 Jasoy
367218440 58343409 367217461 33461423
367219154 58343409
367219898 48625326
367220628 58343409 367219898 48625326
367220666 3793547
367221121 58343409 367220666 3793547
367225618 48625326 367220628 58343409
367225901 48625326 367220666 3793547
367227686 2365074
367227753 ricsung
367229864 yr95
367230632 Hifana
367231808 jesscat
367233421 amyjet
367233526 4723158
367238875 ytztx
367246646 sybilho
367247168 doudouku3
367249002 stirbundwerde
367249411 51583890
367253136 53091490
367253421 58343409 367227753 ricsung
367253894 blackswan1205
367253997 lushuyu 367215644 1004210
367254294 GJXUN
367255027 lushuyu
367255515 58343409
367257521 jasonwar
367258073 47032502
367258560 lulusheep
367259922 4496285
367259963 23321019
367260474 49745620
367261377 3793547 367221121 58343409
367261566 58343409
367261647 58343409 367261377 3793547
367261754 58343409 367259963 23321019
367262023 3793547 367225901 48625326
367262665 3793547 367261647 58343409
367264026 xiehuayingxhy
367265703 meiyongqi
367265716 1816481
367266171 23321019 367262665 3793547
367267239 58343409
367268857 Hifana
367270447 48625326 367262023 3793547
367270600 48625326 367268857 Hifana
367270912 mengfenfei
367271527 48625326 367247168 doudouku3
367273953 14305300
367274622 3793547 367266171 23321019
367274776 63055897
367274945 3793547 367270447 48625326
367274980 59064601
367275472 63055897 367268857 Hifana
367276806 42806952
367279181 23321019 367274622 3793547
367283828 cattyking911
367284125 3793547 367279181 23321019
367284906 23321019 367284125 3793547
367285400 3535359
367289544 48625326 367274945 3793547
367292847 3793547 367289544 48625326
367293941 48625326 367292847 3793547
367294401 goter
367296139 zljym
367296718 goter
367296962 Lily-C
367298354 63306250
367299243 35182512
367299292 3793547 367293941 48625326
367300407 yyzy
367303047 iheartu
367307135 58343409 367303047 iheartu
367308259 60160445
392790359 chiba49
392790690 chiba49
392791537 4714068
392791607 49807584
392809276 60917567
393282788 nonoyoyo
393282872 yingwenyeeeeeee
393285194 56145029
393295303 MOTHER-FUKERRRR
393295569 MOTHER-FUKERRRR
396413463 58343409
396417758 ccihr
397141229 jjlin2
397141386 jjlin2
397340192 mengyeyue
397345192 36348332
401005530 58343409
401018369 aoi-enco 367225618 48625326
401020616 44443373
401025380 48258839
401030325 50408775
404407799 41801403
404407841 cavian
404428691 you2me
404433572 56888830
404892619 neverfound
404893410 LuckyStrikeF
405007660 deng1008
405012408 58343409
405110863 daphnes
405118167 58343409
405224924 shamanairyear
406650432 MsHsu
406669678 dora.uup
406671414 62771708
406682870 39626107 392790359 chiba49
406692322 33193303
418915518 58343409
418916696 TOYOFF
418921199 65759550
367329712 Eskimo.
367339360 58343409
367348299 ginobil
367355886 59967851
367356010 zhaoyafei
367356113 A91
367358409 3807087
367362706 silence3578
367362901 26754683
367364544 49941721
367366067 58343409 367355886 59967851
367366951 usernamejiatao
367367694 57729976
367367983 60160445
367530311 51635015
367656094 shahua
368756681 55934586
368762234 58343409 367367983 60160445
368766296 speeo
368766788 58343409 368766296 speeo
368818849 54360885
368847318 eeeeeason
370397167 qxzxy
370403597 58343409
371118894 63004570
375326488 43688852
375496503 35389815
375574657 13436226
375579824 38575711
375584257 51386842
375585008 49283739
375595836 62193048
375600709 starry_16
375601912 36396401
375606668 KtpgSeven
375608194 4578733
375615135 48391798
375617098 63033010
375620454 qixi
375620628 qixi
375621251 rockquintus
375639640 FSRMD
375644354 50588191
375646836 33365673
375650733 36806859
375652888 stellayea
375670226 zyq0406
375677228 LAMidnight
375720906 MBcore
375723626 lovelaozhao
375724902 olivia_sea
375729953 yaoyaocj
375731851 48854421
375734577 50548036
375761878 54906582
375762552 31628247
375766855 64102937
375836156 nan_sheep
375836168 nan_sheep
375837418 3307188
375841500 shabibi
375844722 63372639
375846044 3184442
375847010 57918756
375867963 53018522
375874749 51415000
375961487 49024455
377272133 abcdeone
377276313 latexfreak
377285148 zeaglog
377299993 dianbou
377303842 2426432
377307279 woshibill
377307437 songs-
377721069 destinie
377721872 61006968
377724261 liqiaoxing
377725187 onlyalice
377728246 57953986
377729690 50302311
377731235 emilysweetheart
377731311 emilysweetheart
377742735 48932443 377307279 woshibill
378085350 59897552
378433412 48228508
379891797 58343409
379895612 27629260
380073771 58463657
380075047 supersaiku
380142221 viya1204
380142225 viya1204
380150040 zhangfuguier
383714135 58343409
392717617 49744878
392720809 woyaochirou
392721891 4150897
392751143 harjol
392752973 3895983
392754063 4024435
392789371 64454830
