367276065 51268635
367276538 58343409 367276065 51268635
367279913 58343409
367281181 annuanxi
367281947 weileilei
367282189 evan8
367282959 45834323 367281947 weileilei
367283033 58343409 367281947 weileilei
367283476 49731029
367284138 cyhing
367284151 54212211
367284782 49731029
367284976 tasangmo
367285322 lucyandcity
367286407 58343409 367285322 lucyandcity
367287262 evan8
367288373 1438345
367288521 3279811
367291572 experanza
367296426 22220957
367297111 tou0306
367297725 50928470
367299871 amyjet
367300030 parity
367306908 58343409 367300030 parity
367316902 MickyMichelle
367317562 evan8 367306908 58343409
367325664 58112589
367326671 46989729
367328639 jujo
367329451 43961488
367329623 arkanax
367329763 28517962
367330561 49667918
367332253 4436781
367333712 just-know
367335009 4024435
367335515 39208936
367337293 Megan34
367337762 eillen-han
367338548 28119175
367339967 58343409
367344754 evan8 367329763 28517962
367344859 nanadeking
367345548 2588887
367346345 zhangxiyuezxy
367346673 62726338
367347194 nanadeking
367348140 so-it-is
367348581 pennyroyalt
367349467 H-huan
367350252 47126690
367358736 3993625
367360311 renxiaoxin
367360918 35694255
367361250 scumfuckkkk
367361823 46936953
367365507 58343409
367366347 taurenchieftain
367385398 58343409 367366347 taurenchieftain
367385992 ShinoCWX
367390127 2236204
367655885 46146542
367661381 fatbook 367360311 renxiaoxin
367795165 58343409 367655885 46146542
368075457 SSheep
368263066 morijumin
368264276 46907365
368266577 47687480
368289715 42025856
368293936 58343409 368289715 42025856
368719710 babyxy006
368726337 58343409 368719710 babyxy006
368782465 babyxy006 368726337 58343409
368782991 58343409 368782465 babyxy006
380711458 58343409
380712961 59731659
380715169 Olivia-h
384104546 58343409 380715169 Olivia-h
384108216 42118220
384111063 sdasa
384111074 56225666
384111198 58343409 384111074 56225666
384111448 44311664
384111654 58343409 384111448 44311664
384480426 49624532
384481334 ccva 367337293 Megan34
384483237 45801810
384507920 58343409
384508518 gaziqian
384510550 Cason777
384511658 61813040
384511717 2450130
384513113 42062652
384513834 luo000
384543418 58341010
384547664 4193022 367330561 49667918
384547705 4193022 384543418 58341010
384574443 nenokkiar
384592214 4391918 384574443 nenokkiar
384594088 weishiyi
384606714 58343409 384594088 weishiyi
384626055 41926030
384973256 3895983
384975522 49863938
385267567 58343409
385502114 38565662
385504894 3344896 367346345 zhangxiyuezxy
385506068 chiba49
385526463 l547302673
385530811 36116286
385531389 daisy3days
385807476 58343409 385531389 daisy3days
389170413 58343409
390210921 shirleyxuqian
390411043 48254108
390629657 64717289
390964510 53289367
390974399 63462666
390976287 51486594
390977712 49041096
391154924 4062899
391498689 58343409
391796149 58343409
391799817 jo9o
391828593 65312177
391836846 57211621
392133655 44351485
392134900 56892961
392297312 40429211
392320664 49156733
392321385 64695149
392324080 62013591
392325353 simule
395414759 50677369
395424294 54381267
395424488 58345434
395427415 ZeroCloud
395806956 L_memo
396413136 58343409
396434480 38626779
396657244 tongoing
401005932 58343409
401006106 58343409 396657244 tongoing
401073431 49012779 384574443 nenokkiar
401079679 58168183
401129430 50004278
401129834 chenge1235
401132302 4244237
401133738 35087113
401134142 61239477
401257842 solomonchina
401355469 58343409
412000751 58343409
412004615 43467800
412008370 muyoushenme
412072639 43832706
412095870 hua100200
412096288 mmdmdd
412097282 TheKings
412100165 64468976
412110166 36326926
412113502 JO....JO
412124179 51381460 367285322 lucyandcity
412144772 pipya
412183738 mmdmdd
412185378 huangbaoliu
412189341 chenzhengsky
412197194 50332687
412201354 56182429
412419366 58343409
412429587 anystar
412439086 wuhanee
417983621 58343409
