367396005 48322184
367396194 58343409
367397562 4169973
367400827 45647349
367406485 57631780
367408185 2790557
367409763 leavingmehere
367417727 58343409
367539284 63294824
367541248 58343409
367542179 46681464
384104878 58343409
384122774 2488132
384124127 58343409
384124560 63033010
384146955 Re_dtc
384244632 58343409
384251215 45932604
384251350 50289370
384251692 35306776
384252593 songflover
384256770 bananatotolo
384257246 omf_
384275723 61439415
384277409 cody44
384279581 48091138
384280838 64843653
384324847 58343409
384326065 49095299
384331818 smy.ls
384334006 52729774
384334361 46141592
384372185 58343409 384334361 46141592
384375217 50691814
384383549 58343409 384375217 50691814
384522765 61571897
384524640 53126197
384533578 Injury
384548081 58343409
384576823 36943560
384595148 51163944
384596668 QQ214
384606463 58343409
384631205 sunshinecrime
384633780 40327489
384946652 oredaiki
384949885 41463107
384997653 58437113
385057985 60502770
385058592 43886455
385059195 Chloe-IZUMI
385267211 58343409
406669344 58343409
406671049 38082892
406675664 windingbaby
406690210 52052506
406690921 55954197
406691083 66675862
406691652 zhouyurui
406720170 3179041
406734043 45687975
406747848 52248610
406749731 2047038
406757836 50798252
406776610 48786558
406782531 2842038
406784232 4714068
406823645 42468522
406824331 36641977
406826740 medlar1101
406857039 44057133
406857805 jer0525
407012224 58343409
407013540 manyue_keita
407079332 58343409
411151816 43120849
411166251 fanfanle
411693098 62525705
411701084 48677000
411716735 31957021
411717326 54812051
411737257 51916546
411737662 46212496
411739275 40036797
411739758 joysland
411743269 42198782
412419420 58343409
412468900 tuntunTT
412479520 56866002
412941413 57538090
412948007 49346401
412948998 14295425
412969401 shyo223
412971286 leolennon
413896996 58343409
413897422 45545386
413941018 huisiumui
414001317 64248840
414003903 45039198
414003927 45039198
414003971 61956360
414008891 ljiangfeng
414026640 58642317
414050996 MsHsu
414051101 mutongxiaobao
414051256 57807157
414051630 4513067
414365856 ilovelost
415710091 58343409
415716956 51125957
415792079 2773167
415802258 61520032
415803101 55708893
415803421 miokoy
415803564 23333724
415803758 zhwyl
415804051 46393693
415804060 54008336
415804164 Aslongaslove
415805858 54370447
415807242 48022963
415809084 66405760
415822416 37699620
415827430 weiboqigong
415828599 61271149
415828850 reneexjl
415839583 57944219
415846303 yooozoh
415901732 3159155
415903058 42062652
415904724 Z09621
415905608 1996130
415911699 64025129
416378247 58343409
416388198 fumanduo
416404704 aboutUs
416408461 42977907
416414437 49064899
416420608 1304341
416534919 63715315
416536646 43211803
416764482 63246871
416767370 wa-wa
417983467 58343409
