368616878 17513893
368616984 63110680
368617150 63110680 368616878 17513893
368617597 57439281 368616984 63110680
368617969 63110680 368617597 57439281
368619016 sket
368619093 heartsdice
368619612 57439281 368617969 63110680
368619639 LoveScarlett
368620727 63110680 368619612 57439281
368620886 57439281 368620727 63110680
368621070 yywz 368616984 63110680
368621636 yywz
368622029 63110680 368621070 yywz
368622385 63110680 368620886 57439281
368622946 yywz 368622029 63110680
368623230 63110680 368622946 yywz
368623715 zhanbosong666
368624101 yywz 368622385 63110680
368624165 57439281 368622385 63110680
368624340 yywz 368623230 63110680
368624943 63110680 368624101 yywz
368625228 63110680 368624165 57439281
368625526 57439281 368625228 63110680
368625966 63110680 368624340 yywz
368626145 63110680 368625526 57439281
368626300 sushinchy
368626345 yywz
368628007 yywz
368628701 yywz 368625966 63110680
368629107 58825261
368631276 63110680 368628701 yywz
368772806 46134569
368773145 46134569 368624101 yywz
368773588 3034062
368773686 46134569 368621636 yywz
368773994 46134569 368616878 17513893
368774401 46134569 368773588 3034062
368775155 46134569 368619639 LoveScarlett
368775841 46134569 368619093 heartsdice
368778261 4633564
368779450 4061172
368780071 LoveScarlett 368775155 46134569
368781367 4061172 368773686 46134569
368782764 4061172 368621070 yywz
368784731 47890041
368849473 50090931
368853999 31709634
368876436 46134569
368876499 46134569 368849473 50090931
368876551 46134569 368853999 31709634
368882810 heartsdice 368775841 46134569
368885026 4511813
368888414 44330676
368897042 50090931 368876499 46134569
368897259 50090931 368888414 44330676
368899023 45517162
368907489 44330676
368950054 4061172 368876436 46134569
368954926 45433701
368957645 45517162 368954926 45433701
368958080 45517162 368950054 4061172
368958392 freshsunflower
368958983 52392765
368960291 neko33
368961704 44743611
368962188 44743611 368950054 4061172
368963937 28365747
368964183 4061172 368962188 44743611
368966145 4061172
368973345 mustafaserdar
368993746 43007886
368996564 hezhiqian
369023708 45433701 368957645 45517162
369023869 45433701
369025036 2670524 368619639 LoveScarlett
369028859 2670524
369045323 yywz 368782764 4061172
369046054 yywz 368950054 4061172
369048602 yywz 368966145 4061172
369050567 fanshuwan
369051169 Luv_Frances
369051210 fuckpussy 368622385 63110680
369051872 wangyinqiu 368616984 63110680
369105366 LoveScarlett 369025036 2670524
369105976 50024348
369107331 50024348
369107400 51152763 368620727 63110680
369108021 50024348
369108478 51152763 369023708 45433701
369109876 51152763
369112207 46134569 368897042 50090931
369116145 46134569 368954926 45433701
369117833 46134569
369118945 46134569 369108021 50024348
369146705 50024348 369118945 46134569
369147135 50024348 369117833 46134569
369148909 50024348
369203711 46134569 369147135 50024348
369204030 46134569 369146705 50024348
370661320 45517162
370979279 46134569
370981792 48927113
370982983 zhuxin
370984026 loci
371023764 63658802
371067793 46134569 371023764 63658802
373388192 44838483
373430759 45363271 373388192 44838483
373432975 44838483 373430759 45363271
373492708 46277260
373540172 45363271 373432975 44838483
373593236 44603493
373598247 46043818
373705212 46134569 373388192 44838483
373729030 54109574
373764972 sweetclara
373765699 jj201
373765759 wangyinqiu
373766115 wangyinqiu 373432975 44838483
373911989 44838483 373705212 46134569
373912124 44838483
374008750 46134569
374009501 46134569
374061520 1085473 369028859 2670524
374062044 1085473 373388192 44838483
374062109 1085473 373432975 44838483
374062326 1085473 368784731 47890041
374062372 pnwong
374062375 1085473
374062919 46172705
374064409 missmagicalmomt 374062375 1085473
374117723 1085473 374064409 missmagicalmomt
374119166 missmagicalmomt 374117723 1085473
374128925 1085473 374062919 46172705
374129816 1085473 374119166 missmagicalmomt
374130530 1085473
374134578 blair891
374138655 46043818
374140273 40126291
374376598 46134569 374140273 40126291
374382584 Lalala.
374388928 3523693
374390733 JianBing
374391019 JianBing
374391349 gongleilei
375361175 46134569
375361674 46134569
375464788 gongleilei 375361674 46134569
375525309 46134569
375541702 51807819
376236414 gongleilei 375525309 46134569
376728364 46134569 376236414 gongleilei
376740917 jissmlyn
376772002 gongleilei 376728364 46134569
376773671 yilanfanghua
376775547 57635744
376778963 2679484
376788140 45517162
377025397 46134569 376775547 57635744
377083183 chiba49
377084394 57635744
377167268 46134569
377169318 5947260
377169825 5947260
377170504 zuier1216
377200077 toiletwater 369028859 2670524
377200907 toiletwater
377368906 57872447
377699526 46134569 377368906 57872447
416683621 elan
416695729 46134569 416683621 elan
416709215 45736797
416712547 50024348 416709215 45736797
369204191 46134569
369214174 45433701 369204030 46134569
369215298 45433701 369108478 51152763
369215778 59542071
369238723 51152763
369254896 46134569
369276326 50090931
369472895 50024348 369203711 46134569
369473447 50024348 369204191 46134569
369473677 50024348 369214174 45433701
369473977 50024348
369513193 xuzhao
369514753 62711740
369521410 51152763 369473977 50024348
369550242 3582442
369551832 46134569 369472895 50024348
369552093 46134569 369513193 xuzhao
369552381 46134569 369473447 50024348
369554844 47861302
369556413 49528362
369557577 63402858
369601234 50024348
369601528 50024348 369552381 46134569
369602510 50024348 369551832 46134569
369605106 46134569 369554844 47861302
369605370 46134569 369601528 50024348
369605615 46134569 369602510 50024348
369609656 51152763 369601234 50024348
369619660 47861302 369605106 46134569
369643734 50024348 369605615 46134569
369643843 50024348 369609656 51152763
369646504 51152763 369643843 50024348
369647314 56917272
369647602 nsyta
369661914 xuzhao 369554844 47861302
369686545 raphael0525
369697257 46134569 369619660 47861302
369697345 46134569 369643734 50024348
369698778 shadowlyy
369712688 zhaodiya
369713514 32617887
369721125 47861302 369697257 46134569
369721317 47861302 369661914 xuzhao
369759229 51152763 369601234 50024348
369767758 46134569
369768037 46134569 369759229 51152763
369774437 47861302 369767758 46134569
369782012 51152763 369768037 46134569
369783334 saralondon
369794603 eyesl
369827350 51152763 369768037 46134569
369838274 daisydoo
369839687 daisydoo
369841151 daisydoo
369899072 46134569
369899934 46134569
369900717 46134569 369783334 saralondon
369901258 46134569
369902399 qingmosa
369904209 51152763 369899934 46134569
369904867 51152763
369906085 qingmosa 369904867 51152763
369913742 tansyhe
369914540 47861302 369899934 46134569
369915692 46134569 369904209 51152763
369915709 47861302
369916055 46134569
369916601 46134569
369917043 46134569
369919155 47861302 369916601 46134569
369919647 47861302 369917043 46134569
369922122 51152763
369923280 51152763
369924145 51152763 369919155 47861302
369924810 47861302 369923280 51152763
369925065 47861302
369926580 51152763
369927241 47861302
369928973 51152763
369953447 4336349
369954902 49286290
369955817 lovenca
369956548 45517162
369960595 45517162 369899934 46134569
369961248 47890041 369108021 50024348
369963789 42149227
369963949 45517162
369967877 47890041 369601234 50024348
369969441 59708728
370029916 50024348 369961248 47890041
370045139 qingmosa
370109600 46134569
370297950 raphael0525
370300612 jiangcaicai
370450162 oredaiki
370466735 Xiunvzi
370470367 crazysmallsuger
370649081 50731908
370656557 46134569 370466735 Xiunvzi
370658327 58758166
