369429973 62800443
369430091 52232193
369430574 52232193
369430685 62800443
369431306 52232193
369431963 3351048
369432304 48964691
369432445 miya_o
369432521 52157746
369432679 50896162
369433141 52232193
369433501 52232193
369434309 52232193
369434333 24424854
369434853 52232193
369435435 jiaplusjia
369435606 jiaplusjia
369435737 52232193
369435791 60287223
369435846 zzzhaox
369436055 sssqs
369436607 52232193
369437186 52232193
369437419 52232193
369437656 55571331
369437688 52232193
369438029 52232193
369438092 44867435
369438119 zzzhaox
369438289 52232193
369438624 52232193
369438838 52232193
369438941 52232193
369440008 44867435
369440175 57350475 369430091 52232193
369440498 sssqs
369440590 52232193
369440851 52232193
369441087 52232193
369441373 57616432
369442111 best_times
369442215 best_times 369441373 57616432
369442312 57423865
369442931 grs1992
369443275 grs1992
369443346 48538339
369447243 52232193
369447360 52232193
369447450 52232193
369447541 52232193
369447702 52232193
369447830 Y0307
369447875 52232193
369448070 52232193
369448122 52232193
369448360 HouseM.D
369449025 52232193
369449157 52232193
369449198 52232193
369449266 10392574
369449371 52232193
369449393 52232193
369450323 miya_o
369451166 Mika-Q
369452113 u2vicky
369452341 roychun
369452751 PANNINI
369452983 fmylto
369453039 hygzero
369453153 54756169
369453186 60589647
369453533 2830395
369454639 58543450
369455255 48591404
369456903 51359931
369457051 feisemomo
369457349 62516152
369459259 40805341 369430091 52232193
369459558 57649542
369465462 zellVcheung
369475382 52232193
369475666 Yyq2hqT
369475836 52232193
369476280 52232193
369476454 52232193
369476880 52232193
369477573 52232193
369478193 52232193
369478755 52232193
369479031 52232193
369479271 52816854
369480086 52232193
369480636 eillen-han
369481547 sam0724
369483018 2661926
369483668 52232193
369484689 3475967
369485201 62293702
369487673 4681914
369487898 4681914
369488270 4681914
369488982 Venus_39
369490157 aki7570
369495897 62516152
369502984 52232193
369503163 52232193 369453533 2830395
369504820 52232193 369451166 Mika-Q
369505024 45567853
369505126 52232193 369454639 58543450
369505640 52232193 369455255 48591404
369505897 52232193 369457051 feisemomo
369506216 52232193 369457349 62516152
369506874 2830395
369507284 48591404 369505640 52232193
369507487 52232193 369459259 40805341
369507738 52232193 369459558 57649542
369507926 douxiaonan
369507965 52232193 369465462 zellVcheung
369508307 52232193 369475666 Yyq2hqT
369508510 52232193 369475666 Yyq2hqT
369509202 52232193 369479271 52816854
369509329 52232193 369479271 52816854
369509399 52232193 369480636 eillen-han
369510090 52232193 369481547 sam0724
369510190 52232193 369483018 2661926
369510197 cmmo
369510544 52232193 369485201 62293702
369511407 62293702 369510544 52232193
369511467 62293702 369509329 52232193
369511794 52232193 369484689 3475967
369511953 52232193 369487673 4681914
369512003 52232193 369488270 4681914
369512155 52232193 369488982 Venus_39
369512513 52232193 369490157 aki7570
369512665 52232193 369495897 62516152
369513169 62711740
369513369 52232193 369505024 45567853
369513516 3475967 369511794 52232193
369513807 52232193 369506874 2830395
369513979 52232193 369510197 cmmo
369514332 woosheeta
369514632 52232193 369511407 62293702
369514780 17862627
369514841 62293702 369514632 52232193
369514863 52232193 369513169 62711740
369514922 62293702 369514780 17862627
369514942 52232193 369513516 3475967
369515012 17862627 369514922 62293702
369515262 52232193
369515550 52232193 369514780 17862627
369515972 62293702 369515012 17862627
369516033 52232193 369514841 62293702
369516768 62293702 369516033 52232193
369516836 PANNINI
369517431 42044467
369517669 dashuizaikeshu
369519325 zellVcheung 369507965 52232193
369519600 62516152
369520228 CH-H1010
369521034 52232193 369516768 62293702
369521312 52232193 369517431 42044467
369521643 52232193 369517669 dashuizaikeshu
369521770 48579433
369521946 52232193 369519600 62516152
369522111 52232193 369521770 48579433
369522167 52232193 369520228 CH-H1010
369522227 62516152
369524647 52232193 369522227 62516152
369525555 62516152
369526038 44330676
369526851 zzzzzn
369526880 56096307
369527119 24422077
369527605 44548449
369528452 lge1947
369529122 aki7570
369529329 42044467
369531896 oliviagoodkid
369533613 62656826
369534828 53891400 369505640 52232193
369535950 usuallybaba
369536433 52232193 369519325 zellVcheung
369536774 52232193
369536865 52232193 369526851 zzzzzn
369536993 52232193 369526880 56096307
369537099 50277952
369539184 52232193 369527119 24422077
369539642 52232193 369527605 44548449
369540112 lancyzao
369540408 52232193 369528452 lge1947
369540890 44330676 369536774 52232193
369540892 lge1947 369540408 52232193
369541004 52232193 369529122 aki7570
369541079 52232193 369529329 42044467
369541932 52232193 369531896 oliviagoodkid
369542187 23404105
369542214 52232193 369534828 53891400
369542493 3113459
369542511 23404105
369542737 52232193 369540892 lge1947
369543238 52232193 369540112 lancyzao
369543585 52232193 369542187 23404105
369543640 lge1947 369542737 52232193
369543930 52232193 369542493 3113459
369544737 52232193 369543640 lge1947
369544742 23404105 369543585 52232193
369545148 lge1947 369544737 52232193
369545170 52232193 369542511 23404105
369545281 52232193 369544742 23404105
369545398 mewmew1994
369545867 52232193 369545148 lge1947
369546077 52232193 369545398 mewmew1994
369546901 4692709
369547082 62285099
369548760 30290719
369570626 52232193 369546901 4692709
369570669 52232193 369547082 62285099
369570949 52232193 369548760 30290719
369571579 zzzzzn 369536865 52232193
369573194 wokaohuoshu
369573272 SSQBS 369573194 wokaohuoshu
369573370 SSQBS
369586844 48538339
369586857 48538339
369587725 52232193 369573370 SSQBS
369587760 52232193 369586844 48538339
369587830 52232193 369573272 SSQBS
369588361 52232193 369573194 wokaohuoshu
369588725 eveesa
369589630 44548449
369590706 dashuizaikeshu 369521643 52232193
369591055 rachel88123
369591075 3113459 369543930 52232193
369591187 52232193 369588725 eveesa
369591344 52232193 369589630 44548449
369592274 52232193 369591075 3113459
369592459 52232193 369590706 dashuizaikeshu
369592829 becky2005199
369594409 52232193 369591055 rachel88123
369594542 52232193 369592829 becky2005199
369594730 rachel88123 369594409 52232193
369598136 3113459 369592274 52232193
369598790 52232193 369594730 rachel88123
369599051 52232193 369598136 3113459
369599855 3113459
369601530 43677701
369602320 Whiter
369602474 Whiter
369603241 52232193 369599855 3113459
369603395 summerandwinter
369603960 52232193 369601530 43677701
369604076 52232193 369602320 Whiter
369604231 52232193 369602474 Whiter
369604399 52232193 369603395 summerandwinter
369605583 43677701 369603960 52232193
369606244 Whiter 369604076 52232193
369606379 Whiter
369607258 52232193 369605583 43677701
369607456 52232193 369606244 Whiter
369607599 52232193 369606379 Whiter
369612312 SSQBS 369587725 52232193
369613193 summerandwinter 369604399 52232193
369616455 61248441
369616556 whisper7me
369618389 Whiter 369607599 52232193
369619138 52643701
369619527 43060611
369621572 52232193
369621958 summerandwinter 369619527 43060611
369622676 52232193
369624293 52232193
369624632 52232193
369625816 52232193
369625840 48392510
369627761 14482266
369628864 pilibei 369545148 lge1947
369629527 52232193
369629863 52232193
369630249 52232193
369630725 SVK
369631181 47271686
369631735 52232193
369632409 52232193
369632451 62656826
369633059 57350475
369633198 52232193
369634068 52232193
369634577 52232193
369636307 dd10285
369637932 dd10285
369641139 48557449
369643404 39102781
369643655 wendyin430
369644389 xingfuduoduo
369646216 xvnno
369652393 52232193
369653194 52232193
369654993 dd10285
369655206 52232193
369655671 52232193
370400421 52232193
370400804 57615214
370402539 50510394
370402933 freezsoul
370403015 52232193
370405041 syanlovesy
370405576 51998665
370408441 62789105
370416891 52232193
370417627 52232193
370417989 52232193
370418240 52232193
370418548 52232193
370418602 2791802
370427454 52232193
370431402 63710400
370458552 63665063
370482386 11747362
370498597 52232193
370499201 52232193
370500055 57486573
370503928 zzzzzn
370504310 zzzzzn
370511544 56067358
370511706 53828993
370512840 sophisticated69
370514880 56067358
370526797 54031188
370533748 40836170
370539600 syanns
370562008 54031188
370575931 52232193
370576396 52232193
370577631 52232193
370577862 avaxi
370577964 52232193
370578001 avaxi
370578285 52232193
370578867 52232193
370600512 3895983
370602940 63555704
370607042 aguagua
370608697 52232193
370609711 52232193
370614090 52232193
370614348 32846516
370615214 52232193
370617441 52232193
370618919 52232193
370621153 52232193
370622344 52232193
370622618 4561799
370624872 52232193
370625392 52232193
370627056 57164579
370721579 52232193
370721771 52232193
370723458 57164579
370734181 50510394
370800373 34708293
370808356 60287223
370808628 47601143
370816305 63740693
370851007 53828993
370902146 52232193
370904151 52232193
370948197 32846516
370953945 51030629
370955908 sugar-t
370955965 41659835
370956524 50664424
370960439 4473156
370960662 sileen
370961300 42559871
370968427 52232193
370968563 52232193
370968727 52232193
370968969 52232193
370969093 52232193
370969360 52232193
370969472 52232193
370969629 52232193
370970014 52232193
370970191 52232193
370970332 52232193
370988397 32846516
370995099 47601143
370996957 beautifui
371002343 freezsoul
371006715 60558343
371007141 avaxi
371009443 57415267
371010112 62402117
371013058 58619748
371014953 49270432
371016208 38438765
371035710 41373342
371051359 45649467
371074480 Edo_sama
371075702 sugar-t
369797967 52232193
369801816 54922600
369802057 ruls
369803140 56094281
369803142 ruls
369804913 D121
369805284 D121
369805616 3129893
369806382 52300762
369810327 shlalalalala
369811131 34708293
369814461 35543524
369815884 2996377
369819833 49628801
369820337 53821368
369821674 48541605
369823157 52232193 369801816 54922600
369823679 52232193 369802057 ruls
369824006 52232193 369803140 56094281
369824144 52232193 369803142 ruls
369824536 52232193 369804913 D121
369825038 52232193
369825312 52232193 369810327 shlalalalala
369827217 52232193 369811131 34708293
369828207 D121 369824536 52232193
369828790 52232193 369814461 35543524
369828871 63665063
369829228 52232193 369815884 2996377
369829686 52232193
369829973 45432488
369831393 53217927
369832318 52232193 369829973 45432488
369832982 skarah
369832987 52232193 369831393 53217927
369833259 52232193
369833619 38901522
369833648 53217927
369836512 53217927 369833648 53217927
369837490 53821368 369833619 38901522
369837640 sansanyang526
369837726 skarah 369833259 52232193
369838717 4345655
369869303 34708293
369869619 52232193 369869303 34708293
369838721 4345655
369876792 dj0823
369877188 59461345
369839644 52232193 369833619 38901522
369879035 52232193 369876792 dj0823
369840527 52232193 369837726 skarah
369880451 43105151
369841022 52232193
369881296 4042601
369881669 43105151
369841117 48636369
369883719 37845588
369841887 37917706
369884675 63623193
369842874 4222130
369884950 52232193 369880451 43105151
369844743 35543524 369828790 52232193
369845094 icyraining
369885974 34708293 369876792 dj0823
369846325 52232193 369833648 53217927
369886811 52232193 369884675 63623193
369846590 52232193 369841117 48636369
369846649 63666527
369889308 ilovelaja 369514780 17862627
369846662 52232193 369841887 37917706
369889544 63623193 369886811 52232193
369890432 52232193 369885974 34708293
369846846 52232193 369846649 63666527
369890718 52232193 369889544 63623193
369846915 52232193 369842874 4222130
369890935 52232193 369889308 ilovelaja
369847107 52232193 369844743 35543524
369891364 63623193 369890718 52232193
369847477 52232193 369845094 icyraining
369899339 Woo55555
369848791 icyraining 369847477 52232193
369904977 46912177
369850195 skarah 369840527 52232193
369913796 onedayonesay
369917608 52232193
369850308 53217927 369846325 52232193
369918387 52232193
369851150 34708293 369833619 38901522
369922052 ruls
369851504 Hifana
369925561 fmylto
369851961 4297761
369934296 52232193
369851976 34708293
369852528 konghuanxi
369853136 34708293
369934483 41901199
369853648 cenir0701
369935060 52232193
369854798 hung_yc
369855409 52232193 369848791 icyraining
369935354 cemily
369937602 52232193
369855914 52232193 369850195 skarah
369938392 61551282
369855927 icyraining 369855409 52232193
369938485 2681758
369941479 52232193
369856362 52232193 369851150 34708293
369946082 52232193
369856743 52232193 369851504 Hifana
369971185 40789862
369857232 61684706
369974271 cupandshoe
369857776 nutbean
370024106 40805341
369858554 52232193 369850308 53217927
370039692 52232193
370039730 48187313
369859139 52232193
370039756 dj0823 369879035 52232193
369859446 52232193 369851976 34708293
370040190 52232193
369860104 52232193
370040692 52232193
370041181 49695508
369860466 53217927 369858554 52232193
370041427 52232193
369861552 52232193 369854798 hung_yc
370042027 52232193
370042433 49695508
369861812 52232193 369857232 61684706
370042543 48187313
369861892 52232193 369857776 nutbean
370042846 52232193
369862487 52232193 369860466 53217927
370043098 52232193
369863436 felizfelize
370043693 48187313
369864008 44591654
369864811 41901199
370043974 49695508
370044925 51699958
369865603 52232193 369863436 felizfelize
370045494 52232193
369866026 52232193 369864811 41901199
370046195 52232193
369866185 34708293 369856362 52232193
370046727 49695508
370046751 52232193
369866524 34708293 369855409 52232193
369867631 36121032
370047038 48187313
370047298 52232193
369868426 felizfelize 369865603 52232193
370048601 52232193
369869182 34708293
370048721 48268082
369869204 34708293
369869223 34708293
370049226 48187313
369869248 34708293
370055658 52232193
369869275 34708293
370081059 vivi___Orz
370093935 52232193
370097040 52068353
370097418 52068353
370108193 63665063 369430091 52232193
370110780 54804814
370111497 Secre
370111772 tabris17
370111804 63384245
370111865 h881125
370112147 h881125 370108193 63665063
370125736 34708293 370040692 52232193
370159266 4013276
370160371 4013276
370171047 63665063 370112147 h881125
370174467 h881125 370171047 63665063
370250662 52232193
370250944 52232193
370251740 52232193
370252374 52232193
370252658 62873047
370258990 58543450 369505126 52232193
370261134 lostinreverie
370267205 tomatoooooooooo
370299385 50510394
370306772 44165763
370317867 42431413
370343311 63665063
370346697 afu0821 370125736 34708293
370352339 63665063 370174467 h881125
370368131 57972366
370373342 58758166
370381675 huanniziyou
370398332 h881125 370352339 63665063
370398910 52232193
370399143 52232193
370399818 55888009
371076457 sugar-t
371078360 52068353
371080690 1752402
371082488 52068353 371080690 1752402
371091783 63187673
371123916 56067358
371125654 54031188
371260907 45432488
371320942 52232193 370996957 beautifui
371321138 52232193
371321284 52232193 371007141 avaxi
371321320 52232193 371009443 57415267
371321406 52232193 371010112 62402117
371321512 52232193 371013058 58619748
371321522 55660670
371321701 52232193 371074480 Edo_sama
371321871 52232193 371321522 55660670
371321925 52232193 371075702 sugar-t
371322032 52232193
371322172 52232193 371078360 52068353
371322606 52232193 371080690 1752402
371322910 52232193 371091783 63187673
371323308 52232193 371123916 56067358
371323527 52232193 371260907 45432488
371323903 43262256
371324008 BellaY_JoeH
371324647 51645217
371330857 sugar-t 371322032 52232193
371343182 50510394
371343568 45432488 371323527 52232193
371352166 58691775
371366776 3170396
371388963 63194956 369430091 52232193
371413274 53950449
371420638 51455681
371428358 51455681
371432788 42186710
371598409 52232193
371598604 52232193
371598932 52232193
371598990 mr-brownstone
371599210 52232193
371599653 52232193
371599901 52232193
371600241 52232193
371601091 52232193
371601347 52232193
371601593 52232193
371602107 fongchueng
371603411 63805442
371609465 mr-brownstone
371617479 55660670
371619377 57484955
371632850 49334435
371641856 61792854
371642363 2042836
371653624 63187673 371322910 52232193
371658022 52232193
371658340 54577419
371658794 52232193 371603411 63805442
371658997 52232193 371653624 63187673
371660157 52232193 371609465 mr-brownstone
371660561 52232193 371619377 57484955
371662858 52232193 371632850 49334435
371663226 49235341
371663931 43550347
371665908 49334435
371666868 55998424
371668013 4517090
371668301 3387325
371669319 52232193 371641856 61792854
371669764 52232193 371642363 2042836
371670145 52232193 371658340 54577419
371670338 44700431
371670384 52232193 371663226 49235341
371670499 52232193 371670338 44700431
371670719 52232193 371663931 43550347
371671024 52232193 371665908 49334435
371671111 52232193 371668013 4517090
371671230 52232193 371668301 3387325
371672502 49235341 371670384 52232193
371685443 49334435
371697190 skarah
371941320 63187673
372104903 52232193
372105162 52232193
372105438 52232193
372106671 52232193
372268844 49226704
372472814 52232193
372484449 49985357
372516030 eryijiu
372522969 45597463
372524330 shin-shin
372527026 45522957
372530172 wnrb
372531168 mengyoumomo
372538585 2976559
372538961 59966954
372539006 59966954
372555072 29603086
372559464 52232193
372560195 Aily1218
372565387 50630521
372565503 52232193
372578674 52232193
372579409 52232193
372579972 52232193
372580107 40130329
372581322 52232193
372583061 52232193
372583385 52232193
372583619 52232193
372583806 52232193
372586298 48529767
372587779 29603086
372588272 40130329
372637529 63878543
372638166 63878543
372648873 52232193 372587779 29603086
372649030 52232193 372588272 40130329
372649181 29603086 372648873 52232193
372649183 52232193 372637529 63878543
372649984 52232193 372638166 63878543
372662460 Mrlawrece
372670838 2818717
372729529 47034094
372729599 47034094
372730152 60164183
372735962 53273633
372785869 52232193
372787507 52232193
372787980 52232193
372788502 52232193
372789392 52232193
372793133 53273633 372789392 52232193
372802877 44296729
372803543 44296729
372803574 madcity
372804993 63602386
372810624 52232193
372811591 52232193
372811860 52232193
372813340 Catkin.t
372814644 56501913
372815170 44296729
372820798 48529630
372831577 49226704 372472814 52232193
372832530 50600598
372832618 50600598
372843962 52232193
372843982 52232193
372844009 52232193
372844045 52232193
372844074 52232193
372848704 63909779
372849267 63909779
372852055 3051331
372853254 53273633
372920177 4472630
372930982 50091475
373038324 Mrlawrece
373047627 50326018
373048414 45803275
373049485 zmzlx
373049898 ritabear
373056137 56110502
373063752 2269514
373097858 50091475
373099387 52232193
373099755 52232193
373099990 52232193
373101791 52232193
373920132 Mealie
373105958 52232193
373920526 Mealie
373107017 ksummer 373099755 52232193
373920779 58003849
373110466 52232193
373920980 58003849 373920526 Mealie
373111249 52232193
373929624 49979414 373920779 58003849
373113268 52232193
373954800 xiaozuoyou
373113752 52232193
373961483 63334111
373116229 63909779 373099387 52232193
374028666 56110502
373119215 52232193
374029911 4585200
373121303 5795277
374033569 30505361
373121645 52232193
374049497 milka318
373122336 52232193
374050243 lisawang7
373124567 52232193
374063736 52232193
373125266 52232193
374063763 52232193
373126168 z2z
374063808 52232193
373127383 4472630
374063851 52232193
373128050 56955897
374063886 52232193
373128168 4585200
374063911 52232193
373180539 63936979
374063952 52232193
373221747 52232193
374063986 52232193
373222283 52232193
373222708 52232193
374064936 Mealie 373920980 58003849
373223061 52232193
374065889 52304686
373223176 14988760
374069048 xiaozuoyou
373225511 6147189
374069104 63936979
373229047 51957009
374069388 AaronWei
373229683 51957009
374072385 64017555
373230277 rabbit_52
374170918 50326018
374328697 56110502 374063911 52232193
374409552 xiaozuoyou
374412428 55630973
374427524 Joyfully
374430340 53273633
374462473 48038996
374463039 60886917
374493422 52232193 374065889 52304686
374493640 52232193 374069104 63936979
374493876 52232193 374069388 AaronWei
374494101 52232193 374072385 64017555
374494371 52232193 374170918 50326018
374494741 52232193
374494863 52232193 374430340 53273633
374516358 xiaozuoyou 374494741 52232193
374553484 52232193 374516358 xiaozuoyou
374560493 53273633 374494863 52232193
374561272 ludanxiaomi
374562428 1950535
374579157 meihuoss
374582582 teniangde
374590237 60306416
374613081 zmzlx 373119215 52232193
374622727 52232193
374623304 52232193
374623644 52232193
374625490 48963501
374626708 60769465
374627770 52232193
374629871 53273633
374635620 48963501
374636182 AaronWei 374493876 52232193
374652140 joyjoy123
374697630 52232193
374703668 52232193
374704454 52232193
374728475 64017555 374494101 52232193
374836406 wudijingang
374860401 gamay
374892401 linsa_
375042954 52232193
375043225 52232193
375043969 52232193
375051714 tuzibai
375053908 54557980
375057076 63936979
375058055 43044949
375116118 57249750
375152266 54759594
375283651 VI-VI-VI
375385252 63936979 375057076 63936979
375386583 SissiYe
375470710 59064601
375494922 52232193 375051714 tuzibai
375495094 52232193 375053908 54557980
375495297 52232193 375057076 63936979
375495561 52232193 375058055 43044949
375497718 52232193 375116118 57249750
375497948 52232193 375152266 54759594
375498744 52232193 375283651 VI-VI-VI
375499738 43739724
375499976 cm_sweety
375500523 52232193
375500742 52232193 375499738 43739724
375501244 52232193 375499976 cm_sweety
375501416 30446251
375502146 43739724 375500742 52232193
375511389 vippasser
375534756 54731962
375553937 52232193 375501416 30446251
375554264 52232193 375502146 43739724
375554484 52232193
375555885 47601143
373268321 53273633
373269875 SophVeU
373275012 49513785
373278597 qinhao201
373320837 63892045
373363825 madcity
373378894 dongdong1029
373395587 4585200
373443218 qiaoduan
373447288 43999301
373451282 49825943
373458611 51163944
373460631 36860832
373514537 xiaozuoyou
373520077 57249750
373526503 BUZZ7
373526590 Hey13
373580268 53718334
373583349 47147071 369504820 52232193
373652612 xiaozuoyou
373658953 49979414
373711606 49979414
373714030 49979414
373716663 28643466
373717171 62612632
373731230 52232193
373732842 52232193
373733508 52232193
373735009 52232193
373735063 61729233
373736340 61729233
373738118 52232193
373738698 52232193
373740956 52232193
373741599 yangyuefang
373742781 52232193
373743334 52232193
373743918 52232193
373744553 52232193
373745857 49979414 373741599 yangyuefang
373746009 maomao0703
373746711 59247137
373746966 52232193
373747069 4585200
373747151 26659176
373747600 26659176
373747745 52232193
373748246 52232193
373749427 63892045
373753254 52232193
373754405 52232193
373756628 52232193
373756975 52232193
373757240 52232193
373757682 52232193
373757894 52232193
373758209 52232193
373758262 4585200
373759463 2910280
373759836 52232193
373760285 momolady
373760734 52232193
369656009 2772454
373763136 52232193
369656274 2772454
373764007 52232193
369661132 40805341 369507487 52232193
373764190 Oopsmas
369664010 51767312
373764860 52232193
369664204 48541605
373765142 52232193
369696324 Mika-Q 369504820 52232193
373765474 60886917
373765529 52232193
369696425 Mika-Q
373765873 52232193
369696520 Mika-Q 369637932 dd10285
373765951 3619211
369697004 45597463
369697941 elaineoctober
373766434 52232193
369699778 60657345
369699790 60657345
373771099 49979414
369700191 43677701
373773053 LittleHoney
369700631 Woo55555
373775819 Oopsmas
369700748 49628801
373807968 52232193
369702118 54922600
373808158 52232193
369707513 2996377
373808824 52232193
369708068 48541605
373810527 yangyuefang 373745857 49979414
373812298 mayplace
369708818 43060611
369709226 49414332
373814168 52232193
369713023 etern1ty
373816978 56110502
369748516 45432488
373817325 wuwufanfan
369753406 pilibei
373818036 52232193
369754595 shlalalalala
373818413 52232193
369759623 52232193
373819401 58003849
369761667 52232193 369656274 2772454
373822728 openflowers
373823383 openflowers
373824949 13242394
373826597 58003849
373826676 58003849
373830420 58003849
373836887 49979414 373819401 58003849
373839545 49979414 373810527 yangyuefang
369762090 52232193 369661132 40805341
373857536 55330082
369762156 54103675 369759623 52232193
373877133 Oopsmas
373905497 55630973
369762365 52232193 369664010 51767312
373913609 58003849 373836887 49979414
369762746 52232193 369762156 54103675
373917238 49979414 373913609 58003849
369763141 52232193 369696324 Mika-Q
373920066 Mealie
369763384 52232193 369696425 Mika-Q
369764008 44374731
369764093 52232193
369764185 52232193 369764008 44374731
369764534 minijunki
369764618 lge1947 369628864 pilibei
369765218 52232193 369697941 elaineoctober
369765356 52232193 369764534 minijunki
369765914 52232193 369699778 60657345
369766773 52232193 369700191 43677701
369767045 52232193 369700631 Woo55555
369767461 Mika-Q 369763141 52232193
369767526 52232193 369700748 49628801
369767613 52232193 369767461 Mika-Q
369768261 52232193 369702118 54922600
369768416 52232193 369707513 2996377
369768580 43677701 369766773 52232193
369769331 52232193 369708068 48541605
369769388 52232193 369768580 43677701
369769594 52232193 369708818 43060611
369769663 ruls
369769710 52232193 369709226 49414332
369769913 52232193 369769663 ruls
369770167 52232193 369748516 45432488
369770340 43060611 369769594 52232193
369770441 52760003
369770872 51998665 369764093 52232193
369771046 52232193
369771486 57676086
369771511 63660612
369771562 52232193 369770340 43060611
369771637 bear1313
369771643 57676086
369771776 57676086
369771787 43060611 369771562 52232193
369771968 D121
369772207 52232193
369772448 52232193 369754595 shlalalalala
369773213 ruls
369773756 52232193 369770441 52760003
369773899 ruls
369774268 52232193
369774325 cmmo
369774664 52232193 369770872 51998665
369775108 52232193 369771486 57676086
369775446 52232193 369771511 63660612
369776080 52232193 369771637 bear1313
369776311 52232193 369771643 57676086
369776376 52232193 369771776 57676086
369776518 52232193 369771787 43060611
369776636 52232193 369771968 D121
369776833 52232193 369771968 D121
369777143 52232193 369773213 ruls
369777414 52760003 369773756 52232193
369777482 52232193 369774325 cmmo
369777738 52232193 369777414 52760003
369777806 43060611 369776518 52232193
369778063 48541605 369769331 52232193
369778579 48273115
369782676 D121 369776833 52232193
369784793 52232193 369646216 xvnno
369785976 52232193 369778063 48541605
369786059 52232193 369778063 48541605
369786375 52232193 369782676 D121
369789495 48541605 369786059 52232193
369792000 57676086 369775108 52232193
369793788 54922600
369797654 52232193 369789495 48541605
369797767 52232193 369792000 57676086
418920995 ai-xiaomuwu
418950597 58168623
418951483 lost1991
418955192 64549487
419029929 52603990
419054395 54258626
419213931 51260962
419216734 50517805
419252384 4252859
419252644 50463851
419253208 xiaochan1012
419255277 50767739
377186805 2329295
377187756 52232193
377188564 52232193
377189752 52232193
377190500 52232193
377191275 52232193
377192001 52232193
377193982 52232193
377194415 52232193
377194813 52232193
377195167 52232193
377196515 55395441
377209226 50773137
377214403 4585200
377303441 50203552
377305011 2889003
377316115 2329295
377673616 gethc
377684829 64251383
377741943 54759594
377742682 35254033
377882488 52232193 377196515 55395441
377882665 52232193 377209226 50773137
377883258 52232193 377214403 4585200
377883558 52232193 377305011 2889003
377884002 52232193 377741943 54759594
377994098 hxlshirley
377994575 lovelyCherry
378017011 58568616
378027294 51663050
378027568 43827303
378083473 43666776 377884002 52232193
378084912 48625367
378107877 suyixin520
378153857 48498643
378161033 55274708
378161412 suweisuki
378294848 52232193 377994098 hxlshirley
378295047 52232193 378017011 58568616
378295370 52232193 378027294 51663050
378295431 52232193
378295471 52232193 378107877 suyixin520
378295566 52232193 378161033 55274708
378299621 hxlshirley 378294848 52232193
378316778 suyixin520 378295471 52232193
378491440 52232193
378491816 56045976
379329582 54759594 377884002 52232193
379395329 jani
379464789 4692709
379843359 28955528
379856463 49660618
381411270 64140856
381477499 50104520
382286032 47654065
382288195 45218482
383267908 35389815
383270181 64321777
383281846 46492177
383284539 49099724
383285039 45943737
383352815 46083641
383380013 2488132
383400467 limbopp
383431752 design_
383462728 56955897
383691592 MISHIDIDAI
384571266 52232193 379395329 jani
384571659 52232193 378017011 58568616
384571803 52232193 378027294 51663050
384572103 52232193 379464789 4692709
384572250 52232193 379856463 49660618
384572397 52232193 382288195 45218482
384572585 52232193 383270181 64321777
384572716 52232193 383281846 46492177
384572898 honwhy
384572921 52232193 383284539 49099724
384573136 52232193 384572898 honwhy
384573477 52232193 383462728 56955897
384574460 honwhy 384573136 52232193
384574864 52232193
384606352 50874715
384630241 4692709
384664165 MISHIDIDAI 384574864 52232193
384664213 64321777 384572585 52232193
384755806 52232193 384606352 50874715
384755866 52232193 384630241 4692709
384756081 52232193
384756279 52232193 384664213 64321777
384756950 39113046
384824714 50874715 384755806 52232193
384861681 38565662
384878468 56966704
384897576 64321777 384756279 52232193
384932526 61250041
384933602 bluesponge
384938334 52817876
384938795 52817876
385058629 52232193 384878468 56966704
385058731 52232193 384897576 64321777
387611986 easyIG
387615282 39850675
387703319 49477113
387709626 Mikeer 369430685 62800443
388376712 37606603
388418486 52427855
388426598 yaya890401
388432376 58459266 388418486 52427855
388468137 55485768
388468575 dpx
388477323 misluforever
388478642 52063810
388525574 49366863
388526109 40701585
388530273 da-xiong-mao
388669414 hxlshirley
388716798 64822891
398721230 62367301
398724854 62172118
398725380 41474106
408532060 zeetree
408669954 hety
408670505 hety
408708410 50874715
408709549 64660771
408710207 63656796
408710410 64829232
408710614 50102778
408711798 64829232
408712275 51462862
408744806 jj1024
409615766 chab
415317867 coldvoilet 409615766 chab
415465075 serpentv
418480369 64215697
418480659 52232193 387611986 easyIG
418480698 52232193 418480369 64215697
418480742 52232193 415465075 serpentv
418480763 52232193 408711798 64829232
418480806 52232193 408710410 64829232
418480837 52232193 408708410 50874715
418480877 52232193 388716798 64822891
418480927 52232193 388669414 hxlshirley
418480942 48124596
418480966 52232193 388468137 55485768
418480990 52232193 418480942 48124596
418481020 45863823
418481025 52232193 388418486 52427855
418483712 monsteremo
418486491 67830432
418486987 samansa0087
418490621 faycd
418492364 67714461
418492949 66338625
418493016 orangelov3r
418494165 58828962
418496666 52788097
418496943 Xelmo
418497977 6443193
418498663 49789508
418509182 63049988
418510417 powderblue
418541958 52232193 418486987 samansa0087
418542186 52232193 418492364 67714461
418542287 52232193 418492949 66338625
418542345 legendxy
418542574 57086699
418542600 52232193 418496666 52788097
418542794 52232193 418496943 Xelmo
418542878 52232193 418498663 49789508
418542922 66338625 418542287 52232193
418543032 52029575
418543085 52232193 418542345 legendxy
418543262 52232193 418542922 66338625
418543447 52232193 418543032 52029575
418544546 66338625 418543262 52232193
418544593 66338625 418543262 52232193
418544731 49789508 418542878 52232193
418544959 legendxy 418543085 52232193
418561565 52788097 418542600 52232193
418572325 38208418 418542878 52232193
418576237 samansa0087 418541958 52232193
418638753 50874715 418480837 52232193
418699922 Xelmo 418542794 52232193
418700747 59740608
418706725 65245977
418709989 rician
418792038 missguzi
418802646 fanfanle
418804663 Ellyback
418807240 MissOrdinary
418807972 60195667
418809306 naifena
418868478 57924612
418902581 48124596 418480990 52232193
418903095 samstar
418903126 66034478
418903467 55948475
418920870 ai-xiaomuwu
418920918 ai-xiaomuwu
385058985 52232193 384932526 61250041
385059021 52232193
385066653 60378481
385067875 47687480
385072149 42311768
385107457 61250041 385058985 52232193
385110442 19180388
385147761 64321777 385058731 52232193
385168269 15840469
385221301 40823750
385353729 56966704 385058629 52232193
385367860 52232193 385072149 42311768
385367992 52232193 385107457 61250041
385368032 52232193 385168269 15840469
385368054 52232193 385353729 56966704
385370208 34334392
385370359 wilmawang
385528264 42311768 385367860 52232193
385530270 52270666
385584653 52232193
385585407 52232193 385528264 42311768
385586217 52232193 385530270 52270666
385586445 52232193 385530270 52270666
385587783 atommy
385588335 43857751
385635175 42311768 385585407 52232193
385646371 sunrisely
385648432 26659176
385648474 26659176
385733825 52232193 385587783 atommy
385734066 52232193 385635175 42311768
385734218 52232193 385646371 sunrisely
385734561 52232193 385648432 26659176
385736225 60723587
385737898 atommy 385733825 52232193
385794684 3384762
385869312 52232193 385794684 3384762
385870113 weixiaoyijiu
385873381 49095299
385881720 34498921
385929412 39833775
385931064 43478721
385993188 50648010
386043291 55485768
386140322 dujiangdujiang
386141873 lejiaxizhan
386155032 46143324
386310258 sunrisely 385734218 52232193
386311362 konasherry
386311740 41951261
386312346 4212971
386312453 1728348
386390532 45661957
386402540 30063794
386404076 50459428
386405401 C-smile
386454080 lordlynn
386462421 63293218
386466331 52232193 385873381 49095299
386466585 52232193 385881720 34498921
386466938 52232193 386043291 55485768
386467130 52232193 386310258 sunrisely
386467408 52232193 386311740 41951261
386467466 52232193 386390532 45661957
386467536 52232193 386402540 30063794
386467595 52232193 386462421 63293218
386477290 53827090
386482803 63293218
386484118 42195897
386489324 50443224
386537629 55485768 386466938 52232193
386726726 46981172
386727629 51826930 369430685 62800443
386733493 52232193 386482803 63293218
386733718 52232193 386537629 55485768
386734181 52232193 386726726 46981172
386735513 ooi
386845891 50585487
386847760 37606603
386848275 37606603
386850060 48196786
386862714 63293218 386733493 52232193
386865166 46981172 386734181 52232193
386921232 4585200
386922680 4585200
386963980 52232193 386735513 ooi
386964919 52232193 386848275 37606603
386965661 52232193 386921232 4585200
386965971 52232193 386922680 4585200
387060211 Yyq2hqT
387226808 52232193 387060211 Yyq2hqT
387304751 48491879
387313077 48529630
387313994 49787157
387470254 55894567
387470606 55894567
387477177 40345086
387543905 ccy0529
387544098 C-N-honey
387544751 4509709
375557943 52232193 375555885 47601143
375559026 60581422
375563440 63069128
375576881 tuzibai 375494922 52232193
375578659 47601143 375557943 52232193
375579170 lulalala
375584934 43044949
375585606 43044949
375585889 43044949
375586589 4724588
375586872 4724588
375601508 52232193 375563440 63069128
375601927 52232193 375576881 tuzibai
375602812 52232193
375602880 52232193 375584934 43044949
375603110 52232193 375585606 43044949
375603383 52232193 375586872 4724588
375611333 43646122
375678974 63623193
375684045 54557980 375495094 52232193
375707660 52232193
375707783 52232193
375707860 52232193
375710558 2200377
375714217 63623193
375717098 64110105
375723190 lonelymile
375723277 wendy5
375744385 64156010
375746291 63069128
375768822 54906582
375790785 54759594 375497948 52232193
375798799 58234675
375804918 56372517
375837939 43739724 375554264 52232193
375844883 53231962
375846182 63936979
375846509 25896998
375848587 43044949
375855481 52232193 375710558 2200377
375855579 52232193 375714217 63623193
375855861 52232193 375717098 64110105
375856511 52232193 375723190 lonelymile
375856601 52232193 375723277 wendy5
375857029 52232193 375744385 64156010
375857233 52232193 375790785 54759594
375857958 iwillbestrong4u
375858335 52232193 375798799 58234675
375859272 52232193 375804918 56372517
375859521 52232193 375857958 iwillbestrong4u
375859653 52232193 375844883 53231962
375860430 52232193 375846182 63936979
375860865 52232193 375846509 25896998
375861147 52232193 375848587 43044949
375872220 4389898
375874666 52681828
375879240 rolingli
375903196 iwillbestrong4u 375859521 52232193
375931408 52232193
375932223 52232193
375933517 59005752
375948662 wendy5
375949755 62293702
375949970 rernse
375967963 52232193
375968035 52232193
375972261 lonelymile 375856511 52232193
375988866 54759594 375857233 52232193
375991648 yurafish
375992679 62711740
375994189 56372517 375859272 52232193
375995773 4139403
375995777 41336384
376031406 3982342
376033373 ksummer
376075915 suyixin520
376105070 xiao-wei
376161247 53231962
376238753 huozhaieve
376283736 daihui
376286148 32910625
376330146 42587922
376351269 lilies_Shawn
376368938 64156010
376385244 ling.zi
376650310 4429359
376740820 janekeeper
376785283 Oopsmas
376838192 54759594 375988866 54759594
376843190 54759594 375857233 52232193
376858968 62899836
376878687 dontworrylee_so
377114295 63820243
377115287 56305933
377133629 59641118
377184465 52232193
377185157 52232193
377185868 52232193
377186472 52232193
377186521 2215959
