370239822 zhouzhouer
370239972 49089619
370240194 joxy
370240542 cyhing
370244623 liuxu1992 370240542 cyhing
370248170 monkeydoll
370250315 cyhing 370244623 liuxu1992
370250757 liuxu1992 370250315 cyhing
370250812 yeyiyi
370251321 liuxu1992 370250812 yeyiyi
370251529 liuxu1992 370248170 monkeydoll
370251640 abyss511
370252302 liuxu1992 370251640 abyss511
370252709 monkeydoll 370251529 liuxu1992
370266720 yeyiyi
370267218 tou0306
370268246 liuxu1992 370266720 yeyiyi
370268348 liuxu1992 370267218 tou0306
370269408 36688331
370269594 tou0306 370268348 liuxu1992
370270035 liuxu1992 370269408 36688331
370270135 liuyanlynn
370271200 36688331
370271441 63034004
370272040 62186217
370272276 september9452
370272385 petty1993
370272723 ananbelieve
370275284 ame1330398
370276376 liuxu1992 370272385 petty1993
370276966 liuxu1992
370277103 liuxu1992
370277177 45517162
370279256 dcmz
370324530 lolicandy
370324557 lolicandy
370324625 xuanyixuanyi
370325077 theONLY9087
370325469 3069399
370328363 abvmeng
370328582 56729372
370330391 shanshan9420
370331056 43262256
370331238 44957051
370331555 smonus
370331640 yangyo
370336827 39000548
370342819 yeyiyi
370345100 afu0821
370386993 48268082
370430751 lemon1991
370465209 53353023 370324530 lolicandy
370535343 cyhing 370331555 smonus
370626459 smonus
370629211 58003849
370633676 49104735 370276376 liuxu1992
370634598 49104735
370636816 fanshuwan 370328363 abvmeng
370655476 abvmeng 370636816 fanshuwan
370657689 twet
370658254 waiwai7
370709476 48919228
370710674 goodnightmoon
370753600 senses058
370761062 55282751 370266720 yeyiyi
370780096 53795408 370239822 zhouzhouer
370781094 53795408 370324530 lolicandy
370781330 lolicandy 370781094 53795408
370782156 zhouzhouer 370780096 53795408
370783520 countdr
370784115 47296358
370784345 47013608
370818644 47601143
370819121 parity 370239822 zhouzhouer
370819927 60164114
370821157 34417462
370825830 zzzzzn
370827703 59438593
370828144 52570392
370830801 55315752
370831782 58583348
370832251 seymiyake
370838827 Risepon
370840919 43248649
370841786 cyhing 370784345 47013608
370842266 dear_77
370843115 59884436 370251321 liuxu1992
370843395 xinpusen
370845595 59884436
370848100 zhouzhouer 370819121 parity
370848483 zhouzhouer 370658254 waiwai7
370848581 63474508
370849022 zhouzhouer 370266720 yeyiyi
370849476 53733989
370849957 4395315
370850471 61132009
370853006 62132388
370854039 cyhing
370854727 63474508 370854039 cyhing
370854932 62562027
380147217 elan
380147499 40589288
380148341 40589288
380365129 64413698
380377763 2600403 370240194 joxy
380377978 59562009
380504420 4038200
380526736 ame1330398
380528539 GJXUN
380577973 zrenata
381514358 liangxiao2022
381543565 BOYS2
381544913 nemofishhome
384672022 50600663
417188124 31563135
417188968 31563135
417194594 asui_cx
417498686 Pejic
417511750 39807479
417518934 48180071
417533781 49125515 370781330 lolicandy
417675435 63503435
417723876 shadowlui
417724318 63889424
417728500 65306520
417749283 41414585
417749800 48153292
417751664 64374283
419683255 66699375
419705615 37873442
419710154 43259850 370251529 liuxu1992
419719051 liuxu1992 417749283 41414585
419721194 52481628
419722205 jennifer-nj
371686351 2907610
371692736 xiongmaoa
371719880 56051696
371724155 56051696
371725429 relax
371725643 relax
371726317 56051696
371729551 56051696
371730950 56051696
371733501 4296707
371735625 yuki.aiko
371736339 songs-
371737210 37200327
371762798 28205651
371968419 zhouzhouer 371692736 xiongmaoa
371968667 zhouzhouer 371762798 28205651
371969046 yingying128
371969485 zhouzhouer
372045540 relax 371969485 zhouzhouer
372077492 49722042
372215272 50798252
372219293 zhouzhouer
372221859 58468257
372233805 61684706 370330391 shanshan9420
372263901 relax 372219293 zhouzhouer
372264215 dsecho
372268789 58468257
372269162 60160445
372271475 52554731
372282475 in710 370838827 Risepon
372437034 Risepon 372282475 in710
372448237 Yo_Kama.
372480861 46277260
372643584 3875398
372651812 42619991
372721645 ame1330398
372722190 cyhing 372721645 ame1330398
372783205 ame1330398 372722190 cyhing
372806729 ahino
375090462 4348607
376169066 xiaominor
376173245 missyetta 370324625 xuanyixuanyi
376174458 laby
376177826 44035954
376183303 49871738
376184593 summerkid7
376185793 VampireSue
378442692 3513225
378442964 meihaoran
379399891 58978571 370819121 parity
379413946 cheer..
379415732 49280072
379420160 53430275
379421334 zouyazou 379413946 cheer..
379442750 cheer.. 379421334 zouyazou
379550977 chan.el
379575135 parity 379399891 58978571
379576324 VivianMu
379576936 maydaysxh
379707066 52567873
379707755 52567873 370330391 shanshan9420
379714842 51795378
379715355 54579885 370276376 liuxu1992
379734649 55954197 370838827 Risepon
379737079 55954197 372643584 3875398
379742240 4038200 376169066 xiaominor
379755054 41961788
379756533 58978571 379575135 parity
379756649 58978571 379755054 41961788
379756870 58978571 379742240 4038200
379759689 4038200 379756870 58978571
379759798 4038200 379756870 58978571
379773660 fafa8343
379798676 58978571 379759798 4038200
379799549 49722042
379803003 yoyosuko
379807963 47372447
379819477 52225629
379821110 52225629
379830303 micang0413
379831793 3875398 379737079 55954197
379832093 3875398
379833722 dadadawang
379847575 49722042 379832093 3875398
379848183 56055936
379849629 53623037
379892245 3875398
379892825 49722042
379900176 xiaominor 379742240 4038200
379903460 63844523
379905906 lovels1314
379906576 XIADAN4 379803003 yoyosuko
379908779 4623717
379909345 joywuyan
379909670 zcllcz
379927648 40239616
379961824 fiona19
379999426 vicky656596 379759689 4038200
380073576 yoyosuko
380146889 viya1204
370855191 54449973
370856398 55659478
370857528 vivianmiss
370860675 53795408 370781330 lolicandy
370860967 53795408 370782156 zhouzhouer
370867457 cyhing 370854727 63474508
370869030 cyhing 370854727 63474508
370872735 hoshiino
370877971 cyhing
370915723 zhouzhouer 370860967 53795408
370916452 zhouzhouer 370849476 53733989
370917582 xinxin0119 370239822 zhouzhouer
370917884 63474508 370869030 cyhing
371004421 57316684
371006673 syubuting
371019798 liuxu1992 370328363 abvmeng
371020334 liuxu1992 370634598 49104735
371020509 yoyofishER
371020520 liuxu1992 370657689 twet
371020974 liuxu1992 370753600 senses058
371021326 liuxu1992 370784345 47013608
371021360 54497379
371021572 57681457
371021829 liuxu1992
371022072 liuxu1992 370848483 zhouzhouer
371022358 jxiaoxiao
371023269 26498774
371023389 liuxu1992 371021360 54497379
371023646 senses058 371020974 liuxu1992
371023667 liuxu1992 371023269 26498774
371024423 liuxu1992
371026085 46002396
371026644 Angiebest
371032041 dadadawang 371026085 46002396
371036548 zhixiaotao
371044734 49104735 371020334 liuxu1992
371045126 49804069
371046031 47646179 370877971 cyhing
371047364 60654422
371048360 53282083
371050092 zouyazou
371050246 cyhing
371051031 rosieROSETTA 370248170 monkeydoll
371051537 47646179 371050246 cyhing
371051769 yei1123
371058067 cyhing
371058942 ruru1117
371060302 47646179 371058067 cyhing
371066681 qp373016300
371069171 41951262 370634598 49104735
371071492 mo67er 370634598 49104735
371074225 qp373016300
371092787 zhouzhouer 370917582 xinxin0119
371093356 zhouzhouer 371022072 liuxu1992
371153079 49104735 371069171 41951262
371153334 49104735 371071492 mo67er
371154397 mo67er 371153334 49104735
371212393 xinxin0119 371092787 zhouzhouer
371318155 zhouzhouer 371212393 xinxin0119
371373393 53795408 370915723 zhouzhouer
371376622 51217802 370328582 56729372
371377449 XIADAN4
371377585 51217802
371377897 waiwai7
371398835 44676679
371405865 51455681
371406778 zoe-zx
371408616 ninenine9
371408821 44676679 371023389 liuxu1992
371409889 liuxu1992 371408821 44676679
371410064 liuxu1992
371412802 ivy.0713
371415220 30290719
371416230 shiratrian
371416478 44676679 371409889 liuxu1992
371421733 liuxu1992 371416478 44676679
371431867 XIADAN4
371436466 Yyq2hqT
371455663 52612436
371475176 ame1330398
371563835 50731908
371565562 supercell
371575660 52574142 370330391 shanshan9420
371575874 LittleHoney
371580113 shanshan9420 371575660 52574142
371581002 kairui
371640287 zhouzhouer 371377449 XIADAN4
371640402 zhouzhouer 371575660 52574142
371640667 zhouzhouer 371377897 waiwai7
371641080 zhouzhouer 371581002 kairui
371646438 54497379 371023389 liuxu1992
371663511 52574142 371580113 shanshan9420
371680241 shanshan9420 371663511 52574142
371681253 52574142 371680241 shanshan9420
371682130 shanshan9420 371681253 52574142
371682889 52574142 371682130 shanshan9420
371684798 shanshan9420 371682889 52574142
371685605 5677596
371685781 52574142 371684798 shanshan9420
371686139 shanshan9420 371685781 52574142
