371758955 1254959
371761173 41574257 371758955 1254959
371761517 50969433
371762252 41574257 371761517 50969433
371763737 41653428
371764203 cici880927
371768237 41574257 371763737 41653428
371768282 41574257 371764203 cici880927
371768781 xxxxxli
371769497 41653428
371770076 6168311
371770710 4774404
371771409 41574257 371768781 xxxxxli
371771428 zoelu
371771501 41574257 371769497 41653428
371771802 41574257 371770076 6168311
371772092 elizabethhyy
371772277 41574257 371770710 4774404
371772303 elizabethhyy
371772377 41574257 371771428 zoelu
371772526 41574257 371772092 elizabethhyy
371773364 elizabethhyy 371772526 41574257
371773466 41653428 371771501 41574257
371773606 4774404
371773680 xxxxxli
371774605 shanshan9420
371776213 zoelu 371772377 41574257
371856959 41574257 371773364 elizabethhyy
371856985 41574257 371773466 41653428
371857014 41574257 371773606 4774404
371857030 41574257 371773680 xxxxxli
371857081 41574257 371774605 shanshan9420
371858288 41574257 371776213 zoelu
372114294 6168311
372114703 62468855
372187920 41574257 372114294 6168311
372188042 41574257 372114703 62468855
372188132 xujiong
372188678 2123930
372189901 mus1
372191338 mus1
372192943 41574257 372188678 2123930
372193152 41574257 372191338 mus1
372194335 35632224
372194417 2123930
372450450 mus1
372467921 41574257
372468918 41574257 372194417 2123930
372470295 41574257
372472816 41574257
372852327 50529936
372857529 41574257 372852327 50529936
372859351 58028604
372862689 bear1313
372872084 41574257 372859351 58028604
372872863 41574257 372862689 bear1313
372873029 yangqianbao
372875033 aslangasbb
372879030 41574257 372873029 yangqianbao
372879187 41574257 372875033 aslangasbb
372881617 yangqianbao
372883000 41574257 372881617 yangqianbao
372885989 aslangasbb
372887650 yangqianbao
372890460 41574257 372885989 aslangasbb
372890582 41574257 372887650 yangqianbao
372891749 aslangasbb
372894374 41574257 372891749 aslangasbb
372897500 yangqianbao 372890582 41574257
372897882 41574257 372897500 yangqianbao
372898399 yangqianbao
372901934 wingman1985
372999878 58028604 372872084 41574257
373011092 41574257 372898399 yangqianbao
373011313 41574257 372901934 wingman1985
373011590 41574257 372999878 58028604
373135455 58028604
373749288 aslangasbb
373839699 41574257 373749288 aslangasbb
373840624 36852210
373841515 36852210
373847150 41574257
373849172 36852210
373849810 XIADAN4
373851641 41574257
373851871 41574257 373849810 XIADAN4
373852074 36852210
373852155 charleskissinu
373853412 47485870
373857544 41574257
373857639 41574257 373852155 charleskissinu
373857723 41574257 373853412 47485870
373858827 3451621
373859434 36852210
373921944 41574257 373858827 3451621
373922242 41574257
373953768 violet00
374027494 3451621 373858827 3451621
374027765 HeLeNNeLeH
374050066 1734314 374027765 HeLeNNeLeH
374050580 HeLeNNeLeH 374050066 1734314
374114771 41574257 373953768 violet00
374115329 41574257 374050580 HeLeNNeLeH
374124556 HeLeNNeLeH
374224992 violet00
399554298 51811913
412397970 4157067
419551479 huihui416
