373063133 4024435
373068222 45024119
373068981 46056835
373069460 47057107
373072391 39306210
373073677 Floyd.L
373152472 outsider1y
373153441 42394968
373153984 theeye
373154192 44957051
373157529 cz409 373068981 46056835
373158830 44473326 373157529 cz409
373168115 50511976
373169264 48599383
373169345 3847056
373169397 piabalr
373174794 dengkaka_ok
373176211 vosr
373195012 baixiaoye
373195958 irisman
373203904 63036056
373205219 40130329
373319566 cz409 373158830 44473326
373360766 53053744
373379261 44473326 373319566 cz409
373379711 cz409
373386217 44473326 373379711 cz409
373387323 59980666
373387569 cz409 373386217 44473326
373395167 44473326 373387569 cz409
373395176 49174681
373396623 50464271
373397416 56068455
373421250 4024435
373422908 3938449
373677580 50667649
373679421 baixiaoye
373680448 47795306
373681193 mayo524
373683204 lonelylincy
373683814 50194417
373684525 miaomm 373073677 Floyd.L
373684920 54928016
373686595 Tender-Angle 373379711 cz409
373693765 cz409 373686595 Tender-Angle
374172941 62846635
374207584 55934586
374255148 34564775
374743915 43025689
374744134 43677701
374800106 41967905
374814608 lemonberry
374819893 3387325
374819964 chiba49
374821026 59657968
374844364 57925125 373360766 53053744
374845739 63341390
374850829 29603086
374856437 49159743
376351431 61659028
378168557 51289180
378193385 3892261
378203678 39093274
378203799 55382663
378207335 52544152
378207785 namejuejiang 374207584 55934586
378210936 61190293
378215089 56914842
378228583 60919343
378237183 namejuejiang 378215089 56914842
378237779 Green_Lover
378241095 46052936
378257174 55934586
378257856 Doloris
378258834 44035954
378258845 Sa_
378261625 61729233
378263578 namejuejiang
378270419 60519757
378278217 daisyluoying
378278820 eileentutu
378278857 4312659
378284421 misluforever
378315359 3843947
378331401 56914842
378331531 missraya
378333575 52459455
378335242 4008911
378336190 3669641
378336230 3669641
378337741 namejuejiang 378331401 56914842
378344879 49098500
378375644 56914842
378384622 namejuejiang 378375644 56914842
378385926 47942149
378386127 4287357
378388454 48059027
378624782 56914842 378384622 namejuejiang
378625632 43300276
378851335 49095299
379065505 3275884
379072358 58068013
379073557 48760614
379074470 41647402
379082787 60160445
379097715 sphinxt
379099008 bazingaa
379114877 64211948
379116460 liqiaoxing
381405653 19655295 378263578 namejuejiang
381410566 namejuejiang 381405653 19655295
381424068 59967851
381456178 4439551
381470885 KirisameMarisa
381582740 54969701
381935392 19655295 381410566 namejuejiang
383720640 MISHIDIDAI 373072391 39306210
383722211 MISHIDIDAI
383789479 namejuejiang
383808844 49398267
387077896 tsutsuku
387078967 57071325 373068222 45024119
387257444 JudyJudyJudy 373068981 46056835
387257724 JudyJudyJudy 373693765 cz409
387257876 JudyJudyJudy
387258791 idfish
387269974 juno1990
387270728 54875058
387271059 47926979
387271169 49505671
387271173 49505671
387271400 45793390
387272292 vivian_yanni
387272878 CaptBonnie
387273484 52210453
387277131 44860635
387277373 2328135
387278581 45420395
387279250 xinyidear
387279745 50773785
387279771 KosukeLife
387280070 2262653
387282752 58817724
387314487 45024119 387078967 57071325
387359974 56590506
387366013 48980187
391362614 57617491
391388767 48388911
391396601 63451103
391400486 thank.you
392053705 49762159
392056867 52243959
392059323 54830968 378384622 namejuejiang
392059850 9271819
392059921 9271819
392119343 namejuejiang
392123459 54830968 392119343 namejuejiang
392129565 58109613
392197146 Lapch
392257477 namejuejiang 392123459 54830968
404629352 42148331 379082787 60160445
404630464 42148331 387273484 52210453
406954529 50798252
406957438 echo_magic
406957789 49064899
406987067 50398216 404629352 42148331
406996174 66438670
407432157 42148331 406987067 50398216
407434572 yamiya
407435670 49384460
407436833 jim3
407437565 chenmugou
407442849 Ellyback
407443878 seven1016 373073677 Floyd.L
407443944 seven1016 373073677 Floyd.L
407445078 kaylynn
408010263 lake0429
408012398 itopia
408013017 26629130
408014319 50631382
408488305 43849492
408593467 muorhaha
409037726 msec
419363065 46988231
419440882 62709271
