373572248 2987152
373572498 53718334 373572248 2987152
373572595 3712365
373572723 53718334 373572595 3712365
373572792 3712365
373572908 naver
373572992 53718334 373572792 3712365
373573117 52464056
373573334 58540177
373573587 63646611
373573702 53718334 373572908 naver
373573784 53718334 373573587 63646611
373573908 2987152 373572498 53718334
373573966 53718334 373573334 58540177
373574081 53718334 373573117 52464056
373574144 pinkIris
373574520 nanahjy
373574638 63646611 373573784 53718334
373575164 53718334 373574144 pinkIris
373575213 2405643
373575258 wendy1de
373575338 53059527
373575445 53718334 373574638 63646611
373575590 53718334 373574520 nanahjy
373575746 53718334 373575338 53059527
373576002 fanshuwan
373576009 63085198
373576082 zwq1990522
373576167 53718334 373576002 fanshuwan
373576226 chukaye
373576358 53718334 373576082 zwq1990522
373576416 3723476
373576519 53718334 373576009 63085198
373576642 53718334 373576416 3723476
373576656 59257154
373576778 53718334 373576656 59257154
373576913 sun0428
373577126 53718334 373576913 sun0428
373578494 3723476 373576642 53718334
373578612 53718334 373578494 3723476
373579663 40758832
373580203 shanicky
373580962 44590005 373576656 59257154
373581422 53718334 373580203 shanicky
373584913 yaoyz
373587985 53718334 373584913 yaoyz
373589166 48067205
373589177 46725774 373576642 53718334
373592118 46882477
373592657 teenagewetdream
373608227 shanicky 373592118 46882477
373608418 46882477 373608227 shanicky
373624615 nanahjy 373575590 53718334
373629291 lingduwq0203
373641992 63646611 373575445 53718334
373642271 63646611
373642499 messisp
373642963 43412283 373572248 2987152
373644122 sonnewood
373644905 55795253
373645504 49471496 373644905 55795253
373646013 42806952
373646534 lyh0202
373647268 61788705
373647997 54278483 373576358 53718334
373679342 49570078
373693916 53718334 373644122 sonnewood
373694565 53718334 373679342 49570078
373694703 53718334 373647997 54278483
373695104 53718334 373647268 61788705
373695407 53718334 373646534 lyh0202
373695597 53718334 373646013 42806952
373695742 53718334 373642499 messisp
373696034 53718334 373641992 63646611
373696172 53718334 373579663 40758832
373696547 53718334 373589166 48067205
373697275 53718334 373624615 nanahjy
373726129 messisp 373695742 53718334
373727486 leegugu
373728078 56007476
373728907 48550760 373576167 53718334
373728994 53718334 373728078 56007476
373729096 53718334 373726129 messisp
373729136 twoche
373729720 53718334 373727486 leegugu
373730987 leegugu
373732289 4156106
373733441 61729233
373734021 twoche 373732289 4156106
373734883 39962153
373735126 63388102
373735956 gulan
373736741 WHUXZheng
373738722 42115021
373740881 63646611 373696034 53718334
373741133 63646611 373736741 WHUXZheng
373741161 60887396
373766786 2634388
373809175 ilovelaja
373843479 53718334 373729136 twoche
373843659 twoche 373843479 53718334
373843867 53718334 373732289 4156106
373843973 53718334 373843659 twoche
373844226 53718334 373730987 leegugu
373844336 53718334 373766786 2634388
373845363 53718334 373736741 WHUXZheng
373858321 Mrlawrece
373858852 Mrlawrece
373872423 2634388
373913724 gtl_29
373923393 23212162
374002815 53718334 373858321 Mrlawrece
374002986 53718334 373923393 23212162
374003212 53718334 373858852 Mrlawrece
374006276 Mrlawrece 374003212 53718334
374006638 Et0ile
374010246 53718334 374006638 Et0ile
374028143 1608850
374031090 39994193
374031759 57054887
374032074 20708008
374049459 48550760
374051041 4723158
374051180 tonarinototoro
388429424 54328252
388546347 52123215
388547071 52123215 373608227 shanicky
388551363 44895296
388563167 shanicky 388551363 44895296
388566493 44895296 388563167 shanicky
388626956 shanicky 388566493 44895296
388629446 51493826
388640844 44895296 388626956 shanicky
388681061 shanicky 388640844 44895296
388683421 dooot
415140725 48593530 373734883 39962153
415142253 48593530 373923393 23212162
415275080 23212162
415277042 joyce-XQ
