373786085 loveariel
373793288 monphie
373793699 whiteout
373796511 3863618
373796750 40130329
373833819 48648168
373834015 53324877
373834908 48709534 373793288 monphie
373837538 50084265
373857842 pupa91s
373858234 monphie
373864883 48709534 373857842 pupa91s
373865097 48709534 373858234 monphie
373865469 48709534 373834015 53324877
373865718 48709534 373833819 48648168
373865894 44563677
373865989 48709534 373796511 3863618
373866655 48709534 373865894 44563677
373867113 48709534 373796750 40130329
373869097 monphie 373865097 48709534
373871402 48709534 373869097 monphie
373871956 37753303
373874772 monphie 373871402 48709534
373922204 48709534
373922522 40130329
373922969 44065426
373938513 53324877
373939835 Mrlawrece
373952475 48709534 373922969 44065426
373952710 48709534 373939835 Mrlawrece
373953218 Mrlawrece
373961371 48709534 373786085 loveariel
373964794 loveariel
374050271 44827969
374056356 48709534 374050271 44827969
374057062 enjoyYClee
374057375 48709534 373964794 loveariel
374057697 57925125
374058152 44419390
374140089 52304686
374141159 34659477
374142696 sun0428
374153499 48709534 374058152 44419390
374154031 48709534
374154680 48709534 374142696 sun0428
374155581 48709534 374141159 34659477
374157168 51277593
374157603 52816854
374158938 34659477 374155581 48709534
374160795 48709534 374157168 51277593
374160933 39059477
374161477 48709534 374158938 34659477
374162866 48709534 374157603 52816854
374162951 39059477
374163483 51277593 374160795 48709534
374163503 48709534
374163891 zhengjian127
374165431 44267355
374167214 48709534 374162951 39059477
374167616 48709534 374163891 zhengjian127
374167655 55909954
374168845 48709534 374163483 51277593
374169923 48709534 374167655 55909954
374170090 36416312
374170508 52828662
374170670 48709534 374165431 44267355
374170724 zhengjian127
374170751 51277593
374172286 48709534 374170751 51277593
374172516 48709534 374170724 zhengjian127
374172872 48709534 374170508 52828662
374173119 Simone_smile
374173131 48709534
374173931 44267355
374175048 55909954
374175196 51277593
374176610 niuniutang
374177077 39713045
374177797 26822185
374177851 sun0428
374177859 36416312
374178219 WujiangLee
374180100 forever_smile
374182517 32658190
374182765 40850012
374202837 48709534 374173931 44267355
374203036 48709534 374175196 51277593
374203795 48709534 374177077 39713045
374204321 48709534 374177797 26822185
374204982 48709534 374177859 36416312
374205365 48709534
374206160 55934586
374206382 52304686
374206584 48709534 374180100 forever_smile
374206883 18014840
374206898 48709534 374182765 40850012
374207748 48709534 374182517 32658190
374208306 48709534
374208527 36416312
374208939 48709534 374206160 55934586
374213776 36416312
374217620 43580921
374217802 qixi
374217856 32658190 374207748 48709534
374226916 yoyomu
374228651 48709534 374213776 36416312
374230114 48709534
374230464 48709534 374217802 qixi
374230640 48709534
374231262 48709534 374217856 32658190
374235863 36416312
374238988 52816854
374241943 z2z 374165431 44267355
374255945 48709534 374235863 36416312
374256123 48709534 374238988 52816854
374256186 48709534 374241943 z2z
374261675 44267355 374241943 z2z
374264102 babyneonsay
374264275 xiaofei0720
374268631 52816854
374273929 tangtanghl
374276589 shero-
374286140 z2z
374286167 57903379
374286452 z2z 374261675 44267355
374292038 zhizhi5
374293090 moukey
374346845 1435913
374354374 35486198
374356846 WujiangLee
374360007 48463697
374373025 48709534 374264102 babyneonsay
374373212 48709534 374264275 xiaofei0720
374373468 48709534 374268631 52816854
374373691 48709534 374286140 z2z
374373875 48709534 374273929 tangtanghl
374374118 48709534 374286167 57903379
374374198 48709534 374286452 z2z
374374468 48709534 374292038 zhizhi5
374374642 48709534 374293090 moukey
374374892 48709534 374354374 35486198
374375084 48709534 374356846 WujiangLee
374375463 48709534
374375585 Ohjiaqi
374377233 beautifulescape
374377646 beautifulescape
374378741 35486198 374374892 48709534
374380374 tangtanghl 374373875 48709534
374380718 48709534 374377233 beautifulescape
374381197 48709534 374377646 beautifulescape
374381460 48709534 374380374 tangtanghl
374383357 tangtanghl 374381460 48709534
374385241 48709534 374175048 55909954
374385371 48709534 374383357 tangtanghl
374391630 tangtanghl 374385371 48709534
374395722 choulinlin
374396399 qixi
374423165 48463697 374375463 48709534
374425283 57907087
374425377 52816854
374431353 WujiangLee
374447550 48709534 374391630 tangtanghl
374535123 54248747
374447817 48709534 374395722 choulinlin
374535781 57852915
374448206 48709534 374396399 qixi
374536392 WujiangLee
374448853 48709534
374542361 36416312
374449699 48709534 374425283 57907087
374556605 sammy_sxm
374449873 48709534 374431353 WujiangLee
374611122 48709534
374450746 48709534 374425377 52816854
374611339 48709534 374535123 54248747
374451870 hudu310
374611456 48709534 374535781 57852915
374452800 daweishuishou
374457787 48463697 374448853 48709534
374462260 choulinlin 374447817 48709534
374462661 35486198 374378741 35486198
374611542 48709534 374542361 36416312
374464259 z2z 374373691 48709534
374611672 48709534 374556605 sammy_sxm
374464374 57907087 374449699 48709534
374464512 49280072
374619602 tangtanghl 374611122 48709534
374465427 57907087 374464374 57907087
374625872 sammy_sxm 374611672 48709534
374467074 WujiangLee 374449873 48709534
374632844 hudu310
374470090 nohero11
374640540 1822138
374471373 57852915
374656557 44827969
374477379 52816854
374478058 52816854
374658606 44827969
374488697 59425985
374661379 48709534 374619602 tangtanghl
374516153 qixi 374448206 48709534
374661902 48709534 374625872 sammy_sxm
374522734 61719732
374662077 48709534
374525650 48709534
374662291 57903379
374526711 48709534 374452800 daweishuishou
374662961 57903379
374527106 48709534
374663012 48709534 374640540 1822138
374527514 48709534 374462260 choulinlin
374663285 48709534 374662291 57903379
374663371 48709534 374662961 57903379
374528256 48709534 374462661 35486198
374664109 57903379 374663285 48709534
374528424 48709534 374464259 z2z
374664212 milkkk
374529025 48709534 374464374 57907087
374667799 55574739
374668572 squid911
374529293 48709534 374465427 57907087
374670044 36616266
374529487 48709534
374671983 18014840
374529804 48709534 374470090 nohero11
374676528 48709534 374664109 57903379
374530397 48709534 374471373 57852915
374676726 48709534 374664212 milkkk
374676865 48709534 374667799 55574739
374532537 48709534 374477379 52816854
374676981 48709534 374668572 squid911
374532771 48709534 374488697 59425985
374677131 48709534 374670044 36616266
374532979 48709534 374522734 61719732
374677392 48709534 374671983 18014840
374534076 tangtanghl
374685576 tangtanghl 374661379 48709534
374692259 hudu310 374662077 48709534
374695932 36616266 374677131 48709534
374698426 40850012 374206898 48709534
374700726 looooot
374710753 48709534 374685576 tangtanghl
374710947 48709534 374695932 36616266
374711247 48709534 374698426 40850012
374711449 36616266 374710947 48709534
374711737 48709534
374711841 48709534 374711449 36616266
374712464 36616266 374711841 48709534
374715535 tangtanghl 374710753 48709534
374719369 Alice.c.c
374724852 27061891
374747911 sammy_sxm 374640540 1822138
374758403 54248747
374759826 52304686
374765280 looooot
374765563 49074262
374785692 hudu310
374792920 48463697
374839668 squid911 374676981 48709534
374866670 48709534 374712464 36616266
374867262 48709534 374719369 Alice.c.c
374867898 48709534 374724852 27061891
374869355 48709534
374869721 48709534 374765280 looooot
374870644 48709534
374872144 48709534 374839668 squid911
374872221 48709534
374872384 48709534 374765563 49074262
374872997 52304686
374884893 18014840 374677392 48709534
374885308 36416312 374872221 48709534
374900321 48110434 374206898 48709534
374901127 48110434 374292038 zhizhi5
374901673 48110434 374373212 48709534
374907227 56743321
374908572 rota1993
374936112 yaoyaotvxq
374944305 48709534
374944612 48709534 374900321 48110434
374944985 48709534 374885308 36416312
374945156 48709534 374907227 56743321
374945243 48709534 374908572 rota1993
374945368 48709534 374901673 48110434
374945861 48709534 374936112 yaoyaotvxq
374948009 36416312 374936112 yaoyaotvxq
374948507 yaoyaotvxq 374945861 48709534
374951880 18014840
374951897 yaoyaotvxq 374948009 36416312
374952360 23702049
374961832 51059118
374967529 52304686
374968167 58324255
374968601 58324255
374988931 36616266
375050123 48709534 374948507 yaoyaotvxq
375050424 48709534 374951880 18014840
375050742 48709534 374952360 23702049
375051396 48709534 374968167 58324255
375051736 48709534
375052016 48709534 374988931 36616266
375052263 48709534 374968601 58324255
375053907 lfzy 374264275 xiaofei0720
375053927 1499607
375054474 4792725
375054740 18014840
375056365 Dahuang900513
375057602 tangtangtangs
375058357 48709534
375058500 48709534 375054474 4792725
375058898 48709534 375056365 Dahuang900513
375059425 48709534 375053927 1499607
375059493 48709534 375057602 tangtangtangs
375060825 Dahuang900513
375066730 52673788
375066829 52925324
375067751 ljane
375069225 44984346
375070177 53478139
375074026 zhaoqj
375078484 58324255 375052263 48709534
375079713 36616266 375052016 48709534
375141861 4792725 375058500 48709534
375159227 54180612
375197392 36129327
375198457 pupa91s
375201809 pupa91s
375204718 pupa91s
375224293 tangtangtangs 375059493 48709534
375226088 48709534
375226225 48709534 375067751 ljane
375226549 48709534
375226910 48709534 375070177 53478139
375227157 48709534 375159227 54180612
375227162 57903379
375227729 48709534 375078484 58324255
375227776 48709534 375227162 57903379
375227893 57903379
375227964 48709534 375079713 36616266
375228092 48709534 375227893 57903379
375228384 48709534 375197392 36129327
375228787 57903379
375228914 57903379 375228092 48709534
375228935 48709534 375198457 pupa91s
375229135 48709534 375228914 57903379
375229373 48709534 375228787 57903379
375229661 48709534 375224293 tangtangtangs
375229829 57903379
375229887 48709534 375201809 pupa91s
375230247 48709534 375229829 57903379
375230835 57903379
375259759 36129327 375226910 48709534
375271871 ljane
375276625 Devin.YOUNG
375279751 ljane
375279954 ljane
375280395 ljane
375282069 61180967
375285005 Devin.YOUNG
375302020 chouchouCp
375310565 48709534 375259759 36129327
375310673 48709534 375271871 ljane
375310787 48709534 375276625 Devin.YOUNG
375311124 48709534 375280395 ljane
375311294 48709534 375282069 61180967
375311390 48709534 375285005 Devin.YOUNG
375311652 48709534 375302020 chouchouCp
375311845 48709534 375279954 ljane
375312760 chouchouCp
375314906 48709534 375312760 chouchouCp
375315465 chouchouCp
375315516 wing....
375316115 wing....
375318696 Devin.YOUNG
375320119 speeo
375322010 60173769
375322541 48709534 375315465 chouchouCp
375322682 48709534 375315516 wing....
375322852 48709534 375318696 Devin.YOUNG
375322983 48709534 375322010 60173769
375323236 48709534 375320119 speeo
375323697 wing.... 375322682 48709534
375323778 60173769
375323947 60173769 375322010 60173769
375324718 Devin.YOUNG
375324945 venry
375325221 chouchouCp 375322541 48709534
375325467 60173769
375326053 wing.... 375325467 60173769
375327503 53478139 375226910 48709534
375330108 62579648
375330655 36129327 375310565 48709534
375335306 48709534 375323778 60173769
375335480 60173769 375335306 48709534
375335672 48709534 375325221 chouchouCp
375335794 48709534 375335480 60173769
375336022 48709534 375324718 Devin.YOUNG
375336557 48709534
375337190 shwa518
375337449 chouchouCp
375337888 48426683
413362622 53411114
413386957 56784544
413393033 3204369
413420419 pryo
413422729 3768526
413436385 catflyinthesky
413519043 48709534 413393033 3204369
413519309 48709534 413436385 catflyinthesky
413522241 48709534
413526461 3768526
413536400 3204369 413519043 48709534
413570864 59201087
413576670 FionaStayReal
413576693 junjae
413589517 47079458
413591013 52460502
413609329 candymilk
413663608 ida_danlan
413723846 wlx1993
413757200 carlosk
413768448 jiaqiqi
413783307 1463587
413798156 48709534 413757200 carlosk
413798401 48709534 413576670 FionaStayReal
413798565 FionaStayReal 413798401 48709534
413802704 67346131
413813233 48206402
413817836 56723702 413798401 48709534
413818124 pryo
413848461 junjae
413851276 carlosk 413798156 48709534
413876757 baibaiandbaibai
413882158 48709534 413876757 baibaiandbaibai
413882582 48709534 413848461 junjae
413882944 48709534
413926471 59201087
413991817 pryo
414104962 31958952
414111554 48709534 413991817 pryo
414113186 pryo
414114784 pryo 414111554 48709534
414115756 62744566
414120481 pryo
414120598 pryo
414120809 pryo
414123644 29603086
414150452 pryo
414169552 34686253
414179664 59201087
414243009 45807928
414243913 sy3336064
414278142 59201087
414313055 eric-fhc
414322150 64303408
414334017 57884871
414373325 chihee
414376141 yiyi-11
414388499 59201087
414395317 4425927
414421568 45661957
412318219 59201087
414423051 37255247 414421568 45661957
414457814 34383624
412322446 4345003
414521405 catflyinthesky 413519309 48709534
412332074 48709534
412332348 48709534 412322446 4345003
414526312 48709534 414457814 34383624
412333037 59201087 412332074 48709534
414527535 48709534
412346006 3506248
414530937 59201087
412352266 4345003 412332348 48709534
414530989 3768526
414532397 41813841
412352558 BABJ
414539162 49187238
412353415 BABJ 412352558 BABJ
414604042 48709534 414539162 49187238
412383005 39127886
412384653 jinglinmao
414604124 48709534 414532397 41813841
412406724 junjae
414604255 48709534 414530989 3768526
412413897 4509709
414604695 48709534
412414579 smylldon
412425672 34686253
414614852 3768526 414604255 48709534
412465349 47032502
414623477 59201087 414604695 48709534
412494512 46521802
414624189 53000618
412496917 sunnypiggy
414634048 49582311
412532967 51407232
414640493 53618022
412547199 52010368
414656319 36326926 414423051 37255247
412573156 53411114
414663609 47273563
412580136 60280624
414665942 4509709
412599011 56723702
414677821 60817341
414680693 1631772
412599985 iricy
414691197 baniu
412625054 3442303
414694210 65914819
412625355 3442303
414699746 aiifor
412635267 56723702
414707877 48709534 414634048 49582311
412665534 48709534 412599985 iricy
414745779 3640629
412667237 3506248
414759687 29603086
414763383 35389815
412674487 48709534 412383005 39127886
414773761 narcynn
412674550 48709534 412667237 3506248
414797679 ukis
412675974 2191342
414803887 48709534 414773761 narcynn
412676849 53000618
412679280 jinglinmao
414803943 48709534 414745779 3640629
412683699 56723702
414813641 48709534 413723846 wlx1993
412684772 48709534
414813739 48709534 414797679 ukis
412685206 48709534 412679280 jinglinmao
414815587 narcynn 414803887 48709534
412702896 53000618 412683699 56723702
414817039 48709534 414763383 35389815
412713857 aiifor
414817183 48709534 414815587 narcynn
412714443 53945898 412702896 53000618
412722149 suki2633
414817365 48709534 414759687 29603086
412724138 56723702
412729844 eunhaedictator 412714443 53945898
412741080 48709534 412722149 suki2633
412764535 48709534 412353415 BABJ
412764732 48709534 412724138 56723702
412764881 48709534 412714443 53945898
412764982 48709534 412713857 aiifor
412765385 48709534 412532967 51407232
412765781 48709534
412775205 BABJ
412785325 Aquarius_J
412818986 40872290
412825645 56723702
412829078 59201087 412765781 48709534
412847073 iricy 412702896 53000618
412861242 chydd
412864059 lmx10311107N
412866523 3547962
412915728 junjae 412765385 48709534
412924473 3506248
412926263 chami
413012018 53411114 412684772 48709534
413021173 momo.x
413025332 momo.x
413039552 60659238
413062246 56723702
413075658 48709534 413021173 momo.x
413075940 48709534 413039552 60659238
413076221 48709534 413012018 53411114
413076314 48709534 412924473 3506248
413076472 48709534 412866523 3547962
413076742 48709534 412864059 lmx10311107N
413076896 48709534
413077041 48709534 412861242 chydd
413077437 momo.x 413075658 48709534
413078683 momo.x
413086553 48709534 413078683 momo.x
413089284 momo.x 413086553 48709534
413092336 doubandayima
413095522 61006513
413096383 56723702
413096762 56723702
413105542 48709534 413092336 doubandayima
413105600 48709534 413096383 56723702
413110375 3204369
413123194 48709534 413110375 3204369
413123291 eunhaedictator
413127496 3204369 413123194 48709534
413133608 48709534
413133916 lmx10311107N
413153306 48709534 413133916 lmx10311107N
413153656 48709534
413153942 48709534 413127496 3204369
413222650 3768526
413247285 BABJ
413279014 53483945
413296710 momo28
413298182 momo28
413304003 51407232
375833950 48709534
375834236 48709534
375834524 48709534
375834847 48709534
375835145 48709534
375835397 48709534
375835491 48709534
375835610 48709534
375835701 30471893 375835610 48709534
375835738 48709534
375835857 48709534 375835701 30471893
375836013 30471893 375835857 48709534
376289005 48709534
376289126 48709534 375836013 30471893
376307501 4833304
376331239 kairui
376332067 kairui
376348100 36416312
376355667 48438982
376404258 42356337
376407833 42618634
376421739 42356337
376444295 57903379
376473065 4833304 376348100 36416312
376535346 45727227
376540057 56688438
376543092 48709534
376543741 48709534 376331239 kairui
376543917 48709534 376332067 kairui
376544204 48709534 376348100 36416312
376544515 48709534
376544725 48709534 376404258 42356337
376544778 48709534 376407833 42618634
376544840 48709534 376421739 42356337
376544942 48709534 376444295 57903379
376544997 48709534
376545267 48709534
376550768 kairui
376551049 kairui
376553067 46292713
376553259 40890141
376554943 48709534 376550768 kairui
376555000 48709534 376553259 40890141
376555022 48709534
376555792 kairui 376555022 48709534
376577859 monphie
376598157 48438982
376631545 48709534 376577859 monphie
376631668 48709534 376598157 48438982
376634523 48438982 376631668 48709534
376635237 48709534 376634523 48438982
376637451 48438982
376648359 3272815
376654094 twei
376664291 ssxxx
376670882 45727227
376674307 49724346
376675119 37746546
376683284 felicitouslife
376683633 47913954
376693594 hudu310
376705157 4635996
376723926 babyneonsay
376736138 3923443
376771634 42356337
376779695 48709534 376637451 48438982
376780457 48709534 376648359 3272815
376780587 48709534 376654094 twei
376781435 48709534 376664291 ssxxx
376781800 48709534
376781943 48709534 376674307 49724346
376783261 48709534 376675119 37746546
376783876 48709534 376683284 felicitouslife
376784249 48709534 376683633 47913954
376784329 60878669
376784360 48709534 376723926 babyneonsay
376785309 48709534 376784329 60878669
376785916 60878669
376786920 jinjinonly
376786945 48709534 376771634 42356337
376787136 48709534 376736138 3923443
376787783 54897172
376792050 3272815
376792538 mmz0922
376794018 48709534 376785916 60878669
376794167 37917706
376794294 48709534 376792050 3272815
376794514 48709534 376794167 37917706
376795251 48709534 376787783 54897172
376795389 48709534 376792538 mmz0922
376795838 3272815
376798357 48709534 376795838 3272815
376799348 mmz0922 376795389 48709534
376799793 mmz0922
376800444 3923443
376801747 mmz0922 376799793 mmz0922
376801889 37917706
376802456 xiaohongting
376803006 48709534 376799793 mmz0922
376803028 37917706 376683633 47913954
414817608 48709534 414699746 aiifor
414817848 48709534 414694210 65914819
414818160 48709534 414691197 baniu
414818751 narcynn 414817183 48709534
414818958 ukis 414813739 48709534
414819743 48709534 414680693 1631772
414819797 ukis 414818958 ukis
414819857 48709534 414818958 ukis
414819961 48709534 414819797 ukis
414820340 48709534 414150452 pryo
414820782 ukis 414819961 48709534
414826043 29603086 414817365 48709534
414829468 48709534
414829731 48709534 414820782 ukis
414830012 31523810
414830180 56195000
414831425 31523810 414830180 56195000
414833182 56195000 414831425 31523810
414833681 31523810 414833182 56195000
414834388 56195000
414835681 58201682
414842737 wangyani
414844525 baniu
414845765 ukis 414829731 48709534
414847546 ukis 414845765 ukis
414850567 1631772 414819743 48709534
414851611 6735753
414853710 48709534 414847546 ukis
414854254 48709534 414830012 31523810
414854400 53945898
414854606 53945898 414854400 53945898
414855561 ukis 414853710 48709534
414860202 48709534 414854606 53945898
414860254 48709534 414855561 ukis
414860354 48709534 414850567 1631772
414861305 ukis 414860254 48709534
414892656 park08
414896924 momo28
414932112 snaccya
414949454 31292056
414951471 wangyani
414954120 trippingbird
414966750 1557815
414969133 snaccya
415145243 29603086
415169461 59156459
415185443 58201682
415221762 48709534 415185443 58201682
415230361 tiamo521ml
415230534 bearyaa
415246928 Ohjiaqi
415266844 1803507
415271530 64594244
415272078 58201682 415221762 48709534
415276244 35389815
415307784 junjae
415308563 junjae
415335759 lowdens
415342519 lowdens
415342909 lowdens
415350390 baniu
415393503 Ifgone.
415393798 50831981
415394276 kindergarten...
415402968 kittyyc
415457332 34383624
415493127 44053434
415505235 55619470
415526321 missaduo
415566886 3768526
415608517 micky_yao
415632642 54470430
415655399 gaogao2042
415657184 jinglinmao
415657462 64594244
415657788 eric-fhc
415692155 48709534 415657462 64594244
415692324 48709534 415657184 jinglinmao
415692599 48709534 415655399 gaogao2042
415692676 48709534 415657788 eric-fhc
415693092 48709534 415608517 micky_yao
415693421 48709534 415566886 3768526
415693610 60045270
415693660 48709534 415526321 missaduo
415693965 48709534 415693610 60045270
415695968 48709534 415493127 44053434
415696166 48709534 415394276 kindergarten...
415696308 48709534 415393798 50831981
415696666 48709534 415342519 lowdens
415696845 48709534 415402968 kittyyc
415697044 48709534 415308563 junjae
415697450 48709534 415276244 35389815
415697744 48709534 415272078 58201682
415697924 48709534 415350390 baniu
415698090 48709534 415246928 Ohjiaqi
415698238 48709534 414954120 trippingbird
415698515 48709534 415230361 tiamo521ml
415698683 48709534 415185443 58201682
415698822 48709534 415230534 bearyaa
415699027 eric-fhc 415692676 48709534
415699086 48709534 414932112 snaccya
415699246 48709534 414892656 park08
415699486 48709534 414835681 58201682
415699748 48709534 414830012 31523810
415699928 48709534 414842737 wangyani
415700170 baniu 415697924 48709534
415701559 31523810 415699748 48709534
415701994 3795122
415705286 Ohjiaqi
415705777 58201682 415699486 48709534
415720923 63920755
415735835 snaccya 415699086 48709534
415738354 48709534 415700170 baniu
415738471 48709534 415735835 snaccya
415739261 baniu 415738354 48709534
415740127 carlosk
415741861 sono_chou
415742562 66612866
415758543 60045270 415693965 48709534
415836175 miRroRtic
415849331 43717474 415705286 Ohjiaqi
415858453 eunhaedictator
415884552 46867082
415930430 momo.x
415945646 chydd
415950605 59201087
415958303 52639238
415972443 48709534 415950605 59201087
415972569 48709534 415930430 momo.x
415973410 Sleve
415989318 29603086
415999774 53529244
416000197 53529244
416004079 53529244
416010667 forevermin
416011169 44053434 415695968 48709534
416033730 suki2633
416034946 Y44
416047104 59201087 415972443 48709534
416059171 julymelody
416083330 momo.x 415972569 48709534
416103180 49071213
416133821 37255247
416183660 65480202
416184916 62835887
416185641 54339276
416195058 53411114
416197268 45501065
416199172 41032363
416200896 1468547
416227318 baniu
416234909 kindergarten... 416200896 1468547
416250456 48709534 416185641 54339276
416252300 48709534 416234909 kindergarten...
416252691 48709534 416200896 1468547
416258551 54339276
416264274 64594244
416297274 48709534 416258551 54339276
416297599 48709534 416264274 64594244
416297992 48709534 416197268 45501065
416298171 54339276 416297274 48709534
416298173 48709534 416184916 62835887
416298406 48709534 416183660 65480202
416298536 48709534 416133821 37255247
416300240 48709534 416034946 Y44
416303457 Y44 416300240 48709534
416304280 48274912
416308894 48709534
416313762 skarah
416324905 48709534 416304280 48274912
416325180 48709534 416313762 skarah
416325561 44053434 416298536 48709534
416337176 51610768
416342618 skarah 416325180 48709534
416356532 56917272
416363074 doubandayima
416367188 52211596
416369867 62835887 416298173 48709534
416398141 45501065 416297992 48709534
416399261 45807928
416401745 dadadatuanzi
416410028 36326926 415693421 48709534
416421603 48709534 416342618 skarah
416426387 48709534 416410028 36326926
416430369 36326926 416426387 48709534
416481833 kindergarten...
416503650 jmuda
416518276 lyl817
416539837 skarah 416421603 48709534
416543343 15983892
416552836 56917272
416595913 48709534 416552836 56917272
416595984 48709534 416539837 skarah
416596082 48709534 416503650 jmuda
416598581 esgape
416599126 seymiyake
416602289 56917272 416595913 48709534
416617436 eunhaedictator 416227318 baniu
416623847 cly221
416634028 48709534 416599126 seymiyake
416646065 seymiyake 416634028 48709534
416676060 jmuda 416596082 48709534
416687762 skarah 416595984 48709534
416688946 yummyoung
416730834 50881450
416739606 BOINNE
416754402 puppy_says 416297992 48709534
416869379 45807928
416876020 53411114
416908217 48709534 416602289 56917272
416908501 48709534 416599126 seymiyake
416908701 48709534 416518276 lyl817
416909563 48709534 416646065 seymiyake
416911602 kuangyedexin
416912250 67672588
416913220 48709534 416869379 45807928
416913330 48709534 416911602 kuangyedexin
416913379 48709534 416912250 67672588
416913499 48709534 416754402 puppy_says
416913686 48709534 416739606 BOINNE
416913770 48709534 416676060 jmuda
416913884 48709534 416688946 yummyoung
416914076 kittyyc 416913884 48709534
416914143 kittyyc
416914318 kittyyc
416917144 67672588 416913379 48709534
416923671 48709534 416914143 kittyyc
416931361 BOINNE 416913686 48709534
416948027 puppy_says 416913499 48709534
416948111 48709534 416931361 BOINNE
416948225 48709534 416948027 puppy_says
416959340 puppy_says 416948225 48709534
416959817 41808930
416964044 kittyyc 416923671 48709534
416966819 47488612
416968195 48709534 416964044 kittyyc
416971337 49226704
416972111 hello_Lil
416972234 48709534 416966819 47488612
416977107 49841405
416984565 kittyyc 416968195 48709534
417006563 eunhaedictator
417008453 48697348
417008612 48697348
417009442 2396655
417011965 59795998
417013091 47879446
417016814 53773505
417024211 babylovelife
417076670 42135569
417118719 58201682 415221762 48709534
417122082 2697196
417169220 37255247
417173428 Y44
417176813 2789991
417207117 48709534 417173428 Y44
417207173 48709534 417169220 37255247
417207326 48709534 417122082 2697196
417207518 48709534 417118719 58201682
417207635 48709534 417076670 42135569
417207725 48709534 417024211 babylovelife
417208024 48709534 417013091 47879446
417208132 48709534 417016814 53773505
417208241 48709534
417208908 48709534 417009442 2396655
417209333 48709534 417008612 48697348
417209833 48709534 416977107 49841405
417213354 51152763
417213728 65878271
417214485 muyoushenme
417222942 48697348 417209333 48709534
417230353 48709534 417213354 51152763
417241990 31292056
417244907 59795998 417208241 48709534
417244983 52127789
417248535 2789991 417207173 48709534
417251161 chuhui
417258978 58201682 417207518 48709534
417259410 2230719
417263901 60365695
417268304 chuhui
417293586 huangk
417295979 2198763
417299960 63032352
417304093 45543265
417329231 4696714
417346613 baobaodaren
417349509 49841405 417209833 48709534
417349993 2979463
417392403 61571930
417398198 36118915
417473146 wangyani
417473584 Shaguoruyi
417479278 30210248
417494881 2789991 417293586 huangk
417499237 48709534 417213728 65878271
417499371 48709534 417222942 48697348
417499491 48709534 417494881 2789991
417499770 48709534 417293586 huangk
417500013 48709534
375338381 48709534 375337190 shwa518
375338594 48709534 375337449 chouchouCp
375338706 48709534 375337888 48426683
375339072 chouchouCp
375339607 48426683
375342136 shwa518
375345050 rota1993 375311124 48709534
375347026 48426683
375348103 57787114
375348674 huwei076
375352763 ciciaigigi
375371825 Devin.YOUNG
375404853 42618634
375406649 yxyyxyyxy
375486230 ljane 375311124 48709534
375488491 26245237
375517252 48709534 375339072 chouchouCp
375517385 48709534 375339607 48426683
375517516 48709534 375342136 shwa518
375517801 48709534 375345050 rota1993
375518047 48709534 375347026 48426683
375518169 48709534 375348103 57787114
375518479 48709534 375348674 huwei076
375518708 48709534 375352763 ciciaigigi
375518932 48709534 375371825 Devin.YOUNG
375519050 48709534 375404853 42618634
375519288 48709534 375486230 ljane
375519581 48709534 375488491 26245237
375520332 chouchouCp 375517252 48709534
375521370 57348033
375528265 3734216
375528615 3734216
375540169 DanaWon
375551538 twei
375572166 zhucebuliao
375578262 48709534 375521370 57348033
375578355 48709534 375520332 chouchouCp
375578733 48709534
375579058 48709534 375528615 3734216
375579328 48709534 375540169 DanaWon
375579505 48709534 375551538 twei
375579795 48709534
375580274 chouchouCp 375578355 48709534
375580612 48709534 375580274 chouchouCp
375580876 chouchouCp
375582210 45727227
375582263 48709534 375580876 chouchouCp
375582468 chouchouCp 375582263 48709534
375588028 58695101
375588507 paradise-city
375593302 minijunki
375595104 zhucebuliao
375600085 61164838
375600928 48709534 375582468 chouchouCp
375601052 chouchouCp 375600928 48709534
375601287 48709534 375588028 58695101
375601540 48709534 375588507 paradise-city
375601796 48709534 375593302 minijunki
375602292 48709534 375595104 zhucebuliao
375602453 48709534 375600085 61164838
375603014 48709534 375601052 chouchouCp
375604936 chouchouCp 375603014 48709534
375605574 36129327 375519050 48709534
375608119 minijunki
375609154 48709534 375604936 chouchouCp
375609647 48709534
375609677 chouchouCp 375609154 48709534
375610093 48709534 375605574 36129327
375610256 48709534 375609677 chouchouCp
375610512 chouchouCp 375610256 48709534
375611328 51627884
375612770 minijunki 375609647 48709534
375614200 61164838
375640121 48709534 375611328 51627884
375640355 48709534 375612770 minijunki
375640523 48709534 375614200 61164838
375643568 57903379
375643805 57903379 375643568 57903379
375650983 48709534 375643805 57903379
375655004 kaysummer
375655137 57903379
375655184 kaysummer 375655004 kaysummer
375655958 26245237
375661090 48709534
375687473 twei
375687728 48709534 375687473 twei
375689327 churentoudi
375689695 churentoudi
375694319 48709534 375689695 churentoudi
375701097 54932813
375707232 63563448
375725109 52460502
375725846 51627884 375640121 48709534
375728765 twei
375730795 williamzenger
375733449 51627884 375725109 52460502
375741474 4207135
375762520 ljane 375519288 48709534
375832948 30471893
375833770 48709534 375701097 54932813
411373976 48709534
411375431 48709534
411376642 wangxinjia
411380354 48709534 411376642 wangxinjia
411382594 wuttbest
411395996 50816673
411400131 62111866
411403264 62111866
411403915 36326926
411404674 wangxinjia 411380354 48709534
411418258 8392185
411428862 59201087
411498060 59658494
411500143 59658494
411506487 sil0417
411518099 matchsticky
411527016 baniu
411533499 48709534 411527016 baniu
411538574 48709534 411518099 matchsticky
411555823 48709534
411556868 48709534 411428862 59201087
411562873 ballozeng
411566979 59201087 411556868 48709534
411603068 40872290
411603179 baniu 411533499 48709534
411605851 48709534 411603068 40872290
411620767 40872290
411643075 64795796
411660181 52423096
411705741 4509709
411727067 junjae
411732229 duqiong112
411766135 45807928
411802843 cidy212
411842747 59201087
411853750 ckim
411854762 iricy
411857304 ixierduo
411869131 48709534 411854762 iricy
411869430 48709534 411802843 cidy212
411884714 48709534
411887686 bodhi0627
411889984 48709534 411842747 59201087
411890412 48709534 411887686 bodhi0627
411891851 48709534 411857304 ixierduo
411891965 48709534 411854762 iricy
411892247 48709534 411732229 duqiong112
411899794 56723702
411911299 iricy 411891965 48709534
411923659 chydd
411931785 15655092
411932173 48709534
411932313 48709534 411911299 iricy
411950270 iricy 411932313 48709534
411958808 42754743
411961221 44275517
411964442 42754743
411966634 48709534 411950270 iricy
411975007 iricy 411966634 48709534
411984756 55351561
412003106 eunhaedictator
412020375 zhaoqj
412026456 64193877
412031564 60711027
412045449 4509709
412070474 sy3336064
412102966 kittyyc
412117177 BABJ
412178271 53411114
412191593 32743739
412249653 eunhaedictator
412259634 julymelody
412263946 junjae 412191593 32743739
412285750 3506248
412288890 48709534 412249653 eunhaedictator
412288989 48709534 412285750 3506248
412289148 48709534 412263946 junjae
412289268 48709534 412259634 julymelody
412289475 48709534 412191593 32743739
412290053 48709534 412178271 53411114
412290340 48709534 412117177 BABJ
412290608 48709534 412102966 kittyyc
412290883 48709534 412070474 sy3336064
412291116 48709534 412031564 60711027
412291532 48709534 412045449 4509709
412292646 lmx10311107N
412293512 32743739
412294805 ymmymm
412295905 48709534 412292646 lmx10311107N
412296090 48709534 412294805 ymmymm
412296904 34686253
412299542 59201087
412305029 4345003
412309098 48709534 412296904 34686253
412315514 4345003
412316155 48709534
412316620 48709534 412305029 4345003
412316981 59201087 412316155 48709534
412317039 48709534 411975007 iricy
412317364 48709534
419723774 fishshuo
419738309 47032502
419771346 HARUKO
419771866 58978571
419783382 51574027
419783949 marlborof1
419784265 eric-fhc
419784348 4296707
419792171 44275517
419793120 47290824
419794589 51340796
419799229 30766863
419805072 shaben
419805663 yiyi-11
419838636 63434340
419840759 WXTgogo0025
419861055 46867082
419861291 58568616
419864235 doublef1sh
419865805 45475241
419867167 petitcinq
419884499 66034478
419884932 63004570
419886043 44731373
419886911 57802097
419918691 15983892
419924335 narcynn
419926736 sherryrei
419954001 52225629
419956063 31265061
419957364 62034119
419960959 54914759
419962565 fishshuo
419965618 34178295
419965811 aabc555
419977935 ckim
419985696 pryo
419987608 56329062
419989350 54237019
419990116 cindylovealex
419993305 50206732
419994351 50206732
419994805 47969483
420006037 45807928
420009646 52127789
420032456 APRILKA
420034951 ginnyG
420035637 59935449
420036733 34169552
420038011 49474354
420040965 jiumu
420041898 64749372
420042226 64749372
420054594 60045270
420058950 51407232
420079795 35389815
420090434 4068988
420152185 ukis
420154858 48709534
420155145 Avenia
420156893 48709534 419723774 fishshuo
420160405 44802698
420166391 48709534 419771346 HARUKO
420166823 48709534 420035637 59935449
419023611 48709534
420168435 53529244
420173916 esgape
419025884 48709534
420175834 66175585
419026153 48709534
420178984 shanshan9420
419027220 61353438 419025884 48709534
420188264 28216293
420195794 44157536
419030242 52527265
420197111 48709534 420041898 64749372
419033391 48709534
420197408 Amymy
419034284 63825640
419042555 43907587
420200941 44802698
419045005 66907574
419046818 orange-xuyun
420202547 daylightsyang
419046947 60742544
420202736 daylightsyang 420200941 44802698
419055072 48442471
420203656 2881510
420205105 lynnoria
419057120 47032502 419023611 48709534
420206290 36326926
419063620 63637508
419068613 mu222
419070382 62339056
419070703 67132834
419076631 58520717
419087982 11138663
419090097 41813841
419093538 chouchouCp
419121334 64594244
419136179 snaccya
419161814 libramin
419169979 monica---0211
419211123 47537895
419274048 53482861
419286064 46153711
419298313 65785621
419326957 52127789
419359855 snaccya
419370011 47032502
419375245 48709534
419376716 56723702
419377807 kindergarten...
419379145 41742957
419379452 41742957
419381363 48709534
419381486 48709534 419379452 41742957
419383751 52340730
419384010 34383624
419385622 41742957 419381363 48709534
419386250 41742957 419381486 48709534
419387580 42372826
419388103 daylightsyang
419394514 48709534 419388103 daylightsyang
419396649 48274912
419397662 43488242
419398048 32743739
419398998 47032502
419399696 yinyet
419400740 4118592
419401809 50405573
419402617 daylightsyang 419394514 48709534
419402937 46754639
419408337 yiyi-11
419423549 48709534 419402937 46754639
419423901 48709534 419408337 yiyi-11
419425536 48709534 419402617 daylightsyang
419426286 pryo
419427905 4425927
419429075 daylightsyang 419425536 48709534
419429304 snaccya 419423901 48709534
419435046 Amymy
419436759 48709534 419429075 daylightsyang
419440115 67050736
419441050 chihee
419454390 fenellarik
419456434 49201669
419459369 gaogao2042
419471377 47032502
419473585 sy3336064
419474256 47273563
419474704 daylightsyang
419475715 51126045
419483525 ivy_chang
419486747 baobaodaren
419488165 3640629
419490536 50816673
419501703 30008592
419503620 59842653
419503889 47032502
419504840 inging
419505034 chiba49
419515914 63030663
419516144 Aquarius_J
419516936 63030663
419534040 3768526
419535203 joxy
419552815 2789991
419572252 39395858
419581860 momo.x
419585242 missaduo
419609451 50051112 419379452 41742957
419609815 50051112
419617514 64843240
419646344 47032502
419652101 HARUKO
419653013 47032502
419654649 46490825
417500122 48709534 417473584 Shaguoruyi
417500381 48709534 417473146 wangyani
417500567 48709534 417392403 61571930
417500874 48709534 417349509 49841405
417501001 48709534 417346613 baobaodaren
417501097 48709534 417258978 58201682
417501226 48709534 417329231 4696714
417501561 48709534
417502144 58201682 417501097 48709534
417502475 56917272 417209333 48709534
417503521 48697348 417499371 48709534
417505328 2789991 417499491 48709534
417508491 61571930 417500567 48709534
417510234 48709534 417244907 59795998
417510400 48709534 417505328 2789991
417510526 48709534 417508491 61571930
417510857 4696714
417513604 fangqueen
417521284 2789991 417510400 48709534
417526933 30210248 417500013 48709534
417535165 41825783
417543740 45501065
417553070 49152465
417556743 chuhui 417501561 48709534
417559758 Shaguoruyi 417500122 48709534
417559760 chuhui 417501561 48709534
417577917 59795998 417510234 48709534
417622030 67780083
417683075 3747845
417683316 3747845
417688832 44053434
417714459 huangk 416964044 kittyyc
417719398 66543699
417740845 50051112
417786369 huangk
417805252 50523416
417809264 monica---0211
417831242 renzhenzoulu
417888572 2697196
417895160 34776005
417912025 48709534 417622030 67780083
417912198 48709534 417895160 34776005
417912410 48709534 417888572 2697196
417913133 48709534 417831242 renzhenzoulu
417913430 48709534 417809264 monica---0211
417913683 48709534 417805252 50523416
417913849 48709534 417786369 huangk
417919965 48709534 417740845 50051112
417920522 48709534 417683075 3747845
417921160 48709534 417543740 45501065
417921257 48709534 417714459 huangk
417921404 48709534 417683316 3747845
417921817 41393043
417922596 45501065 417921160 48709534
417926409 50051112 417919965 48709534
417928910 47273563
417946214 62997432
417953529 renzhenzoulu
417981088 Animmmma
417985925 babylovelife
417986483 vinnsy
417987586 churentoudi
418045751 monsterkk
418196842 chiba49
418204696 momo28
418206808 48709534 417953529 renzhenzoulu
418207544 48709534
418207754 48709534 418204696 momo28
418208018 48709534 418045751 monsterkk
418208122 48709534 417987586 churentoudi
418208298 48709534 417986483 vinnsy
418208572 48709534 417981088 Animmmma
418209109 48709534 417946214 62997432
418209447 62997432
418209710 48709534 417922596 45501065
418210488 62997432 418209109 48709534
418212554 66175585
418213189 48709534 417928910 47273563
418213399 48709534 418212554 66175585
418215897 48709534 418210488 62997432
418216296 48709534 417985925 babylovelife
418217736 chuhui
418218903 chuhui
418222247 3038284
418222619 66175585 418213399 48709534
418226723 3665819
418227337 Animmmma 418208572 48709534
418228118 3665819
418229941 48709534 418218903 chuhui
418232119 9256961
418239027 48709534 418228118 3665819
418239792 48709534
418240206 48709534 418226723 3665819
418240463 48709534 417921817 41393043
418240696 48709534 417922596 45501065
418241956 62997432 418215897 48709534
418243446 monsterkk 418208018 48709534
418247425 3665819
418247879 chuhui
418252801 yiyi-11
418253045 sleephere
418261646 45501065 418209710 48709534
418265009 babylovelife 418216296 48709534
418278793 48709534 418241956 62997432
418279141 sleephere
418279356 48709534 418265009 babylovelife
418279449 48709534 418279141 sleephere
418279607 48709534 418253045 sleephere
418281067 sleephere
418287152 65885064
418289463 48709534 418261646 45501065
418289620 48709534 418281067 sleephere
418289904 48709534 418287152 65885064
418302280 3665819 418279356 48709534
418302802 sleephere
418313579 62997432 418278793 48709534
418314687 47879446
418315051 windingbaby
418315264 summervoilet
418323314 renzhenzoulu 418206808 48709534
418328795 renzhenzoulu
418331086 9256961
418332250 36065536
418338209 chouchouCp
418354389 sleephere
418360059 gaogao2042
418360273 3665819
418361232 2629900
418371627 2510124
418373653 libramin
418375055 54926601
418375326 44673389
418376157 Henry190
418386327 carlosk
418399873 31523810
418408476 2510124
418420419 skarah
418421394 42695973
418481823 45852433
418481848 45852433
418543515 48709534
418550671 58533781
418567596 49358021
418567704 49358021
418568017 49358021
418569065 47032502
418569201 47582587
418598602 53773505
418671115 Xinuan
418693513 jiumu
418703141 37255247 417207173 48709534
418746136 53482861
418794471 braisedfish
418883204 huangk
418885513 48197174 415394276 kindergarten...
418897744 58490872
418940970 50247366
418949331 47032502
418976269 3665819
418979523 61353438
418997425 43907587 418979523 61353438
418998561 61353438
419011946 48709534 418302280 3665819
419012268 48709534 418302802 sleephere
419013169 48709534 418314687 47879446
419013403 48709534 418315051 windingbaby
419013554 48709534 418315264 summervoilet
419014049 48709534 418328795 renzhenzoulu
419014515 48709534 418331086 9256961
419016247 48709534 418332250 36065536
419016373 48709534 418338209 chouchouCp
419016955 48709534 418354389 sleephere
419017084 48709534 418360059 gaogao2042
419017245 48709534 418360273 3665819
419017489 48709534 418361232 2629900
419017496 greepchen
419017671 48709534 418371627 2510124
419017787 48709534 419017496 greepchen
419017957 48709534 418373653 libramin
419018067 48709534 418375055 54926601
419018219 48709534 418375326 44673389
419018313 48709534 418376157 Henry190
419018488 greepchen 419017787 48709534
419018592 48709534 418386327 carlosk
419018910 48709534 418420419 skarah
419019277 48709534
419019989 48709534 418481848 45852433
419020290 48709534 418550671 58533781
419020939 48709534 418567596 49358021
419021091 48709534 418569201 47582587
419021622 48709534
419021759 48709534 418671115 Xinuan
419021963 48709534 418693513 jiumu
419022194 48709534 418703141 37255247
419022380 48709534 418746136 53482861
419022546 48709534 418883204 huangk
419022714 48709534 418885513 48197174
419022867 45852433 419019989 48709534
419022887 48709534 418940970 50247366
419023068 48709534 418897744 58490872
