374290944 45653680
374291109 ufoxy
374294554 idahoriver
374330705 zero1993
374344620 61659336
374355625 34945713
374357105 42492242
374358202 40904465
374440435 mirage-x
374801573 55499189 374440435 mirage-x
374856368 mirage-x 374801573 55499189
375137283 55499189 374856368 mirage-x
375140022 59803115
375144400 mirage-x 375137283 55499189
375441927 55499189 375144400 mirage-x
384760922 zero1993 375140022 59803115
384762578 46519089
384772882 44035954
384775622 44035954 374440435 mirage-x
384776290 8460699
384776404 64891558
384777658 44035954 384776290 8460699
384791768 2600403
384801832 44035954 384791768 2600403
384819051 sommee
384819527 clorismile
384820105 52821118
384821604 60187828
384822159 54490566
384822571 54914759
384822832 62372748
384823222 42344786 384822159 54490566
384823346 42344786 384822832 62372748
384824575 56638355
384826608 60072857
384848843 44035954 384822571 54914759
384861606 58699731
384863878 64592409
384879427 59251931
384885505 61305960
385393389 8460699
385396308 senses058
385403910 homelesspanda
396285569 63888666
396669478 clovertachibana 396285569 63888666
399217033 jccat
410156036 62147492 399217033 jccat
411509702 koisumi
411542296 loveandpoison
411547379 46156941
411569766 66814142
411570162 koisumi 375140022 59803115
411728217 59803115 411570162 koisumi
411748352 59464102
411817979 koisumi 411728217 59803115
412533613 monstercici
412555313 angel888
412555364 angel888
412555423 angel888 375140022 59803115
412555550 angel888
412555566 angel888 384822571 54914759
412570959 46519089
412573241 47990710
412575387 52053478
412575582 52053478 412575387 52053478
