374482299 59341334
374492130 53324098
374497962 54618497
374500668 47882822
374584354 34708293
374586016 48438982
374587882 59341334 374492130 53324098
374589161 62999435
374589629 whereMonica
374593077 59341334 374589161 62999435
374619380 hongguougo
374622760 54886750
374636308 62999435 374593077 59341334
374638370 40549441 374636308 62999435
374646540 59341334 374636308 62999435
374649681 60284921
374661271 54886750
374663959 giselle-sword
374676364 59341334 374622760 54886750
374679371 29298006
374681522 47884078
374681801 59341334 374679371 29298006
374681966 41606891
374701816 jbts
374703317 jbts
374744154 irisman
374745020 49491225
374745474 hduck86
374745983 amingsang
374766413 45573967
374767577 59341334 374766413 45573967
374769555 31716665
374772141 poepoe
374773719 46522940
374775067 55806671
374776132 6279539
374776267 47034094
374777646 50630521
374778693 46681464
374784242 59341334 374777646 50630521
374786379 45573967 374767577 59341334
374788563 48987130
374791754 53650516
374797198 53650516
374813054 54886750
374836863 37630685
374852144 29603086
375018923 amingsang
375037896 40450839
375087522 53650516
375092221 53650516 374593077 59341334
375093423 myenn
375096336 55555964
375181101 62999435 374638370 40549441
375185256 62999435 374646540 59341334
375187143 woshibill
375230581 50630521 374784242 59341334
375235147 3879379
375238670 38555351
375247520 50623408
375247846 50623408
375280318 5299275
375329552 62846635
375333018 59341334
375333240 59341334
375334027 59341334 375018923 amingsang
375335357 maieryan
375335562 53877325
375336165 50623408 375333018 59341334
375336906 60638516
375337881 58580929
375339122 59341334
375355275 37917706
375406987 53650516
375463463 xin_baby.
375464711 54381186
375464818 54810986
375467318 48372993
375469264 62999435
375472154 lemonade15
375486613 50408775
375492579 56684573
375495733 4503202
375497508 62840522
375499452 wangdaosad
375614943 59341334 375486613 50408775
375615006 59341334 375469264 62999435
375620165 tangcuhenyouai
375634529 privateoo
375644358 59341334 375620165 tangcuhenyouai
375644486 59341334 375634529 privateoo
375657469 44188556
375705443 xiaozuoyou
375707846 2737473
375708023 cemily 374492130 53324098
375708110 liufeichina
375708259 cemily
375708639 53654401
375712134 39982546
375716537 49853892
375717627 55934586
375718157 60920388
375719233 52928936
375719855 so_yu
375724993 towdaysnow
375731095 50408775 375614943 59341334
375752773 62999435 375615006 59341334
375756978 52221338
375762281 49476677
375762609 54906582
375768632 60160445
375772755 49476677 375768632 60160445
375778230 sese_0
375795060 59341334 375768632 60160445
375796827 48173279
375866319 62711740
375869648 56306070
375894735 49476677 374646540 59341334
375905604 4124559
375937909 60160445
375939568 63170379
376053616 5299275
376127071 58028564
376154677 amingsang
376155485 amingsang
376156919 59341334 376155485 amingsang
376166404 amingsang 376156919 59341334
376167805 62999435
376204732 49396946
376237366 53650516 376053616 5299275
376237575 giazen
376238100 62465110
376245585 59341334
376246928 37182591
376247534 59341334 376237366 53650516
376288427 5299275
376401040 53650516 376247534 59341334
376402854 apisi
376403697 he1990
376404993 49396946
376420158 huozhaieve
376564034 64226623
376564733 57940081
376564894 killlily
376570416 64157242
376578173 4481585
376679327 59341334 376578173 4481585
376679559 59341334
376680293 59341334
376680906 yuki0-0
376696448 46036811
376889369 49396946
376891286 49103487
376897030 38675428
376898808 evelina
377117741 56372517
377118836 63983731
377123502 58082933
377123927 whereMonica
377124364 naver
377125586 44913813
377126572 2043872
377129996 44137904
377173676 61988311
377184066 yjyvonne
377187507 49361959
377188108 3908364
377195332 xluoluo
377221663 hi_summer
377236113 42431413
377238425 30505361
377239086 45928217
377276632 59341334
377276781 59341334 375717627 55934586
377294794 50203552
377310351 51397335
377416942 55806222 375716537 49853892
377420522 1698421
377420930 47367231
377421333 41266824
377509647 gethc
377603477 59341334 377421333 41266824
377637565 41266824 377603477 59341334
377667517 34444386
377674763 senchen
377680517 13722052
377685868 anysunshine
377960707 4671184
378030151 51663050
378120075 4481585
378130598 55606470
378131881 40212907
378135514 44669557
378163033 24118189
378182309 yvonneyangcn
378186176 50944093
378186625 45052179
378186957 rathers
378187675 EZ-ace
378207475 44020741
392361361 57191049
392362372 29682810
392452435 50431760
393215727 62752835
393216636 62227750
393217365 47158465
394710808 weiboqigong
394716264 hellohelene
394779529 61320164
394903855 59341334 394710808 weiboqigong
394904130 59341334 392452435 50431760
394904484 52640259
394913217 51388889
394923946 weiboqigong
394925843 52063810
395002194 48207502
395224583 58968219
395238018 yoyozy-JANE
395246080 49686015
396039354 rebekkaeagle
396269997 52154496
396282034 59610796
396285825 maomao0703
396285976 34334392
396289477 47777932
396297997 40675236
396323868 43249289
396328318 joyoo0
396330008 54557980
396331114 43605017
396333404 64231549
396335267 47777932
396336688 xoxo_ms
396338523 1915014
396339345 2510124
396386397 46312663
396393388 3619211
396605717 49928144
396637133 xwhite
397044918 33925240
397197583 58979932
397267054 65901970
397269045 43059214
397280848 65945235
397280860 65945235
397282836 57440670
397290275 2849304
397346479 48856882
397346898 puer123
397348473 45802713
397418527 50670038
397505286 moonyee
397681722 lolimickydebubu
397755928 48046553
397757080 57956440
397760587 43904317
397766450 57828907
397766909 60636872
397772624 sopadepollo
397773639 1421197
397797325 yysunnyy
397805754 qicocoa
397822580 58264543
397823570 chenmugou
397828453 33206989
397831847 inthemind
400021219 39730846
400055739 i.m.possible
400056851 43987584
400059434 naver
400059747 rikofung
402627179 63690488
402743715 goo1007
402747737 48438982
402767318 62354248
402767692 62354248
402788431 66224826
402791762 66132679
402793570 52063368
402795104 gogokate
402797828 YY2004721
402798369 50094846
402804170 fanfanle
402952029 57884871
404117059 66566885
404121005 emoliang
404121783 3387354
404172515 4252859
404173479 LuckyStrikeF
404173967 65710565
404175600 63962915
404177693 supu192009
404177879 moguJ
404182133 4447349
404183302 4447349
404184430 myoki
404186638 L_memo
404193744 61939288
404194211 halloanran
404233626 55293273
378211655 52544152
378214562 56914842
378217362 september905
378218558 42887609
378219229 35353602
378237057 bluejune
378246239 61332992
378341790 64251383
378342057 cinyen
378470719 59341334 378342057 cinyen
378489483 cinyen 378470719 59341334
378490261 57501469
378600498 53650516
378647998 45283318
378759624 59341334 378600498 53650516
378760118 59341334 378647998 45283318
378762566 jumpc
378795545 49095299
378801254 redngreen
379040404 zrenata
379040539 31709634
379111942 45283318 378760118 59341334
379112964 43211803
379180964 kavo
379217290 63006718
379264215 3170396
379268287 55383649
379328317 60089101
379332373 62528142
379344693 liu8513
379374860 56671992
379380183 yanyeepanda
379381515 yanyeepanda
379414593 hanhou
379428693 xiribanqing
379490932 ZVAN
379501298 48760614
379502394 64077419
379506805 pdteamo
379507410 58522816
379512588 texiaoxiao
379552261 51778368
379751525 64342309
379755955 tiantianye
380045027 guoaguo
380478841 lynn_zachace
380482249 59641118
380997619 59341334 379552261 51778368
380998842 54557980
381003486 fiona218
381026882 44158301
381059550 50347644
381127206 53117959
381165248 ttpig
381213985 51552240
381252044 57775135
381261129 47118653
381265047 57226279
381265791 31643827
381699519 64640470
381774931 51395382
381790415 3155304
382382954 qingzheng
382536330 59341334 381774931 51395382
382536391 59341334 381265047 57226279
382536449 59341334 381699519 64640470
382543870 vvchenervv
382548411 2488132
382599113 36100635
382601846 57540844
382611308 hahehahe
382612434 hahehahe
382612791 hahehahe
382826077 61571897
382860513 Yan323
382980120 2487106
382980212 56072387
383322451 Juice_xy 374482299 59341334
383367305 2224380
383465638 daisy3days
383654835 Thekim
383724679 59341334 383654835 Thekim
383732285 nico_jiang
383743311 55290541
383756581 62636800
383793529 52063559
383808076 3603363
383818628 lulabby
383825386 56131295
383830636 23382859
383836417 muffin_man
383849532 mangguoguantou
383896884 52489019
383898006 41039377
384341839 59341334 383849532 mangguoguantou
384341917 59341334
384341988 59341334 383818628 lulabby
384342483 kenjiang
384525441 64561521
384525604 threemonths
384525627 threemonths
384528245 46258844
384529659 drchou
384539162 lulabby 384341988 59341334
384542632 30830283
384554725 63496454
384556514 mysweety
384589811 50678670
384653717 chenyaning
384658711 47924135
384660616 41463107
384661768 hzcq
384664383 41463107 374767577 59341334
384664636 8041561
384670562 41463107
384671447 6837591
384671591 52704771
384777991 4273195
384796754 Nol1ta
384796926 Nol1ta 384777991 4273195
384797725 46759443
384798304 4273195 384796926 Nol1ta
384798437 4273195 384796754 Nol1ta
384799336 Nol1ta 384798437 4273195
384800411 49991070 375406987 53650516
384802106 54963370
384810285 zxcxc
384810616 cnxoxo
384816022 4273195 384799336 Nol1ta
384827477 groovyX2
384845784 MonaTellig
384856074 56966704
384861196 38565662
384950241 52489858
385043386 kejo
385043968 kacha
385059467 47489997
385059720 helloTiTi 374681801 59341334
385138696 42613757
385157928 50382492
385160089 lgysg
386907490 46274191
386908945 11510990
386973805 52718307
386979999 44679361
386981027 woyaozuodahema
387051583 53087381
387392512 SixtyoneMonths
387395357 51608049
387572686 46561621
387573908 jxk
387575285 19718718
387633339 59341334
387633419 59341334 387573908 jxk
387633466 59341334 386907490 46274191
387652064 19718718 387633339 59341334
388562849 49366863
388563380 drcooper
388571066 hakiy
388805254 4439023
389020453 3850370
389021192 51250729
389066205 3440599
389172231 59795115
389173817 63234471
389362581 49362145
389404851 60194660
389405887 hachi_cat
389465405 amingsang
389866728 64122961
389868311 sybilho
389937872 50018191
390497299 kristinryan
390563530 48063591
390565303 50978308
390600724 62178351
390604309 60283606
390606975 45094034
390611697 45932604
391056645 2701612
391079185 43528575
391087635 40396522
391088441 51534915
391089503 63658783
391094819 49572545
391267679 41520875
391288177 34270643
391518430 honeyhoneybunny
391519729 piyopiyopiyopiy
391525398 57871896
391525928 roselynnn
391543918 Sayaq
391555814 4702860
391690644 57871896 387573908 jxk
391692807 48667259
391699581 jxk 391690644 57871896
392286861 57871896 391699581 jxk
392287652 jxk 392286861 57871896
392288415 3936767
392352000 naicha90
417777065 34820133
417777619 59811530
417782034 62935776
417782782 2455236
417792990 31625524
417794609 48902239
417799086 67749593
417799852 tity1
417800358 55813614
417800915 65106967
417801283 m_4cu
417802034 65106967 374482299 59341334
417803181 momocco
418502140 33258186
418503938 Iwilbeback
418660884 54758658
418741306 2979463
418744273 nikita_ng
418928701 42051144
419010720 3923855
419014595 53225888
419017048 13445346
419026175 ciyuanlalian
419034311 66895542
419034529 51946702
419050190 58734007
419065999 63570811
419067760 58237105
419136631 51673291
419156451 53447398
419217582 49896249
419218810 crazy77
419218986 56952533
419219697 67435027
419220410 41032363
419222159 47161351
419222494 47999633
419335308 yoyoshadow
419346111 43983105
419489081 Vivienna7
419530817 maolovetuna
419533820 48443594
419534814 42983421
419539983 sherrylrm
419552904 sylarx
419567517 45637118
419570127 58866692
419572063 53322167
419573184 57706568
419708785 37873442
419711833 60756737
419715080 simphiwe_zuma
419722966 46824904
419722974 46824904
419845772 superman-johnny
420029568 nqw1031
420031293 53495844
420106922 49594073
420109378 54024753
420113022 gaki
404241435 48954969
404667400 45564980
404671531 42997050
404671782 63888666
404688694 ludaanwansui
404689453 46838989
404693565 37241744
405524218 getrix
405527501 cuixinyi
405557604 54979545
405558359 1836415
405560394 yezixiaojie
405560957 61792936
405564097 8193917
406969774 53487942
406970601 8988850
407001839 pandaShmILy
407107955 54876008
407107976 54876008
407110327 usuallybaba
407114641 42676298
408833557 supu192009
408843080 syaokun
409238301 57656511
409239308 64924268
409239705 59178275
409248674 48768546
409249435 59962635
409250700 buttoncc
409258724 wangruishu
409260568 Miki0622
409264337 56345857
409267466 serilyn
409269218 41005805
409280907 2817624 375614943 59341334
409281261 xiaolengzhang
409522458 rory-wong
409558170 58975430
409562670 44191583
409562772 46132288
409591928 6846760
409594900 50025029
409619075 66353008
409944136 46749636
409946738 40601512
409956166 64471122
409956295 66908651
409958463 37284497
409962080 56079012
409962733 28591666
409965874 56056844
409966224 markie_
410092783 heavenyang
410096364 38961846
410108421 63854520
410772170 67161621
410785491 44727183
410794671 51863100
410880623 47500119
410884502 53498797
414663470 aaaaacqa
414665934 61023611
414715845 50358110
414717219 56018503
414721101 43442680
414721257 yalin1218
414721290 iloveyangheehee
414721310 2174772
414722639 54470430
414722860 nb318
414723162 48786558
414723533 4898393
414724061 66362456
414724427 62782004
414724429 4482375
414730338 64025129
415024139 goobee_psyche 374767577 59341334
416713646 52837443
416865059 57167193
416902877 65775708
416931433 62548795
416934483 letalow
417564085 hananqi
417727299 karrie19901207
417728183 49274670
417733087 icykiko
417738507 57314317
417740811 jessyczx
417742453 RAINBOWKEKE
417746432 bernice0987
417749310 51833254
417749521 50891364
417752527 tvxqdora
417756832 34774900
417775361 35721090
417776021 41757533
417776458 67245216
417776686 wangshuyi
417776945 xinyuzhang
417776998 66612866
