374705742 mericandy
374706094 kiki_z
374706717 AWLL
374707130 MrBeauty
374707535 jiaplusjia
374707659 mericandy
374822342 lovediban 374706094 kiki_z
374822459 lovediban 374706717 AWLL
374822519 lovediban 374707130 MrBeauty
374822613 lovediban 374707535 jiaplusjia
374822676 lovediban 374707659 mericandy
374823356 47777932
374823373 lovediban 374705742 mericandy
374823634 50367634
374823647 lovediban 374823356 47777932
374824212 superwe
374824342 xyzhnag
374824736 lovediban 374823634 50367634
374824738 Globalization
374825247 lovediban 374824342 xyzhnag
374825721 lovediban 374824212 superwe
374825860 lovediban 374824738 Globalization
374826497 62004448
374826603 57215465
374827342 xyzhnag 374825247 lovediban
374828030 50367634 374825247 lovediban
374831851 lovediban 374826497 62004448
374832090 lovediban 374826603 57215465
374832880 lovediban
374832886 57215465
374834229 lovediban 374832886 57215465
374834739 lovediban 374828030 50367634
374836279 Htqsn
374837305 lovediban 374836279 Htqsn
374840915 Htqsn
374862963 50367634
374863619 57660080
374926279 lovediban 374863619 57660080
375301220 54365237
375308270 vience
375309579 ilovelaja
375389183 lovediban 375308270 vience
375389193 lovediban 375309579 ilovelaja
375389235 lovediban 375301220 54365237
375398225 ilovelaja
375399605 cruisewon
375399674 jinqiangqiang
375403141 shenchuan 375389235 lovediban
375404959 50816673
375405772 48568323
375437846 lovediban 375399605 cruisewon
375438566 lovediban 375405772 48568323
375441190 57476272
375446494 fatbook
375450026 lemonade15
375461239 54365237
375463241 56089923
375464401 meter3
375469026 jianxiong
375469134 jianxiong
375516078 3606912
375733954 cruisewon
376134074 lovediban 375446494 fatbook
376134768 lovediban 375464401 meter3
376136143 lovediban 375733954 cruisewon
376136655 lovediban 375441190 57476272
376136959 lovediban 375450026 lemonade15
376137649 lovediban 375469134 jianxiong
376140133 32067717
376142411 sveenland
376422830 54365237
376423390 49927207
376424436 fetisher
376425364 3558985
376425899 ttlbb
376552224 lovediban 376425364 3558985
376552262 lovediban 376425364 3558985
376552434 lovediban 376424436 fetisher
376552483 lovediban 376425899 ttlbb
376553248 lovediban 376423390 49927207
376553293 jiaowodaxia
377049065 sveenland
377052668 58082933
377084644 cicisun
377086511 52120876
377088950 yeewill
377131612 3986230
388429892 lovediban 377088950 yeewill
388430121 lovediban 377131612 3986230
388430281 lovediban 377052668 58082933
388430946 lovediban
388441464 35389815
388445165 2005869
388448058 62519473
388451544 3223198
388487661 lovediban 388451544 3223198
388514216 1382042
388515066 33831374
388524208 lovediban 388514216 1382042
388525317 lovediban
388525413 lovediban 388448058 62519473
388526218 Jheadingtocam
388532093 33831374
388540055 lovediban 388526218 Jheadingtocam
388541074 lovediban 388532093 33831374
388546136 48084963
388555023 Jheadingtocam 388540055 lovediban
388559691 lovediban 388546136 48084963
388562756 w2l1989
388587142 yetier
388599845 lovediban 388587142 yetier
388599874 lovediban 388562756 w2l1989
388600060 lovediban 388587142 yetier
388656735 33831374
388670282 63622474
388670777 1976312
388671318 59962635
388671617 56779222 374832886 57215465
388672156 56779222 375405772 48568323
388672989 49584292
388675447 49752980
388685389 lovediban 388671318 59962635
388685671 lovediban 388670777 1976312
388686235 footzp
388693139 59962635 388685389 lovediban
388728808 lovediban 388693139 59962635
388730335 lovediban 388675447 49752980
388734921 zazahuang
388736595 lovediban 388734921 zazahuang
388737395 57295336
388756868 59962635
388888118 decipher
388891071 qisen8
390066066 lovediban
390066281 lovediban 388756868 59962635
390066755 lovediban 388737395 57295336
390066917 lovediban 388891071 qisen8
390066985 lovediban 388888118 decipher
390067321 50111035
390071613 2327135
390078556 57295336
390213569 lovediban
390213646 lovediban 390078556 57295336
390213780 lovediban 390067321 50111035
390214207 summer_qiu
390214562 35510577
390214938 VOV-baby
390273603 magicuknow
390286631 lovediban 390214207 summer_qiu
390287151 willnoo
390357834 lovediban 390287151 willnoo
390358071 lovediban 390214207 summer_qiu
390360506 41521989
390381525 50158219
390387462 49526396
390739489 lovediban 390360506 41521989
390742380 timrex
390747043 64562974
390836973 lovediban 390742380 timrex
390837078 lovediban 390381525 50158219
390837149 lovediban 390747043 64562974
390837877 41521989
390840378 50111035 390213780 lovediban
390841147 51957009
390846361 49926841
390858703 cod4soap
390900138 lovediban
390900449 lovediban 390841147 51957009
390905890 huaiyuan
390905965 lovediban 390858703 cod4soap
390906009 lovediban 390905890 huaiyuan
390921130 38916827 388600060 lovediban
390930952 2963032
390935785 49398509
390940077 lovediban 390935785 49398509
390940162 lovediban 390921130 38916827
390940207 lovediban
390944777 47833974
390945281 lizza
390948997 47833974 390945281 lizza
390962962 cod4soap
390989131 47833974 390962962 cod4soap
390989981 47833974 390989131 47833974
390991145 cod4soap 390989131 47833974
390992474 47833974 390991145 cod4soap
390992857 2224439
390993589 47833974 390992857 2224439
391005151 cod4soap 390992474 47833974
391006417 47833974 391005151 cod4soap
391008610 cod4soap 391006417 47833974
391008714 cod4soap 391006417 47833974
391010015 50449907
391013503 47833974 391008610 cod4soap
391023449 cod4soap 391013503 47833974
391023954 47833974 391023449 cod4soap
391024303 cod4soap 391023954 47833974
391027166 Mellin
391029447 47833974 391024303 cod4soap
391033778 pink
391037015 cod4soap 391029447 47833974
391039427 51957009 390900449 lovediban
391050313 47833974 391037015 cod4soap
391176230 2224439 390993589 47833974
391197424 49097246
391219702 lizza
392794615 41757533
396151527 2963032 390940162 lovediban
396241244 63813250
396243794 3643357
397333212 sorcery_fox
397333819 sorcery_fox
401876468 2600000
401879883 honeyxd
401884769 56355826
401884947 56355826
416378345 64977992
