374677332 23542160
374678005 littleantt
374689309 3406899
374689911 smartshirley
374690050 givenchy_
374690788 4569509
374691086 homelesspanda
374691283 swbl
374691376 51446581
374691512 givenchy_ 374691086 homelesspanda
374691641 aisisilalalalal
374692149 49898215
374692847 55427524
374695834 shaozhengmao
374696594 60397683
374697116 BobbyWang
374697978 3655101 374692847 55427524
374698617 4473151
374698872 62641296
374704965 in710
374725783 27061891
374725923 27061891
374750810 63646611
374750813 63646611
374751226 rosemary626
374751744 Amymy 374691376 51446581
374752533 Dear-calm
374752919 mixmimi
374754815 60160445
374755413 4676356
374778534 49159743 374691641 aisisilalalalal
374779309 63594113
374782856 homelesspanda 374691512 givenchy_
374784096 aisisilalalalal 374778534 49159743
374784291 CAT.VOX
374785154 jinxlovedouban
374785480 56738136
374785797 Lizziefun
374786174 rabbitmm
374786294 54795411
374787182 61305960 374786294 54795411
374795968 Su..nday
374803489 62248921
374804396 givenchy_
374805850 52207338
374807346 chiba49
374807862 lazy-country
374809678 Lizziefun
374810584 1002226 374785480 56738136
374810861 lingduwq0203
374811150 4296249
374811675 60160445 374691086 homelesspanda
374811950 47015124 374778534 49159743
374812412 2875133
374824366 homelesspanda 374811675 60160445
374829809 47255144
374830064 47255144
374837138 50664424 374795968 Su..nday
374849816 60160445 374824366 homelesspanda
374864833 hedy_1005
374865447 13736379
374869981 darlingQ
374872057 lixiaobei
374892394 flyforyou
374893375 46103067
374948465 butting
374948668 butting
374949115 44058788
374949252 casolove
374950702 4237010
374951588 XIADAN4
374951965 XIADAN4 374778534 49159743
374956656 62191376
374964546 50217791 374956656 62191376
374965702 dearlulu1214
374966655 62527295
374967144 4814819
374968668 46661256
374969291 9611209 374755413 4676356
374970000 teamox
374970348 62562027
374970424 EskimoWK 374754815 60160445
375015593 48303081 374956656 62191376
375016373 48270203
375016979 cccvv
375017274 62191376 375015593 48303081
375019778 alal_clcl
375021975 50623408
375039067 coral007
375040919 31984045
375041457 wedichi
375041975 48986279
375043161 51131421
375044074 RSHiHi
375045778 49443116
375047675 46868814
375049865 xawa
375052006 celine0404
375258641 8088947 374689911 smartshirley
375259225 8088947 374752919 mixmimi
375296112 48303081
375307756 44507132
375532547 4013276
375553663 51092263
375572370 13436226 374864833 hedy_1005
375572796 13436226 374864833 hedy_1005
375573554 dataki
375573973 luxury_
375577565 destinie
375583664 47034094
375586259 tinyweiba
375586782 1816481
375587695 43041490
375588077 43044949
375590738 siqiaoqiao
375604441 43991045
375634315 youlideqinglizi
375646724 59472982 375041975 48986279
376113943 48986279 375646724 59472982
376114129 bigpomelo
376114582 xingxingMo
376220485 53421491 374864833 hedy_1005
376220706 jj201
376221828 eeeeeros
376222302 zuozuoloveyou
376238706 63996970
376284651 59541609
376331154 toiletwater 374691376 51446581
376331911 toiletwater
376386398 44596316
376524664 2016361
376526670 2016361
376529320 phenixfish
376529648 stellayea
376542202 sid5
376608313 4258574
376617820 58436709
376619348 Candy.X 374778534 49159743
376624036 hazel0722
376627863 48596471
376634521 51021378
376684169 36359578 374692847 55427524
376686369 49270432
376687893 JunoZ
376690204 osbbq
377128509 4570857
377130161 58841103 374829809 47255144
377166073 58468257
377167004 52922965
386042700 yingying128
386053144 mochen
386389189 mandyloveagera
386426668 1095888 374795968 Su..nday
386428731 64963227
386436432 56699529
386441962 hihuhu 375258641 8088947
410738739 XIADAN4 386426668 1095888
410739333 wangying9018
410739667 61299389 374752919 mixmimi
410739686 61299389 374754815 60160445
410744020 tjnews
410866077 63503435 374864833 hedy_1005
410866756 14634716
410868874 wucherryl1990 374692149 49898215
410872506 44643974
410873151 57930867
410900059 leopardess
410901431 6013078
410901968 jessica728
410958086 Cathy1995
411011660 2258958
411012450 datumao
411020625 dooot 374754815 60160445
411028567 61234859
411362752 2047038
411456754 3512143
411458854 2510124
411459823 60511444
411460251 eillen-han
411460339 eillen-han
411460400 eillen-han
411460827 sweet-killer
411461284 45657471
411582440 rennblautur
411582829 fengqingwei
