374752888 55682383
374752999 55682383
374753061 55427524
374753112 55682383
374753324 27383022
374762441 53860066 374752888 55682383
374762538 43677701
374762776 53860066 374753061 55427524
374762914 53860066 374762538 43677701
374763607 lxy19890315
374763616 58251209
374763860 wangxinjia
374764272 54103675
374764310 tiffanyYUYI
374764673 53860066 374763616 58251209
374764677 43677701 374762914 53860066
374764879 53860066 374763607 lxy19890315
374765046 53860066 374764272 54103675
374765230 53860066 374763860 wangxinjia
374765293 cutalong
374765739 14198997
374765765 59784045
374766109 dear-sore
374766744 53860066 374765765 59784045
374767099 59784045 374766744 53860066
374767134 53860066 374766109 dear-sore
374767157 51366731
374767209 53860066 374767099 59784045
374767793 luckyiloveyou
374768409 darkparty
374768439 53860066 374767793 luckyiloveyou
374768551 53860066 374768409 darkparty
374769148 dear-sore 374767134 53860066
374770636 53860066 374769148 dear-sore
374770829 mahya
374771309 53860066 374770829 mahya
374771528 53860066 374767157 51366731
374771699 53860066 374767099 59784045
374772369 mahya 374771309 53860066
374773885 53860066 374772369 mahya
374774949 eu72
374775273 yuyutuo
374777321 55427524 374762776 53860066
374777397 2252419
374777972 53860066
374778159 53860066
374780612 luckyiloveyou 374768439 53860066
374780980 37917706
374786076 xqassn
374786336 53860066 374786076 xqassn
374786409 53860066 374780980 37917706
374786428 xqassn
374786950 xqassn 374786336 53860066
374788082 53860066 374786950 xqassn
374789536 43585263
374789720 63545216
374789786 62119551
374790238 gianney
374791527 3744874
374791766 xqassn 374788082 53860066
374792170 53860066 374791766 xqassn
374792255 53860066 374790238 gianney
374795365 gianney 374792255 53860066
374796184 36018711
374796400 54339131
374796814 53860066 374795365 gianney
374797201 gianney 374796814 53860066
374797430 shibuzia
374798327 26904530
374804176 53860066
374807269 26904530 374804176 53860066
374811438 48927113
374815925 45845062
374817196 VnuanVest
374817717 ranxiaoyi
374818168 babyruirui
374819782 2252419 374777972 53860066
374825265 1270174
374825535 62800443
374842769 wangxinjia 374765230 53860066
374843865 53860066
374844369 53860066
374844442 53860066 374842769 wangxinjia
374845037 wangxinjia
374845423 62800443 374843865 53860066
374845461 52816854
374845951 53860066 374845423 62800443
374846069 53860066 374845461 52816854
374846597 JO-FU
374848081 62800443
374848200 51202503
374849107 49667918
374857159 53860066 374849107 49667918
374859019 44544884
374859099 1085473
374861515 1752797
374874953 46993073
374975379 kaiyue91
375076086 53860066 374859019 44544884
375076103 53860066 374975379 kaiyue91
375077663 BGAngie
375078636 57540844
375078733 43857751
375079155 54415439
375079224 erica3311
375081920 54088426
375103417 62193048
375126330 smy.ls
375188127 4735134
375188634 lingoapple
375194171 GGGGGGGGGGGGG
375205357 40127673
375239979 Hirochin
375358085 53860066 375103417 62193048
375358163 53860066 375194171 GGGGGGGGGGGGG
375358332 53860066 375205357 40127673
375358451 53860066 375239979 Hirochin
375359016 maialovev
375362617 44054907
375363535 miggiejiejie
375414790 40127673 375358332 53860066
375433548 47833331
375772578 52304643
375904129 2904263 374765230 53860066
375906642 52304643
375910058 49293730
410554178 6846760
410555175 jiatianyu1
410557870 65563907
410674850 53860066 410555175 jiatianyu1
410675009 53860066 375906642 52304643
410829542 66225037
410895022 5041819 374846597 JO-FU
410903355 V.anne 374975379 kaiyue91
410921309 53860066 410895022 5041819
410921468 53860066 410895022 5041819
411043217 65901970
411130331 juju2will
411130508 58478109
411130875 51140843 374770636 53860066
411131896 2392788
411481604 3540640
414425611 60374981
414623941 63244349
415151087 hindme
415926330 53860066 415151087 hindme
415929327 lanlan_
415962921 lovenca
417851482 53860066 415962921 lovenca
417853335 liusy1963
