375599211 41157208
375599463 10403936
375599996 yuyan0127
375601122 xulan
375632238 3307188
375711707 41336384
375711799 qingmomo
375712692 kongerbaibai
375717562 64110105
375738368 62997706
375738659 52446874
375738895 52446874
375789317 42160954 375738659 52446874
375790721 40932341
375791349 annieonly1
375792228 2657512
375794303 52446874 375789317 42160954
375795739 qiaoxiaoman
375797772 52693633
375798101 1512903
375803165 kongerbaibai 375790721 40932341
375804181 superqueen
375804554 52693633 375798101 1512903
375814882 gegewusue 375804554 52693633
375818014 52693633 375814882 gegewusue
375828768 3507356
375831297 gegewusue 375818014 52693633
375835140 chenchen3036
375870632 40932341 375803165 kongerbaibai
375881899 desirez 375798101 1512903
375882208 imjas
375883335 43824074
375883571 4523272 375818014 52693633
375884207 4548091
375886161 4217693 375632238 3307188
375942624 3507356
375966079 amyjet
375966422 amozato
375966932 47776036
375968165 sumobei
375968293 jiyakimijun
375971927 4351682
375973105 momolady
376182270 3507356
376184437 seecat
376413185 58082933 375599996 yuyan0127
376413391 58082933
376414200 shenchuan
376416705 58082933 375711707 41336384
376417129 58082933 375711799 qingmomo
376417441 58082933 375712692 kongerbaibai
376418649 58082933 375738368 62997706
376418792 58082933 375738659 52446874
376419080 58082933 375717562 64110105
376419285 4070863
376421398 58082933 375790721 40932341
376421506 58082933
376422149 58082933 375798101 1512903
376422322 58082933 375804181 superqueen
376422376 59593583
376422539 37679030
376422708 54636102
376422931 37679030 376421506 58082933
376422972 3350975
376423174 42611046
376427348 3883741
376429674 50173360 375632238 3307188
376429805 sansan314
376429816 40451229
376431214 smylldon
376431598 shuoshuo2233
376432214 58082933
376432545 58082933 375828768 3507356
376432742 shuoshuo2233
376432817 58082933 376431598 shuoshuo2233
376433273 40012312 375738659 52446874
376433332 shuoshuo2233
376434290 47870697
376434833 58082933 376427348 3883741
376435050 banana007
376435069 58082933 376434290 47870697
376435424 58082933 376433273 40012312
376435780 38256519
376436569 40012312 376435424 58082933
376437351 63715315
376437524 41933917
376437538 58082933 376436569 40012312
376437825 Joyfully
376438166 58082933 376435780 38256519
376438415 52108392
376438419 jojohoney
376438750 jj201
376438802 38256519 376438166 58082933
376443514 echo-928 375968165 sumobei
376443907 echo-928 376438419 jojohoney
376444175 ruru1117
376444620 58082933 375968293 jiyakimijun
376444665 echo-928 376432742 shuoshuo2233
376444908 58082933 376443514 echo-928
376445327 58082933 376438802 38256519
377071424 DBlittlebear
377072263 58082933 377071424 DBlittlebear
377073304 52693633
377078741 eckovip 377073304 52693633
377080781 55521010 375798101 1512903
377092924 yeewill
377147794 3507356 377092924 yeewill
377149156 31404072
377151448 3507356 377073304 52693633
377153323 15461434
377153575 3507356
377153865 1951509 376416705 58082933
377163461 3507356 377153865 1951509
377165739 12175514
377166509 stayhere1106
377168349 1951509
377172753 chenchen3036 377092924 yeewill
377177393 sunshineky
377177697 64055064
377178750 39541813 375804554 52693633
377212143 1904200
377267684 1512903 377080781 55521010
377541874 4564555 377165739 12175514
377543133 4564555 377177393 sunshineky
377543771 4564555
377544099 53250838 375738368 62997706
377552619 63943745
377553831 amatolee
377572034 3507356 377553831 amatolee
377575432 48898223
377663990 amatolee
377671624 12175514 377541874 4564555
377676612 39458563 377177393 sunshineky
377688550 4217693 377676612 39458563
377689706 52213068
377690011 4217693 377689706 52213068
377710665 52213068 377690011 4217693
377718152 sarasid
377718185 sarasid
377718863 sarasid
377726005 solaelie 376443907 echo-928
377727005 59980666
377728292 honghuajimu 376422931 37679030
377904442 58822943
377906485 3507356 377663990 amatolee
377908962 1511601
377910387 56783564
377912501 Tomato.Z
377936220 chenchen3036 377912501 Tomato.Z
376445382 shuoshuo2233 376444665 echo-928
376445650 58082933
377941370 52693633
376445953 58082933 376445382 shuoshuo2233
377942308 52610629
376447434 45412486
378063076 4563332 377942308 52610629
376449461 58082933 376438415 52108392
378542574 58082933
381069826 58082933
376450338 4563332 375818014 52693633
410246041 58082933
376450775 38256519 376445327 58082933
412629965 41036709
376451036 3575453
376451469 jj201 376445650 58082933
376452046 4563332 375968293 jiyakimijun
376453289 4564555
376454146 echo-928
376454727 echo-928 376444908 58082933
376455058 allisonson
376455124 3030175
376456608 44693357
376459392 40932341 376421398 58082933
376461164 63973570
376461818 44035954
376462164 56603047 375712692 kongerbaibai
376463133 58082933 376462164 56603047
376464322 zzzzzn
376465583 48091502
376465844 2657512 376421506 58082933
376466698 58082933
376467821 zzzzzn
376468407 2676713
376470566 58082933 376468407 2676713
376475098 45221884
376523403 3507356
376524386 amatolee
376526739 zzzzzn
376532418 61304559
376533085 61304559
376533538 39981190 375790721 40932341
376533788 44202749
376533861 39981190
376567497 3883741 376434833 58082933
376577497 jiyakimijun 376452046 4563332
376601579 39458563 376433273 40012312
376602671 39458563 376443514 echo-928
376604416 40012312 376601579 39458563
376604751 39458563
376613951 31232473
376617247 58404476
376619790 58404476
376623581 51366731
376645317 40932341 376533538 39981190
376665181 48091502 376604751 39458563
376686955 37217218
376752593 4563332 376577497 jiyakimijun
376780095 63688405
376785503 jiyakimijun 376752593 4563332
376823986 52446874 376418792 58082933
376836964 39981190 376645317 40932341
376840977 60547163
376854691 22398344
376858879 39647441
376906337 nju-zj
376907117 chenchen3036
376907228 chenchen3036 376623581 51366731
376907545 ycye
376907891 chileme
376912662 YIYOUMI 376907891 chileme
376914577 chileme 376912662 YIYOUMI
376917299 summerwinter
376917356 63951089 375738368 62997706
376917990 63951089 376907228 chenchen3036
376918922 YIYOUMI 376914577 chileme
376918933 eckovip
376919027 63951089 376619790 58404476
376919217 chenchen3036
376920068 eckovip
376920369 eckovip 376854691 22398344
376921964 chileme 376918922 YIYOUMI
376922842 52693633 376444665 echo-928
376924677 3534435
376927614 40727957
376929960 YIYOUMI 376921964 chileme
376930518 44300461
376932934 chileme 376929960 YIYOUMI
376935699 22398344 376920369 eckovip
376938206 YIYOUMI 376932934 chileme
376938273 CaCairl
376940564 62997706 376917356 63951089
376941641 chileme 376938206 YIYOUMI
376947522 YIYOUMI 376941641 chileme
376950155 Miss-kui
376951918 52693633
376960051 summercnm
376986527 eckovip 376951918 52693633
376986930 48091502 376907117 chenchen3036
376990789 53895727
377004982 52693633 376986527 eckovip
377039899 45934443
377054807 chenchen3036 376986930 48091502
377055951 48091502 377054807 chenchen3036
377057636 chenchen3036
377069101 eckovip 377004982 52693633
377069486 linghong 375790721 40932341
