376014322 48709534
376016915 50688670
376017228 50688670
376021168 cx8898
376032852 mmmmmmlm
376035643 45727227
376041206 2850770
376047815 50688670 376021168 cx8898
376050643 48709534 376032852 mmmmmmlm
376050897 48709534
376051224 48709534 376021168 cx8898
376051406 48709534 376017228 50688670
376051547 monphie
376052385 48709534 376051547 monphie
376053926 monphie 376052385 48709534
376062495 cx8898 376047815 50688670
376062780 61999237
376130268 mmmmmmlm
376131104 yanever
376149211 47604751
376160496 48709534 376053926 monphie
376160742 48709534 376062780 61999237
376161427 48709534
376162354 48709534 376149211 47604751
376162515 48709534 376131104 yanever
376163597 yanever 376162515 48709534
376164420 62663332
376165583 54248949
376168386 45727227 376050897 48709534
376194586 50688670 376062495 cx8898
376213908 63409505
376313547 53741368
376315294 kairui
376320844 38886735
376323509 4833304
376330439 48709534 376213908 63409505
376330895 48709534
376334200 xiao_3435
376335582 42356337
413519068 bluesickhui
413519465 23333724
415729899 59738341
415737950 48709534 415729899 59738341
415779828 seven000
415835257 miRroRtic
417301420 59738341
417303490 44473326
417345726 3992054
