376219059 59813574
376220089 3875398 376219059 59813574
376223292 kitty_jing
376343529 3875398 376223292 kitty_jing
376404367 45383353
376404707 mssophia
376435472 30491738 376404707 mssophia
376436974 zhengjian127
376437976 seak
376439797 37679030
376442753 Ayuan_TVXQ
376503209 4635908
376541823 58112589
376542785 63221209 376442753 Ayuan_TVXQ
376543290 quxinyang
376543658 melody0830
376583606 Ayuan_TVXQ 376503209 4635908
376584084 springijs
376584199 springijs 376584084 springijs
376609901 greenbe
376610812 jkbez
376613371 54969701
376616364 62190791
376617482 50932685
376617569 61284550
376619424 fudian2011
376622002 58447162
376623635 51147002
376624146 13950189
376625914 46368333
376626171 36853493
376626757 A.mosquito.
376626947 4548261
376627240 A.mosquito.
376627268 26754683 376343529 3875398
376627511 24498407
376627751 A.mosquito.
376629286 A.mosquito. 376404707 mssophia
376630122 54899239
376631171 bingduxiedaizhe
376633750 4735134
376634940 44898664
376635134 52862113 376626947 4548261
376635340 52862113 376631171 bingduxiedaizhe
376635929 dearmia
376636415 susantse
376638323 casey_kiss
376641652 mssophia
376642475 58447162 376641652 mssophia
376643683 46224963
376651535 Ayuan_TVXQ 376643683 46224963
376652680 50932685 376627268 26754683
376663793 37746546
376666879 24498407
376670621 Doven
376675051 Gzq359719979
376678515 44675044
376711938 62997432
376733401 The2nd1stLove
376878771 4635908 376583606 Ayuan_TVXQ
376882704 53795339
376957667 Ayuan_TVXQ 376878771 4635908
376960267 3875398 376435472 30491738
376960743 3875398 376442753 Ayuan_TVXQ
376962341 3875398
376962887 3875398 376543290 quxinyang
376963439 3875398 376627268 26754683
376964196 3875398 376626757 A.mosquito.
376964579 3875398 376635929 dearmia
376965575 3875398 376638323 casey_kiss
376965868 3875398 376617482 50932685
376966195 3875398 376670621 Doven
376966529 3875398 376663793 37746546
376967348 47034094 376543290 quxinyang
376967363 3875398 376503209 4635908
376967496 3875398 376967348 47034094
376967734 47034094 376967496 3875398
376968593 3875398 376635929 dearmia
376968822 30491738 376960267 3875398
376968994 3875398 376967734 47034094
376969524 47034094 376968994 3875398
376969595 3875398 376968822 30491738
376969709 3875398 376969524 47034094
376970776 47034094 376969709 3875398
376974218 dearmia 376968593 3875398
376974639 3875398 376974218 dearmia
377019734 30491738 376969595 3875398
377020351 30491738 376965575 3875398
377020807 30491738 376965868 3875398
377025984 3875398 377019734 30491738
377026364 3875398 377020807 30491738
377027536 charlotte1993
377030105 xxxxxli 376643683 46224963
377222863 3875398 377030105 xxxxxli
377225740 60036258 376635929 dearmia
377225848 60036258 377020807 30491738
377226097 60036258 376968593 3875398
377234316 30505361
377249130 3875398 377225740 60036258
377249322 dbjus1
377250222 58269271
377320887 kelseyzhou
377450175 30491738 377225848 60036258
377451258 56896270
378268916 3875398 377451258 56896270
378271282 45875704
378272143 52173260
378318568 33661821 376623635 51147002
378319370 61408886
378319558 61408886 377451258 56896270
378409186 2748445
378413427 duobiyeye
378415921 43943994
414837340 53380835
415714663 54331163
415752776 48824915
415769778 51624353
