376745593 45647349
376747087 SANZOU 376745593 45647349
376748197 45647349 376747087 SANZOU
376748368 hanzong
376748775 45647349 376748368 hanzong
376749079 xialiaoliaoya
376749463 jo9o
376749822 45647349 376749079 xialiaoliaoya
376750614 48450704
376751151 xialiaoliaoya
376751606 syubuting
376751782 45647349
376752607 45647349 376751151 xialiaoliaoya
376752685 45647349 376751606 syubuting
376755164 48450704
376756140 syubuting 376752685 45647349
383155159 aipchy
384072701 45647349 383155159 aipchy
397437460 47143741
397437481 47143741 384072701 45647349
397439786 zealotxx
397439936 58464834
397468601 45647349 397437481 47143741
397468699 45647349 397439936 58464834
401612496 sid5
401717412 sbapple
401721460 seveness
401723509 45647349
401728329 sbapple 401723509 45647349
409724845 67073624
409744770 yuanlaiyaai
409753181 45647349 409724845 67073624
410043637 67073624
410045221 67073624 409744770 yuanlaiyaai
410046751 diviniz
410046866 diviniz
410049860 67073624 410043637 67073624
410056691 yuanlaiyaai 410045221 67073624
410063033 67073624 410056691 yuanlaiyaai
410074408 67073624 410063033 67073624
410100052 IwantFree
410100290 IwantFree 410074408 67073624
410101571 IwantFree
410101650 58826916
410103445 49199455
410136969 67073624 410100290 IwantFree
412193042 IwantFree 410136969 67073624
412621976 45647349 410074408 67073624
412622129 45647349
417465618 48963668
417466761 dear-anonymous
417467670 1861165
418249055 45647349 417465618 48963668
418251266 smartshirley
418269550 48963668 418249055 45647349
418272376 45647349 418269550 48963668
418300809 48963668 418272376 45647349
418312162 45647349 418300809 48963668
418372711 48963668 418312162 45647349
418429237 nonoyoyo
418583539 SANZOU
418584810 45647349 418583539 SANZOU
