376937655 46372494
376937707 61610613
376937814 wananlanxingren
376937941 64260596 376937814 wananlanxingren
376938007 2338252
376938011 35562105
376938172 ccicyy
376938391 64260596 376938011 35562105
376938496 seymiyake
376938878 64260596 376938496 seymiyake
376938889 jun0728
376939113 49051881
376939128 seymiyake 376938878 64260596
376939143 64260596 376938889 jun0728
376939228 jun0728 376938878 64260596
376939256 mengyoumomo
376939336 3596792
376939458 alleren
376939497 mengyoumomo
376939529 51493826
376939546 4297761 376939143 64260596
376939663 xiaozuoyou
376939811 mengyoumomo
376940025 mengyoumomo
376940030 rainbowb
376940297 64260596 376939458 alleren
376940307 qina
376940449 64260596 376939529 51493826
376940781 wananlanxingren 376937941 64260596
376940877 xianyuai
376941467 27817344
376941668 64260596
376941698 hana0815
376942154 sisili
376942271 51493826 376940449 64260596
376942604 51493826 376941668 64260596
376942650 37009528
376942866 hahadeng
376943018 51493826 376940877 xianyuai
376943162 ilovewallace
376943165 51493826 376940877 xianyuai
376943219 37009528
376943404 51493826 376943162 ilovewallace
376943408 jun0728 376943165 51493826
376943482 45678075
376943785 37009528
376943983 64260596
376944557 51493826 376943408 jun0728
376944803 64260596 376943482 45678075
376945134 43383942
376945161 Summer_Xi
376945201 51447253
376945317 49956323
376945421 37009528
376945433 43145010
376945521 50969433
376945696 41515044
376945725 3170396
376945818 weiyi05061210
376945837 2870277
376945883 47155327 376945201 51447253
376946027 ryleigh
376946033 mixmimi
376946173 hana0815 376943983 64260596
376946357 45378784
376946362 51447253 376945883 47155327
376946394 xianyuai 376943165 51493826
376946565 64260596 376946394 xianyuai
376946681 64260596 376945201 51447253
376946713 Secre
376946785 40742528
376947057 3847056
376947090 52880819
376947142 xianyuai 376946565 64260596
376947205 29140159
376947379 2600403 376943983 64260596
376947657 milkydog
376947695 2600403 376946362 51447253
376947730 51447253 376946681 64260596
376947913 lylehxh
376948034 43386311
376948159 xiaozuoyou
376948260 48340873
376948313 x5x5
376948338 milkydog 376947142 xianyuai
376948466 lylehxh
376948595 aitiaowudemeng
376948598 59740049
376948663 lylehxh 376947142 xianyuai
376948762 53341280
376948930 aitiaowudemeng
376948933 45078223
376949067 63866811
376949080 4008911
376949213 3401994
376950108 streety 376948930 aitiaowudemeng
376950311 41847180
376950390 aitiaowudemeng 376950108 streety
376950417 bj_ffxmy
376950517 aitiaowudemeng
376950532 3873219
376950689 41824325
376951008 64260596 376948930 aitiaowudemeng
376951273 tiffany4520
376951442 62899836
376951452 eileentiamo
376951678 tabris17
376951743 piabalr
376952052 48784867
376952198 aitiaowudemeng
376952482 milkydog 376948930 aitiaowudemeng
376952599 46960386
376952643 varalas
376952795 aitiaowudemeng
376952801 59681061
376953481 49030029
376954393 46430004
376955783 rex2xt
376956219 35143216
376956453 64205584
376956756 rex2xt
376956800 rex2xt
376956888 62599388
376956960 29140159
376957216 gloria8915
376958300 forsake418
376958404 wangxinjia
376958539 charlotte1993 376937814 wananlanxingren
376958572 sunday731
376958683 63033010
376958785 murphy319
376958902 37009528 376957216 gloria8915
376961694 yolanda0512 376945883 47155327
376962087 64205584
376963561 guochi
376964110 37746546
376966173 31232473
376967667 orangelynn
376969957 64260596 376957216 gloria8915
376970102 64260596 376951442 62899836
376971787 62899836 376970102 64260596
376971788 53313696
376972698 62599388
376972790 64260596 376971788 53313696
376974004 32067717
376974327 JackChrisma
376974718 57432269
376975306 lucifer024
376975421 liuningyu
376975971 42741125
376976029 jeffies
376976073 44852891
376976115 61172161
376976244 55787367 376958902 37009528
376976505 62599388
376976698 64260596 376974004 32067717
376977601 37009528 376976244 55787367
376977857 62599388 376976698 64260596
376978431 LLB4
376978736 yuki0000
376979028 62641296
376979315 applesyz
376979389 applesyz
376979725 3012510
376980031 43110705 376958902 37009528
376980125 41813841 376947142 xianyuai
376980738 62902453
376981171 lilla
376981534 pinganjiankang
376982314 lo_lee
376983237 3470341
376983337 guaixiaoguai
376984043 BellaY_JoeH
376984373 3279811
376984420 veraaaaa-
376984513 63033010 376977601 37009528
376985303 53541478
376985827 64260596 376979725 3012510
376986046 54501889
376986469 54957595
376986560 momo-w
376986766 3873219 376985827 64260596
376986794 53313696 376972790 64260596
376987329 53128584 376958902 37009528
376988209 57057774
376988445 35317828
376988584 49156324
376988664 44035954 376939228 jun0728
376989061 48091502 376941668 64260596
376989099 anysunshine
376989881 tzxr 376977601 37009528
376990142 48541605
376990166 hahadeng
376990196 pengxixi 376950417 bj_ffxmy
376990286 dan.Y
376990440 48091502
376990816 64260596 376990196 pengxixi
376991034 haoze1976 376944803 64260596
376991870 37009528 376990816 64260596
376992049 3556642
377120362 39073411
377121528 61354474
377122509 imjanette
377122898 3998600
377123380 50608541
377124721 49020147
377126743 51412089
377133506 27432489 376946565 64260596
377136826 58024389
377138186 58061992
377139284 ellenc
377139668 sunparadise
377176637 xiaoxinmaidou
377182964 44666997 376958902 37009528
377192712 64102937
377193476 VICHY
377197050 46362009 376947142 xianyuai
377198535 zero-.yummy.
377199962 52183929 376980125 41813841
377205030 53471523
377206443 49901019 376946681 64260596
377210849 48877572
377213011 58447162
377217551 62245251 376958902 37009528
377219752 44057299
377220116 Jaelee0604
377221274 Sue-vivi 376958902 37009528
377221370 Imosa 376948034 43386311
377222647 6855034
377223800 SuperDora
377224235 peachTT
377224513 49562082
377225312 design_
377226030 57824382
377226367 th3rdcat
377226882 shaoshaoshaozai
377228493 May_C
377228692 Angelachang 376938878 64260596
377231462 hanbaby
377232850 4122711
377236497 gayu
377239814 L.PP 376958902 37009528
377239945 3775403
377241252 51193236 376958902 37009528
377257540 41813841 377199962 52183929
377261093 55759493
377261884 41647476 377221274 Sue-vivi
377262837 lorey531
377263714 Sue-vivi
377264157 1975297
377264346 42171641
377264498 48055514
377265002 44685693
377265821 3608619
377281535 willlogion
377287966 37009528 377265821 3608619
377291534 jia0519
376992110 63221209 376990816 64260596
377295957 57800709
376992136 hahadeng
376992702 bananazheng
377298872 xiaonue 376958902 37009528
377298885 37436434
376993436 DAYDREAMER_JINN
377299132 37436434
376993444 yuanzhui
377312031 49640043
376993518 JackChrisma 376990816 64260596
377353236 Pandafish77 376988584 49156324
376993563 iloveqiqi 376992702 bananazheng
377355806 49156324 377353236 Pandafish77
376993761 mmmarcia
377356279 zhawu
376993986 39989539
377362230 52843420
376994342 41172647
379127863 47390200 376977601 37009528
376994741 42325678 376938878 64260596
379479742 50551930
376994868 BellaY_JoeH
400002262 actinidia 376987329 53128584
376995118 catbins
400101044 59863802
376995497 62599388 376995118 catbins
400432312 guguge52 376939143 64260596
400442116 56834265
376995685 59334462 376992702 bananazheng
400810348 53745893 376958902 37009528
376995820 milkydog 376993436 DAYDREAMER_JINN
376995937 47859558
400811101 53745893 376980031 43110705
400812720 jinbaobaby
376995983 48203145 376990816 64260596
400818420 50891160
376996094 hahadeng 376993563 iloveqiqi
400818432 53925478 376947142 xianyuai
376996534 yovitam
400820181 57900287
376996950 53129349
402967278 sophiejf
376997197 yovitam 376977601 37009528
404653883 51650600
376997204 48203145
412680747 65331597
376997359 44003662
412683627 1731435
412809932 vivi.d
376997694 62984389 376997204 48203145
412811486 50385651
376997787 49841014
412907858 49990221
376997951 48745507
412914362 19718718
376998533 57695276
412914733 asui_cx
376998595 Mr.Roi
412938565 57538090
376998775 snaccya
377000549 bj_ffxmy
412941020 64845289 376939228 jun0728
377001448 freshsunflower 376992702 bananazheng
377001773 freshsunflower
377003009 yulso
377003749 dcly
377003946 42356337
377004250 Nokto
377005698 dujiangdujiang
377006830 23404105 376977601 37009528
377007025 3775403
377013499 64260596 377000549 bj_ffxmy
377013868 Bisq
377017183 50253040
377018583 anna821
377020417 lightstorm
377022412 xxxxxli 376946565 64260596
377023969 wuzhuan105
377025268 46867082
377026702 14827655 376958902 37009528
377027553 14827655 376947142 xianyuai
377027684 2870277 376977601 37009528
377028799 47575137 376958902 37009528
377028958 31918414
377030695 53273633
377031074 lemonberry
377031299 lemonberry
377037274 fantasticsophy
377050989 46960386
377075487 56856952
377079656 57769718
377082461 41647476 376993518 JackChrisma
377082691 41647476 376993518 JackChrisma
377084488 1095807
377088857 JackChrisma 377082691 41647476
377090443 3638309 376947205 29140159
377093201 xiai999
377093485 51355025
377093586 gumantong
377094874 57985045 376947142 xianyuai
377097347 4067679 376969957 64260596
377097443 xiaoxinmaidou 376941668 64260596
377097729 ssssssstarry 377000549 bj_ffxmy
377097852 xiaoxinmaidou 376943983 64260596
377098135 xiaoxinmaidou 376944803 64260596
377098549 xiaoxinmaidou 376947379 2600403
377098826 3749089 376977601 37009528
377099391 rex2xt
377099733 3054972
377100081 1715604
377100642 miss_one
377100985 54845112
377102924 ran3127
377103087 jx22 376937941 64260596
377103738 52440061
377104006 2727470 376958902 37009528
377104766 jx22
377107605 zhiaiJs
377107669 AKIRA.CROCO
377110348 yuki88413
377111689 43383942
377112463 56372517
377113558 TSUTSUMI
377114187 45438929
377115363 50666026
377117155 chiba49
377117804 sarahshady
377118419 SophVeU
377119550 34104130 376947142 xianyuai
377119767 34104130 376958902 37009528
377119935 36326926
