377442162 IsmuImzz
377442190 58314117
377442265 58314117 377442162 IsmuImzz
377442268 molimoon
377442956 zsyks
377443080 52864963 377442268 molimoon
377443144 55998424 377443080 52864963
377443197 yurman
377443555 52864963 377442956 zsyks
377443579 crystene
377443867 52864963 377443197 yurman
377444075 52864963 377443579 crystene
377444167 shushu626
377444361 crystene 377444075 52864963
377444547 yukiisme33
377444575 59562009
377444744 sure3 377444075 52864963
377444799 48659986
377444895 51086239
377444997 woshiyigexiaodo
377445150 ymcgdll
377445252 35632240
377445298 52864963 377444167 shushu626
377445482 52864963 377444361 crystene
377445587 yurman 377443867 52864963
377445858 52864963 377444547 yukiisme33
377446004 52864963 377444575 59562009
377446283 52864963 377444744 sure3
377446531 52864963 377444799 48659986
377447155 Spencer_z
377447341 52864963 377444895 51086239
377447497 52864963 377444997 woshiyigexiaodo
377447734 52864963 377445150 ymcgdll
377447889 52864963 377445252 35632240
377448047 52864963 377445587 yurman
377448136 52864963 377447155 Spencer_z
377448283 ryanxy
377448295 ymcgdll
377448337 48659986 377446531 52864963
377448743 52864963
377448819 jingyanwangxue
377448887 52864963 377448295 ymcgdll
377449117 yukiisme33
377449122 china77
377449124 52864963 377448337 48659986
377449151 48659986
377449468 43539438
377449580 52864963 377448819 jingyanwangxue
377449634 georginas
377449683 2255211
377449806 Jessie816 377443197 yurman
377449894 Jessie816
377449912 52864963 377449117 yukiisme33
377450034 52864963 377449117 yukiisme33
377450189 Aldrberan
377450285 52864963 377449122 china77
377450641 52864963 377449151 48659986
377450842 52864963 377449468 43539438
377451080 52864963 377449634 georginas
377451235 52864963 377449683 2255211
377451514 52864963 377449806 Jessie816
377451924 52864963 377449894 Jessie816
377452153 52864963 377450189 Aldrberan
377452375 un_known
377452611 1313085
377452784 3284179
377452837 52864963 377452375 un_known
377453027 Aldrberan
377453054 52864963 377452611 1313085
377453182 52864963 377452611 1313085
377453279 un_known 377452837 52864963
377453389 52864963 377452784 3284179
377453705 52864963 377453027 Aldrberan
377453885 XiaoYcc
377453983 52864963 377453279 un_known
377454215 un_known
377454513 52864963 377453885 XiaoYcc
377454626 52864963 377454215 un_known
377455203 un_known 377454626 52864963
377455384 52864963 377455203 un_known
377455528 yee17
377455952 52864963 377455528 yee17
377456120 un_known
377457017 52864963 377456120 un_known
377457179 51282785
377457269 un_known 377457017 52864963
377457479 fangzi0
377457634 georginas
377459437 3482835 377453389 52864963
377461683 52864963 377457179 51282785
377461752 52864963 377457269 un_known
377461847 52864963 377457479 fangzi0
377461939 52864963 377457634 georginas
377462057 fangzi0 377461847 52864963
377462828 sarasid
377463157 1313085 377453054 52864963
377463565 GGGGGGGGGGGGG
377463616 63983731
377463721 sunparadise
377464062 xuanxuan0704
380157823 52864963
380157867 52864963
380162277 Akitaohyeah
380176080 52864963 380162277 Akitaohyeah
380207339 2643308
380207890 2643308
380209221 52864963 380207890 2643308
380210197 52864963 380207339 2643308
380211047 ginako 377443579 crystene
380212671 23576310
380215236 52864963 380212671 23576310
380216577 23576310 380215236 52864963
380233189 2643308
380261850 52864963 380216577 23576310
380262266 52864963 380233189 2643308
380307459 Akitaohyeah 380162277 Akitaohyeah
380452986 52864963 380307459 Akitaohyeah
380506404 2574856
380506901 52864963 380506404 2574856
380511470 2574856 380506901 52864963
380517921 49022865
380518962 52864963 380517921 49022865
380519290 2682206
380537555 52864963 380519290 2682206
380552756 Eve.Y
380988166 september1990 380216577 23576310
381007714 23576310 380988166 september1990
381043132 axier 377449912 52864963
381089872 52864963 380552756 Eve.Y
381089978 52864963 380988166 september1990
381090083 52864963 381043132 axier
381159488 30650522
381167094 2682206 380537555 52864963
381218154 axier
381222289 46798429 377448743 52864963
381227211 41647402
381228142 50113010
381229780 september1990 381089978 52864963
381232132 observateur 377447341 52864963
381233402 36253509 381089872 52864963
381235025 48013711
381277191 runrunrabbit
381412876 52864963
381413085 52864963 381218154 axier
381413353 52864963 381222289 46798429
381413527 52864963 381232132 observateur
381414357 52864963
381414500 61482780
381414702 52864963 381277191 runrunrabbit
381414769 52864963 381414500 61482780
381414856 52864963 381228142 50113010
381468165 observateur 381413527 52864963
381471938 tt120
381600806 52864963 381468165 observateur
381602313 1994954
381603243 observateur 381600806 52864963
381607727 52864963 381603243 observateur
381609103 observateur 381607727 52864963
381649604 yuffie
381654478 38527321 377442162 IsmuImzz
381660441 enjoyYClee
381661406 60359125
381689514 52864963 381649604 yuffie
381689645 52864963 381660441 enjoyYClee
381690846 52864963 381661406 60359125
381800741 60359125 381690846 52864963
381812391 huangwen
382591823 52864963 381800741 60359125
382591927 52864963 382591823 52864963
382605591 45097818
382684523 52864963 381812391 huangwen
383626943 52864963
383670638 Lizziefun 377451514 52864963
383818247 52864963 383670638 Lizziefun
383819637 3640052
383829749 Lizziefun 383818247 52864963
384092233 52864963 383819637 3640052
384092344 52864963 383829749 Lizziefun
384095092 mao_mimi
384127285 52864963 384095092 mao_mimi
385573142 babyj1992
385625872 52864963 385573142 babyj1992
385627172 babyj1992 385625872 52864963
385628221 QQ214
385628650 52864963 385627172 babyj1992
385628743 52864963 385628221 QQ214
385630067 sophiabsb
385637725 52864963 385630067 sophiabsb
385638991 sadsummer
385655093 48153292 385638991 sadsummer
385656224 THEBOURNE
385685052 ViViDahlia
385685100 ViViDahlia
385707173 48153292
385724540 ViViDahlia 385707173 48153292
385732187 48153292 385724540 ViViDahlia
385754723 48153292
385757701 tjluan
385780838 singalone
385957683 52864963 385754723 48153292
377539061 59437602
377541458 52864963 377539061 59437602
377548604 64307637
377550042 52864963 377548604 64307637
377550836 50453146
377552345 52864963 377550836 50453146
377552676 clorismile
377553444 55369802
377554851 45182020
377554933 52864963 377552676 clorismile
377555067 52864963 377553444 55369802
377555385 52864963 377554851 45182020
377555451 buliaogai
377555753 cigarette_sue
377556122 neurasthenia
377556248 52864963 377555451 buliaogai
377556593 52864963 377555753 cigarette_sue
377556959 19483572
377557041 52864963 377556122 neurasthenia
377557330 china77 377449122 china77
377557596 52864963 377556959 19483572
377559037 52864963 377557330 china77
377560040 3054972
377560281 52864963 377560040 3054972
377560516 3054972 377553444 55369802
377560541 china77
377561046 3054972 377560281 52864963
377561328 Tammysay
377561590 13752451
377561678 52864963 377561328 Tammysay
377562291 52864963 377561590 13752451
377562670 52864963
377563923 3184442 377561328 Tammysay
377564990 lunaa
377565937 64307637
377566228 64307637 377550042 52864963
377570099 Tammysay 377561678 52864963
377570494 Tammysay 377563923 3184442
377570874 bluefrog
377571253 3184442 377570494 Tammysay
377571532 ziliuziliu
377577315 50040063
377577565 50040063
377585182 47623216
377588037 54579885
377589008 37630685
377590701 seymiyake
377591966 1376876
377594395 52864963 377570874 bluefrog
377594445 52864963 377561046 3054972
377594492 52864963 377563923 3184442
377594517 52864963 377564990 lunaa
377594529 52864963 377565937 64307637
377594553 52864963 377566228 64307637
377594586 52864963 377571532 ziliuziliu
377594656 52864963
377594707 52864963
377594940 52864963 377585182 47623216
377594981 52864963 377588037 54579885
377595730 52864963 377589008 37630685
377595776 52864963 377590701 seymiyake
377596964 solstice577 377550836 50453146
377598114 llxyx
377599470 2246962
377600336 sohoku
377603163 52864963 377598114 llxyx
377603196 52864963 377599470 2246962
377603276 52864963 377600336 sohoku
377604035 Tammysay 377571253 3184442
377606657 2246962 377603196 52864963
377616836 37630685
377616955 3284179 377453389 52864963
377618091 46920705 377541458 52864963
377619091 47469986
385957955 52864963 385757701 tjluan
377619320 46920705 377571253 3184442
377621542 59778075
385958092 48153292 385957683 52864963
377622664 3184442 377619320 46920705
385958785 52864963 385780838 singalone
377622855 sulam 377449912 52864963
385958963 52864963 385958092 48153292
377624939 huangiqngyu
385959063 52864963
377646557 level2012
385961596 48153292 385958963 52864963
377655122 52864963 377606657 2246962
385964084 52864963 385961596 48153292
377655223 zwws
385966235 48153292 385964084 52864963
377655249 52864963 377616836 37630685
385966604 52864963 385966235 48153292
377655376 52864963 377616955 3284179
385967355 48153292 385966604 52864963
377655472 52864963 377618091 46920705
385967595 52864963 385967355 48153292
377655587 52864963 377621542 59778075
385969703 sadsummer 385655093 48153292
377656054 52864963 377622855 sulam
385970336 48153292 385967595 52864963
377656295 52864963
385970775 48153292 385969703 sadsummer
377656652 52864963 377646557 level2012
385971585 52864963 385970336 48153292
377656729 52864963 377655223 zwws
377657580 taken-tee
385972030 48153292 385971585 52864963
377658316 4665367 377444997 woshiyigexiaodo
385973269 52864963 385972030 48153292
377660557 ghthtfgh
385973908 48153292 385973269 52864963
377660647 54579885 377594981 52864963
385974693 52864963 385973908 48153292
377660958 ghthtfgh
385975424 48153292 385974693 52864963
377671659 52864963 377657580 taken-tee
385977041 52864963 385975424 48153292
377671779 52864963 377660557 ghthtfgh
377671998 52864963 377658316 4665367
386003412 singalone 385958785 52864963
386098148 bluejiyingyuan
377672357 52864963 377660958 ghthtfgh
386222974 pinklen
386228080 hanshuo
377681536 3054972 377594445 52864963
386387775 48153292 386222974 pinklen
386387843 48153292 386228080 hanshuo
386403880 16220796
386413282 hanshuo 386387843 48153292
386428313 48153292 386413282 hanshuo
386498918 LinaIsHere
386512132 52864963
386512298 52864963 386222974 pinklen
386512481 52864963 386228080 hanshuo
386512785 52864963 386403880 16220796
386512956 52864963 386413282 hanshuo
386513091 52864963 386498918 LinaIsHere
386519688 23351072
386588939 moooly_
386663308 bluejiyingyuan
386680274 52864963 386663308 bluejiyingyuan
386693332 38328552
387230740 48153292 386680274 52864963
387589978 52864963 387230740 48153292
387943367 43692437
387982920 4264109
391513114 34223543
391515972 1862377
391517627 58304383
391536104 kiwiiiii
391611809 52864963 391513114 34223543
391611865 52864963 391515972 1862377
391611947 52864963 391536104 kiwiiiii
391622973 kiwiiiii 391611947 52864963
391626189 52864963 391622973 kiwiiiii
391626581 3481340
391626917 3481340
391626918 koalajiang
391635244 Sibelline
391883283 45182020 377555385 52864963
392008216 52864963 391626917 3481340
392008314 52864963 391626918 koalajiang
392008489 52864963 391635244 Sibelline
392012889 koalajiang 392008314 52864963
392017408 schery
392020557 33902802 377449894 Jessie816
392021344 33902802
392291690 Sibelline 392008489 52864963
392302583 52864963 392017408 schery
392302793 52864963 392021344 33902802
392302924 52864963 392291690 Sibelline
393204276 re-kI
393426313 teapottree
393838377 52864963 393426313 teapottree
393853816 62869877
395156062 2436948
395156105 2436948
395156251 4190909
395758528 52864963 393853816 62869877
395759332 52864963 395156062 2436948
395759508 52864963 395156251 4190909
395862298 62869877 395758528 52864963
395864255 62812551 377453389 52864963
395866362 52864963 395862298 62869877
395866881 52864963 395864255 62812551
395869619 4442990
395870159 Micery
395870717 52864963 395869619 4442990
395870824 4442990
395870854 52864963 395870159 Micery
395871159 baichihaigui
395872792 52864963 395870824 4442990
395873040 52864963 395871159 baichihaigui
395875353 ninetailsfox
395879984 39091997
395886269 2643308
395895144 52864963 395875353 ninetailsfox
395895227 52864963 395879984 39091997
395895441 52864963 395886269 2643308
395910191 54068017
377744488 taken-tee 377671659 52864963
377744577 50453146 377552345 52864963
377783056 47623216
377783513 cherry-lam
377800264 52864963 377681536 3054972
377800334 52864963 377744488 taken-tee
377800384 52864963 377744577 50453146
377800612 52864963 377783056 47623216
377800662 52864963 377783513 cherry-lam
377800968 cfachan
377801346 44666997
377805321 linqizhen 377571532 ziliuziliu
377805679 linqizhen 377591966 1376876
377806895 ziliuziliu 377805679 linqizhen
377812049 linqizhen
377813281 52864963 377800968 cfachan
377813790 52864963 377801346 44666997
377814086 52864963 377812049 linqizhen
377815638 44666997 377813790 52864963
377815944 52864963 377815638 44666997
377821326 1376876 377806895 ziliuziliu
377846869 44666997 377815944 52864963
377847215 50267941
377857149 52864963
377857612 50267941 377857149 52864963
377859125 52864963 377857612 50267941
377859645 smy.ls
377864549 52864963 377859645 smy.ls
377867126 jiangxiaoxiong
377867437 ziliuziliu 377821326 1376876
377869280 52864963
377938963 1376876 377867437 ziliuziliu
377940381 4496778
377940496 52864963 377940381 4496778
377942249 52864963
377945080 ziliuziliu 377938963 1376876
377945608 1376876
377951326 2890012
377952806 52864963 377951326 2890012
377966026 cfachan 377813281 52864963
377970751 52864963 377966026 cfachan
377971561 usuallybaba
377972384 cfachan 377970751 52864963
377972644 LinaIsHere
377974725 52864963
377975004 52864963 377972644 LinaIsHere
377976474 usuallybaba
377977623 52864963
377992255 ziliuziliu 377945608 1376876
377998059 LinaIsHere 377975004 52864963
377998802 bianca21
378015689 52864963 377998802 bianca21
378203346 52864963 377998059 LinaIsHere
378203360 52864963
378205079 32831813 377744577 50453146
378205509 52864963
378208900 32831813 378205509 52864963
378225765 52864963 378208900 32831813
378247774 xiaokaca
378257467 52864963 378247774 xiaokaca
378282125 2005999
378282137 2005999
378282324 2005999
378460703 52864963 378282125 2005999
378461944 52864963
378462428 52864963
378969957 59064601
378988133 52864963 378969957 59064601
379005589 59064601 378988133 52864963
379032745 48795306
380061648 48371115
380064637 Machobabe347
380122350 52864963 380061648 48371115
380122470 52864963 380064637 Machobabe347
380125773 rayn1ce
380127449 4023755
380128617 52864963 380125773 rayn1ce
380128674 52864963 380127449 4023755
380128884 52864963 380125773 rayn1ce
380128932 47724700
380129847 52864963 380128932 47724700
380130085 henyou
380130818 hanabiviolin 380129847 52864963
380131866 52864963 380130085 henyou
380132160 52864963 380130818 hanabiviolin
380132345 4023755 380128674 52864963
380132822 52864963 380132345 4023755
380134728 4023755 380132822 52864963
380135679 52864963 380134728 4023755
380136050 4023755 380135679 52864963
380136747 52864963 380136050 4023755
380139628 OYANGLING
380141333 rayn1ce
380143414 52864963 380141333 rayn1ce
380147331 orange1225
380147442 2341977
380150900 xisiyi
380152255 52864963 380147331 orange1225
380152348 52864963 380150900 xisiyi
380152731 1467425
395911456 63220076
395912617 52864963
395912983 52864963 395910191 54068017
396498293 2436948 395759332 52864963
396763221 52864963 396498293 2436948
396865944 luv_ljpp
396869058 55596008
396870285 3045209 377744577 50453146
396870983 3045209
396871398 whyzp
396912130 52864963 396870983 3045209
396912219 52864963 396865944 luv_ljpp
396913593 63525159
396914609 52864963 396913593 63525159
396915281 52864963 396913593 63525159
396915342 52864963
396919888 suki2633
396926062 52864963 396919888 suki2633
396926761 kakushiu
396927450 52864963 396926761 kakushiu
396943692 43148858 377550836 50453146
396984090 63525159 396915281 52864963
397008549 52864963 396984090 63525159
397208210 hibernator
397217131 TheKings
397222065 nirvana222
397226183 missmarguerite
397229388 49103324
397282023 52864963 397208210 hibernator
397282281 52864963 397222065 nirvana222
397282422 52864963 397229388 49103324
397283476 hibernator 397282023 52864963
397285048 42280718
397285498 52864963 397283476 hibernator
397287918 hibernator 397285498 52864963
397289749 pima_y
397292293 52864963 397287918 hibernator
397292538 52864963 397289749 pima_y
397307030 pima_y 397292538 52864963
397308406 52864963 397307030 pima_y
397315739 pima_y 397308406 52864963
397326719 49125515
397402569 nirvana222 397282281 52864963
397413239 loveariel
397433409 51335243
397436883 61817631 377443579 crystene
398030972 52864963 397402569 nirvana222
398031237 52864963 397326719 49125515
398034407 52864963 397413239 loveariel
398613553 52864963
398034699 52864963 397433409 51335243
398613714 52864963
398040063 han8513 377563923 3184442
398614125 52864963
398075201 51335243 398034699 52864963
398080517 49386557
398614336 52864963
398129202 rainbowb
398614652 aivin777 398614336 52864963
398166116 51935769
398614775 qianqianxiaoyu 398613553 52864963
398168304 52864963 398080517 49386557
398614866 52864963 398614652 aivin777
398168517 52864963 398129202 rainbowb
398617099 aivin777 398614866 52864963
398168953 52864963 398166116 51935769
398617710 52864963 398617099 aivin777
398259130 49103324
398659680 63905461
398260920 shlin 377447341 52864963
398288499 46976644
398668993 52864963 398659680 63905461
398669581 52864963
398325414 51935769 398168953 52864963
398673991 42280718
398384727 rainbowb 398168517 52864963
398684299 Aldrberan
398398602 52864963 398259130 49103324
398711547 52864963 398673991 42280718
398398718 52864963 398260920 shlin
398810974 42280718 398711547 52864963
398398882 52864963 398288499 46976644
399054982 52864963
398399192 60770711
399076557 3082027
398399484 52864963 398325414 51935769
399080656 52853458
398400039 52864963 398384727 rainbowb
399124849 52864963 399080656 52853458
399255357 52853458
398400369 52864963 398399192 60770711
399338237 slimchoi
398401210 60770711 398400369 52864963
399452823 52864963
398401525 60770711
398404442 45105602
399452952 52864963 399338237 slimchoi
398404443 45105602
399458334 52853458 399452823 52864963
398406199 45105602
399458828 51859380
398408053 52864963 398401210 60770711
399459274 52864963 399458334 52853458
398408231 52864963 398404442 45105602
399459361 52864963 399458828 51859380
398409217 52864963 398406199 45105602
399459471 52853458 399458334 52853458
398414196 rainbowb 398400039 52864963
399459739 45467712
399460507 zhecx
398417414 52864963 398414196 rainbowb
399492270 46624759
398417699 H.L.
399493863 3307188
398422440 52864963 398417699 H.L.
399505090 52864963 399459471 52853458
398422799 pepsimicheal
399505273 52864963 399459739 45467712
398423175 52864963 398422799 pepsimicheal
398425410 4159778
399505454 52864963 399460507 zhecx
399513589 50940545
398427033 yangjingshu 377450189 Aldrberan
399517176 22251803
398427878 48070467
399529177 45467712 399505273 52864963
398427956 yangjingshu 377552345 52864963
399541066 45467712
398428256 Aldrberan 398427033 yangjingshu
399588028 52864963 399513589 50940545
398429138 63905461
398495265 siyue1988
399588307 52864963 399517176 22251803
398546345 yangjingshu 398428256 Aldrberan
399588397 52864963 399541066 45467712
399658564 52853458
398593310 4654933 377744577 50453146
398593941 qianqianxiaoyu
399673193 52864963 399658564 52853458
398603163 Hijikata-mayo
399685712 lavender06
398607808 38527321
399687204 lavender06
400289002 pelham
398611143 52864963 398425410 4159778
400290868 pelham
398611351 52864963 398429138 63905461
400291423 coolbill
398611454 52864963 398495265 siyue1988
400317651 52864963 399687204 lavender06
398613181 aivin777
400317689 52864963 400289002 pelham
400317903 52864963 400290868 pelham
401604131 nirvana222
401604618 nirvana222 399687204 lavender06
401678160 lavender06 401604618 nirvana222
401720946 nirvana222 401678160 lavender06
402298000 66190083
402672658 52864963 402298000 66190083
402675514 65364332
402729952 pelham
402746335 52864963 402675514 65364332
402747151 52864963 402729952 pelham
402747415 52864963 401604131 nirvana222
403032135 65364332 402746335 52864963
403062195 52864963 403032135 65364332
403071919 57824721
403866641 52872907
403870137 52864963 403071919 57824721
403870333 52864963 403866641 52872907
403966952 52872907 403870333 52864963
403970321 52864963 403966952 52872907
403971671 2373588 377451514 52864963
403979706 2373588 377453389 52864963
403982911 52864963
403985031 52864963 403979706 2373588
403986292 2373588 403985031 52864963
403987505 52864963 403986292 2373588
403988057 2373588 403987505 52864963
403989150 48526181
404017195 61047762
404027528 52864963 403989150 48526181
404027664 54914759
404027717 52864963 404017195 61047762
404027735 54914759
404027995 52864963 404027664 54914759
404028109 52864963 404027735 54914759
404029296 nitayan
404029855 52864963 404029296 nitayan
404029923 52864963 404029296 nitayan
404031038 54914759 404027995 52864963
404031230 52872907 378462428 52864963
404032438 52864963 404031230 52872907
404062141 52872907 404032438 52864963
404066260 52864963 404062141 52872907
404078852 52872907 404066260 52864963
404086044 52864963 404078852 52872907
404089029 3619211
404094374 52872907 404086044 52864963
404094542 52872907 404089029 3619211
377464068 64301416
377464796 wanjing_y
377465851 georginas 377461939 52864963
377466000 georginas 377463616 63983731
377467260 63983731 377466000 georginas
377467605 georginas 377467260 63983731
377467766 seymiyake
377468223 1673921
377468741 63983731 377467605 georginas
377468865 georginas 377468223 1673921
377468951 naver
377470331 nju-zj
377470439 nju-zj
377471109 56729372 377468223 1673921
377472260 dorocat
377475873 BopBop
377478595 yukiisme33 377449912 52864963
377479219 cindylovealex
377480196 52864963 377462057 fangzi0
377480230 1004210
377480605 52864963 377462828 sarasid
377480962 52864963 377463565 GGGGGGGGGGGGG
377481286 52864963 377463616 63983731
377481436 52864963 377463721 sunparadise
377481544 52864963 377464062 xuanxuan0704
377481646 52864963 377464068 64301416
377481729 52864963 377464796 wanjing_y
377481828 52864963 377467766 seymiyake
377481973 52864963 377468741 63983731
377482182 52864963 377470439 nju-zj
377482198 58062380
377482264 lady_killer 377444997 woshiyigexiaodo
377482299 52864963 377475873 BopBop
377482430 52864963 377478595 yukiisme33
377482499 52864963 377479219 cindylovealex
377483286 amy5love
377484662 4663480
377484887 cindylovealex 377482499 52864963
377489252 64301416 377481646 52864963
377491185 52864963 377482198 58062380
377491369 52864963 377483286 amy5love
377491616 52864963 377489252 64301416
377491860 52864963 377480230 1004210
377492239 44670712
377492985 47485539
377493287 52864963 377492239 44670712
377493615 52864963 377492985 47485539
377495338 43539438 377450842 52864963
377495422 seymiyake 377481828 52864963
377495607 pikazhu 377464062 xuanxuan0704
377495909 52864963 377484662 4663480
377496054 52864963 377495338 43539438
377496307 52864963 377495422 seymiyake
377496400 52864963 377495607 pikazhu
377498243 40758832 377496400 52864963
377498436 cheer..
377498766 pikazhu
377499121 52864963 377498436 cheer..
377499278 52864963 377498766 pikazhu
377499387 52864963 377498243 40758832
377499995 xiaokaca
377500983 52864963 377499995 xiaokaca
377503779 52864963
377507140 52864963 377498243 40758832
377508267 40758832 377507140 52864963
377509798 52864963 377508267 40758832
377510458 amy5love 377507140 52864963
377512081 40758832 377509798 52864963
377512090 63983731 377481286 52864963
377513861 wanjing_y 377481729 52864963
377514090 52864963 377510458 amy5love
377514237 52864963 377512090 63983731
377514354 52864963 377513861 wanjing_y
377514618 39713045
377514763 babyj1992
377514771 3184442
377514773 RememBer123
377514776 63983731 377514237 52864963
377515936 52864963 377514618 39713045
377515955 46247799
377516068 52864963 377514763 babyj1992
377516584 52864963 377514771 3184442
377516846 52864963 377514773 RememBer123
377517001 52864963 377515955 46247799
377518670 3184442 377516584 52864963
377518919 popopolo
377519125 4124559
377519225 46247799 377517001 52864963
377519253 52864963 377518919 popopolo
377519494 cheer.. 377499121 52864963
377519784 52864963 377518670 3184442
377520071 52864963 377519125 4124559
377520191 52864963
377520575 52864963 377519494 cheer..
377525382 cheer.. 377520575 52864963
377525835 52864963 377525382 cheer..
377529694 cheer.. 377525835 52864963
377530421 52864963 377529694 cheer..
377535072 cheer.. 377530421 52864963
377537174 52864963 377535072 cheer..
404094915 2373588
404095577 52864963 404089029 3619211
404096296 52864963 404094915 2373588
404096402 52864963
404097309 babyshang
404097740 3619211 404095577 52864963
404098056 sf1003
404098250 6492644
404098675 loci
404100329 2373588 404096296 52864963
404100784 52864963 404098056 sf1003
404100968 52864963
404102539 52864963 404098250 6492644
404103110 6492644 404102539 52864963
404103813 52864963 404103110 6492644
404104028 6492644 404102539 52864963
404104244 6492644 404103813 52864963
404107716 64198194
404109078 52864963 404104244 6492644
404109188 52864963 404107716 64198194
404112431 64198194 404109188 52864963
404113572 6492644 404109078 52864963
404114462 52864963 404112431 64198194
404140181 61047762 404027717 52864963
404156870 52864963 404140181 61047762
404250855 48526181 404027528 52864963
404259331 52864963 404250855 48526181
404261064 46843684 377744577 50453146
404275610 hibernator
404316097 52864963 404275610 hibernator
404365918 2574856
405100139 52864963 404365918 2574856
407002106 2711526
407227662 tongchao
407498198 52864963 407227662 tongchao
407498481 65346840
407500527 ruantoule
407721258 kappa
407897527 52864963 407498481 65346840
407897567 ddding1108
407897581 52864963 407500527 ruantoule
407897976 ruantoule 407897581 52864963
407898047 52864963 407721258 kappa
407898131 52864963 407897567 ddding1108
407898294 52864963 407897976 ruantoule
407924851 1643493
407925213 mskl
408396287 1643493 407898294 52864963
408538663 52864963 407924851 1643493
408546163 1643493 408538663 52864963
408546724 52864963 408546163 1643493
408559411 1643493 408546724 52864963
413235933 49717588
413248289 52864963 413235933 49717588
420025065 10836982
420032505 66824085
420034323 59935449
420034447 65231207
420037183 64343159 377445858 52864963
420038540 pelham
420080625 4202007
420087081 52864963 420025065 10836982
420087218 52864963 420032505 66824085
420087361 52864963 420034323 59935449
420087649 52864963 420034447 65231207
420087800 52864963 420037183 64343159
420087895 lzjmusic
420088009 52864963 420038540 pelham
420088308 52864963 420080625 4202007
420088635 52864963 420087895 lzjmusic
420088706 pelham 420088308 52864963
420088967 52864963 420088706 pelham
420089181 lzjmusic 420088635 52864963
420089253 65231207 420087649 52864963
420089576 52864963 420089253 65231207
420089851 52864963 420089181 lzjmusic
420091027 hyskoamm
420091486 52864963 420091027 hyskoamm
420092286 hyskoamm
420094038 52864963 420092286 hyskoamm
420095121 hyskoamm
420095386 52864963 420095121 hyskoamm
420096614 4202007 420088308 52864963
420096792 65231207 420089576 52864963
420100466 59980704
420102070 homeboa
420107206 57687603
420111090 1122933
420113548 59935449 420087361 52864963
420128386 pelham 420113548 59935449
420128831 3612971
420129166 65609580
