378579146 Cdude
378579303 sylviaxi
378579315 55497172
378579331 tabris17
378579943 notworry
378580047 36957390 378579146 Cdude
378580146 3475967
378580616 36957390 378579331 tabris17
378580778 liqiaoxing
378580923 36957390 378579303 sylviaxi
378581222 Cdude 378579303 sylviaxi
378581412 twoche
378582657 36957390 378579303 sylviaxi
378582879 sylviaxi 378580923 36957390
378582889 crackers
378583002 36957390 378581412 twoche
378583141 sylviaxi
378583511 2059696
378583843 Cdude 378581412 twoche
378584705 36957390 378582879 sylviaxi
378585636 36957390 378583511 2059696
378585932 36957390 378580146 3475967
378585964 tuki4ever
378586422 3561845
378587076 36957390 378580778 liqiaoxing
378588211 36957390 378585964 tuki4ever
378588416 36957390 378586422 3561845
378588568 49270432
378589116 50035464
378589348 36957390 378588568 49270432
378589565 49270432 378589348 36957390
378589910 54872239
378589959 36957390 378589116 50035464
378590316 taoyao6929
378590352 50035464 378589910 54872239
378590516 50035464 378589959 36957390
378590688 36957390 378589565 49270432
378590806 dreamdream-C
378591326 36957390 378590316 taoyao6929
378591761 36957390 378590806 dreamdream-C
378592510 61583627
378592839 60352828
378592918 36957390
378593275 57150910
378593326 kittyliu1988
378593645 45943737
378593740 36957390 378592510 61583627
378593930 36957390 378593326 kittyliu1988
378594169 Cdude 378589910 54872239
378594254 49685096
378594257 soulmama
378594422 joey0608
378594717 43997241
378595190 36957390 378593645 45943737
378595675 36957390 378594254 49685096
378595720 JUNO123
378595898 45943737
378595994 lijuancheung
378596137 36957390 378594717 43997241
378596475 36957390
378596580 48726924
378596628 42273135
378596904 privatelie
378596948 2291843
378598463 36957390 378593275 57150910
378598759 61304559
378599006 36957390 378596948 2291843
378599337 31592189
378599714 36957390 378596628 42273135
378599861 36957390 378599337 31592189
378600134 47191312
378600215 3109954
378600296 36957390 378596904 privatelie
378600502 60330630
378600578 zhen218win
378600637 morning-sun
378600745 36957390 378596580 48726924
378600973 s-erbai
378600986 36957390 378600502 60330630
378601269 s-erbai
378601312 40038895
378601635 36957390 378600973 s-erbai
378601687 60330630 378600986 36957390
378602007 36957390 378601312 40038895
378602418 s-erbai
378602553 taoyao6929 378591326 36957390
378603031 36957390 378601687 60330630
378603048 zoewcy
378603363 36957390 378602553 taoyao6929
378603983 36957390 378603048 zoewcy
378604322 36957390 378602418 s-erbai
378604833 36957390 378600637 morning-sun
378604836 3561845 378588416 36957390
378604943 zoewcy 378603983 36957390
378605383 36957390 378604836 3561845
378605503 41039377
378605579 36957390 378604943 zoewcy
378606048 zoewcy 378605579 36957390
378606235 36957390 378605503 41039377
378606534 36957390 378606048 zoewcy
378606605 41039377 378606235 36957390
378606701 41039377
378606825 2571229
378606884 36957390 378606605 41039377
378607124 36957390 378606825 2571229
378607150 dreamscometure
378607410 36957390 378579943 notworry
378607423 privatelie 378600296 36957390
378608070 36957390 378607150 dreamscometure
378608090 sweety811
378608241 45684031
378608370 kittyliu1988
378608519 comewho
378608882 36957390 378607423 privatelie
378609126 pql295882844
378609162 36957390 378608370 kittyliu1988
378609292 Ayuan_TVXQ
378609732 36957390 378608090 sweety811
378610383 36957390 378609292 Ayuan_TVXQ
378610633 mulanqian
378610726 62191376
378610787 36957390 378609126 pql295882844
378610821 kittyliu1988 378609162 36957390
378610966 watchboy
378611107 36957390 378610726 62191376
378611477 pql295882844 378610787 36957390
378611629 62191376 378611107 36957390
378611826 62191376 378610966 watchboy
378611986 36957390 378610966 watchboy
378611988 lynnnne
378612224 36957390 378611629 62191376
378612316 kittyliu1988
378612506 36957390 378611988 lynnnne
378612553 2571229
378612894 36957390
378612926 henyou
378613420 36957390 378612553 2571229
378613438 62191376 378612224 36957390
378613578 36957390 378612926 henyou
378613792 36957390 378613438 62191376
378614121 62191376 378613792 36957390
378614139 36957390 378608241 45684031
378614239 36957390 378608519 comewho
378614369 36957390 378610633 mulanqian
378614756 45684031 378614139 36957390
378614798 privatelie 378608882 36957390
378614888 63412134
378614943 62899836
378614970 54761863
378614982 Ayuan_TVXQ
378615016 36957390 378614121 62191376
378615184 54761863
378615253 kittyliu1988 378612894 36957390
378615323 62191376 378615016 36957390
378615340 36957390
378615439 36957390 378615323 62191376
378615779 36957390 378615253 kittyliu1988
378615928 36957390 378615184 54761863
378616072 36957390 378614943 62899836
378616137 62191376 378615439 36957390
378616269 joelchan
378616489 charlotte1993
378616492 62899836 378616072 36957390
378616646 36957390 378614888 63412134
378616971 36957390 378616492 62899836
378617176 privatelie 378614798 privatelie
378617185 liz.zhuyeqing
378617400 36957390 378616269 joelchan
378617557 36957390 378617185 liz.zhuyeqing
378617947 joelchan 378617400 36957390
378617963 61583627 378600745 36957390
378618093 liz.zhuyeqing 378617557 36957390
378618217 36957390 378616137 62191376
378618227 61583627
378618997 49043617
378619073 36957390 378617947 joelchan
378619814 36957390 378617963 61583627
378620277 36957390 378618997 49043617
378620402 36957390 378618227 61583627
378620731 36957390
378622808 qixi 378599006 36957390
378623149 buliaogai 378583843 Cdude
378623354 zhucebuliao
378623770 bread.H
378626176 mandyyyyyy 378591761 36957390
378626331 Cdude 378623149 buliaogai
378626997 buliaogai
378627385 63412134 378616646 36957390
378627998 Cdude 378626997 buliaogai
378628027 59149478 378611988 lynnnne
378628175 43332173
378628636 57713939
378628917 4629009
378634021 36957390
378634668 36957390 378623149 buliaogai
378635235 36957390 378623354 zhucebuliao
378635433 zhucebuliao
378635732 36957390 378623770 bread.H
378635740 zhucebuliao 378635235 36957390
378636107 63412134
378636197 36957390
378636275 36957390
378636512 36957390 378626176 mandyyyyyy
378636977 36957390 378627385 63412134
378637407 36957390 378628027 59149478
378637825 36957390 378628175 43332173
378638071 36957390 378628636 57713939
378638233 36957390 378628917 4629009
378638760 36957390 378618093 liz.zhuyeqing
378638785 63866811
378638896 50084265
378639268 36957390
378639542 36957390 378638896 50084265
378640189 50084265 378639542 36957390
378640607 32961481
378640782 36957390 378640189 50084265
378641161 36957390 378640607 32961481
378642483 colorjiang
378643582 Ayuan_TVXQ
378643764 50084265 378640782 36957390
378645155 joelchan 378619073 36957390
378646126 63412134 378636977 36957390
378646188 43332173 378637825 36957390
378647453 oh_tina
378647485 64119591
378649466 63688405
378649470 libralavender 378582879 sylviaxi
378649814 aviva0410
378650385 4369699
378650800 qixi 378634021 36957390
378651117 63821181
378653075 41515044
378655195 54872239 378590352 50035464
378656160 54872239 378594169 Cdude
378659916 2405722
378665045 buliaogai 378634668 36957390
378666054 35089684
378668264 50623408 378589348 36957390
378670258 36957390
378670556 36957390 378643582 Ayuan_TVXQ
378670778 babyzhang1208
378671169 36957390 378643764 50084265
378671396 54143037
378671473 36957390 378645155 joelchan
378672248 36957390 378646126 63412134
378672789 36957390 378646188 43332173
378673856 36957390
378674500 36957390 378647485 64119591
378674563 61583627 378620402 36957390
378674755 36957390 378649466 63688405
378675241 36957390 378649814 aviva0410
378675854 43332173 378672789 36957390
378675967 36957390 378650385 4369699
378676513 54143037 378671396 54143037
378676853 59712264
378678588 36957390 378650800 qixi
378680423 colorjiang 378670258 36957390
378680737 63412134 378672248 36957390
378681399 muchenlee
378682929 36957390 378651117 63821181
378683601 36957390 378653075 41515044
378685171 36957390 378659916 2405722
378685534 50035464 378655195 54872239
378686093 36957390
378686584 42743260
378686644 36957390
378687171 36957390 378674563 61583627
378687600 2405722 378685171 36957390
378688633 36957390 378671396 54143037
378689687 36957390
378690322 36957390 378676853 59712264
378690433 2405722
378690502 36957390 378676513 54143037
378690723 61583627 378687171 36957390
378690751 36957390
378691252 36957390 378680737 63412134
378691369 36957390 378681399 muchenlee
378691510 36957390 378681399 muchenlee
378691869 36957390 378686584 42743260
378692922 48084963
378693451 36957390 378690723 61583627
378693745 36957390 378690433 2405722
378694304 48305763
378694596 36957390 378692922 48084963
378694695 2405722 378693745 36957390
378695265 shunian
378695496 36957390 378694304 48305763
378696655 36957390 378695265 shunian
378697266 36957390 378694695 2405722
378698540 36957390 378600134 47191312
378698578 6423059
378698971 36957390 378594422 joey0608
378701737 2405722 378697266 36957390
378701939 4369699 378675967 36957390
378702561 61583627 378693451 36957390
378703230 36957390
378703677 36957390 378702561 61583627
378703707 42743260 378691869 36957390
378703930 36957390 378698578 6423059
378705338 36957390 378701737 2405722
378705778 36957390 378703707 42743260
378706018 2405722 378705338 36957390
378718827 47371112
378733219 64119591 378674500 36957390
378734139 giselle-sword
378754101 36957390 378718827 47371112
378754370 36957390 378734139 giselle-sword
378755894 61793517
378758096 46822267
378766921 3561845 378605383 36957390
378774032 qixi
378782118 49043617 378620277 36957390
378784064 Ayuan_TVXQ
378786039 48273115
378788558 1752797 378583511 2059696
378789657 1752797
378796233 2059696 378788558 1752797
378797112 dreamscometure 378608070 36957390
378802614 1752797 378796233 2059696
378803104 2059696 378802614 1752797
378805871 giselle-sword 378754370 36957390
378806477 2291843 378599006 36957390
378814453 49919817
378817935 52769709
378821990 osbbq
378822319 52769709
378824682 wzer825 378821990 osbbq
378831900 63821181 378682929 36957390
378838406 lo_lee
378861790 62983054
378905244 lynnnne 378612506 36957390
378905432 3650248
378905848 May_C
378908238 31592189 378599861 36957390
378925842 60188595
378974211 36957390 378755894 61793517
378974283 36957390
378975186 36957390 378758096 46822267
378975959 36957390
378977690 48533766
378978355 36957390
378979432 bluefish.
378979822 36957390 378786039 48273115
378982794 36957390 378788558 1752797
378986706 36957390 378822319 52769709
378989780 36957390
378991820 48303081
378992285 ultraboy
378992401 36957390 378977690 48533766
378993068 36957390 378925842 60188595
378993156 36957390 378992285 ultraboy
378995842 36957390 378991820 48303081
378995957 36957390 378979432 bluefish.
378996334 36957390
378996767 63632815
378997024 36957390 378905432 3650248
379069203 60188595 378993068 36957390
379076978 sweety811 378609732 36957390
379086113 49043617 378978355 36957390
379101604 2462529 379076978 sweety811
379103570 2462529
379103900 2462529 379086113 49043617
379104724 2462529 379086113 49043617
379106010 2462529 379086113 49043617
379106944 Little.little
379107269 sphinxt
379109013 2462529 379107269 sphinxt
379109066 50701718
379111437 1752797 378982794 36957390
379113668 guoblackcat
379114463 49043617 379106010 2462529
379114820 enjoy199x
379116347 2462529 379109066 50701718
379116915 Junexoxo
379117409 2462529
379117739 2462529 379116915 Junexoxo
379118160 Junexoxo 379117739 2462529
379118893 2462529
379119655 2462529 379118160 Junexoxo
379120619 Junexoxo 379119655 2462529
379121505 2462529 379113668 guoblackcat
379122038 2462529 379120619 Junexoxo
379122860 48273115 378979822 36957390
379123644 tcaturra
379124898 2471886
379126181 wangxiaowan
379137016 sweety811 379101604 2462529
379137428 2462529 379126181 wangxiaowan
379138078 2462529
379141264 1752797
379143573 sweety811 379138078 2462529
379155325 61190293
379189250 47191312 378698540 36957390
379190999 3475967 378989780 36957390
379193437 62675224
379200055 4258574
379206262 2462529 379193437 62675224
379207390 62675224 379206262 2462529
379210847 2462529 379207390 62675224
379213199 fengleihupo
384336719 36957390
384338143 hot_air_balloon
384338917 tiankele
384339413 iyding
384339633 iyding
384341634 48443671
384342406 40429211
384343912 40429211
384344203 25612347
384346087 48625326
384346470 38837181
384370331 36957390 384346470 38837181
384370453 36957390 384346087 48625326
384370666 36957390 384344203 25612347
384371064 36957390 384343912 40429211
384371264 53941020
384371386 36957390 384342406 40429211
384371563 36957390 384371264 53941020
384371890 36957390 384341634 48443671
384372602 36957390 384339413 iyding
384372879 36957390 384338917 tiankele
384373102 36957390 384338143 hot_air_balloon
384373258 amyjet
384373346 amyjet
384373960 36957390 384373258 amyjet
384379063 53941020 384371563 36957390
384439589 48443671 384371890 36957390
384440647 48443671 384371890 36957390
384458356 25612347 384346087 48625326
384460298 49110117
384510629 64020570
384510775 64020570
384531788 34598975 384510629 64020570
384534126 48324375
384536345 tiankele 384372879 36957390
384539448 64020570
384552244 34175356
384552928 54308379
384555618 LiuXiao8
384638090 48628309
384639112 53671220
384740352 kourou
384882587 60894356
386367187 50096153
386547188 26659176
387156564 50814790
387206450 59609504
387677083 26409229
388307394 65187753
388321067 penny2s
388326846 54482349
389503547 48428032
390773494 45786849
392826242 38253253
392851111 57249674 378591326 36957390
392851845 50643295
392892818 63061364
392915820 52634462
392932557 57922087
392933217 havenkid
392933220 9271819
392946700 lo_lee
392988495 2539716
393282228 nonoyoyo
401670482 senchen
401675008 45600202
401676251 64283356
401693528 45600202
401949634 56179218
403165237 49138749 384539448 64020570
403165970 hooibe
403241844 kuangyedexin
403300820 49226704
404498507 45507208
404502143 Santa.
404502839 4275202
404505677 50895073
406306590 22812617
406539929 Babeqian
406653069 maoxiaolin
406753150 50798252
407634555 52947899
407634948 52947899 392933220 9271819
407639621 36847010
407641531 9271819 407634948 52947899
407649278 52947899 407641531 9271819
407742431 yuyear
407744064 RaFromJing
408340810 59878350
408412025 36957390
408412304 36957390 408340810 59878350
408413271 36957390 407744064 RaFromJing
408413722 36957390 407742431 yuyear
408414050 36957390 407639621 36847010
408414348 hello_Lil
408414948 13084040 378579315 55497172
408415567 36957390
408416143 59679361
408416328 36957390
408417098 hello_Lil 408416328 36957390
383504696 bianbianmei
383504892 littlesee
383506359 60832491
383507471 36957390 383504696 bianbianmei
383507983 36957390 383504892 littlesee
383508161 36957390 383506359 60832491
383508848 36957390
383509960 tobecat
383510552 60832491 383508161 36957390
383510609 36957390
383513212 36957390 383510552 60832491
383513623 60832491 383513212 36957390
383514659 36957390 383513623 60832491
383515669 bianbianmei 383507471 36957390
383516757 36957390 383515669 bianbianmei
383518572 54102521
383520247 36957390 383518572 54102521
383523784 54102521 383520247 36957390
383526238 3480741
383539299 littlesee 383507983 36957390
383572192 rockersheep
383574547 seveness
383581140 twiggyling
383586603 4396905
383600155 4698758 379138078 2462529
383633534 59627451
383636574 observateur
383638137 55631062
383686409 50180422
383705344 14267528
383727818 36957390 383523784 54102521
383728026 36957390 383526238 3480741
383728376 36957390 383539299 littlesee
383728548 1699883
383728917 36957390 383574547 seveness
383729281 36957390 383638137 55631062
383729447 36957390 383686409 50180422
383729834 36957390 383705344 14267528
383730508 36957390 383728548 1699883
383744098 54102521 383727818 36957390
383753216 36957390
383754635 1699883 383504892 littlesee
383757574 1699883
383758844 1699883 383526238 3480741
383759105 axax
383760351 1699883 383759105 axax
383761476 axax 383760351 1699883
383763816 1699883 383761476 axax
383764030 1699883 383761476 axax
383765216 axax 383764030 1699883
383767518 1699883 383765216 axax
383768073 axax 383767518 1699883
383770092 1699883 383638137 55631062
383776373 55631062 383770092 1699883
383777457 55631062 383729281 36957390
383780854 ugly3640
383781625 linxiaoqiang 378580616 36957390
383785742 1699883 383780854 ugly3640
383787364 1699883 383781625 linxiaoqiang
383787567 1699883 383781625 linxiaoqiang
383788421 heavenyang
383789298 1699883 383788421 heavenyang
383789771 heavenyang 383789298 1699883
383790050 heavenyang 383789298 1699883
383826226 littlesee 383754635 1699883
383836220 36957390 383781625 linxiaoqiang
383839875 1699883 383826226 littlesee
383840504 1699883 383789771 heavenyang
383843990 51984201
383846132 dujunday
383874712 64020570 378606048 zoewcy
383875358 Seven.F
383875471 64020570 383781625 linxiaoqiang
383921962 zoewcy 383874712 64020570
383932605 linxiaoqiang 383875471 64020570
383994079 64020570
383994526 64020570 383921962 zoewcy
383995286 64020570 383875358 Seven.F
384012991 zoewcy 383994526 64020570
384040213 40429211
384074189 34598975
384089336 Mrlawrece
384222554 64020570 384012991 zoewcy
384222606 64020570 384074189 34598975
384225881 34598975 384222606 64020570
384226298 46522940
384240668 64020570 384225881 34598975
384240763 64320432
384245022 45325157
384250721 58415886
384263559 40429211
384310044 hot_air_balloon
384317803 60894356
384325133 50180422 383729447 36957390
384334045 34598975 384240668 64020570
384334534 36957390
384334619 36957390 384325133 50180422
384334902 36957390 384317803 60894356
384335539 36957390
384336268 36957390 384250721 58415886
379352294 2462529
379352971 2462529
379353134 61583627
379353166 2462529
379353714 61583627 379352971 2462529
379355346 2462529 379353714 61583627
379356410 61583627 379355346 2462529
379356672 50551930
379357344 61583627 379355346 2462529
379360680 redjar
379384950 3475967
379388733 63821181
379390281 63659909 378594169 Cdude
379390788 14779122 378594257 soulmama
379395932 14267528 378589910 54872239
379404273 54872239 379395932 14267528
379414526 14267528 379404273 54872239
379418929 53821368
379420239 54872239 379414526 14267528
379433872 Jansnet
379439467 4258574
379440004 demo
379447954 52687974 379352971 2462529
379456327 2291843
379461789 sphinxt 379109013 2462529
379482946 14267528 379420239 54872239
379484578 54872239 379482946 14267528
379487998 chengbei
379491680 48533766 378992401 36957390
379495436 14267528 379484578 54872239
379503146 2462529 379357344 61583627
379504031 2462529
379504412 2462529 379439467 4258574
379505155 2462529 379461789 sphinxt
379505459 63004570
379505617 2462529 379484578 54872239
379506067 2462529 379491680 48533766
379507652 2462529 379447954 52687974
379509114 2462529 379447954 52687974
379512803 43666495
379522003 cynthiayip
379528575 tre20
379528596 54872239 379505617 2462529
379546396 Jansnet 379504031 2462529
379570941 36957390
379571309 36957390 379522003 cynthiayip
379573617 36957390 379388733 63821181
379573988 36957390 379512803 43666495
379574494 36957390 379356672 50551930
379574682 36957390 379356672 50551930
379575345 36957390 379495436 14267528
379577957 2462529 379528596 54872239
379578233 2462529 379546396 Jansnet
379579124 63821181 379573617 36957390
379581551 47795407
379583539 36957390 379581551 47795407
379629890 49226704
379630466 lin0xx
379632691 Curecure
379633010 36957390 379629890 49226704
379633025 Curecure
379633268 36957390 379630466 lin0xx
379642237 2462529 379581551 47795407
379642729 2462529 379633025 Curecure
379763668 47795407 379642237 2462529
379765361 4258574 379504412 2462529
379765716 bibobibo
379765998 4067297
379796796 2462529 379763668 47795407
379797834 2462529 379765716 bibobibo
379798135 2462529 379765716 bibobibo
379798900 deadcry
379798994 62681235
379843670 36957390
379845764 36957390
379864938 14267528 379575345 36957390
379892499 60283515
379922291 alwaysaway
379929730 59712264 378690322 36957390
379962359 3146345
380097112 straycat
380108660 41067688
380110936 Stella-CC
380111634 26473381
380113393 1953474 378589910 54872239
380114835 1953474 379484578 54872239
380142789 bibobibo 379797834 2462529
380142869 bibobibo 379798135 2462529
380154756 54872239 380113393 1953474
380165669 58191090 379633268 36957390
380175538 36957390 379864938 14267528
380176044 36957390 379892499 60283515
380176158 36957390 379922291 alwaysaway
380176656 2462529 380142869 bibobibo
380177644 36957390 379962359 3146345
380177890 36957390 380097112 straycat
380178137 36957390 380108660 41067688
380178338 36957390
380179758 36957390 380111634 26473381
380179839 36957390 380176656 2462529
380184699 sengesee
380185162 62656441
380185341 36957390 380184699 sengesee
380185476 36957390 380185162 62656441
380185694 62656441 380185476 36957390
380185823 55806222 378579146 Cdude
380185945 47919745
380216185 1953474 380154756 54872239
380216354 1953474
380218415 54872239 380216354 1953474
380230343 straycat 380177890 36957390
380239981 rockersheep 380185476 36957390
380259090 deadcry
380357972 bibobibo 380176656 2462529
380412877 4396905
380456708 alwaysaway 380216354 1953474
380499801 37961720
380541110 minijunki
380580488 chloecu
380633669 Curecure 379642729 2462529
380687072 14267528 380175538 36957390
380688035 54102521
380694554 buleann
380705637 57875448
380706559 59627451
380710610 58538606
380713543 64504620 378580778 liqiaoxing
380714080 64504620 378581412 twoche
380715566 64504620 378583511 2059696
380715989 64504620 380710610 58538606
380725083 xiaobubu
380966967 32961481
381138185 38253253
381158368 48555384
381317783 63632815
381323920 tobecat
381323928 misrbb
381324852 emaizi
381326649 60832491
381334757 35378296
383152413 36957390
383178406 senchen
383179364 senchen
383181284 3668876
383342917 46083641
383388312 shilyss
383445598 60832491
383485412 36957390 383445598 60832491
383485704 36957390 383342917 46083641
383485899 36957390
383486192 36957390 383181284 3668876
383486659 36957390 383178406 senchen
383487085 36957390 381334757 35378296
383487196 36957390 381326649 60832491
383487452 3085353
383487667 36957390 381324852 emaizi
383488027 36957390 383487452 3085353
383488243 36957390 381323928 misrbb
383488793 50180422
383488932 36957390 381323920 tobecat
383489250 3085353 383488027 36957390
383489507 36957390 383488793 50180422
383489961 50180422 383489507 36957390
383490062 36957390 383489250 3085353
383490430 3085353 383490062 36957390
383490531 36957390 383489961 50180422
383490707 36957390 383490430 3085353
383490733 3085353
383490822 yaya890401
383491164 36957390 381317783 63632815
383491413 36957390 383490733 3085353
383491964 36957390 383490822 yaya890401
383492396 36957390
383492733 36957390 381158368 48555384
383493049 36957390 381138185 38253253
383493182 yaya890401
383493451 twiggyling
383493854 36957390 380966967 32961481
383494018 36957390 383493182 yaya890401
383494341 36957390 383493451 twiggyling
383494772 36957390
383495191 36957390 380725083 xiaobubu
383495594 36957390 380715989 64504620
383495910 yaya890401
383495942 36957390 380706559 59627451
383496843 36957390 380705637 57875448
383497738 36957390
383498172 36957390
383498588 36957390 380688035 54102521
383499333 36957390 380687072 14267528
383500249 36957390 380580488 chloecu
383500725 36957390 380541110 minijunki
383501054 36957390 380499801 37961720
383501335 36957390
383501478 36957390 380259090 deadcry
383502051 36957390 380239981 rockersheep
383502139 2858580
383502316 36957390 380230343 straycat
383502594 36957390 380185694 62656441
383502805 36957390 380185945 47919745
379222608 Jansnet
379222758 Jansnet
379223980 63004570
379229417 Jansnet
379295627 36957390 378805871 giselle-sword
379296035 36957390 378806477 2291843
379296311 kid928
379296595 36957390 378814453 49919817
379296847 36957390 378821990 osbbq
379296916 61583627
379297148 36957390 378831900 63821181
379298021 36957390
379298735 36957390 379213199 fengleihupo
379299711 36957390 379200055 4258574
379300014 aishencun
379300224 36957390 379190999 3475967
379300905 50831981
379300933 36957390 379189250 47191312
379302474 36957390 379126181 wangxiaowan
379303199 36957390 379124898 2471886
379303505 63821181 379297148 36957390
379303533 36957390 379123644 tcaturra
379303728 36957390 379303505 63821181
379304152 ivanar
379305109 61583627
379305641 36957390 379106944 Little.little
379306340 36957390 379106944 Little.little
379307934 36957390 379111437 1752797
379309119 36957390 379113668 guoblackcat
379310464 36957390
379310580 36957390 379223980 63004570
379311235 36957390 379229417 Jansnet
379311396 gulicogirl
379311889 36957390 379296311 kid928
379312046 gulicogirl
379312130 36957390 379296916 61583627
379312515 36957390 379300014 aishencun
379312779 36957390 379300905 50831981
379313354 2462529
379313498 36957390 379304152 ivanar
379314944 36957390 379313354 2462529
379315171 36957390 379311396 gulicogirl
379315408 36957390 379312046 gulicogirl
379315876 2462529 379314944 36957390
379316071 2471886 379312046 gulicogirl
379316898 shilyss
379317680 36957390 379315876 2462529
379318189 36957390 379316898 shilyss
379318295 61583627 379312130 36957390
379319280 36957390 379318295 61583627
379319895 gulicogirl 379316071 2471886
379320399 2462529 379317680 36957390
379320712 laq77
379320807 4629009 378638233 36957390
379320913 2679484
379321130 gulicogirl 379573988 36957390
379321197 36957390 379320712 laq77
379321918 liuziyu0426
379322100 36957390 379320399 2462529
379322332 36957390 379320913 2679484
379322684 36957390 379321918 liuziyu0426
379322809 suxiaoxia
379323602 36957390 379322809 suxiaoxia
379323678 liuziyu0426 379322684 36957390
379324685 YSAKURAY
379324769 2462529 379322100 36957390
379325001 60380051
379325201 shilyss 379318189 36957390
379328383 36957390 379323678 liuziyu0426
379328705 36957390 379324685 YSAKURAY
379329463 liuziyu0426 379328383 36957390
379329932 36957390 379324769 2462529
379330725 ivanar 379313498 36957390
379330767 36957390 379325201 shilyss
379331404 60283515
379331439 36957390 379329463 liuziyu0426
379331779 36957390 379331404 60283515
379331972 36957390 379330725 ivanar
379333503 YSAKURAY 379328705 36957390
379333642 49685096 378595675 36957390
379334230 36957390 379333503 YSAKURAY
379334271 kexinhaha
379335618 2462529 379329932 36957390
379336088 42587922
379336360 36957390 379334271 kexinhaha
379336562 36957390 379336088 42587922
379336751 36957390 379335618 2462529
379336772 shilyss 379330767 36957390
379337991 2462529 379336751 36957390
379338062 36957390
379339355 36957390
379340259 49226704
379340553 shilyss 379339355 36957390
379341476 49226704
379341547 36957390 379340259 49226704
379341930 36957390 379340553 shilyss
379345062 61583627 379319280 36957390
379346243 36957390 379345062 61583627
379349999 3793188
379350132 52687974
408469375 51953879
408481877 49226704
408486095 36957390
408486215 52606469
408487088 36957390
408487299 36957390
408487329 Raysum
408487848 36957390
408488094 36957390 408469375 51953879
408488568 36957390 408481877 49226704
408489006 36957390 408487329 Raysum
408497580 49226704 408488568 36957390
408497601 49226704 408488568 36957390
408516681 Nancypaopao
408532476 36957390 408497580 49226704
408532969 36957390 408516681 Nancypaopao
408533072 66725722
408533944 66725722 378594422 joey0608
408550691 59878350 408412304 36957390
408552067 53657085
408557172 52868320
408560198 senmor 378593645 45943737
408578099 51953879 408488094 36957390
408583087 63061364
408616253 64283356
408663479 66224322
408742256 Ggyc
408742728 woaideni
408834208 36957390 408533072 66725722
408834278 36957390 408550691 59878350
408834814 36957390
408834929 36957390 408557172 52868320
408835253 36957390 408578099 51953879
408835843 36957390 408616253 64283356
408835924 53657085 408834814 36957390
408836431 36957390 408663479 66224322
408836724 36957390 408742256 Ggyc
408836932 36957390 408742728 woaideni
408837317 36957390
408839827 22812617
408840455 wboyu
408845519 36957390
408886439 45600202
408897969 36957390 408840455 wboyu
408922355 66224322 408836431 36957390
408933777 59878350 408834278 36957390
408966487 wboyu 408845519 36957390
409005033 selavi
409005819 36957390 408922355 66224322
409005983 36957390 408933777 59878350
409006119 36957390
409006267 selavi 409006119 36957390
409006453 36957390 409006267 selavi
409006708 selavi 409006453 36957390
409007029 36957390 409006708 selavi
409011577 selavi
409013727 36957390 409011577 selavi
409015713 selavi 409013727 36957390
409016429 36957390 409015713 selavi
409016846 63041906
409017346 66887840
409019034 pipibama
409019221 selavi 409016429 36957390
409051956 36957390 409019221 selavi
409052150 36957390 409019034 pipibama
409052463 36957390 409016846 63041906
409052619 36957390 409017346 66887840
409054168 selavi 409051956 36957390
409054768 36957390 409054168 selavi
409055915 66887840 409052619 36957390
409057511 36957390 409055915 66887840
409140363 Ggyc 408836724 36957390
409141672 4619450
409142529 60125006
409147896 36957390 409140363 Ggyc
409148631 50801450
409148700 38677433
409151116 36957390 409141672 4619450
409151342 36957390 409148700 38677433
409151483 62625348
409151520 36957390 409148631 50801450
409151781 36957390 409151483 62625348
409152162 47531635
409152166 36957390 409142529 60125006
409152499 36957390 409152162 47531635
409153587 Ggyc 409152499 36957390
409153592 38677433 409151342 36957390
409153771 47531635 409152499 36957390
409154007 36957390 409153587 Ggyc
409154284 36957390 409153592 38677433
409154812 38677433 409154284 36957390
409154917 36957390 409153771 47531635
409155540 38677433 409154284 36957390
409155546 36957390
409155806 36957390 409155540 38677433
409156339 38677433 409155806 36957390
409157249 36957390 409156339 38677433
409157474 38677433 409157249 36957390
409158354 36957390 409157474 38677433
409158690 36957390 409157474 38677433
409158834 59811530
409158893 63659909
409159981 2603656
409161056 36957390 409158893 63659909
409161431 63659909 409161056 36957390
409161478 36957390 409159981 2603656
409162385 36957390 409161431 63659909
409162889 33487671
409163000 Ggyc 409154007 36957390
409163450 2603656 409161478 36957390
409163693 36957390 409162889 33487671
409164084 38677433 409158690 36957390
409164946 36957390 409163450 2603656
409165024 55407704
409165827 2603656 409164946 36957390
409166515 36957390 409163000 Ggyc
409166695 36957390 409165024 55407704
409167173 36957390 409165827 2603656
409167444 2603656 409167173 36957390
409168489 Ggyc 409166515 36957390
409169111 36957390 409168489 Ggyc
409170226 Ggyc 409169111 36957390
409172855 36957390 409170226 Ggyc
409173686 3109954
409174946 36957390
409177841 Ggyc 409172855 36957390
409186932 3109954 409174946 36957390
409235141 Nancypaopao 408532969 36957390
409237935 64352845
409245635 56329062
409269307 60003876
409479506 woaideni 408836932 36957390
409508034 36957390
409508173 55407704 409166695 36957390
409508277 36957390 409235141 Nancypaopao
409508895 36957390 409237935 64352845
409508974 36957390 409245635 56329062
409511639 36957390 409269307 60003876
409511823 36957390 409479506 woaideni
409512303 36957390 409508173 55407704
409514316 52757969
409514615 55407704 409512303 36957390
409561975 Ggyc
409564247 HeyOwlCity
409594814 Nancypaopao 409508277 36957390
409595173 64382788
409595713 crazybunny666
409603206 suri211
409604913 greenmuzi
410755803 52634462
410868803 54999741
410876376 50354021
410970729 52947899 408415567 36957390
411019888 47191120
411111972 Erised
411361281 2047038
412038281 53149388
412328939 shipeiyuan
413179856 hyy3
413185369 2455236
414307239 38785303
414795382 4690389
414862420 misrbb
414874038 jiangz
414875444 sunday731
419450276 51799206
419475682 2816389
419476604 52880819
419489003 60301536
419498768 NanNancyN
408417194 36957390 408416143 59679361
408418246 36957390 408417098 hello_Lil
408418691 36957390 406753150 50798252
408419662 36957390 406653069 maoxiaolin
408419936 36957390 406653069 maoxiaolin
408420192 56168117
408420571 36957390 406539929 Babeqian
408420815 36957390 408420192 56168117
408421987 chennaoxin0308
408422142 36957390 406306590 22812617
408422680 36957390
408423228 36957390 404505677 50895073
408423396 36957390 404502839 4275202
408423413 jiaxiangYY
408423588 36957390 404502143 Santa.
408423729 53532061
408424000 36957390 408423413 jiaxiangYY
408424421 36957390 408423729 53532061
408424447 65497302
408425191 36957390 403300820 49226704
408425458 36957390 403241844 kuangyedexin
408425680 53532061 408424421 36957390
408425748 36957390 403165970 hooibe
408426318 36957390 408425680 53532061
408426735 36957390 403165237 49138749
408427167 53532061 408426318 36957390
408427371 36957390 401949634 56179218
408427885 36957390 408427167 53532061
408428781 36957390
408429661 36957390 401676251 64283356
408430428 36957390 393282228 nonoyoyo
408430451 newcecilia
408431001 36957390 392988495 2539716
408431260 36957390 408430451 newcecilia
408431965 newcecilia 408431260 36957390
408432354 36957390 392946700 lo_lee
408432637 36957390 408431965 newcecilia
408433311 36957390 392933217 havenkid
408433885 36957390 392932557 57922087
408434132 36957390 392915820 52634462
408434725 36957390
408435209 36957390 392851845 50643295
408435328 janeccy
408435593 36957390 392892818 63061364
408435947 36957390
408436282 36957390 408435328 janeccy
408436619 36957390 392851111 57249674
408436982 48592084 408435947 36957390
408437142 36957390 392826242 38253253
408437268 36957390 408436982 48592084
408437584 36957390 389503547 48428032
408437914 36957390 388326846 54482349
408438500 36957390 388321067 penny2s
408438635 janeccy
408438677 36957390 388307394 65187753
408439042 36957390 408438635 janeccy
408439463 36957390 387677083 26409229
408439996 36957390 387206450 59609504
408440361 vitadolcejuri 378596580 48726924
408441099 janeccy 408439042 36957390
408441123 xsci
408441481 shawshank321
408442225 36957390 387156564 50814790
408442569 36957390 408441481 shawshank321
408442995 36957390
408443356 36957390 408441123 xsci
408443714 Raysum
408444933 36957390 386547188 26659176
408445049 36957390 408443714 Raysum
408445441 36957390 386367187 50096153
408446010 36957390 384740352 kourou
408446256 36957390 384639112 53671220
408446577 59690826
408446904 36957390 384638090 48628309
408447281 57882554
408447399 missif
408447491 36957390 408446577 59690826
408448049 36957390 408447281 57882554
408448255 36957390 408447399 missif
408449072 36957390
408449472 36957390 384552928 54308379
408449633 36957390 384552244 34175356
408449996 36957390 384536345 tiankele
408450439 36957390
408450937 36957390 384460298 49110117
408451421 36957390 384440647 48443671
408451681 51953879
408451850 36957390 384379063 53941020
408451898 51953879 378579303 sylviaxi
408451953 49138749 408451421 36957390
408452197 36957390 408451681 51953879
408452412 36957390 408451953 49138749
408455349 57930867
408456001 51953879 408452197 36957390
408457000 36957390 408455349 57930867
408457245 56179218 408427371 36957390
408457319 36957390 408456001 51953879
408461301 48457199
408461625 chennaoxin0308 408422680 36957390
408462919 yuyear 408413722 36957390
