379030298 63681224
379030803 63814906
379031048 49871738
379031387 57753542
379031882 62675224
379032134 ducksarah
379032250 jerrycool
379041202 63681224 379031048 49871738
379042114 45485992
379042382 63681224 379031387 57753542
379043018 50414567
379043089 43917205
379043121 adingding
379043205 tusheying
379044209 63681224
379044542 63681224 379032134 ducksarah
379045189 63681224 379032250 jerrycool
379045677 Evil.
379046011 63681224 379043089 43917205
379047032 31587450
379047915 63681224 379043121 adingding
379047976 63681224 379045677 Evil.
379047986 dearjessity
379048073 63681224 379043205 tusheying
379048324 LISAHOO
379050468 63681224 379047032 31587450
379050543 mandycheung
379050803 61411830
379051193 tusheying 379048073 63681224
379090703 63681224
379093428 63333316
379093578 LinaIsHere
379096435 MissingRH
379098985 43917205
379099910 LinaIsHere 379098985 43917205
379107442 shaonvaaa
379109184 Ann_King
379116041 43917205 379099910 LinaIsHere
379119557 41590606
379126301 56089297
379136195 joysleep
379142577 57753542
379155722 61190293
379159831 48557796
379170614 46381138
379174269 mmmsue07
379174706 afterwards
379180920 63681224 379093428 63333316
379181222 63681224 379050803 61411830
379181602 63681224 379093578 LinaIsHere
379181839 63681224 379096435 MissingRH
379182323 16678998
379182346 LinaIsHere 379181602 63681224
379182462 63681224 379098985 43917205
379182588 Eileen-Adagio
379182714 63681224 379107442 shaonvaaa
379183322 4422934
379184115 ferfan
379184663 63681224 379119557 41590606
379184741 36806859
379185195 63681224 379126301 56089297
379185398 63333316 379182323 16678998
379186089 4422934
379186683 63333316
379186729 63681224 379136195 joysleep
379187760 63681224 379142577 57753542
379188457 4533895
379188616 63681224 379159831 48557796
379188998 63681224 379182588 Eileen-Adagio
379189308 63681224 379183322 4422934
379189659 63333316 379188998 63681224
379190285 63681224 379182346 LinaIsHere
379191451 4422934 379188457 4533895
379191928 55806222
379192042 Eileen-Adagio 379188998 63681224
379192050 63681224 379184741 36806859
379192865 63681224 379186683 63333316
379193679 63681224 379192042 Eileen-Adagio
379193860 63681224
379196671 52488164
379241071 57753542
379241788 57753542 379093428 63333316
379272383 63333316 379241788 57753542
379285941 57753542 379272383 63333316
379297025 45802249
379297308 45802249
379301477 41590606 379184663 63681224
379301813 43917205
379304194 longgoodbye
379304665 4169973
379307653 49660618 379093428 63333316
379310122 hanleilei
379311125 zhimakaixiamen
379327995 63681224 379196671 52488164
379331226 63681224
379331943 63681224 379297308 45802249
379332791 63681224 379301477 41590606
379332860 45802249 379331226 63681224
379334322 63681224 379301813 43917205
379334681 63681224
379334838 43917205
379334955 43917205
379338376 63681224 379304665 4169973
379338402 41590606
379338950 63681224
379339937 45968141
379350063 3606981
379372773 longgoodbye
379374043 48950564
379463884 63333316 379307653 49660618
379474861 cicilialee
379817971 63681224 379339937 45968141
379818646 63681224 379350063 3606981
379819200 63681224 379372773 longgoodbye
379819839 63681224 379474861 cicilialee
379856627 3606981
379861415 49660618 379463884 63333316
379874465 57715357
379875510 16071036
379903090 64477505 379136195 joysleep
379904121 miserying
379906315 58808993
379916269 63333316 379861415 49660618
379919235 nianzu
379920141 joysleep 379903090 64477505
379943094 49660618 379916269 63333316
379947521 60832491 379338402 41590606
379952027 xiehuayingxhy
380055309 niphia
380056042 56996764
380095121 ceciliaycx
380095640 63333316 379943094 49660618
380171153 63681224 380095640 63333316
380172304 63681224 380056042 56996764
380173173 63681224 380055309 niphia
380173315 63681224 380095121 ceciliaycx
380173521 63681224 379947521 60832491
380173978 63681224 379919235 nianzu
380174366 63681224
380176603 63681224 379856627 3606981
380177390 63681224
380177766 56996764
380178437 63681224
380178614 63681224 379874465 57715357
380178743 63681224 379875510 16071036
380182851 58808993 380174366 63681224
380183363 63681224 380177766 56996764
380185071 51186887
380185448 63681224
380187932 60832491 380173521 63681224
380189720 58808993
380190001 58808993
380190151 64369190
380191448 48557449
380191511 56996764
380195349 uj30
380341731 niphia 380173173 63681224
380345362 46011743
380378402 58772346
380478820 63333316
380496335 16071036
380497761 farewell9998
380561165 63681224 380345362 46011743
380561372 63681224
380561967 longgoodbye 379819200 63681224
380574460 robin-fei
395885087 lasi
396119220 48601577
419686660 41268994
419703725 67748663
