379131009 san-ye
379131593 totochang
379131714 tk920730
379131862 fre_
379131881 2015003
379131937 caise
379132251 49866906 379131009 san-ye
379132334 49866906 379131593 totochang
379132383 49866906 379131937 caise
379132497 37535614
379132517 49866906 379131881 2015003
379132583 caise 379132383 49866906
379132619 totochang 379132334 49866906
379132656 49866906 379132497 37535614
379132696 Sdy2048
379132927 veenf
379132934 49866906 379132583 caise
379133021 49866906 379132927 veenf
379133210 49866906 379132619 totochang
379133255 33487671
379133300 solofan
379133879 veenf 379133021 49866906
379134064 49866906 379133255 33487671
379134371 49866906 379133879 veenf
379134434 49866906 379133300 solofan
379134745 fre_
379134899 33487671
379134964 49866906 379134745 fre_
379135041 49866906 379134899 33487671
379135732 veenf 379134371 49866906
379135963 42345880
379136104 33487671 379135041 49866906
379136817 33487671
379136835 moonssee
379136942 totochang 379133210 49866906
379136988 58023879
379137319 49752980
379137837 49866906
379138076 49866906 379131714 tk920730
379138327 49866906 379135963 42345880
379138469 49866906 379136104 33487671
379138749 49866906 379136835 moonssee
379138830 49866906 379137319 49752980
379139282 timrex
379139301 49866906 379136988 58023879
379139581 49446598
379139670 49866906 379139282 timrex
379139829 veenf 379138830 49866906
379139919 49866906 379139581 49446598
379139990 33487671 379139301 49866906
379140196 49866906
379141046 49866906 379139990 33487671
379141662 58023879 379139301 49866906
379141796 Yang7
379142075 veenf 379140196 49866906
379142550 49866906 379141662 58023879
379142687 49866906 379142075 veenf
379143019 58023879 379142550 49866906
379143126 veenf 379142687 49866906
379143187 58023879
379143345 49866906 379143126 veenf
379143440 xgxw_xiao
379143762 veenf
379144040 49866906 379143187 58023879
379144910 49866906 379143440 xgxw_xiao
379145492 xgxw_xiao
379146508 49866906 379145492 xgxw_xiao
379147161 xgxw_xiao
379147296 49866906 379143762 veenf
379147621 lioy
379147722 49866906 379147161 xgxw_xiao
379147951 49866906 379147621 lioy
379148248 51812432
379148703 xgxw_xiao
379148908 sylarx
379149459 honey51
379150047 49866906 379148248 51812432
379150336 49866906 379149459 honey51
379150678 1562652
379151215 honey51 379150336 49866906
379151438 49866906 379148703 xgxw_xiao
379151641 51812432
379151677 jinxlovedouban
379151713 49866906 379150678 1562652
379151983 49866906 379151641 51812432
379152186 49866906 379151215 honey51
379152440 xiaohe2000
379152462 58984560 379131009 san-ye
379152576 49866906 379151677 jinxlovedouban
379152810 caitong
379153024 49866906 379152462 58984560
379153296 2164749
379153410 49866906 379152810 caitong
379153723 49866906 379153296 2164749
379153961 49866906 379152440 xiaohe2000
379154223 2164749 379153723 49866906
379154536 xiaohe2000 379153961 49866906
379154556 49866906 379154223 2164749
379154697 49866906 379154536 xiaohe2000
379154908 A.mosquito.
415503655 49866906
415510129 54277954
415570038 45790778
416081428 erpang1225 415503655 49866906
416350353 49866906 415510129 54277954
416350493 Crk7
416350639 49866906 416350493 Crk7
416350761 Crk7 416350639 49866906
416351747 54277954 416350353 49866906
416382560 randalpoal
416427990 woshiyigexiaodo
416546345 49866906 416351747 54277954
379154914 58984560 379153024 49866906
379155034 57496814
379155664 49866906 379154908 A.mosquito.
379155685 58023879 379144040 49866906
379156373 49866906 379154914 58984560
379157591 49866906 379155034 57496814
379160332 moonssee 379138749 49866906
379162554 liu773780263
379162664 49866906 379160332 moonssee
379164134 zhuweibapepe 379139670 49866906
379165237 49866906 379164134 zhuweibapepe
379166774 35632224
379167044 zhuweibapepe 379165237 49866906
379167107 moonssee 379162664 49866906
379167240 47346092
379169459 49866906
379169842 49866906 379167107 moonssee
379169982 49866906 379167044 zhuweibapepe
379170444 careheart
379174588 49866906 379170444 careheart
379175058 fannin
379176170 49866906 379175058 fannin
379176543 49866906 379170444 careheart
379177309 fannin
379177367 careheart
379178799 zhuweibapepe 379169982 49866906
379179603 51646115
379179871 42600613 379132934 49866906
379181095 jissmlyn
379181609 49866906
379181961 fannin 379181095 jissmlyn
379182054 49866906 379181095 jissmlyn
379182220 49866906 379181961 fannin
379182453 49866906 379179603 51646115
379182473 63659909
379182613 62675224
379182755 fannin 379182220 49866906
379183111 51646115 379182453 49866906
379183187 49866906 379182755 fannin
379183827 fannin
379183886 49866906 379183111 51646115
379184258 49866906 379183827 fannin
379184698 jissmlyn 379181961 fannin
379184709 49866906
379184792 51646115
379184929 49866906 379182473 63659909
379185270 fannin 379184258 49866906
379185481 49866906 379184792 51646115
379185625 49866906 379185270 fannin
379186142 fannin 379185625 49866906
379186566 MADAOPANDA
379186802 64358990
379186851 careheart
379187022 49866906 379186566 MADAOPANDA
379187276 49866906 379186802 64358990
379187367 49866906 379186142 fannin
379188145 fannin 379187367 49866906
379188610 49866906 379188145 fannin
379189331 62675224
379189602 62675224 379184709 49866906
379190429 49866906 379189602 62675224
379190710 62675224
379205158 58984560 379156373 49866906
379227984 51646115
379341030 lioy 379147951 49866906
379343071 PostgreSQL
379436906 messier 379131009 san-ye
379442241 san-ye 379436906 messier
379443157 messier 379442241 san-ye
379529533 49866906 379343071 PostgreSQL
379529767 49866906 379205158 58984560
379529940 49866906 379227984 51646115
379530179 49866906 379341030 lioy
379532111 PostgreSQL 379529533 49866906
379534513 49866906 379532111 PostgreSQL
379535250 PostgreSQL 379534513 49866906
379535322 58984560 379529767 49866906
379537424 47161791
379539957 ghostshell 379537424 47161791
379541188 47161791 379539957 ghostshell
379557254 ghostshell 379541188 47161791
379558444 4709586
379565306 49866906 379558444 4709586
379565426 xgxw_xiao 379537424 47161791
379566406 49866906 379565426 xgxw_xiao
379567059 48819425
379567712 xgxw_xiao
379571120 57772675
379571496 51253892
379573870 47161791 379557254 ghostshell
379574056 47161791 379565426 xgxw_xiao
379574097 49866906 379571120 57772675
379575755 youandme1012
379576308 luckyugliest
379576846 xgxw_xiao 379574056 47161791
379577426 49866906 379576308 luckyugliest
379578451 49866906 379575755 youandme1012
379579791 luckyugliest 379577426 49866906
379579944 luckyugliest 379186566 MADAOPANDA
379605554 47161791 379576846 xgxw_xiao
379608626 62470634
379611673 49866906 379608626 62470634
379612500 62470634 379611673 49866906
379684314 zyzsunny
379690866 iuy
379855815 xgxw_xiao 379605554 47161791
380029569 49866906 379684314 zyzsunny
380034921 26679891 379605554 47161791
380035145 48314832
380048471 49866906 380035145 48314832
380048590 49866906 379690866 iuy
380077516 48314832 380048471 49866906
380078793 49866906 380077516 48314832
380080463 iuy 380048590 49866906
380081700 61164838 379152186 49866906
380083703 49866906 380080463 iuy
380083858 49866906 380081700 61164838
380084083 64510605
380084218 iuy 380083703 49866906
380084294 63262571
380085593 49866906 380084294 63262571
380086225 yukiisme33
380086341 63262571 380085593 49866906
380086553 49866906 380084083 64510605
380086558 lowkey7
380086844 49866906 380086225 yukiisme33
380087774 49866906 380086558 lowkey7
380087893 49866906 380086341 63262571
380088070 4580328
380089416 33939040
380091102 48314832 380078793 49866906
380091715 49866906 380089416 33939040
380091742 50617349
380092444 49866906
380092605 49866906
380095054 kuangyedexin
380099000 50617349 380092605 49866906
380099886 49866906 380095054 kuangyedexin
380103596 kuangyedexin 380099886 49866906
380105251 yukiisme33 380086844 49866906
380107766 44567315
380163946 49866906 380107766 44567315
380164152 49866906 380105251 yukiisme33
380280483 zyzsunny
380321287 49520566
380337833 49866906 380321287 49520566
380390121 lioy
380392654 62768035
380394018 62768035 380083703 49866906
390273707 49866906 380392654 62768035
390273805 49866906
390274324 48369524
390313183 1454383
390337528 cristine11 380099886 49866906
390799956 49866906 390274324 48369524
390822481 dsdsdf
391181196 65311712
391204159 3464388
391204443 caosiying
391231498 42441418
391231531 42441418
391563046 49866906
391563413 49866906 391231498 42441418
391563543 49866906 391204159 3464388
391563650 49866906 391204443 caosiying
391564412 64614151
391577854 hillsun
391580179 ego_y
391590253 weixiaozuimeili
391765329 dsdsdf
391771872 49866906 391577854 hillsun
391772102 49866906 391765329 dsdsdf
391772237 49866906 391580179 ego_y
391801761 hillsun 391771872 49866906
392237343 seeseesee
392402476 49428533
392403535 VOV-baby 380083703 49866906
392421671 53366780 379132517 49866906
392460631 49866906 392237343 seeseesee
392460675 49866906 392403535 VOV-baby
392460762 49866906 392421671 53366780
392466136 65362527 392421671 53366780
392466374 65362527
396784024 seeseesee 392460762 49866906
397089780 xmuafrog
397097626 36853493 379138830 49866906
397129322 22553085
397133387 56998187
397133748 55807765
397133947 xiaohuangwen
397134572 gwy1012
397135130 45119625
397956961 49866906 397135130 45119625
397957050 49866906 397133387 56998187
409050760 erpang1225
409052091 54291569
415131748 49866906 409050760 erpang1225
415132147 49866906 409052091 54291569
415134956 Sengoku
415300454 erpang1225 415131748 49866906
