382961235 jialinxianren
382963793 26697894
382964898 Hifana
382965086 dengzhuping 382961235 jialinxianren
382965363 60283860
382965385 43044533
382965656 monkeyman
382965993 xiaopixiaogui 382964898 Hifana
382967151 58408749
382971666 64149952
382972211 52023055
382972566 40181589 382972211 52023055
382973073 43917205
382973392 52023055 382972566 40181589
382973634 40181589 382973392 52023055
382993938 26628550
382994281 two2roubao
383001464 jialinxianren 382965086 dengzhuping
383013324 56005429
383014172 57713939
383014470 42370087
383014956 minijunki 383014172 57713939
383015131 minijunki
383021282 dengzhuping
383039516 64198194 382963793 26697894
383039610 64198194 382964898 Hifana
383039733 64198194 382965363 60283860
383039829 64198194 382965385 43044533
383039940 64198194 382965656 monkeyman
383039986 64198194 382967151 58408749
383040129 64198194 382971666 64149952
383040237 64198194 382972211 52023055
383040363 64198194 382993938 26628550
383040393 47765847
383040488 64198194 383013324 56005429
383040646 64198194 383040393 47765847
383040867 58831466 382965385 43044533
383041619 miumiu55
383042450 64149952 383040129 64198194
383043808 64198194 383041619 miumiu55
383043868 64198194 383042450 64149952
383045228 bingduxiedaizhe
383045886 56005429 383040488 64198194
383047488 61689351
383047589 64198194 383047488 61689351
383047665 64198194 383045886 56005429
383047775 64198194 383045228 bingduxiedaizhe
383049347 58408749
383049598 47765847 383040646 64198194
383053473 43044533 383039829 64198194
383059140 64198194 383053473 43044533
383059584 64198194 383049347 58408749
383060565 64198194
383061695 60521992
383066431 60283860 383039733 64198194
383068853 63266869
383069440 shanghuanufang7 382964898 Hifana
383070065 dddidadi
383071121 m1ng-
383071621 monkeyman 383039940 64198194
383071688 56813999
383072430 39910638
383072441 tjluan
383073046 52473550
383100124 rbfyqx
383101532 60338838
383107787 34795809
383111315 lostwish
383124486 41486105
383127587 50004278
383127653 atommy
383162504 Hifana 383039610 64198194
383163513 41521989
383178436 49476677
383192051 54052775
383197717 53499534 383100124 rbfyqx
383204334 rbfyqx 383197717 53499534
383208133 zouyazou 383014172 57713939
383241332 52023055 382973634 40181589
383241914 52023055 383040237 64198194
383242119 52023055
383243335 sue0803
383243705 SleepyEyes
383246004 64198194 383162504 Hifana
383246246 64198194 383241914 52023055
383247898 52023055 383246246 64198194
383259200 64198194 383247898 52023055
383259777 52023055 383259200 64198194
383277410 60038537
383277749 forsigh
383279345 karensrye
383280118 53502645
383280338 44598051 382993938 26628550
383281150 tuxuan
383281556 42493830
383284275 40181589 383241332 52023055
383288293 52023055 383284275 40181589
383289337 40209469
383294554 laceylx
383314944 61689351 383047589 64198194
383321839 31958952
383322817 25612347 382972211 52023055
383324571 25612347
383326533 64198194
383326635 64198194 383294554 laceylx
383326699 64198194 383289337 40209469
383326760 64198194 383281556 42493830
383326857 Hifana
383327312 47013608
383327400 zhoulanshan1017
383328501 laceylx 383326635 64198194
383337347 25612347 383326533 64198194
383345729 64198194 383328501 laceylx
383347038 57682067
383361980 49911089
383367240 laceylx 383345729 64198194
383376649 46744244
383402658 40209469 383326699 64198194
383416157 64198194 383402658 40209469
383416214 64198194 383367240 laceylx
383421292 40209469 383416157 64198194
383430770 64198194 383421292 40209469
383432952 40209469 383430770 64198194
383433117 64198194 383432952 40209469
383547667 52023055 383322817 25612347
400499661 64198194
400584465 61234859 383162504 Hifana
400589388 53895236
400589474 53895236
400591833 manmandou
400593557 manmandou 383040363 64198194
400686391 64198194 400593557 manmandou
401547896 55528287
401548038 55528287
401548325 55528287
401589519 50136254
401640029 fengchecheer
402963093 64454830
402967513 64198194 402963093 64454830
402967690 64198194 401640029 fengchecheer
402967772 64198194 401589519 50136254
403026389 fengchecheer 402967690 64198194
403045467 65593204
403065622 64198194 403026389 fengchecheer
403066022 64198194 403045467 65593204
403074672 59604611
403081374 41824325
403081681 41824325
403093892 64454830 402967513 64198194
403097663 64198194 403093892 64454830
403098011 64198194 403074672 59604611
403098279 64198194 403081681 41824325
403101801 yeyiyi
403102680 41824325 403098279 64198194
403103981 50429591
403106537 41776769
403125430 61939288
403183733 41824325 403125430 61939288
403184824 2779212
403225167 fengchecheer 403065622 64198194
403246127 41824325
403266723 50136254 402967772 64198194
403270266 64454830 403097663 64198194
403278937 64198194 403270266 64454830
403291383 64454830 403278937 64198194
403293630 62632319
403320208 61939288 403183733 41824325
403486033 34424940
403488156 58199590
403499287 3715044
403710103 iammissg
403814108 64198194 403486033 34424940
403814322 64198194 403710103 iammissg
403814477 64198194 403291383 64454830
403843013 64454830 403814477 64198194
403852358 50429591 383204334 rbfyqx
403852669 50429591 400589388 53895236
403902683 51916546
403903258 2796590
403971403 46777497 383072430 39910638
404017754 64198194 403843013 64454830
404041544 39910638 403971403 46777497
404453806 64454830 404017754 64198194
404642191 53689687
404642496 1813564
404642656 1813564 404642191 53689687
404718328 53689687 404642656 1813564
405091759 64198194 404453806 64454830
405091983 64198194 404642191 53689687
405092177 64198194 404642496 1813564
405101181 RuiSaSa
405112948 49066273
405113325 53608968
405114070 44763247
405157370 64198194 405101181 RuiSaSa
405157442 64198194 405112948 49066273
405157512 64198194 405113325 53608968
405157570 64198194 405114070 44763247
405164638 ning0118
405166919 62599649
405175918 49066273 405157442 64198194
405403892 JIANGXUE
405404064 39306210
405501929 64198194 405404064 39306210
405501998 64198194 405175918 49066273
405502125 64198194 405166919 62599649
405643560 53895236 403852669 50429591
406155033 1813564 405092177 64198194
406205175 38082892
406211546 pbchen
406229011 64198194 406211546 pbchen
406254672 4252859
406254680 pbchen 406229011 64198194
406295152 62263313
406296805 65336688
406297249 47816535
406297976 DOOMSDAY1989
406297983 DOOMSDAY1989
406300254 61328274
407154699 yuyear
407881198 64198194 406254680 pbchen
407881326 64198194 406295152 62263313
407881613 64198194 406296805 65336688
407881778 64198194 406300254 61328274
407881878 64198194 407154699 yuyear
407894447 2696207 383072430 39910638
407895827 Explosion 407881778 64198194
407914910 44433361
407916272 44433361
407958557 61328274 407881778 64198194
407958922 61328274 407958557 61328274
407973635 39910638 407894447 2696207
407994033 64198194 407958557 61328274
408007560 61142642
408016206 jamie_xu
408042097 61328274 407994033 64198194
408042102 61328274 407994033 64198194
408056384 64198194 408007560 61142642
408056447 64198194 408042097 61328274
408058557 32336875
408063284 48180071
408067510 63437029
408149295 53940613
408186982 61328274 408056447 64198194
408187581 62920985
408190428 freshsunflower
408199043 58049473
408200182 youfengtang
408252115 58703063
408284065 49066273
408454607 dommer
409020846 44433361 408199043 58049473
409022084 44433361
409024889 lilian_bb
409035653 64198194 408058557 32336875
409035798 64198194 408186982 61328274
409035908 64198194 408063284 48180071
409035971 64198194 408067510 63437029
409036063 64198194 408149295 53940613
409036139 64198194 408187581 62920985
409036279 64198194
409036404 64198194 408199043 58049473
409036498 64198194 408200182 youfengtang
409036574 64198194 408284065 49066273
409036622 64198194 408454607 dommer
409036810 64198194 409022084 44433361
409036885 64198194 409024889 lilian_bb
409043778 44433361 409035653 64198194
409044984 echo_magic
409046217 61328274 408284065 49066273
409048452 61328274 409046217 61328274
409050311 mito1
409053624 58049473 409036404 64198194
409053835 58049473 409020846 44433361
409056261 64198194 409053624 58049473
409057293 1908387
409060867 62920985 409036139 64198194
409069328 47651473 401589519 50136254
409140609 50136254 409069328 47651473
409312324 49066273 409036574 64198194
409446163 freshsunflower 409036279 64198194
409470166 54470430
409536848 yuyear
409782574 47651473 409140609 50136254
409783165 62558133
409785616 btbr403
409789676 63613886
410086822 64198194 409312324 49066273
410289188 dommer 409036622 64198194
410339610 59295462
412071634 40918522
412073634 54063067
412075921 65057241
