383995514 bedas
383995862 56914842
383996932 1752797
383997080 48270203
384015940 61726276
384016246 51186887
384023048 44149116
384031027 61648733
384053234 54053207
384057483 59056785
384057727 wuhai
384058584 40890701
384058808 jiafeilife
384059351 4265154
384059489 2280255
384060263 61283927
384061110 ccbai
384061223 40890701
384061351 44054848
384061692 ccbai
384062348 40890701 384061692 ccbai
384063317 DEAD13
384064635 ccbai 384062348 40890701
384069242 Aglaonema
384070440 43677701
384083574 35854715
387076834 tsutsuku
387262435 JudyJudyJudy
387292510 46449830
387357168 shirleyxuqian
388349470 livewithU
388349648 livewithU
388371527 jinwater196 384062348 40890701
388372449 40890701 388371527 jinwater196
388372908 jinwater196 388372449 40890701
388373091 57713939
388373517 40890701 388372908 jinwater196
388373673 younger4ever
388374317 jinwater196 388373517 40890701
388375723 47862747
388376854 SamanGUY
388401632 shirleyxuqian 388373091 57713939
388402065 shirleyxuqian
388403597 57713939 388401632 shirleyxuqian
388405345 shirleyxuqian 388403597 57713939
388408693 48955254
388425585 maomao0703
388426257 57713939 388405345 shirleyxuqian
388426510 maomao0703 388408693 48955254
388860817 shirleyxuqian 388426257 57713939
388867429 2410532
388868576 dainty
388884382 Seven.F
388884411 overwork 384083574 35854715
388940996 51633445
388943783 2643308
388996470 2748445
389019258 overwork 388996470 2748445
389195401 2748445 389019258 overwork
389198106 62428166
389306493 49557566 389198106 62428166
389313963 62428166 389306493 49557566
389314694 57713939 388860817 shirleyxuqian
389317485 2907610
389317648 49329383 389314694 57713939
389317658 2907610 388996470 2748445
389318060 49329383
389321032 57713939 389317648 49329383
389370515 2748445 389317658 2907610
389371213 iloveicecream
389371871 52481628
389520484 shirleyxuqian 389314694 57713939
389521137 shirleyxuqian 389371213 iloveicecream
389565818 55810983 389521137 shirleyxuqian
389604852 iloveicecream 389521137 shirleyxuqian
389736408 52717224 384057483 59056785
389739993 1813564
389952144 shirleyxuqian 389565818 55810983
389952841 52758861
389955243 sammy_sxm
389957873 55810983 389952144 shirleyxuqian
389958303 57303520
389958822 Mary-ed
389979103 woyaochirou
389979406 cherrybomb.
389985740 53681761
389986069 53681761 389958822 Mary-ed
390001816 Mary-ed 389986069 53681761
390005506 4464451
390059769 sammy_sxm 389979103 woyaochirou
390060120 17390770
390062244 relax
390063390 48578279
390063531 Fly.up.lin
390088720 52934729 384058584 40890701
390106260 3892204
390111749 robin-fei
390113932 flyflycow
390114088 49329383
390114155 49329383
390364899 shirleyxuqian 389957873 55810983
390524502 2907610 390364899 shirleyxuqian
390552578 57097779
390566988 3549730
390679875 shirleyxuqian 390524502 2907610
390712525 shirley0228
390816805 2907610 390679875 shirleyxuqian
390822679 van1987
390825026 missfate
391303959 shirleyxuqian 390816805 2907610
391304036 shirleyxuqian 390825026 missfate
391444977 2907610 390822679 van1987
391447075 59708728
391449147 zhyue
391529975 van1987 391444977 2907610
391530868 46293052
391531345 35317828 388349648 livewithU
392174763 missfate 391304036 shirleyxuqian
392309759 64375890
392312458 64375890
392587473 huaiyuan 390712525 shirley0228
392784624 shirley0228 392587473 huaiyuan
392813669 huaiyuan 392784624 shirley0228
393901023 51722552
393901608 51722552
393903116 3287248 388996470 2748445
393962305 61329354
393975617 piabalr 393903116 3287248
393975816 juju2will
393975928 piabalr 388867429 2410532
393978193 53281495 388996470 2748445
393978880 53281495 393903116 3287248
394044254 3287248 393978880 53281495
394044401 3287248 393975617 piabalr
394047046 bushuoguanyu
394048305 bushuoguanyu
394049982 lovels1314
394058118 2744127
394065606 54501889
394066281 51056438 394065606 54501889
394161527 54501889 394066281 51056438
394226635 51056438 394161527 54501889
394287927 2748445 394044254 3287248
394298618 3287248 394287927 2748445
394306296 duobiyeye
394310362 Crayon_J
394609706 55509056
394611186 43717474
394634721 54001235 392784624 shirley0228
394634877 akana
394635512 46238497
394635620 DearL
394638322 whoselee
394638378 liruixueoo
394789289 2410532 393975928 piabalr
394790279 piabalr 394789289 2410532
394816982 shaoxueying
394825530 rabbitmm
394827238 54953537
394832460 48152760
395005994 3245017
395274050 2907610 395005994 3245017
396351888 emilykiyoyo
396374068 63630237
396374247 57804928 383995514 bedas
396377612 1688780
396416687 yyrnkyklhkxy
396425040 masquer77 389317485 2907610
396735509 bedas 396374247 57804928
396745264 yz326
396780853 57804928 396735509 bedas
396797678 bedas 396780853 57804928
396799483 59173423
396906439 54953537
396918085 59173423 396906439 54953537
396978867 19483572
397166461 2907610 396978867 19483572
397211781 54953537 396918085 59173423
397220444 41828372
397228805 zljym
397229784 H.K.
397231743 53691690
398140510 50798252
401631762 56914842 390712525 shirley0228
401632767 4043302
401634766 62037331
401634812 vanessaa 388867429 2410532
401691615 2633258 390712525 shirley0228
401753551 shirley0228
401755232 shirley0228 401631762 56914842
401882638 64559292
402636482 66190083
403129506 yuanbaby9
403142901 zoeloveherself
403172379 yuanbaby9
403174691 emma717
403185835 cww7
416545572 48152760 393903116 3287248
416546689 2510124
416547592 52797073 388371527 jinwater196
416564147 54470430
416584028 jinwater196 416547592 52797073
416785645 3287248 416545572 48152760
416830919 cww7 416546689 2510124
416832081 48386665 388426257 57713939
416837275 hellowdou
416845602 56213050 401755232 shirley0228
418799895 36684415 389739993 1813564
419027499 35456954
419178465 54174266
419253306 4252859 388867429 2410532
419255296 lvseyaowan
419301448 51778838
419305713 newkimiboom
419306799 61261988
419359202 shirley0228 416845602 56213050
