384195134 fanmengya
384195762 tiffanyYUYI
384195986 maialovev
384196043 geleba
384196121 pengcheng88
384196535 H-huan
384197353 crystalat
384197591 zljym
384197730 linqizhen
384199318 aileen57
384202828 sveenland
384203049 2462529 384196121 pengcheng88
384203912 51201568
384204146 parischen
384204381 newspeaks
384204788 52827854
384205058 jspzliuyue
384205613 xionngmeng
384205645 2549988
384205973 catncatn
384207479 only_gyx
384208231 smartshirley
384208305 kid99
384208920 shoegazerbaby
384210839 1388485
384211150 monkeyman
384213628 Milk123
384213956 SpussyY
384214082 no_future
384214931 ParanoidKid
384481677 princessj1217
384481943 Milk123 384214931 ParanoidKid
384486285 4246702
384491333 35738855
384498391 31958952
384498877 2543166
384499083 byebyepo
384499130 2201090
384502646 53073700
384502796 61399323
384502994 shwa518
384503028 akame0510
384503192 YChen7
384503486 shwa518
384504228 56190120
384505060 zhengzexiong
384506163 hayleyhuang
384506462 lostcheung
384507159 zzmanbaby
384507175 joysland 384506462 lostcheung
384507629 57450256
384507762 honeybee0214
384507903 44685693 384506462 lostcheung
384508648 shero-
384509632 27462924
384510366 nemofishhome
384510900 63659909
384511839 sbapple
384512647 56190120
384512649 4821466
384514016 dream99
384514246 soalongtimeZ
384549234 iisyu
384552897 54449973 384196121 pengcheng88
384554494 47913954 384210839 1388485
384555196 50144618
384564573 pengcheng88 384552897 54449973
384567701 61874703
384568379 17390770
384568637 56063437
384572232 54449973 384564573 pengcheng88
384715914 58084401
384716230 zoule
384745180 12891832
384747093 pisces3015
384747772 61817631
384748283 mumummc
384748373 48670074
385658094 Milk123 384507175 joysland
385658660 50286555
385659466 laimiu 385658660 50286555
385660122 18174444
385660214 donpei.lau
385660698 53324877 384507903 44685693
385662448 fengcp 384715914 58084401
385664094 maomao0703
385664292 61284550
385665075 sophiabsb
385665298 weizi2007
385665520 echram
385666287 XC911
385669643 asui_cx
385675432 45714727
385676583 suzhiliu
385676861 1225791
385677628 no_future
385680405 apple_sun
385682249 meisheng
385682834 circleyyy
385684421 58003617
388328495 adia_mm
388328962 35510577
388517959 Milk123
388518234 nasikaivy 384502646 53073700
388546510 51366731
388563633 53073700 388518234 nasikaivy
388565230 t1ana1
388565572 littleer
388569160 always3minutes
388583499 52372854
388589466 lsc920
388594586 4270578
388595271 migaor 384506462 lostcheung
388627002 2907610
388649631 56779222 384207479 only_gyx
388650115 56779222 384507629 57450256
388651447 56779222
388653021 56779222
388653832 56779222
388654236 Ayuan_TVXQ
388657050 Azraeleo
388658577 52899456
388659377 Protocol 384213628 Milk123
388688997 only_gyx 388649631 56779222
388710376 2708291 388546510 51366731
388724905 56779222 388688997 only_gyx
388731424 44149116
388751196 51366731 388710376 2708291
388767539 hezhiqian
388772240 only_gyx 388724905 56779222
388790174 56779222 388772240 only_gyx
388792223 twiggyling
388799143 Milk123 388659377 Protocol
388802558 46754639
388804677 Protocol 388799143 Milk123
388804982 Protocol 388799143 Milk123
388807965 48461900 388653021 56779222
388808129 41801403
388808357 48461900 388627002 2907610
388808801 xianwawa 384208920 shoegazerbaby
388809182 xianwawa 384210839 1388485
388811296 50640296 388809182 xianwawa
388813145 xianwawa 388811296 50640296
388813315 Milk123
388813789 59915690 384199318 aileen57
388814921 Milk123
388815413 52288381
388815979 56779222 388807965 48461900
388817158 49168868
388818182 ichongchong
388819303 aileen57 388813789 59915690
388819865 43601253
388821623 59915690 388819303 aileen57
388822825 x_binbin
388823028 44349989 384195762 tiffanyYUYI
388823543 Protocol 388813315 Milk123
388823892 Protocol 388814921 Milk123
388826230 Milk123
388826725 52288381 388710376 2708291
388827582 tiffanyYUYI 388823028 44349989
388829646 56993753
388832888 tiffanyYUYI
388847054 Protocol 388826230 Milk123
388848000 Protocol 388826230 Milk123
388849778 Milk123 388848000 Protocol
388852346 Protocol 388849778 Milk123
388855452 Milk123
388869252 53587163 384214931 ParanoidKid
388890646 48461900 388815979 56779222
388892457 54914759
388895423 orange511 384502994 shwa518
388896514 5867827 384507629 57450256
388910519 38722939
388929799 52718881
388930095 53153765
388930146 53153765
388930400 36950966 384499130 2201090
388930747 53153765
388937460 juno1990
388937675 shwa518
388938492 4374538
388939944 59235897
388986976 myjeajoon
388997022 jessica210 384208231 smartshirley
388997949 jessica210 388651447 56779222
389029204 51756932
389071631 56779222 388997949 jessica210
413584719 aileen57 385684421 58003617
413588120 aileen57 388821623 59915690
413595990 63049988
413601733 61038001
413602341 51486959
413603490 51191185
413685725 42056130
385684729 jiafeilife
385685259 50588877
385685292 mocunterry
385687491 dingxinxinxin 384716230 zoule
385687636 dingxinxinxin 384748283 mumummc
385687900 34691870 384207479 only_gyx
385689106 dingxinxinxin 385687900 34691870
385690206 domoxx
385690419 34691870 385689106 dingxinxinxin
385690662 34691870
385690735 Finnnow
385690937 57183221 384210839 1388485
385692162 thx4visiting
385692226 3107478
385692421 caise 384197591 zljym
385693666 ednalala
385693746 atommy
385694315 zljym 385692421 caise
385694655 caise 385694315 zljym
385695268 61648733 384197730 linqizhen
385696053 48731776 384514246 soalongtimeZ
385697823 41554305
385700783 chentushi
385708662 sue1031
385708763 64144676
385708857 64144676 385697823 41554305
385709603 59769605
385709642 3107478 385708662 sue1031
385709771 2907610
385711007 taoyao6929 385660214 donpei.lau
385711048 tsubaki666 385689106 dingxinxinxin
385714781 61229785
385717066 dingxinxinxin 385711048 tsubaki666
385738105 56239684 385687900 34691870
385742286 zljym 385694655 caise
385747399 caise 385742286 zljym
385751261 50286555 385659466 laimiu
385779963 46337000
385786672 60160445
385803495 2029011
385804301 creeppin 384199318 aileen57
385805882 4283590
385805996 outetsu
385806363 huangiqngyu
385807987 1946137 384502646 53073700
385822755 58699731 385689106 dingxinxinxin
385829831 twiggyling 384197730 linqizhen
385832493 58758166
385855965 mumummc 385687636 dingxinxinxin
385859933 63696143 384195762 tiffanyYUYI
385860429 63696143 385687900 34691870
385860843 dingxinxinxin 385855965 mumummc
385863480 35254033
385864588 51769640
385866795 4130275
385868403 64755428
385868550 only_gyx 385687900 34691870
385892804 34691870 385868550 only_gyx
385893844 34691870 385860429 63696143
385894775 59621739 384208231 smartshirley
385894868 34691870 385708662 sue1031
385895202 59621739 384486285 4246702
385896279 54512392
385898164 SCREAMQUEEN
385902243 50408775
385903250 57886274
385906435 49187463
385907484 37957904
385922132 donpei.lau 385711007 taoyao6929
386873978 54456133 384210839 1388485
386875572 54926235
386902607 50145243
386904209 58304383 385892804 34691870
386904269 38298927
386912642 sweetcandy
386931104 34691870 386904209 58304383
386936051 2708291
386985439 2201636
386986490 50640296 384506462 lostcheung
386988094 2875664
386995616 2928165 384203049 2462529
387083243 cccvv 384514246 soalongtimeZ
387083781 cccvv 385898164 SCREAMQUEEN
387084258 16487568
387171908 54430005 384514246 soalongtimeZ
387222784 ranhengyi 384195762 tiffanyYUYI
387222789 ranhengyi 384195762 tiffanyYUYI
387225043 soalongtimeZ 387171908 54430005
387226473 soda212
387229984 Crayon_J 384208231 smartshirley
387483074 43917205
387708764 lovenca
387975037 50600663
387978001 dakuisang 385684421 58003617
387981182 58168183
387982077 dasherry 385676861 1225791
387982714 dameiG
387991879 3475967
388292452 1225791 387982077 dasherry
388327718 48461900 385709771 2907610
