384287589 46694606
384287657 47739471 384287589 46694606
384287735 47739471 384287589 46694606
384287765 hss923
384288011 SleepyEyes
384288127 46694606 384287735 47739471
384288261 Wandouf0l
384288337 33326513
384288979 acesky
384290340 47739471 384287765 hss923
384290662 47739471 384288127 46694606
384290804 47739471 384288011 SleepyEyes
384290926 47739471 384288261 Wandouf0l
384291017 58246773
384291162 47739471 384288261 Wandouf0l
384291178 lacus_won
384291201 hooibe
384291337 SleepyEyes 384291017 58246773
384291400 47739471 384288337 33326513
384291522 davidoff-xinxin
384291591 51123304
384291707 47739471 384291017 58246773
384291859 lovenca
384292013 47739471 384291522 davidoff-xinxin
384292224 47739471 384291859 lovenca
384292225 58246773 384291337 SleepyEyes
384292295 oopsbabe
384292598 58003617
384292695 tansyj
384292712 47739471 384291591 51123304
384292876 catbins
384292984 47739471 384288979 acesky
384293235 ruruka
384293239 47739471 384291201 hooibe
384293366 58246773
384293462 47739471 384293235 ruruka
384293715 47739471 384293366 58246773
384293780 ruruka
384293827 47739471
384293886 47739471 384293780 ruruka
384294096 ruruka 384293886 47739471
384294167 47739471 384292695 tansyj
384294368 47739471 384294096 ruruka
384294568 47739471 384292295 oopsbabe
384294947 46694606
384296558 shadow_sunny
384299780 58246773
384301165 53217927
384307211 oopsbabe 384294568 47739471
384310462 47739471 384307211 oopsbabe
384343805 ZY0517
384425141 47733314
384426446 tou0306
384432725 47739471
384433014 47739471
384433103 47739471 384343805 ZY0517
384434756 24193297
384435090 50453146
384437359 53482351
384438835 49384460
384439008 4495581
384441631 youlideqinglizi 384292295 oopsbabe
384444698 40405602
384446058 4389410
384446140 julian_zhao
384447271 seeyou--
384447877 CJL122
384448066 51573335
384449258 qxx15
384449871 1099616
384450535 1404333
384451000 1138846
384452009 4491692
384452930 1404333 384451000 1138846
384453153 55580749 384441631 youlideqinglizi
384453616 41620486
384454100 hanleilei
384454342 46011743
384454606 angel.er
384455087 mao.mao.
384455510 49066765
384455968 mysweety
384456337 m_4cu
384456430 47739471 384448066 51573335
384456505 47739471
384456669 47739471 384434756 24193297
384456859 47739471 384454342 46011743
384457042 47739471 384454100 hanleilei
384457131 47739471 384454606 angel.er
384457483 1138846
384458185 shuangrenyu
384461749 1911312
384474190 1404333
384476435 hanleilei 384457042 47739471
384476639 hanleilei 384457042 47739471
384477323 kuailedexiaoerb
384479180 kuailedexiaoerb
384489782 oopsbabe 384441631 youlideqinglizi
384495914 46011743
384505637 mysweety 384461749 1911312
384505905 57940081
384506246 1330480
384506370 liruixueoo
384506414 52121118
384507013 path1 384287589 46694606
384507126 55351216
384508015 carmenfan 384291017 58246773
384511735 youlideqinglizi 384477323 kuailedexiaoerb
384511970 4623717
384576130 47733314
384578363 1435913
384606995 51573335 384435090 50453146
384607445 54620405
384607584 51573335 384456430 47739471
384608611 Qihxc114 384288261 Wandouf0l
384609575 62658944
384610870 VonXL 384609575 62658944
384611096 VonXL 384607445 54620405
384611654 54620405
384613407 lady_killer 384291017 58246773
384613938 lady_killer 384511735 youlideqinglizi
384614664 lady_killer
384614824 lady_killer 384288261 Wandouf0l
384615059 58953536 384291017 58246773
411107806 61860494 384293366 58246773
384619164 Mellin
384620999 57253872
384621200 iisyu
384623213 47733314
384623434 61584068
411388658 47739471 411107806 61860494
384624083 47733314
384624380 64805234
411729433 61860494 411388658 47739471
411730624 59627608
384624705 47733314
411732616 66954920
384624974 47733314
384626884 46039010
384629341 panxsoda
384687771 youlideqinglizi
384692134 22033917
384692140 49107029
384692465 lady_killer 384687771 youlideqinglizi
384728977 3417957 384291522 davidoff-xinxin
384732009 leanham
384732690 queenj1107
384733102 58753544
384733220 58753544
384734630 tazi
384735145 6041204
384735293 wiwi.
384736345 zhaikai
384762008 youlideqinglizi 384732690 queenj1107
384762495 youlideqinglizi 384733220 58753544
384893056 50196060
384893715 51026423 384287589 46694606
384915720 63554245
385135060 47739471 384607584 51573335
385135510 47739471 384735293 wiwi.
385135600 47739471 384915720 63554245
385135911 47739471 384893056 50196060
385136211 47739471 384437359 53482351
385136715 47739471 384607445 54620405
385137071 47739471 384732690 queenj1107
385137379 47739471 384733102 58753544
385263464 51573335
385267383 xixiaokou
385310782 shuangrenyu
385314307 35694255
385690002 47739471 384506246 1330480
385690155 47739471 385310782 shuangrenyu
385690193 47739471 385263464 51573335
385690236 47739471 385267383 xixiaokou
385698448 shuangrenyu
385698926 47739471
385702859 47689006
386400572 47739471 384626884 46039010
386463657 46039010
386673154 sleepygod
386675063 cai1983yu 384433103 47739471
386675406 cai1983yu 384732690 queenj1107
386675820 cai1983yu
386677086 hellohellocc
386679155 turandot1224
386684385 4137821
386839369 47739471 386677086 hellohellocc
386839428 47739471 386684385 4137821
388714491 56779222 384439008 4495581
388717008 56779222 386677086 hellohellocc
388717847 Anti-psycho
388950979 43723763
388956094 sinky1020 386677086 hellohellocc
410917419 46601626 384452009 4491692
410918341 46601626
410919763 57965533
410928550 jingxiaobing
410931776 1876211
410935299 31816017 384291337 SleepyEyes
410935360 ilovetakasugi
410936187 31816017 410917419 46601626
410936230 3057946
410985947 47739471 410928550 jingxiaobing
411089680 43730670
411093593 lqw930628
