384266071 49909055
384266437 52749900
384266774 liccccccccc
384267003 nenokkiar 384266071 49909055
384267037 nenokkiar 384266437 52749900
384267149 laviniaxoxo
384267300 nenokkiar 384266774 liccccccccc
384267342 2575352
384267758 nenokkiar 384267342 2575352
384268199 nenokkiar
384268248 2575352 384267758 nenokkiar
384268549 49767506
384268558 nenokkiar
384268570 52210453
384268718 nenokkiar 384268549 49767506
384268731 yaoyaotvxq
384268821 2575352 384268558 nenokkiar
384268877 nenokkiar 384268570 52210453
384268922 nenokkiar 384268821 2575352
384269124 hndth1129
384269146 nenokkiar 384268731 yaoyaotvxq
384269201 nenokkiar 384269124 hndth1129
384269379 52210453
384269391 nenokkiar 384268821 2575352
384269460 49767506 384268718 nenokkiar
384269529 nenokkiar 384269379 52210453
384269657 nenokkiar 384269460 49767506
384269693 55554169
384269836 52210453
384269868 11376883
384269969 cecilialovelife
384270056 nenokkiar 384269693 55554169
384270158 nenokkiar 384269836 52210453
384270243 nenokkiar 384269969 cecilialovelife
384270541 49767506 384269657 nenokkiar
384270832 4896493
384270886 55554169 384270056 nenokkiar
384270903 nenokkiar 384269969 cecilialovelife
384271048 nenokkiar 384270886 55554169
384271467 49767506
384271628 nenokkiar 384271467 49767506
384271657 1579484
384271713 40132414
384271902 55554169 384271048 nenokkiar
384271930 nenokkiar 384271713 40132414
384272173 49767506 384271628 nenokkiar
384272218 nenokkiar 384271902 55554169
384272325 55684815 384269529 nenokkiar
384272577 nenokkiar 384272173 49767506
384272760 nenokkiar 384272325 55684815
384272871 56996764
384272957 49767506 384272577 nenokkiar
384273042 nenokkiar 384272871 56996764
384273093 turnthedreamon
384273108 55554169 384272218 nenokkiar
384273230 nenokkiar 384272957 49767506
384273331 nenokkiar 384273108 55554169
384273370 nenokkiar 384273093 turnthedreamon
384274079 47630662
384274464 nenokkiar 384274079 47630662
384274659 49767506 384273230 nenokkiar
384274734 55554169 384273331 nenokkiar
384274812 57525198 384268558 nenokkiar
384274969 nenokkiar 384274659 49767506
384275038 nenokkiar 384274734 55554169
384275144 nenokkiar 384274812 57525198
384275320 51086239
384275375 58349002
384275452 55684815 384272760 nenokkiar
384275494 49767506 384274969 nenokkiar
384275980 nenokkiar 384275375 58349002
384276058 4889451
384276511 53289367
384276512 42582349
384276601 52749900 384267037 nenokkiar
384276701 47630662 384274464 nenokkiar
384277074 56638355
384277744 3938092
384278944 joyjoy123
384279651 56996764 384273042 nenokkiar
384279727 56996764
384283071 turnthedreamon 384273370 nenokkiar
384284980 42917891
384285526 prhmeng2
384288725 fxuk
384290323 54172527
384308268 eve_lyons
384309154 eve_lyons 384274079 47630662
384377976 nenokkiar 384276511 53289367
384378379 nenokkiar 384308268 eve_lyons
384379032 44327553
384379260 nenokkiar 384285526 prhmeng2
384379895 dengyanyu
384383441 yellowice
384383833 nenokkiar 384383441 yellowice
384385479 yellowice 384383833 nenokkiar
384386159 nenokkiar 384385479 yellowice
384386227 62123593
384386741 nenokkiar 384386227 62123593
384387706 yellowice 384386159 nenokkiar
384388304 qyschloe
384388420 qyschloe
384388496 nenokkiar 384387706 yellowice
384390340 yellowice 384388496 nenokkiar
384390613 shuirudan
384393877 helloblackrabbi 384390613 shuirudan
384395914 nenokkiar 384390340 yellowice
384397116 yellowice 384395914 nenokkiar
384400566 49919817
384400996 hahahaw
384401415 40418184
384405131 nenokkiar 384401415 40418184
384407677 fetisher
384419293 nenokkiar 384407677 fetisher
384421807 3938092
384422969 53704029
384424089 48270203 384267300 nenokkiar
384425502 48270203 384269657 nenokkiar
384427125 48270203 384284980 42917891
384427674 48270203 384421807 3938092
384428410 48270203
384428465 xiaoxinmaidou
384429022 xiaoxinmaidou 384267003 nenokkiar
384432310 nenokkiar 384424089 48270203
384432454 howcafe 384425502 48270203
384432458 nenokkiar 384428465 xiaoxinmaidou
384432817 howcafe 384421807 3938092
384432900 43733206
384432943 xiaoxinmaidou 384432458 nenokkiar
384433040 howcafe 384401415 40418184
384436193 nenokkiar 384421807 3938092
384436338 58376309 384386159 nenokkiar
384436728 3938092 384436193 nenokkiar
384436934 nenokkiar 384436338 58376309
384437120 3938092 384432817 howcafe
384437469 kiddingkidding
384437604 nenokkiar 384436728 3938092
384438338 nenokkiar
384438895 cecilialovelife 384270903 nenokkiar
384439410 55800566
384440373 48270203 384432310 nenokkiar
384440984 48270203 384432454 howcafe
384441778 58653472 384267300 nenokkiar
384442441 howcafe 384440984 48270203
384442583 58653472 384269836 52210453
384442725 58376309 384436934 nenokkiar
384443302 58653472 384284980 42917891
384443417 48270203 384442441 howcafe
384443757 nenokkiar 384441778 58653472
384443928 nenokkiar 384442725 58376309
384444506 nenokkiar 384438895 cecilialovelife
384445034 58653472 384443757 nenokkiar
384446000 nenokkiar 384439410 55800566
384446274 nenokkiar 384445034 58653472
384446992 58653472 384446274 nenokkiar
384447613 nenokkiar 384446992 58653472
384448056 3938092 384437604 nenokkiar
384449411 55800566
384464237 34090878
384465286 61980868
384465949 cuixue
384470366 ericsputnik 384447613 nenokkiar
384470691 ya-hoo
384470806 jiujiu12
384471721 49066765
384509788 baibaiyuyu
384510470 chaorennimeimei
384517063 nenokkiar 384470806 jiujiu12
384517142 nenokkiar 384471721 49066765
384517216 nenokkiar 384509788 baibaiyuyu
384517625 nenokkiar 384470366 ericsputnik
384518759 ericsputnik 384517625 nenokkiar
384519764 yellowice
384521918 guai8guai8
384522106 wiwi.
384526950 lady_killer
384527213 lady_killer 384471721 49066765
384527852 mengyoumomo
384528184 nenokkiar 384526950 lady_killer
384528353 ericsputnik
384528378 nenokkiar 384518759 ericsputnik
384528569 nenokkiar 384527213 lady_killer
384530513 lady_killer 384528184 nenokkiar
384532761 nenokkiar 384530513 lady_killer
384533373 lady_killer 384532761 nenokkiar
384534108 nenokkiar
384535261 summusic
384536014 nenokkiar 384535261 summusic
384536841 tt03007510
384541371 sololv
384542687 autumn1991
384547483 49066765
384548135 44296729
384556653 nenokkiar 384536841 tt03007510
384556845 nenokkiar 384541371 sololv
384594040 62479836
384661281 48270203 384532761 nenokkiar
384683099 58653472 384661281 48270203
384683920 58653472
384686998 58653472
384949914 chinayu
384949929 nenokkiar
384950340 58653472 384949914 chinayu
384950411 chinayu 384949929 nenokkiar
384950574 chinayu 384950340 58653472
384951512 55990959
384953120 58653472 384950574 chinayu
384956565 sophiabsb
384962057 44693357
384975162 chinayu 384953120 58653472
384996242 48270203 384950340 58653472
385011819 2870309
385016017 qiudameng
385016264 nenokkiar 385016017 qiudameng
385017241 nenokkiar
385017472 c20491111
385018445 nenokkiar
385019873 34659679
385052122 ambermemory
385052418 56903565 385018445 nenokkiar
385069278 qiudameng
385084165 43972630
385208768 nenokkiar 385069278 qiudameng
385210180 nenokkiar 385069278 qiudameng
385217104 4463761
385272481 nenokkiar 385217104 4463761
385276572 yx77933 384519764 yellowice
385285012 qiudameng 385210180 nenokkiar
385285571 nenokkiar 385285012 qiudameng
385287613 qiudameng 385285571 nenokkiar
385289264 ning0118
385289721 nenokkiar 385287613 qiudameng
385291341 qiudameng 385289721 nenokkiar
385291737 nenokkiar 385291341 qiudameng
385294857 qiudameng 385291737 nenokkiar
385337503 45573967
385348251 Pmr
385349835 SophVeU
385350271 3940424
385351010 54864758
385351188 58653472 385337503 45573967
385386757 1539778
385553325 4463761 385272481 nenokkiar
385571910 fetisher
385572419 one123
385576380 nenokkiar 385351010 54864758
385577803 huangsan
385577871 35464633
385601084 54864758 385576380 nenokkiar
385614923 nenokkiar
385616639 hyy714
385622513 54864758 385614923 nenokkiar
385626157 64603158
385626841 46565759
385899809 nenokkiar
385918512 nenokkiar 385577803 huangsan
385924327 37957904
385940221 nenokkiar 385924327 37957904
385975007 babyzeng
386171374 48148220
386172738 58653472 386171374 48148220
386174032 48148220 386172738 58653472
386176567 48148220 386172738 58653472
386178589 wenxisuu
386734851 nenokkiar
397885911 54267337
398725443 ransoma
398730040 hibernator
398731318 64684012
398733212 hibernator
404378428 53299633
404391597 48739144
404459984 34596414
404460256 34596414
404470974 38173059
404542413 45375152
404583784 50258787
404584165 crazybunny666
404588643 32446893
404592551 51837513 404588643 32446893
404594390 jiulele
404596059 64660771
404600565 58685435
404616392 60920388
404620424 50680625
404742743 nenokkiar
404747031 Qln9_.
404772790 37548478
404803664 9755327
404808769 56083576
404811763 nenokkiar 404808769 56083576
404814362 54987984
404886855 56083576
404887476 65165890
405114000 nenokkiar 404887476 65165890
405115490 65165890 405114000 nenokkiar
405116440 65165890 405114000 nenokkiar
405118748 nenokkiar 405116440 65165890
405120140 65165890 405118748 nenokkiar
405121932 gujiani
405122744 nenokkiar 405121932 gujiani
405123566 nenokkiar 405121932 gujiani
405125561 48604810 384268558 nenokkiar
405126541 gujiani 405123566 nenokkiar
405130722 nenokkiar 405126541 gujiani
405134429 gujiani 405130722 nenokkiar
405135026 yuhsi
405135857 nenokkiar 405134429 gujiani
405136633 gujiani 405135857 nenokkiar
405141550 58653472
405153063 clorismile
405154209 lsyysl
405159013 58653472 405135026 yuhsi
405167608 54191112
405169814 buliaogai
405174943 nenokkiar 405169814 buliaogai
405175251 6384853
405176807 LuckyStrikeF
405177290 buliaogai
405178563 nenokkiar 405177290 buliaogai
405179950 buliaogai 405178563 nenokkiar
405181602 yuhsi 405159013 58653472
405182100 3045209
405182356 3045209
405186295 58653472 405167608 54191112
405186553 58653472 405181602 yuhsi
405204938 haeyukitachi
405240133 61678546
405241118 47623216
405241446 beibei5495
405284277 nenokkiar
405348106 demoniac
405371954 44350031
405374340 kandysweety
405519068 56886614 385217104 4463761
405524139 nenokkiar
405524624 nenokkiar
405564694 4463761 405519068 56886614
409215272 52790481 384269529 nenokkiar
409246301 62190827 384387706 yellowice
409248756 lance09 384269124 hndth1129
409259100 45091007
409260166 59651778
409299679 yellowice 409246301 62190827
409573939 53914612
409575191 62685853
409578598 ynk
409705596 wenxisuu
409959732 13728090
409983617 doctorecho 384284980 42917891
409984337 doctorecho 384432310 nenokkiar
409984778 doctorecho 384442583 58653472
409986038 56548750
409986108 mmming
410116540 doctorecho 385351188 58653472
410118950 doctorecho
411279489 58653472
411279949 58653472 410116540 doctorecho
411289429 nenokkiar 411279489 58653472
411293891 58653472 411289429 nenokkiar
411296335 2630395
411303406 nenokkiar 411293891 58653472
411304417 58653472 411303406 nenokkiar
411304871 chiba12
411306984 nenokkiar 411304871 chiba12
411307524 nenokkiar 411304417 58653472
411307757 14295425
411308213 54291569
411308663 58653472 411307524 nenokkiar
411310418 nenokkiar 411304871 chiba12
411401913 chiba12
411410505 nenokkiar 411401913 chiba12
411412777 58826916
411423444 61598926
411425441 64887240
411440791 doctorecho 411279949 58653472
411458851 tomatoNpotato
411458889 65193866
411578112 yyyyy11
411642483 nenokkiar 411423444 61598926
411673360 61598926 411642483 nenokkiar
411690212 nenokkiar 411673360 61598926
411794844 43719506
418003672 2751180
418005746 TOYOFF
418032607 4603975
418072010 31613594
384687152 58653472
384701613 48270203 384683099 58653472
384703059 48270203 384683920 58653472
384707137 54470452
384707999 54310522
384708119 nimeiya
384709690 58653472 384701613 48270203
384710416 58653472
384711439 58653472 384707999 54310522
384711805 54310522 384711439 58653472
384712187 42135569
384712232 nenokkiar 384701613 48270203
384712233 58653472 384711805 54310522
384712310 3351277
384712555 54310522 384712233 58653472
384712734 nenokkiar 384712187 42135569
384713012 42135569 384712734 nenokkiar
384713442 48270203 384710416 58653472
384713488 58653472 384712187 42135569
384713499 nenokkiar 384712310 3351277
384713560 48270203 384712232 nenokkiar
384713585 42135569 384712310 3351277
384713924 3351277 384713499 nenokkiar
384714108 domokun1992
384714348 58653472 384713442 48270203
384714427 42135569 384713488 58653472
384714638 58653472 384714108 domokun1992
384714936 58653472 384714427 42135569
384715593 nenokkiar 384711439 58653472
384715760 42135569 384714936 58653472
384716545 nenokkiar 384715760 42135569
384716553 58653472 384715760 42135569
384716728 58653472 384716545 nenokkiar
384717157 nenokkiar 384714108 domokun1992
384717201 42135569 384716728 58653472
384717576 48270203 384717157 nenokkiar
384717649 42135569 384716545 nenokkiar
384717754 mangguoguantou
384717912 58653472 384717157 nenokkiar
384717979 58653472 384717649 42135569
384718227 nenokkiar 384717576 48270203
384718534 58653472 384715593 nenokkiar
384719117 42135569 384718534 58653472
384719692 41633901
384719693 48270203 384717979 58653472
384720315 58653472 384718227 nenokkiar
384720504 59601104
384720650 48270203 384720315 58653472
384720986 58653472 384719117 42135569
384721091 58653472 384720650 48270203
384722589 48270203 384721091 58653472
384722906 48270203 384720986 58653472
384723256 58653472 384722589 48270203
384723485 58653472 384722906 48270203
384724707 46312002
384725486 58653472 384724707 46312002
384725515 48270203 384723485 58653472
384725996 58653472 384725515 48270203
384726242 guonan0811
384726702 48270203 384725996 58653472
384726746 58653472
384726795 64198194
384727297 46312002
384727692 58653472 384727297 46312002
384728409 46312002
384728467 58653472 384728409 46312002
384728677 46312002
384728989 58653472 384728677 46312002
384729708 46312002
384731211 58653472 384729708 46312002
384731831 tt03007510 384556653 nenokkiar
384732253 46312002
384732680 58653472 384732253 46312002
384732912 celialihuiting
384733558 37753303
384733848 46312002
384734260 58653472 384733848 46312002
384734923 46312002
384735298 58653472 384734923 46312002
384735881 46312002
384736064 58653472 384735881 46312002
384737174 anhero
384737691 46312002
384738451 39605733
384743479 34995510
384745942 56903565
384748300 ambermemory 384717157 nenokkiar
384830520 nenokkiar 384734260 58653472
384900343 nenokkiar
384937555 53289367 384377976 nenokkiar
384938166 caise
384943515 58653472 384830520 nenokkiar
384944489 nenokkiar 384943515 58653472
384945009 chinayu
384945426 chinayu 384900343 nenokkiar
384947685 nenokkiar
384948386 nenokkiar
384948932 chinayu 384947685 nenokkiar
384949025 chinayu 384948386 nenokkiar
384949520 58653472 384945426 chinayu
