384581667 64768107
384581671 voidyu
384581700 47444832
384581774 53871586
384581887 47754283
384581991 2005869
384582141 55616356
384582158 2005869 384581887 47754283
384582280 55616356 384581667 64768107
384582299 52473550 384581887 47754283
384582611 47754283 384582299 52473550
384582675 55616356 384581887 47754283
384583048 55616356 384581991 2005869
384583104 52473550 384582675 55616356
384583434 55616356 384581774 53871586
384583814 3650765
384583990 64768107
384584060 25948740
384584063 2784331
384584093 nianteng
384584204 crazybunny666
384584265 55616356 384583814 3650765
384584383 46231287
384584421 55616356 384584063 2784331
384584498 55616356 384584383 46231287
384584507 2005869 384583048 55616356
384584523 wybo8888
384584583 55616356 384584204 crazybunny666
384584937 31404072
384584961 55616356 384584507 2005869
384585064 55616356 384584937 31404072
384585208 25948740
384585267 55616356 384584093 nianteng
384585280 2600403
384585466 55616356 384585208 25948740
384585581 53284610
384585730 25948740 384585466 55616356
384585917 55616356
384586017 55616356 384585581 53284610
384586381 2600403 384585917 55616356
384586855 47754283
384586902 53284610 384586017 55616356
384587339 55616356 384586381 2600403
384587476 ngfeiyin
384587519 55616356 384586902 53284610
384587613 53871586 384586017 55616356
384587978 55616356 384587476 ngfeiyin
384588083 karenxia
384588205 53284610 384587613 53871586
384588430 34878497
384588508 55616356 384588083 karenxia
384588643 55616356 384588430 34878497
384589344 tong13
384589439 34878497 384588643 55616356
384589569 55616356
384589729 55616356 384589439 34878497
384590565 missmarguerite
384592572 47370540 384590565 missmarguerite
384592871 51813266 384581667 64768107
384594243 50608488
384594986 cen2
384596252 47754283
384599583 42220838 384584961 55616356
384599604 29446743
384599673 karenxia 384588508 55616356
384600401 54109574 384596252 47754283
384602301 31884386
384602380 missmarguerite 384592572 47370540
384608330 47370540 384602380 missmarguerite
384677341 3650765 384584265 55616356
385813863 64966269
385816373 alashendeng
385816443 52259246
385817909 52259246
385934268 37957904
385934776 64122462
385939881 34878497
385942553 54062520
385942791 62656441
386002213 xmuafrog
386002682 35389815
386002703 2725106
386004391 3037100 386002213 xmuafrog
386005074 mumuchouchou
386006210 3175216 384581887 47754283
386006459 3175216 384584093 nianteng
386008397 3175216 384584507 2005869
386009159 62179918
386009693 54766602 386006459 3175216
386010292 3175216 384588083 karenxia
386010896 3175216 384590565 missmarguerite
386011356 3175216 384599583 42220838
386011429 2005869 386008397 3175216
386011921 52481628
386012427 3175216 386009693 54766602
386013012 3175216 386011429 2005869
386014362 3175216 386011921 52481628
386015865 52481628 386014362 3175216
386017763 towdaysnow
386018857 63454814
386019439 2005869 386012427 3175216
386028652 3175216 386015865 52481628
386030245 donotwatchme
386030742 52481628 386028652 3175216
386031202 3175216 386019439 2005869
386032354 62151751 384581887 47754283
386033589 wenyinan
386034346 2005869 386031202 3175216
386035004 chooooosen1
386133566 pigwjj
387810422 sssddd
387811318 63438910
387813479 eternity-xz
390387749 63823573
390390027 san-ye
390390179 36018711
390394827 summerdxw
390395016 wine0826
390395391 san-ye 390394827 summerdxw
390400376 summerdxw 390395391 san-ye
390401714 4495581
390402279 san-ye 390400376 summerdxw
390403053 summerdxw 390402279 san-ye
393083534 dsdsdf
397223925 58979932
397270987 64800402
397305503 zhen826
400330421 61234859
406125002 aiwanghao
406125067 aiwanghao
406140291 4316847
406142494 61786916
406156889 54716469
406157926 64504620
406160019 60093251
406160321 smyr
406165118 totochang
406314990 qizhinei
406315396 whychun 384581887 47754283
406637226 47754283 406315396 whychun
406637477 64122462
406655863 58436709 384596252 47754283
406659482 tomodexueren
406660507 47754283 406655863 58436709
406661594 61534763
406663729 63821703
406664802 lq226922
406666264 49344148 390394827 summerdxw
406667383 neo1215song
406725465 66225037 384581887 47754283
406727233 66225037 384584204 crazybunny666
406727505 66225037 384584507 2005869
406729591 47754283 406725465 66225037
406749563 50798252
406788884 summerdxw 406666264 49344148
406794447 ergezuigao
406833089 49344148 406788884 summerdxw
407243038 summerdxw 406833089 49344148
415829725 56011476
415830569 62896470
415830729 princekindora 384582141 55616356
415830784 etet
415831316 43274130
415900095 i.am.xuan 386012427 3175216
418834024 66835372
418834573 4533895
419040447 nesslove
419042308 critus1110
419044008 54519386 384599673 karenxia
419044440 64944582 387811318 63438910
419045331 54519386
419045788 50654010 386002703 2725106
419046662 mrrrrr
419050285 xiaokejianfei
419054688 lishuang2800
419054835 46490825
419057054 50767739
419071482 karenxia 419044008 54519386
419113586 cha90
419117681 57756770
419125793 58942952 386031202 3175216
419166850 42014710
