385340255 GinTonic
385340564 59504011
386236234 56405262
386240111 yujimufeng
386240624 yujimufeng
415214025 67590076
415214644 Beeineman
415216589 zhyue
415217604 34910155
415218212 64949374
415225844 43000971 415216589 zhyue
415226376 49632542
415229589 66735660
415229878 xiaopenpen
415230201 46224963
415233359 65636622 415225844 43000971
415237370 44365364
415250720 51547181
415280723 64526790
415283346 lynndu 415229589 66735660
415284454 66687321
415289505 64389508
415291051 wuhanna
415292222 ryoyuma 415280723 64526790
415292879 64526790 415292222 ryoyuma
415293038 wuhanna 415292879 64526790
415293166 64526790 415293038 wuhanna
415293774 x550xt
415293888 wangmin2wangmin
415293985 ryoyuma 415292879 64526790
415294522 64526790 415293985 ryoyuma
415300596 hibernator
