385714566 24025697
385715645 35041634
385716561 lonebook
385717339 64760385
385718654 58050873
385718882 liuquanfeng333
385722154 3433870
385722278 47604763 385714566 24025697
385723509 47604763 385715645 35041634
385723709 24025697
385723742 47604763 385715645 35041634
385724631 47604763 385716561 lonebook
385725789 2123930
385726750 airdrops
385726959 hlilyz
385729510 47604763 385717339 64760385
385731324 mini1989
385732082 58583859
385735372 47604763 385722154 3433870
385735609 Cason777
385740814 40933922
385740979 47604763 385723709 24025697
385742037 63438910 385717339 64760385
385743845 63438910
385744388 47604763 385725789 2123930
385745575 47604763 385742037 63438910
385745916 63438910 385745575 47604763
385746453 2670524
385747094 2338252
385747333 2338252
385747435 2338252
385747608 2338252
385748284 43931449 385732082 58583859
385748356 1115481
385748405 37325018 385747608 2338252
385749147 2670524 385748356 1115481
385749291 47604763 385747608 2338252
385750728 4713910
385751595 xvnno
385754415 willlogion
385755079 53126610
385756763 airdrops
385756990 airdrops 385747094 2338252
385759191 catshop
385759766 4246173
385763307 47604763 385756763 airdrops
385764001 47604763 385726959 hlilyz
385764521 2123930 385763307 47604763
385765292 airdrops 385763307 47604763
385766654 AYASMILE
385766956 45485829
385767259 45485829
385767534 47604763 385731324 mini1989
385767759 47604763 385765292 airdrops
385768149 47604763 385767259 45485829
385768364 airdrops 385767759 47604763
385768518 4713910 385756990 airdrops
385769163 airdrops 385768518 4713910
385770211 4713910 385769163 airdrops
385771074 2123930 385768364 airdrops
385773207 airdrops 385771074 2123930
385773634 airdrops 385770211 4713910
385774603 2123930 385773207 airdrops
385774931 4019025
385775639 46850308
385775744 airdrops 385774603 2123930
385776764 2123930 385775744 airdrops
385777244 47604763 385768364 airdrops
385777840 HJJJJJJJJJJJJJJ
385779403 54259721
385779779 47254439
385781027 dzyg
385782406 airdrops
385782417 54851757
385782880 airdrops
385785450 dear-sore 385782417 54851757
385788709 54851757 385785450 dear-sore
385789514 47604763 385782880 airdrops
385789922 47604763 385788709 54851757
385790705 47604763 385789922 47604763
385795679 54851757 385789922 47604763
385796194 54851757 385790705 47604763
385796392 52377184
385796405 47604763 385795679 54851757
385797327 47604763
385797709 y252417
385798015 47604763 385796392 52377184
385798168 47604763 385797709 y252417
385798428 52377184 385751595 xvnno
385799773 52377184
385800162 airdrops
385801627 kaola942634
385801763 47604763 385798428 52377184
385802083 64054226
385803032 airdrops
385803684 54851757
385804402 54851757 385800162 airdrops
385804998 52377184
385806911 airdrops 385804402 54851757
385807235 52377184
385877176 47604763
385877491 47604763
385877941 dzyg 385877491 47604763
385878216 47604763 385877941 dzyg
385878773 47604763
385878929 47604763
385879535 dzyg 385878216 47604763
385880504 42997923
385881089 47604763 385879535 dzyg
385881346 47604763
385881386 38837181
385881945 dzyg 385881089 47604763
385882157 54645864
385882314 47604763 385881945 dzyg
385882367 smallwatermelon
385882423 dzyg 385882314 47604763
385884647 Ohjiaqi
385884763 63306250
385889444 HELLOTT 385882314 47604763
385894383 63438910
385895281 63438910 385745575 47604763
385901805 54380955
385921607 airdrops
385922925 airdrops
385923426 airdrops
385932289 HELLOTT 385922925 airdrops
385933865 airdrops 385932289 HELLOTT
385934567 HELLOTT 385933865 airdrops
385935054 lamo.mars
385935921 airdrops 385934567 HELLOTT
385944183 HELLOTT 385935921 airdrops
385949517 catshop
385951027 lane1031 385877176 47604763
385959675 47604763 385882367 smallwatermelon
385960065 47604763 385951027 lane1031
385960343 47604763 385882423 dzyg
385960786 47604763 385884647 Ohjiaqi
385961872 47604763 385884763 63306250
385963029 47604763
385963589 47604763
385964095 47604763 385895281 63438910
385964143 47604763 385894383 63438910
385964433 47604763
385964678 47604763 385921607 airdrops
385964923 47604763 385923426 airdrops
385965482 47604763 385932289 HELLOTT
385965693 47604763 385933865 airdrops
385966109 63438910 385964095 47604763
385966153 47604763 385935054 lamo.mars
385966297 47604763 385966109 63438910
385966469 47604763 385935921 airdrops
385966613 47604763 385944183 HELLOTT
385966845 47604763 385944183 HELLOTT
385966961 47604763 385949517 catshop
385966970 39807479
385967513 JinSeraph
385967785 48529352
385967862 63438910 385966297 47604763
385968362 47604763 385967513 JinSeraph
385968903 47604763 385967785 48529352
385969101 47604763 385967862 63438910
385969525 airdrops 385964678 47604763
385970558 47604763 385969525 airdrops
385971179 HELLOTT
385971188 toto_B
385971200 toto_B
385971206 toto_B
385971660 HELLOTT
385972621 47604763 385971660 HELLOTT
385973577 47604763 385971179 HELLOTT
385973920 47604763 385971188 toto_B
385974913 renatelli 385782880 airdrops
385975713 airdrops 385974913 renatelli
385976380 47604763 385974913 renatelli
385976589 JinSeraph 385968362 47604763
385977352 47604763 385976589 JinSeraph
385977839 JinSeraph
385979364 47604763 385977839 JinSeraph
385980141 50707301
385980819 catshop 385966961 47604763
385982245 renatelli 385975713 airdrops
385982391 airdrops
385982984 renatelli
385983037 airdrops 385982245 renatelli
385983216 54465156
385983869 renatelli
385984479 airdrops 385983869 renatelli
385986993 renatelli 385984479 airdrops
385987559 airdrops 385986993 renatelli
385990098 43508818
385993213 4654933
386006851 AYASMILE
386007785 42997923
386007908 mayplace
386008991 dzyg 385960343 47604763
386009691 willlogion
386010303 40933922
386015601 TransMule
386017683 4713910 385982984 renatelli
386030765 lane1031 385960065 47604763
385808600 lane1031
385809055 54851757 385806911 airdrops
385809703 47604763 385804998 52377184
385809812 54851757 385807235 52377184
385810398 47604763
385810647 54851757
385810651 airdrops
385812769 54851757 385810651 airdrops
385812873 54851757
385814035 xi1228
385814432 airdrops
385815375 2123930
385816002 55998424
385816488 54851757
385818277 airdrops
385819855 54851757 385818277 airdrops
385822301 airdrops
385824150 54851757 385822301 airdrops
385826647 47604763 385814035 xi1228
385827390 47604763
385828177 54851757 385827390 47604763
385829468 xi1228
385829853 54851757
385832859 chengyihang
385838033 47604763 385829468 xi1228
385842422 47604763 385732082 58583859
385857873 47604763
385858223 xi1228 385838033 47604763
385858395 hlilyz
385858998 47604763 385858395 hlilyz
385860047 47604763 385735609 Cason777
385860766 hlilyz 385858998 47604763
385861561 47604763 385740814 40933922
385862102 47604763 385745916 63438910
385863065 47604763 385746453 2670524
385863169 catmian
385863610 47604763 385747608 2338252
385864346 47604763 385863169 catmian
385864617 47604763 385748284 43931449
385864714 47604763 385748356 1115481
385865021 47604763
385865253 47604763 385749147 2670524
385865420 Cason777 385860047 47604763
385865556 47604763 385750728 4713910
385865738 47604763 385865420 Cason777
385865884 47604763 385751595 xvnno
385866020 47604763 385754415 willlogion
385866372 Cason777 385865738 47604763
385866484 47604763 385755079 53126610
385866693 47604763 385866372 Cason777
385866895 Cason777
385866949 47604763 385756763 airdrops
385867041 fu2idiot
385867157 47604763 385866895 Cason777
385867332 47604763 385867041 fu2idiot
385867403 47604763 385759191 catshop
385867501 47604763 385759766 4246173
385868083 Cason777
385868124 47604763 385764521 2123930
385868211 47604763 385868083 Cason777
385868446 Cason777 385868211 47604763
385868503 47604763 385765292 airdrops
385868573 airdrops 385866949 47604763
385868634 2123930
385868866 airdrops
385868993 47604763 385868446 Cason777
385869509 Cason777
385869659 47604763 385868866 airdrops
385869730 47604763 385869509 Cason777
385869794 airdrops
385869795 47604763 385868573 airdrops
385869868 Cason777 385869730 47604763
385869964 47604763 385869794 airdrops
385869998 airdrops
385870319 airdrops 385869964 47604763
385870371 47604763 385766654 AYASMILE
385870847 47604763 385870319 airdrops
385870982 47604763 385766956 45485829
385871444 airdrops
385871663 47604763 385868634 2123930
385871760 smallwatermelon
385871852 47604763 385871444 airdrops
385872332 47604763
385873133 smallwatermelon 385769163 airdrops
385873318 47604763 385777840 HJJJJJJJJJJJJJJ
385873622 47604763 385779403 54259721
385873988 47604763 385779779 47254439
385874283 1467425
385874286 47604763 385781027 dzyg
385874757 47604763 385797709 y252417
385874909 47604763 385801627 kaola942634
385875148 47910437
385875284 47604763
385875631 dzyg 385874286 47604763
385875781 47604763 385875148 47910437
385876018 47604763 385875631 dzyg
385876293 dzyg 385876018 47604763
385876448 47604763 385876293 dzyg
385876847 dzyg 385876448 47604763
385876896 dzyg
386033021 42258667
386044757 2338252 385777840 HJJJJJJJJJJJJJJ
386111594 47604763 386044757 2338252
386113216 47604763 386033021 42258667
386113654 narcissus_se 385789922 47604763
386114934 47604763 386030765 lane1031
386115588 mirror1988 385777840 HJJJJJJJJJJJJJJ
386115839 47604763 386113654 narcissus_se
386116621 47604763 386115588 mirror1988
386118238 4169973
386118398 mirror1988
386118620 mirror1988
386120975 58050873
386127599 15883045 385798168 47604763
386138244 alanailan
386154087 48680014
386167115 narcissus_se
386208397 42258667
386212030 64868576
386220817 63409505
386268455 airdrops
386320713 47604763 386268455 airdrops
386368890 airdrops 386320713 47604763
386415142 53126610
386488811 53360191 385874286 47604763
411954181 mora7 386320713 47604763
412033566 45673649
412034141 47604763 411954181 mora7
412034721 47604763 411954181 mora7
412068073 mora7
412071575 47604763 412068073 mora7
412104217 mylittleCC
412113029 mora7
412113501 ddding1108
412121891 47604763 412104217 mylittleCC
412121985 47604763 412113029 mora7
412122126 47604763 412113501 ddding1108
412124039 mylittleCC
412125657 47604763 412124039 mylittleCC
412129596 loveariel
412131423 47604763 412129596 loveariel
412132775 55759493
412133622 rebecca_w
412219120 loveariel
412634822 62186166
412634894 62660312
419488784 jaee
419492884 54470430 386118620 mirror1988
419500800 jiangjiang10
419511949 47604763
419705584 muxiaokui
419708202 shinnodoo
419802699 jaee 419511949 47604763
419851946 13262475
419853348 47604763 419802699 jaee
419853604 52349387
419854141 jaee 419853348 47604763
419854295 47604763 419851946 13262475
419855246 47604763 419853604 52349387
419855470 47604763
419855951 47604763 419708202 shinnodoo
419856157 47604763 419705584 muxiaokui
419856463 jaee
419856796 47604763 419500800 jiangjiang10
419857162 47604763 419492884 54470430
419857311 47604763 412634894 62660312
419858631 too_
419859049 47604763 419858631 too_
419859311 too_
419859633 13262475
419859934 47604763 419859633 13262475
419860874 58699256 385777840 HJJJJJJJJJJJJJJ
419862085 13262475 419859934 47604763
419864887 47604763 419862085 13262475
419864946 47604763 419860874 58699256
419865407 mblush
419865786 13262475 419864887 47604763
419870069 47604763 419865786 13262475
419875930 fangzheng922
419900087 heradarling
419985548 29514826
420009661 yoyoshadow 419708202 shinnodoo
420014954 45786849
420016019 Awareness
420059510 shinnodoo 420009661 yoyoshadow
420081469 58699256 419864946 47604763
420106518 jiangjiang10
420117746 53628001
