386322656 seabullet
386323467 46243918
386323895 45355563
386324359 44632594
386324695 yszhinian
386325388 zhutouge
388318116 4162584 386322656 seabullet
388318170 4162584 386323467 46243918
388318315 4162584 386323895 45355563
388318473 4162584 386324359 44632594
388318506 4162584 386324695 yszhinian
388318654 4162584 386325388 zhutouge
388337756 44632594 388318473 4162584
388575325 4162584 388337756 44632594
388594192 44632594 388575325 4162584
388616526 41828236 388594192 44632594
388617217 impedance
388624929 4162584 388594192 44632594
388625177 55311377
388625239 4162584 388617217 impedance
388625301 4162584 388625177 55311377
388625700 55311377
388625742 55311377 388625301 4162584
388627281 62768035
388628168 4162584 388627281 62768035
388716339 46243918
388716972 4039163
388785184 44632594 388625742 55311377
388791894 3549730
388792333 3551447
388792811 2725106
388899641 3644823
388944651 50004278
390278020 yszhinian 388318506 4162584
390356299 4162584 390278020 yszhinian
390356445 4162584 388944651 50004278
390356568 4162584 388792811 2725106
390356612 4162584 388792333 3551447
390356707 4162584 388899641 3644823
390356827 yu_yuan
390356880 4162584 388716339 46243918
390356932 4162584 390356827 yu_yuan
390357146 yu_yuan 390356932 4162584
390357371 4162584 390357146 yu_yuan
390357945 yu_yuan 390357371 4162584
390525470 young6
390537287 yszhinian 390356299 4162584
390538704 62414618 390356827 yu_yuan
390540358 34871546 388318170 4162584
390540496 34871546 390525470 young6
390568373 1608850
390588370 aabc555
390590941 48824915 390568373 1608850
390591501 22165453
390591788 22165453 390590941 48824915
390598593 62414618 390591788 22165453
390638858 yu_yuan 390590941 48824915
390639579 52099019
390639616 63114496
390640325 61600520 386324695 yszhinian
390640955 yszhinian 390640325 61600520
390648612 61600520 390640955 yszhinian
390669095 64456505 388716972 4039163
390698052 yu_yuan 390639579 52099019
390743518 52099019 390698052 yu_yuan
390819606 4162584 390640955 yszhinian
390824459 yszhinian 390819606 4162584
390824688 43520312
390825706 4162584 390824688 43520312
390826482 48824915 390598593 62414618
390826673 43520312 390825706 4162584
390827030 48824915 390638858 yu_yuan
390827599 48824915 390591788 22165453
390830355 yu_yuan 390827030 48824915
390844964 48824915 390830355 yu_yuan
390846601 yu_yuan 390844964 48824915
390849354 34004703 388575325 4162584
390872568 62414618 390826482 48824915
390879493 4162584 390849354 34004703
390932987 34004703 390879493 4162584
390934015 bridgeee
391019438 48824915 390846601 yu_yuan
391019743 51924328
391022986 48824915 390872568 62414618
391059555 62414618 391022986 48824915
391065196 zjjyh
391079830 48824915 391059555 62414618
391080104 yu_yuan 391019438 48824915
391082854 62414618 391079830 48824915
391107816 1491678
391210468 inthemind
391212922 43042290 391210468 inthemind
391265550 4162584 391065196 zjjyh
391265610 4162584 391019743 51924328
391265752 4162584 390826673 43520312
391326779 48824915 391210468 inthemind
391465512 4162584 391326779 48824915
391613271 inthemind
391617290 46799454
391620224 48824915 391465512 4162584
391622118 53833100
391666819 4162584 391622118 53833100
391671892 53833100
391672647 60072857
391703104 33806597 390932987 34004703
391703487 33806597
391705073 thelmaluo
391845424 4162584 391672647 60072857
391845565 4162584 391705073 thelmaluo
391845830 4162584 391703487 33806597
391848703 rosetsqi
391863406 4162584 391848703 rosetsqi
391895551 33806597
391930711 thelmaluo 391845565 4162584
391931768 60151640 388318116 4162584
391932691 60151640
392035038 33806597 391931768 60151640
392040945 clz3374315
392144519 4162584 391932691 60151640
392279652 60151640 392144519 4162584
392286878 4162584 392279652 60151640
394112042 4162584 391672647 60072857
396671507 xiaoji1314
413883658 badashou120
413963216 48593530
