386273193 poaan
386273518 48487372 386273193 poaan
386274508 51432140
386274585 48487372
386274982 weizi2007
386275096 48487372
386275332 48487372 386274508 51432140
386275448 48487372 386274982 weizi2007
386275527 nekomo
386275925 catshop
386275931 53299652
386276203 48487372 386275527 nekomo
386276283 48487372 386275925 catshop
386276302 yuuuuuuuuu
386276458 48487372 386275931 53299652
386277288 48487372 386276302 yuuuuuuuuu
386277394 x87
386277409 liufeichina
386277979 naver
386278023 catshop 386276283 48487372
386278913 48487372 386277409 liufeichina
386279039 48487372 386278023 catshop
386279330 47381615
386279658 48450704 386275096 48487372
386279713 48487372 386279330 47381615
386280205 48487372 386279658 48450704
386280291 48487372 386279330 47381615
386280341 47381615
386280512 47381615
386281654 48487372 386280512 47381615
386283728 47381615
386283762 catshop 386279039 48487372
386284043 51687844
386284228 47381615 386283762 catshop
386284296 48487372 386283762 catshop
386284429 61284550
386284605 48487372 386284043 51687844
386284897 48487372 386284429 61284550
386285061 48487372 386283728 47381615
386285111 fengcp
386285236 fengcp
386285391 catshop 386284296 48487372
386285872 51687844 386284605 48487372
386285937 48487372 386285236 fengcp
386286117 48487372 386285391 catshop
386286205 48487372 386285872 51687844
386286290 SamanGUY
386286819 48487372 386286290 SamanGUY
386286934 Kayicat
386288310 48487372 386286934 Kayicat
386288733 Kayicat 386288310 48487372
386289373 48487372
386289608 48487372
386289998 Yyq2hqT
386290422 48487372 386289998 Yyq2hqT
386290716 Kayicat 386290422 48487372
386291168 48487372 386290716 Kayicat
386291499 20652328
386294168 Kayicat 386291168 48487372
386294843 lotusandfish
386295365 Ohjiaqi
386305538 Yyq2hqT
386305563 Yyq2hqT 386290422 48487372
386305613 mahya
386306813 29631753
386307310 yayatietieyaya
386332025 45718557
386346353 poaan 386273518 48487372
386346726 50746559
386357925 48487372 386306813 29631753
386358305 48487372 386307310 yayatietieyaya
386358850 51432140 386291168 48487372
386358877 48487372 386346353 poaan
386358976 51432140 386305563 Yyq2hqT
386359138 48487372 386346726 50746559
386359442 48487372 386358850 51432140
386359558 63519542
386360393 63951282
386360913 51432140 386359442 48487372
386362660 48487372 386359558 63519542
386362930 48487372 386360913 51432140
386362991 48487372 386360393 63951282
386363373 51432140 386362930 48487372
386363797 carioca
386364984 51370949
386366015 48487372 386363797 carioca
386366072 48487372 386364984 51370949
386366572 2080963 386276203 48487372
386368825 carioca 386366015 48487372
386368939 45403775
386369350 nekomo
386369557 migaor
386369565 3307188
386369668 lundan
386370064 2549988
386370339 zhouyipan
386371253 zljym
386371725 48487372
386371885 48487372 386370064 2549988
386371992 48487372 386371253 zljym
386372550 zljym 386371992 48487372
386373439 48487372 386372550 zljym
386375469 Yyq2hqT 386358976 51432140
386378956 poppyt
386379765 creamsoda233
386379796 wwkihgd
386379986 creamsoda233 386373439 48487372
386381585 48487372
386381983 48487372 386379796 wwkihgd
386382127 48487372 386379986 creamsoda233
386382384 moooly_
386383472 48487372 386382384 moooly_
386383965 51432140 386375469 Yyq2hqT
386384551 64258150 386357925 48487372
386386485 milamiyaff
386388536 48487372 386386485 milamiyaff
386389637 40536922 386375469 Yyq2hqT
386392591 3484680
386394211 Alopaca
386397776 48487372 386394211 Alopaca
386398027 48487372 386392591 3484680
386399151 Alopaca 386397776 48487372
386402037 56776247
386402231 Yyq2hqT 386389637 40536922
386402306 56776247 386379765 creamsoda233
386402437 Yyq2hqT 386379765 creamsoda233
386402807 56007476
386403870 40536922 386402231 Yyq2hqT
386405905 neko33
386410384 48487372 386399151 Alopaca
386410861 48487372 386402037 56776247
386411644 48487372 386402231 Yyq2hqT
386411662 Alopaca 386410384 48487372
386411826 48487372 386402807 56007476
386412168 48487372 386411662 Alopaca
386412400 Yyq2hqT 386403870 40536922
386412547 48487372 386405905 neko33
386419239 Alopaca 386412168 48487372
386419716 48487372 386419239 Alopaca
386420549 Alopaca
386421041 Alopaca 386403870 40536922
386421188 48487372 386420549 Alopaca
386465102 creamsoda233 386402306 56776247
386482568 56007476
386483590 63398892
386499920 48487372
386513438 weizi2007
386514463 48487372 386513438 weizi2007
386520145 63398892 386499920 48487372
386521067 oceanq
386522756 48487372 386521067 oceanq
386574135 lemonade-ice
386618698 zz69 386305563 Yyq2hqT
386762028 56007476
386873507 51173113
386903221 53891400
387085538 36943560
387086411 lotusandfish
419983381 41927865
