386239462 57111719
386240008 veryhard
386240297 57111719 386240008 veryhard
386240663 veryhard 386240297 57111719
386240987 48134788
386241101 57111719 386240663 veryhard
386242225 57111719
386243254 poundan
386243499 48134788 386242225 57111719
386243639 44204391
386243924 57111719 386243254 poundan
386244238 57111719
386244823 64760385
386244983 48134788 386244238 57111719
386245513 hhhanairis
386245592 57111719 386244823 64760385
386245676 57111719 386244983 48134788
386245832 poundan 386243924 57111719
386246186 44204391
386246188 3952235
386246191 57111719 386245513 hhhanairis
386246371 48134788
386246385 57111719 386245832 poundan
386246598 57111719 386246186 44204391
386246970 57111719 386246188 3952235
386247420 57111719
386247895 48134788 386247420 57111719
386248117 poundan 386246385 57111719
386248401 57111719 386247895 48134788
386249088 57111719
386249354 49833584
386249689 57111719 386249354 49833584
386249703 hhhanairis 386246191 57111719
386249709 hpcat0119
386249978 micowing
386250376 48134788
386250836 57111719
386251124 57111719 386249709 hpcat0119
386251851 57111719 386249978 micowing
386252027 hpcat0119
386252387 2725106
386252504 57111719 386252027 hpcat0119
386252684 57111719 386252387 2725106
386253567 hhhanairis 386250836 57111719
386254689 57111719 386253567 hhhanairis
386255028 hhhanairis 386254689 57111719
386255392 57111719 386255028 hhhanairis
386255922 hhhanairis 386255392 57111719
386256628 57111719 386255922 hhhanairis
386257365 hhhanairis 386256628 57111719
386950790 51830768
386998689 41980752
387000166 waiitingforever 386246188 3952235
387006173 60150262
387012777 63574172
387012918 28365747
387014548 faye7711
387151150 4309068
387186045 waiitingforever 387151150 4309068
387186812 waiitingforever
387187920 waiitingforever 387012777 63574172
387189369 waiitingforever
387191008 summusic
387285232 63574172
387285406 eojessie
387319394 lingoapple
387323679 DYDYD
387656316 57111719 386950790 51830768
387656496 57111719 386998689 41980752
387656874 57111719 387006173 60150262
387657252 57111719 387012777 63574172
387657363 57111719 387012918 28365747
387657607 57111719
387657889 57111719 387151150 4309068
387658169 3475967
387658896 laurel1030
387659169 57111719 387189369 waiitingforever
387659358 57111719 387285406 eojessie
387659660 57111719 387319394 lingoapple
387659870 57111719 387323679 DYDYD
387660142 57111719 387658896 laurel1030
387661518 44301281
387662426 sibyl 386246191 57111719
387662710 sibyl 387661518 44301281
387663434 57111719 387661518 44301281
387663589 57111719 387662426 sibyl
387663879 57111719 387662710 sibyl
387664819 sibyl 387663879 57111719
387667015 waiitingforever 387659169 57111719
387668376 love19347310
387669863 57111719
387669963 57111719 387667015 waiitingforever
387921374 45627027
387924028 Kayicat
388059086 44301281
388059527 2123930
388059955 2389348
388285537 54365237
388378373 dpx
388385730 48568323
398515132 60768669
398515735 60768669
398516198 60768669
398516469 65406770
398516810 1637526
398861452 1301945
398863290 7513736
398870143 3245017
399187710 65879349
399189275 65879349
399213701 cherrylai
400125144 dpx
400126351 65879349 400125144 dpx
417053021 60189663
417056206 45543265 386242225 57111719
417057099 40780679
417058031 40780679
417058140 45702272
388764863 57111719 387921374 45627027
388765019 57111719 387924028 Kayicat
388765285 57111719 388059086 44301281
388765418 57111719 388059527 2123930
388765541 57111719 388059955 2389348
388765631 57111719 388285537 54365237
388765867 57111719
388765985 57111719 388385730 48568323
392463551 3619211
392496639 1770264
392533473 youlideqinglizi
392538655 2394369
392553218 64993053
392617879 cfachan
392623297 kinphone
394142100 3069399
394243555 47514656 387323679 DYDYD
394249650 2791802
394250252 47518652 386245592 57111719
394273089 3464388
394475051 57111719 392463551 3619211
394475158 57111719 392496639 1770264
394475431 57111719 392533473 youlideqinglizi
394475831 57111719 392538655 2394369
394475964 57111719 392553218 64993053
394476232 57111719 392617879 cfachan
394476311 57111719 392623297 kinphone
394476408 57111719 394142100 3069399
394476536 57111719 394250252 47518652
394476916 57111719
394477024 57111719 394249650 2791802
394477246 57111719 394273089 3464388
394477531 alisaaaaa
394531628 1770264 394475158 57111719
394535850 Seventeen_M
394537732 jimmi-wong
394544073 51710217
394556623 youlideqinglizi 394475431 57111719
394557705 47514656 394476916 57111719
394563163 57111719 394531628 1770264
394563483 57111719 394535850 Seventeen_M
394563791 57111719 394537732 jimmi-wong
394564069 57111719 394544073 51710217
394564329 57111719 394556623 youlideqinglizi
394564640 57111719
394573392 youlideqinglizi 394564329 57111719
394576705 53281495
394582515 57111719 394573392 youlideqinglizi
394582585 57111719 394576705 53281495
394582719 7884263
394586049 42874903
394589564 Seventeen_M 394563483 57111719
394589886 57111719 394582719 7884263
394589947 57111719 394586049 42874903
394590069 57111719 394589564 Seventeen_M
394621193 1770264 394563163 57111719
394626213 61874703
394628616 cancer325
394632605 smy.ls
394690475 jimmi-wong 394563791 57111719
394712168 30162846
394713221 57922580
394797929 suet
395004128 2791802 394477024 57111719
395019549 57111719 394621193 1770264
395019681 57111719 394626213 61874703
395019848 57111719
395020306 57111719 394690475 jimmi-wong
395020432 57111719 394713221 57922580
395020619 57111719
395020817 57111719 395004128 2791802
395067557 jiawenting
395084957 suet 395020619 57111719
395085248 suet 395020619 57111719
395090016 cidy212
395091619 bedouins9
395092206 bedouins9
395146100 49103324
395163721 cancer325 395019848 57111719
395251712 2791802 395020817 57111719
395368366 57111719 395067557 jiawenting
395368459 57111719 395085248 suet
395368665 57111719 395090016 cidy212
395368785 57111719 395163721 cancer325
395368951 57111719 395251712 2791802
395370602 suet 395092206 bedouins9
395426857 2791802 395368951 57111719
395435281 57111719 395426857 2791802
395476555 2791802 395435281 57111719
395480927 57111719 395476555 2791802
395856371 charlottefang
395983909 2835081
396088917 jinwater196
396113483 35769018
396114041 34484445
396117521 askhaibei 387012777 63574172
396133060 wiss
396134122 wiss
396134646 60723787
396143223 51421102
