387644591 51456553
387644646 32903584
387644656 33658913
387644711 BeardMonster
387644806 64142618
387644960 44365477
387645040 60072093
387645041 wobuzhuangbi
387645086 44670712
387645097 64305733
387645232 2096887
387645284 liuyixin
387645390 wobuzhuangbi
387645426 50600663
387645489 39438406
387645523 hindme
387645657 14370415
387645687 42796913
387645821 wobuzhuangbi
387645843 61501651
387645879 49397577
387646244 mia921
387646246 wobuzhuangbi
387646505 chengzigy
387646617 wobuzhuangbi 387645843 61501651
387646691 arktoi
387646859 wobuzhuangbi 387645879 49397577
387647063 53231110
387647228 wobuzhuangbi
387647312 wobuzhuangbi 387647063 53231110
387647412 kezen
387647560 hudu310
387647789 54092199
387647893 56823012
387647932 wobuzhuangbi
387647975 64660604
387648266 wobuzhuangbi
387648492 wobuzhuangbi 387645523 hindme
387648728 hahehahe
387648737 wobuzhuangbi 387645426 50600663
387648738 45987845
387648807 58096445
387649266 wobuzhuangbi 387647975 64660604
387649793 realsonw
387650454 51929881
387651605 wobuzhuangbi
387651897 wobuzhuangbi 387650454 51929881
387652443 49617618
387652511 57637194
387652767 yuuuuuuuuu
387653170 landflower
387653526 jxk
387653718 50796255
387662721 51929881 387651897 wobuzhuangbi
387662968 iou-miss
387663396 BRONTHISWAY
387663420 maoyayou
387665361 48670074
387666447 35969779
387669512 47786536 387665361 48670074
387669716 deysi-chan
387670437 wobuzhuangbi 387652767 yuuuuuuuuu
387670668 wobuzhuangbi 387653718 50796255
387670963 48670074 387669512 47786536
387671300 rathers
387671307 48659986
387671309 wobuzhuangbi 387666447 35969779
387671885 wobuzhuangbi 387671307 48659986
387672184 bea0819
387672541 wybo8888
387672604 47786536 387671307 48659986
387672609 jiahaom
387672675 wobuzhuangbi 387670963 48670074
387672766 35969779
387673296 wobuzhuangbi 387662968 iou-miss
387673585 wobuzhuangbi 387672766 35969779
387673777 yuuuuuuuuu 387670437 wobuzhuangbi
387673822 4137821
387673879 37217218
387674077 35969779 387673777 yuuuuuuuuu
387674097 wobuzhuangbi 387669716 deysi-chan
387674213 binfenai
387674529 wobuzhuangbi 387674077 35969779
387674619 47786536 387674213 binfenai
387674939 wobuzhuangbi 387674213 binfenai
387674981 48670074 387672675 wobuzhuangbi
387675119 58699731
387675322 57724721
387675480 47786536 387674981 48670074
387676157 55518436
387676744 52333620 387674619 47786536
387677371 wobuzhuangbi 387673822 4137821
387678079 wobuzhuangbi 387676744 52333620
387678167 50796255 387670668 wobuzhuangbi
387678254 44300461
387678487 45495478 387645523 hindme
387679371 64941337
387679589 48670074 387675480 47786536
387679824 wobuzhuangbi 387674981 48670074
387679967 47786536 387679589 48670074
387680345 wobuzhuangbi 387678254 44300461
387682807 hindme 387678487 45495478
387686125 2242364
387686593 54754037
387695528 zwcx1991
387696060 35086722
387696760 61026706
387700856 2682206 387647932 wobuzhuangbi
387730295 48659986 387671885 wobuzhuangbi
387731543 48659986 387672604 47786536
387735365 ihaihr
387760126 prepuce
387761178 53717028
387762138 zola91
387762347 51486594
387763441 OTT
387763511 Thekim
387763898 1179060
387766002 57427393
387766609 ahfi
387766955 47161791
387767056 2928165 387766609 ahfi
387769083 43618125
387769162 43618125
387769294 58281437
387773721 51346304
387774155 50581190
387776342 wobuzhuangbi 387766609 ahfi
387776377 wobuzhuangbi 387769294 58281437
387776584 wobuzhuangbi 387769083 43618125
387776707 wobuzhuangbi 387760126 prepuce
387786625 nickyyy
387787915 3380097
387789293 after17-Lily
387790058 xiaoziIM
387790244 pensar
387793894 maolu
387819660 Jerry-feng
387821054 53050979 387645086 44670712
387821871 63438910 387793894 maolu
387822681 cecilialovelife
387822804 baichihaigui
387824085 33465966 387646859 wobuzhuangbi
387824089 40095548
387825039 48132768
387825477 53532061
387827057 bambieyes
387828684 41138766
387829019 crystalat
387829971 51282785
387833965 52880819
387835816 55504043
387835991 61896589
387837557 40310274
387838607 iloveicecream
387840463 shaominn
387848164 44300461 387680345 wobuzhuangbi
387851263 SXEZ
387852273 37470512
387852351 37470512
387853812 mocunterry
387855706 jj201
387856734 53353306 387776707 wobuzhuangbi
387857813 56603047
387858819 FAQQ
387860760 17056177
387868947 50784919
387873132 wobuzhuangbi 387828684 41138766
387873391 wobuzhuangbi 387829019 crystalat
387873792 wobuzhuangbi 387786625 nickyyy
387873967 weizi2007
387874211 wobuzhuangbi 387838607 iloveicecream
387874637 wobuzhuangbi 387857813 56603047
387874851 meng720 387857813 56603047
387874924 wobuzhuangbi 387856734 53353306
387875257 40571313
387875396 wobuzhuangbi 387848164 44300461
387876002 wobuzhuangbi 387829971 51282785
387876398 37454694
387876567 PrincessAlice
387876602 59784045
387877060 37454694 387876002 wobuzhuangbi
387877609 37746546
387882792 41138766 387873132 wobuzhuangbi
387888664 cchenga
387889861 cchenga
387890006 54339131 387672766 35969779
387890959 cchenga 387786625 nickyyy
387891941 iloveleeteuk
387893418 lonely_1993
387893520 35969779 387890006 54339131
387914919 56603047 387874637 wobuzhuangbi
387915058 56603047 387874851 meng720
387918740 60420717
387920310 43723167
387923058 64271329 387695528 zwcx1991
387963500 meng720 387918740 60420717
387965622 wobuzhuangbi 387918740 60420717
387965832 60420717 387963500 meng720
387966090 wobuzhuangbi 387920310 43723167
387966554 49293730
387968427 meng720 387965832 60420717
387969604 mysweety
387969711 datumao
387970030 tuboshu2
387970675 57903166
387986524 49064899
387989944 mogushibushi
387990019 53041936
387994396 50670038 387646505 chengzigy
387996673 43028931 387822681 cecilialovelife
387998853 61817631
387999770 60420717 387965622 wobuzhuangbi
387999947 60420717 387989944 mogushibushi
388000358 60420717
388000816 60420717 387968427 meng720
388015157 wrnmlgbd
388015561 wrnmlgbd 387686125 2242364
388033265 hlp 387822681 cecilialovelife
388039241 2910445
388104218 52075100
388106121 viscountz
388117785 63575401
388125782 59658494 387672609 jiahaom
388126257 50424224
388144700 43723167 387966090 wobuzhuangbi
388219267 chaxiaocha 387651605 wobuzhuangbi
388227709 26452164
388228755 kohh2 387647228 wobuzhuangbi
388228991 shelley1128 387645390 wobuzhuangbi
388230666 vickilovewan
388232093 60842524
388232300 byyyyyys
388238163 milklotus
388240172 wobuzhuangbi
388240708 erpang1225
388241321 wobuzhuangbi 388104218 52075100
388241933 wobuzhuangbi 387999770 60420717
388242576 wobuzhuangbi 387998853 61817631
388244261 53491052
388248251 TssTkun 388242576 wobuzhuangbi
388248591 TssTkun 388242576 wobuzhuangbi
388255268 65059749
388276066 36396401
388429916 wobuzhuangbi 388248251 TssTkun
388430604 LonelyCatcher
388436280 myhouse915
388440350 56345857
388440986 56345857
388442485 62519473 387645821 wobuzhuangbi
388446101 6776629
388470978 26489547
388522159 chiba12
388619820 58070261
388626190 masoeur
388631275 56779222 387769083 43618125
388631695 56779222 388015561 wrnmlgbd
388631853 56779222 388470978 26489547
388808506 fzhyun
408391777 64112336
418087155 57665869
418088599 50823132
418089489 32067717
418089497 angel888
418091330 50853952
418091909 zikkeung 387645390 wobuzhuangbi
418092455 panzi24
418092870 lady_a
418652870 njxule
419427007 51799206
419428102 luvcola
419429981 ufoxy
419430021 eric-fhc
419430448 EEnimei
419444992 47874866 387646505 chengzigy
419446779 46093255 387671885 wobuzhuangbi
419447327 lizza
419499465 NanNancyN
419506769 1430529
419516490 44030490
419517466 53744947
