388383126 64751011
388383270 56289004
388383607 65197768 388383270 56289004
388384276 56289004 388383607 65197768
388385168 65197768
388387213 65197768
388387238 65197768
388387276 65197768
388387340 65197768
388387433 geekzhuo
388387568 impedance 388383270 56289004
388387725 impedance 388385168 65197768
388387761 HouseM.D
388388085 HouseM.D
388388858 42136852
388390008 65197768
388390155 65197768 388388858 42136852
388390453 33058433
388390647 dotemma
388390760 dotemma 388390453 33058433
388391034 HouseM.D 388390008 65197768
388391060 65197768 388390647 dotemma
388391214 dotemma
388391294 65197768
388391416 65197768 388391214 dotemma
388392307 HouseM.D
389644981 62097977
389678683 41580016
389744216 37388955
390388448 65197768 389644981 62097977
390388597 65197768 389678683 41580016
390388722 65197768 389744216 37388955
390389513 justhfn
390389923 65197768 390389513 justhfn
390389994 mimimojo
390390380 RenAlie
390390696 65197768 390390380 RenAlie
390390856 65197768 390389994 mimimojo
390390891 kezen
390391585 justhfn 390389923 65197768
390392083 57862520
390392288 65197768 390391585 justhfn
390392425 65197768 390392083 57862520
390392823 65197768 390390891 kezen
390393222 justhfn 390392288 65197768
390393369 kezen 390392823 65197768
390393659 only9205
390394151 only9205
390395215 57972195
390395246 65197768 390393659 only9205
390395526 65197768
390395782 RenAlie 390390696 65197768
390395852 65197768 390394151 only9205
390396126 65197768 390395782 RenAlie
390396133 kezen 390395526 65197768
390396587 65197768 390396133 kezen
390396831 RenAlie 390396126 65197768
390397028 only9205 390395246 65197768
390397963 only9205 390395852 65197768
390398802 freesia319
390399244 kezen 390396587 65197768
390399553 65197768 390397963 only9205
390399841 65197768 390399244 kezen
390400168 65197768 390398802 freesia319
390401380 only9205 390399553 65197768
390401410 kezen 390399841 65197768
390401964 65197768 390401410 kezen
390402590 65197768 390401380 only9205
390402612 kezen 390401964 65197768
390405611 only9205
390406984 mimimojo 390390856 65197768
390409330 65197768
390409527 65197768 390406984 mimimojo
390409754 65197768 390402612 kezen
390411737 kezen 390409754 65197768
390412571 65197768 390411737 kezen
390412794 41580016 390388597 65197768
390414486 mimimojo 390409527 65197768
390428359 65197768 390414486 mimimojo
390433407 only9205 390409330 65197768
390434104 65197768 390433407 only9205
390434161 only9205
390434643 only9205 390434104 65197768
410412153 66243355
410469936 52434707
410822758 2996377
410923905 4336349
410924582 40458126
411477366 54006154 388383607 65197768
411604810 simplelala
411945128 kikiya123
419448764 47911245
419453702 mitty_abby
