388449508 60842524
388450645 33975286 388449508 60842524
388452676 60842524 388450645 33975286
388452803 yvonne718
388453123 lalamie
388453380 61321389
388453649 NaGeXiaoMing
388453652 3939279
388453669 33975286
388454445 33975286 388452803 yvonne718
388454760 60842524 388453669 33975286
388455385 33975286 388454760 60842524
388456084 33975286 388453123 lalamie
388457681 33975286 388453380 61321389
388457922 33975286 388453649 NaGeXiaoMing
388458017 33975286 388453652 3939279
388458694 2019495
388458889 3678005
388459082 Rosazhang
388461287 NaGeXiaoMing 388457922 33975286
388461823 33975286 388458889 3678005
388462149 Cason777
388462370 hezzzz
388463189 35753983
388464626 laceylx
388473745 dingzc
388475034 hierr
388475831 1513821
388475899 46252537
388475931 33975286
388476312 mrscorwin 388462149 Cason777
388476352 33975286 388475831 1513821
388482302 hierr 388475931 33975286
388487540 33975286 388459082 Rosazhang
388487641 33975286 388461287 NaGeXiaoMing
388487952 33975286 388482302 hierr
388488606 hierr 388487952 33975286
388489429 wangymy
388490318 yvonne718 388454445 33975286
388490538 33975286 388488606 hierr
388490675 33975286 388489429 wangymy
388490777 33975286 388490318 yvonne718
388491970 amq1
388492601 44896000
388492609 wangymy
388493303 hierr 388490538 33975286
388493403 33975286 388491970 amq1
388493410 yvonne718 388490777 33975286
388493460 Orange_Nation
388494095 33975286 388492601 44896000
388494198 33975286 388493410 yvonne718
388494438 33975286 388492609 wangymy
388497363 chchiicacacgogo
388497915 33975286 388497363 chchiicacacgogo
388501465 wangymy 388494438 33975286
388502810 48557449
388510637 2081443
388524397 NaGeXiaoMing 388487641 33975286
388527454 winnie_lawiel
388533923 Rosazhang 388487540 33975286
388535176 46522940
388536874 64584193
388537706 yangmoremore
388540200 toxic717
388540396 51727694
388545092 4414113
388548924 ONLY-mm
388553722 likn
388590041 yangmoremore 388540396 51727694
388627452 58436709
388629340 43803987
388631207 45653094
388636677 11627336
388637921 56638355
388649498 45653094 388637921 56638355
388651210 60423502
388658721 4202007
388660963 zouyazou
388851494 51727694 388590041 yangmoremore
388852523 yangmoremore 388851494 51727694
388867016 33975286 388501465 wangymy
388867181 33975286 388502810 48557449
388867247 33975286 388510637 2081443
388867396 33975286 388527454 winnie_lawiel
388867736 33975286 388533923 Rosazhang
388867860 33975286 388535176 46522940
388868244 33975286 388537706 yangmoremore
388868710 33975286 388540200 toxic717
388868887 33975286 388540396 51727694
388869315 33975286
388869455 33975286 388548924 ONLY-mm
388876112 yangmoremore 388868244 33975286
388876984 33975286 388553722 likn
388877083 33975286 388876112 yangmoremore
388877625 33975286
388877698 33975286 388629340 43803987
388877782 33975286 388631207 45653094
388877939 33975286 388636677 11627336
388878270 33975286 388637921 56638355
388878473 yangmoremore 388877083 33975286
388878655 33975286 388651210 60423502
388879334 33975286 388658721 4202007
388879465 33975286 388660963 zouyazou
388879624 33975286 388878473 yangmoremore
388881779 yuguangyao001
388883055 33975286 388881779 yuguangyao001
388884155 64524760
388913864 4080316
388917063 52718307
388939037 2938206
389096766 zouyazou 388879465 33975286
389100236 45653094
389134861 41627145
389143958 4202007 388879334 33975286
389154679 33975286 388884155 64524760
389154762 33975286 388913864 4080316
389155541 33975286 388917063 52718307
389156515 33975286 388939037 2938206
389156562 33975286 389096766 zouyazou
389156828 33975286 389100236 45653094
389156940 33975286 389134861 41627145
389157118 33975286 389143958 4202007
389158204 43443422
389159832 wangpeng218x
389160128 wangpeng218x
389161271 leonfantacy
389161841 50721964
389164889 tiffanyYUYI
389184923 64524760 389154679 33975286
389190259 33975286 389158204 43443422
389190943 57486573
389192406 33975286
389192516 33975286 389161271 leonfantacy
389194024 2770273
389200668 33975286 389194024 2770273
389208614 daibaobao
389211064 chinchyi
389212634 58436709
389212911 50086535
389216309 45657471
389216488 41627145 389156940 33975286
389218500 33975286 389161841 50721964
389222599 3546897
389232430 49948992
389232733 49283739
389269515 2770273
389274773 XC911
389275888 45653094
389309315 miiya
389312672 48425804
389315136 meanwu
389315987 45233114
389358780 mabi27
389395167 52434650
389468051 33975286 389274773 XC911
389480422 33975286 389358780 mabi27
389485193 33975286
389485594 33975286 389184923 64524760
389485830 33975286
389486177 33975286 389190943 57486573
389486405 33975286 389269515 2770273
389487113 33975286 389222599 3546897
389487203 33975286 389232430 49948992
389487444 33975286 389275888 45653094
389487728 33975286 389312672 48425804
389490157 33975286 389315987 45233114
389490813 33975286 389315136 meanwu
389491019 33975286 389395167 52434650
389499204 2770273 389486405 33975286
389503095 33975286 389499204 2770273
389506867 44831953
389526404 57486573 389486177 33975286
389527795 33975286 389526404 57486573
389527849 33975286 389506867 44831953
389530920 57486573 389527795 33975286
389541834 47145910
389563156 meanwu 389490813 33975286
389796789 41266824
389801638 54278831
389814878 47840663
389817757 43942002
390293604 bolijiao
390327529 SANZOU
390332002 58052459
390348869 48601577
390351800 53534943
390403447 33975286 389530920 57486573
390403600 33975286 389541834 47145910
390403901 33975286 389563156 meanwu
390403957 33975286 389796789 41266824
390404806 33975286
390404962 33975286 389814878 47840663
390405903 33975286 389817757 43942002
390406962 33975286 390293604 bolijiao
390407232 33975286 390327529 SANZOU
390407398 33975286 390332002 58052459
390407981 33975286 390348869 48601577
390408207 33975286 390351800 53534943
390413988 53534943
390414764 yangmoremore
392292595 33975286
392292736 33975286
392293216 33975286
392296632 33975286
392297297 33975286
392297806 33975286
392298285 33975286
392300235 CANCAN198787
392300284 33975286
392300507 33975286
392301878 33975286
392302268 33975286
392302364 33975286
392302413 33975286
392302416 lily-H 392293216 33975286
392302629 33975286
392303110 33975286 392302416 lily-H
392303328 33975286
392303378 33975286
392303583 4881962
392303594 lily-H
392303601 33975286
392304039 33975286 392303594 lily-H
392304204 33975286 392303583 4881962
392304234 magicutopia 388450645 33975286
392304256 lily-H 392304039 33975286
392305100 XYST4XDUSTB
392305409 33975286 392304256 lily-H
392305789 33975286
392305840 4881962 392304204 33975286
392306062 33975286
392306194 33975286 392305840 4881962
392306769 4881962 392306194 33975286
392306873 4881962 392306194 33975286
392308347 33975286
392308477 33975286 392306873 4881962
392308623 33975286
392308687 33975286
392309135 33975286
392309372 33975286
392309515 33975286 392300235 CANCAN198787
392311893 shinkunn
392312863 56638355
392313297 shinkunn
392318778 XYST4XDUSTB 392305789 33975286
392321976 44433329
392330098 2970039 392292595 33975286
392331842 4881962 392308477 33975286
392332406 47040626
392339248 cherrybang
392349868 vickiffini 392302629 33975286
392355570 33975286 392312863 56638355
392355666 33975286 392313297 shinkunn
392356245 33975286
392356333 33975286 392321976 44433329
392356484 33975286 392330098 2970039
392356534 33975286 392331842 4881962
392356688 33975286 392332406 47040626
392356731 33975286 392339248 cherrybang
392357646 35711522
392357767 33975286
392357802 33975286 392357646 35711522
392366138 XYST4XDUSTB
392370833 fushengwei
392384234 deckel
392385275 35087113
392398379 4881962 392356534 33975286
392399760 55814237
392406240 46318220
392414719 lily-H
392419710 56638355
392450204 zhousb 392303601 33975286
392456704 shell0622
392469001 47040626 392356688 33975286
392475314 3542473
392475862 lily-H
392541582 52481628
392593720 vickiffini
392607035 rayn1ce
392607413 33975286
392607794 33975286 392370833 fushengwei
392607971 33975286 392384234 deckel
392608049 33975286 392385275 35087113
392608109 33975286 392398379 4881962
392608264 33975286 392399760 55814237
392608516 33975286 392406240 46318220
392608574 33975286 392414719 lily-H
392608941 33975286 392419710 56638355
392609072 33975286 392450204 zhousb
392609326 33975286 392456704 shell0622
392609497 33975286 392469001 47040626
392609796 33975286 392475314 3542473
392609908 33975286 392475862 lily-H
392610388 33975286 392541582 52481628
392614123 52481628
392616646 33975286
392616825 33975286
392616921 33975286 392607035 rayn1ce
392617052 33975286 392614123 52481628
392617966 52481628 392617052 33975286
392619082 48709534
392619416 48709534
392621638 2893303
392622324 magicutopia
392622988 48709534 392622324 magicutopia
392624479 deckel 392607971 33975286
392629952 magicutopia 392622988 48709534
392630087 1797158
392637600 45378061
392639306 Hey-Hey
392651057 XYST4XDUSTB 392607413 33975286
392682326 vickiffini 392616646 33975286
392682574 vickiffini
392683252 mayday0521
392839714 33975286 392619416 48709534
392839825 33975286 392621638 2893303
392839872 33975286 392622324 magicutopia
392839976 33975286 392624479 deckel
392840395 33975286 392630087 1797158
392840445 33975286 392637600 45378061
392841518 magicutopia 392839872 33975286
392841695 33975286 392639306 Hey-Hey
392842178 33975286
392843458 33975286 392651057 XYST4XDUSTB
392843636 33975286 392682326 vickiffini
392843687 33975286 392683252 mayday0521
392843844 magicutopia 392842178 33975286
392846312 33975286 392843844 magicutopia
392848374 magicutopia 392846312 33975286
392849239 Sixshot.
392855324 56638355 392608941 33975286
392856327 33975286 392855324 56638355
392856444 33975286 392849239 Sixshot.
392856536 33975286 392848374 magicutopia
392858768 haozipapa
392864778 33975286
392867908 haozipapa 392864778 33975286
392879474 33975286
392965665 vickiffini 392843636 33975286
392986875 50459588 392303328 33975286
392989513 47786536
393003811 54524932
393055008 54036754
393055252 54036754
393069298 48709534 392839714 33975286
393156605 33975286
393157585 33975286
393158124 33975286 392986875 50459588
393158188 33975286 392989513 47786536
393158272 33975286 393003811 54524932
393158485 33975286 393055008 54036754
393158598 33975286 393069298 48709534
393162427 beibeisu
393163807 33975286
393164350 beibeisu 393163807 33975286
393164711 missmarguerite
393164942 33975286
393164989 33975286 393164711 missmarguerite
393165570 47786536 393158188 33975286
393165597 crystaldyw
393165701 beibeisu 393164942 33975286
393182024 koperfect
393196579 vickiffini
393276007 deckel 392839976 33975286
393278184 62153248
393288669 50459588 393158124 33975286
393294808 cheerwarm
393298584 54036754
393302040 shinkunn
393317079 48709534 393158598 33975286
393317223 48709534 393294808 cheerwarm
393332857 48308384
393340023 cheerwarm 393317223 48709534
393346644 paradise2U
393356417 48709534 393340023 cheerwarm
393360654 cheerwarm
393433690 48709534 393360654 cheerwarm
393487259 haozipapa 393156605 33975286
393492764 shadowdl
393496105 lovesunday
393510498 34659477
393555839 33975286 393165570 47786536
393556162 33975286 393165597 crystaldyw
393556783 33975286 393165701 beibeisu
393559947 33975286 393182024 koperfect
393560254 33975286 393196579 vickiffini
393561503 33975286 393278184 62153248
393561539 33975286 393288669 50459588
393561706 33975286 393294808 cheerwarm
393561982 33975286 393298584 54036754
393562338 33975286 393302040 shinkunn
393562474 33975286 393317079 48709534
393562554 33975286 393332857 48308384
393567856 candyhu
393563171 33975286 393346644 paradise2U
393569298 57918756
393563256 4495581
393572184 yysunnyy
393563378 33975286
393601763 beibeisu 393556783 33975286
393563741 33975286 393492764 shadowdl
393665415 lovesunday
393565065 33975286 393496105 lovesunday
393667342 crystaldyw 393556162 33975286
393669683 shero-
393565185 33975286 393510498 34659477
393565239 33975286 393563256 4495581
393710505 vickiffini 393560254 33975286
393713849 sigrid0413
393715471 sigrid0413
393716914 sigrid0413
393719064 48709534 393562474 33975286
393753860 haozipapa 393563378 33975286
393819128 51727694
393834803 33975286 393567856 candyhu
393835171 33975286 393569298 57918756
393835224 33975286 393572184 yysunnyy
393835315 33975286 393601763 beibeisu
393835530 33975286 393665415 lovesunday
393835599 33975286 393667342 crystaldyw
393835661 33975286 393669683 shero-
393835789 33975286 393710505 vickiffini
393836564 33975286 393713849 sigrid0413
393836718 33975286 393719064 48709534
393836883 33975286
393837063 crystaldyw 393835599 33975286
393837312 shadowdl 393563741 33975286
393837780 33975286 393819128 51727694
393838132 33975286 393837063 crystaldyw
393838768 33975286 393837312 shadowdl
393838951 beibeisu 393835315 33975286
393839426 Deuxpieds
393843301 aaaaaban
393849884 sigrid0413
393851901 49103324
393864608 crystaldyw
393865191 33975286 393839426 Deuxpieds
393865316 33975286 393838951 beibeisu
393865394 33975286
393865457 33975286 393843301 aaaaaban
393865801 33975286 393849884 sigrid0413
393866566 62153248 393561706 33975286
393868610 sigrid0413
393869286 33975286 393866566 62153248
393869553 33975286 393868610 sigrid0413
393887979 sigrid0413
393888637 sigrid0413
393897649 33975286 393887979 sigrid0413
393922238 48709534 393836718 33975286
393923100 62153248 393869286 33975286
393939574 sigrid0413
394012622 paradise2U 393563171 33975286
394162745 haozipapa 393836883 33975286
394389735 54202533 392308347 33975286
394470890 48101216
394471232 48101216 394012622 paradise2U
394474068 2474050
394496643 4881962
394592456 33975286 394496643 4881962
394673099 4881962 394592456 33975286
395258404 sigrid0413
395311943 haiyangchen 395258404 sigrid0413
395315741 yoyo2010
395322869 cheerwei
395327934 63381757
395336864 65552814
395350830 lvyunqian
395366320 sigrid0413 395311943 haiyangchen
395370145 haiyangchen 395366320 sigrid0413
395373470 sigrid0413 395370145 haiyangchen
396335141 sarahhhhhh
396338275 haiyangchen 395373470 sigrid0413
396346058 ither
396347924 51289180
396368639 4881962
396467481 haiyangchen 396347924 51289180
396501576 33975286
396614247 41187865
396615076 41187865
396993868 ONLY-mm
397003322 48101216 393567856 candyhu
397006226 55342400
397043588 candyhu
397093841 56638355
397095378 62085185
397100712 45932604
397104425 2779212
397209730 33975286 393922238 48709534
397209864 33975286 393923100 62153248
397210171 33975286 393939574 sigrid0413
397210216 33975286 394012622 paradise2U
397210286 33975286 394162745 haozipapa
397210333 33975286 394389735 54202533
397210432 33975286 394470890 48101216
397210604 33975286 394474068 2474050
397210698 33975286 394673099 4881962
397210883 33975286 395258404 sigrid0413
397210923 33975286 395315741 yoyo2010
397210958 33975286 395322869 cheerwei
397211566 33975286 395336864 65552814
399655557 33975286
399656503 33975286
399656681 33975286
399657025 xfshine0430
399659683 33975286 399657025 xfshine0430
399678226 ONLY-mm
399679326 33975286 399678226 ONLY-mm
399686235 ONLY-mm
399748397 zhouzhuojun
399753548 28584112
399792531 TNML
399793485 48709534 399656681 33975286
399809821 moron_xz
399828564 gxy711
400009895 33975286 399686235 ONLY-mm
400010362 33975286 399748397 zhouzhuojun
400010436 33975286 399753548 28584112
400010558 33975286
400011102 33975286
400011536 33975286 399828564 gxy711
400015823 moron_xz 400011102 33975286
400026250 33975286
400032929 moron_xz 400026250 33975286
400062534 haiyangchen
400081256 zhouzhuojun
400113121 ONLY-mm
400175721 56808465
400223954 moron_xz 400062534 haiyangchen
400244090 insist301
400317025 33975286
400317115 33975286 400081256 zhouzhuojun
400318210 33975286 400113121 ONLY-mm
400318356 33975286 400244090 insist301
400323673 ONLY-mm
400329382 33975286 400323673 ONLY-mm
400330521 ONLY-mm 400329382 33975286
400330834 33975286 400330521 ONLY-mm
400451245 pussy0pu
400480495 insist301 400318356 33975286
400526263 insist301
400557888 33975286
400566953 insist301 400557888 33975286
400589205 misspeach333 388450645 33975286
400721176 ONLY-mm 400451245 pussy0pu
400721623 ONLY-mm
400735367 33975286
400735719 33975286
400735994 33975286 400589205 misspeach333
400736317 33975286 400721623 ONLY-mm
400737115 1644310 388493403 33975286
400739389 sweetdrug2
400739407 insist301 400735719 33975286
401000204 ONLY-mm
401104311 cherry_9035
401333477 47025948
401701897 laceylx
401864514 4246749 388877698 33975286
401924454 haiyangchen
402707238 33975286 400739389 sweetdrug2
402707524 33975286 400739407 insist301
402707994 33975286 400737115 1644310
402708247 33975286 401000204 ONLY-mm
402708323 33975286 401104311 cherry_9035
402708633 33975286 401333477 47025948
402708888 33975286 401701897 laceylx
402708995 33975286 401864514 4246749
402709275 33975286 401924454 haiyangchen
402737914 magicutopia 400011102 33975286
402816853 48101216 402707524 33975286
402823668 48687443
402830261 51298263
402836322 ymcq
402857926 59702813
403168019 haiyangchen 402709275 33975286
403168100 haiyangchen 402836322 ymcq
403168163 haiyangchen
403204202 61753267
403208097 58465277
403260970 66508841
403263767 xinyidear
403264220 64468976
403361203 ONLY-mm
403390855 haiyangchen 403263767 xinyidear
403391063 haiyangchen 403260970 66508841
403391191 haiyangchen 403208097 58465277
403469037 58465277 403391191 haiyangchen
403471537 52052506
403474107 49447253
403476836 haiyangchen 403469037 58465277
403476974 haiyangchen 403474107 49447253
403478764 ceciliashan
403487834 49447253 403476836 haiyangchen
403499204 58465277 403476836 haiyangchen
403511785 haiyangchen
404234691 48672917
404298873 haiyangchen
404307789 48672917 404298873 haiyangchen
404308036 haiyangchen 404307789 48672917
404315334 42259551
404316581 48092450
397845452 44323685
397869743 48709534
397878423 mandyjmx
397898518 55342400
397987886 haozipapa 397210286 33975286
398062593 50798252
398215861 xfshine0430
398245480 pumann
398269851 56638355
398303290 47343026
398341873 33975286
398342053 33975286
398342244 33975286
398342581 33975286
398342642 33975286
398343211 33975286
398343873 33975286
398344343 33975286 397845452 44323685
398344602 33975286
398344886 33975286 397878423 mandyjmx
398345119 33975286 397898518 55342400
398345242 33975286 398062593 50798252
398345254 33975286 397987886 haozipapa
398345461 33975286 398215861 xfshine0430
398345647 33975286 398245480 pumann
398345935 33975286 398269851 56638355
398348210 zhouzhuojun 398345935 33975286
398348656 isyaoran
398348811 33975286
398349191 33975286 398348210 zhouzhuojun
398349685 33975286
398350043 isyaoran
398350213 zhouzhuojun 398349191 33975286
398350770 isyaoran
398351462 isyaoran
398352171 33975286 398350213 zhouzhuojun
398352955 33975286 398350043 isyaoran
398354265 isyaoran
398354320 zhouzhuojun
398355160 isyaoran
398355367 33975286 398354320 zhouzhuojun
398355578 33975286 398355160 isyaoran
398355896 zhouzhuojun 398355367 33975286
398356319 isyaoran
398358074 isyaoran
398359363 isyaoran
398361015 isyaoran
398361601 isyaoran
398361687 isyaoran
398386931 fishshuo
398389560 Yvett3
398391910 44323685
398394336 47343026
398424230 48709534 398344602 33975286
398486287 41187865
398486775 xfshine0430 398345461 33975286
398491780 2278020
398492026 2278020
398499001 57331401
398640625 ONLY-mm
399192448 litigarer
399219235 zhouzhuojun
399221185 17806887
399328958 33975286 399219235 zhouzhuojun
399329540 33975286 398355896 zhouzhuojun
399332031 33975286 398361601 isyaoran
399332657 33975286 398386931 fishshuo
399332717 33975286 398389560 Yvett3
399333489 33975286
399333815 33975286 398394336 47343026
399333976 33975286 398424230 48709534
399334397 33975286
399335577 33975286 398486775 xfshine0430
399336520 33975286
399336583 33975286 398499001 57331401
399336796 33975286 398640625 ONLY-mm
399337003 33975286 399192448 litigarer
399338929 44323685
399347850 33975286 399221185 17806887
399348414 33975286
399348683 54347311
399415785 leeqiao
399439831 66154910
399449277 zhouzhuojun
399508661 48709534 399333976 33975286
399557934 zhouzhuojun
399570498 4246749
399605235 ONLY-mm 399336796 33975286
399606039 ONLY-mm 399415785 leeqiao
399620465 33975286 399348683 54347311
399620901 33975286 399415785 leeqiao
399621199 33975286 399439831 66154910
399621416 33975286 399449277 zhouzhuojun
399621530 33975286 399508661 48709534
399622255 33975286 399557934 zhouzhuojun
399622324 33975286 399570498 4246749
399622507 33975286 399605235 ONLY-mm
399632631 moron_xz
399635605 4246749
399638611 48709534 399621530 33975286
397211614 33975286 395350830 lvyunqian
397211908 yaoxiaoqian
397211948 39694019
397212375 33975286 395373470 sigrid0413
397212413 33975286 396335141 sarahhhhhh
397212453 33975286 396347924 51289180
397212526 33975286 396368639 4881962
397212737 33975286
397213015 33975286 396993868 ONLY-mm
397213179 33975286 397006226 55342400
397213248 33975286 397043588 candyhu
397213481 33975286 397093841 56638355
397213556 33975286 397095378 62085185
397213615 33975286 397100712 45932604
397213701 33975286 397104425 2779212
397213936 33975286 397211908 yaoxiaoqian
397216428 liu773780263
397217887 56638355
397218969 52449849
397220227 decstar
397236981 55342400 397213179 33975286
397238069 48709534 397209730 33975286
397250490 62085185 397213556 33975286
397251701 47370540 388877698 33975286
397252856 49423198
397303894 paradise2U 394471232 48101216
397347227 isyaoran
397354753 xawa 388540200 toxic717
397360593 sigrid0413 397212375 33975286
397370541 ONLY-mm 397213015 33975286
397376412 TNML
397396000 53299652
397478819 mandyjmx
397501302 4881962 397212526 33975286
397507341 breathing-yan
397519109 1705552
397526729 zhouzhuojun 388459082 Rosazhang
397544060 wannafay 397213936 33975286
397548533 57436077
397550248 smaosta
397559557 44323685
397585169 lillianQ
397604546 48101216
397612869 53402895
397652265 57922326
397662661 haiyangchen 397360593 sigrid0413
397662984 haiyangchen 397559557 44323685
397668659 33975286 397217887 56638355
397668718 33975286 397218969 52449849
397668882 33975286 397220227 decstar
397669003 33975286 397236981 55342400
397669187 33975286
397669330 33975286 397250490 62085185
397669472 33975286 397251701 47370540
397669595 33975286 397252856 49423198
397669691 33975286 397347227 isyaoran
397669748 33975286 397360593 sigrid0413
397669915 33975286 397370541 ONLY-mm
397669992 33975286 397376412 TNML
397670036 33975286 397396000 53299652
397670333 33975286
397670529 33975286 397501302 4881962
397670630 33975286 397507341 breathing-yan
397670689 33975286 397519109 1705552
397670909 33975286 397526729 zhouzhuojun
397671160 2728555
397672863 33975286 397544060 wannafay
397673482 33975286 397548533 57436077
397673541 33975286 397550248 smaosta
397673685 oranzhi
397674617 ONLY-mm
397674835 ONLY-mm 397673685 oranzhi
397676191 oranzhi 397674835 ONLY-mm
397676884 ONLY-mm 397676191 oranzhi
397678141 33975286 397559557 44323685
397678390 33975286 397585169 lillianQ
397678505 33975286 397604546 48101216
397678570 33975286 397612869 53402895
397678750 33975286 397652265 57922326
397678892 33975286 397671160 2728555
397678988 33975286 397674617 ONLY-mm
397679168 33975286 397673685 oranzhi
397680954 oranzhi 397676884 ONLY-mm
397681714 oranzhi 397679168 33975286
397682599 33975286 397681714 oranzhi
397683502 57922326 397678750 33975286
397686539 2728555
397687047 2728555
397691082 oranzhi
397691546 33975286 397683502 57922326
397691781 33975286 397686539 2728555
397691864 33975286 397691082 oranzhi
397694571 zhouzhuojun
397707889 57922326
397712571 bokunomirai
397713500 isyaoran 397669691 33975286
397722765 qicocoa
397729157 2728555 397691781 33975286
397730873 2728555
397775752 9998453
391370306 58462933
391370942 33975286
391371099 33975286
391372932 33975286
391373067 33975286
391373110 33975286
391373155 33975286
391374232 33975286
391374442 33975286
391374524 33975286
391374604 33975286
391374679 33975286
391374727 33975286
391375672 33975286
391375771 33975286
391375934 thx4visiting
391376267 33975286
391376363 33975286
391377101 33975286
391377179 33975286 391370306 58462933
391377301 33975286 391375934 thx4visiting
391378918 27291789
391378981 thx4visiting
391379301 2701612
391379803 33975286 391378918 27291789
391379832 33975286 391378981 thx4visiting
391379888 33975286 391379301 2701612
391380865 senses058
391381192 27291789 391379803 33975286
391382025 58408424
391389358 kevinenroute
391391326 60673463
391393429 3807930
391395444 Fitzwilliam
391396813 26659176
391440146 52605109
391576328 62008084
391630335 haozipapa
391632559 34896336
391637670 haiyangchen 391630335 haozipapa
391638062 haozipapa 391637670 haiyangchen
391639554 33975286 391380865 senses058
391639992 33975286 391381192 27291789
391640603 33975286 391382025 58408424
391640653 33975286 391389358 kevinenroute
391641335 33975286
391641698 33975286 391393429 3807930
391642406 33975286
391642703 33975286
391643177 33975286 391440146 52605109
391643363 33975286 391576328 62008084
391643533 33975286 391630335 haozipapa
391644414 33975286 391632559 34896336
391644772 33975286 391637670 haiyangchen
391644876 33975286 391638062 haozipapa
391646562 60673463 391641335 33975286
391648403 60547163
391648842 33975286 391646562 60673463
391650442 58153632
391657431 43192862
391657587 4881962
391660401 45370827
391662282 33975286
391662514 33975286 391657587 4881962
391663124 33975286 391660401 45370827
391663251 33975286 391650442 58153632
391664939 4881962 391662514 33975286
391668990 51727694
391673341 33975286 391664939 4881962
391673418 33975286 391668990 51727694
391681170 4881962 391673341 33975286
391684228 2970039
391685044 52605109 391643177 33975286
391699412 lily-H
391703439 shell0622
391703859 3406899
391705916 52481628
391709422 qulinzhang
391711557 56638355
391751635 vikkiwang
391780713 buleann 391374604 33975286
391785030 shinkunn
391809943 shinkunn
391831635 lily-H 391809943 shinkunn
391846863 xy1992113
391854329 64113627
391858551 vickiffini
391879260 50459588
391897464 2312613
391897693 2312613
391900543 zhousb
391945515 dmcker 391703439 shell0622
391951048 shinkunn
392115663 54202533 391376363 33975286
392116077 tan0image
392128888 55596008
392202488 ladycat2046
392215706 shell0622 391945515 dmcker
392238384 dmcker 392215706 shell0622
392291753 33975286 391681170 4881962
390414819 yangmoremore
390414869 yangmoremore
390414914 yangmoremore
390416746 50937250
390416905 33975286 390413988 53534943
390416977 33975286 390414764 yangmoremore
390417053 33975286 390416746 50937250
390467548 53549837
390471124 49334435
390479053 33975286 390467548 53549837
390479202 33975286 390471124 49334435
390480833 weiweiwei129
390484923 momo-w
390488318 58052459 390407398 33975286
390492776 58052459 390407398 33975286
390494618 bravedelia
390584474 33975286 390480833 weiweiwei129
390584509 33975286 390484923 momo-w
390584593 33975286 390492776 58052459
390584640 33975286 390494618 bravedelia
390586247 lost-M
390586514 3546897 389487113 33975286
390590107 lost-M
390595063 33975286 390586247 lost-M
390595995 33975286 390586514 3546897
390614263 3546897 390595995 33975286
390618131 lost-M 390595063 33975286
390708053 43942002
390710755 vippasser
390728510 53549837 390479053 33975286
390740287 33975286 390614263 3546897
390740732 33975286 390618131 lost-M
390745900 McDarcy
390751271 senses058
390756740 51650568
390756833 51650568
390764524 40751310
390764695 46067720
390834013 haozipapa
391006285 51145495
391007365 4622933
391044846 33975286 390708053 43942002
391044926 33975286 390710755 vippasser
391045033 33975286 390728510 53549837
391046245 33975286 390745900 McDarcy
391046623 33975286 390751271 senses058
391046912 33975286 390756740 51650568
391047023 33975286 390764524 40751310
391047095 33975286 390764695 46067720
391047838 33975286
391048326 veraindream
391053219 senses058
391059399 51650568 391046912 33975286
391062515 51650568
391064178 33975286 391006285 51145495
391064285 33975286 391007365 4622933
391064503 33975286 391048326 veraindream
391064721 33975286 391053219 senses058
391064942 33975286 391059399 51650568
391065052 33975286 391062515 51650568
391065774 51650568 391064942 33975286
391066327 51650568 391065052 33975286
391069926 weiyi05061210
391108680 62440215
391109213 senses058
391109380 3510942
391109394 58953536
391109812 49863625
391111650 mengyoumomo
391114358 41595553
391114360 41595553
391114864 48101216
391115681 52605109
391116018 42741125
391121437 thx4visiting
391126561 51145495
391150487 sigrid0413
391178160 62866131
391179276 48667604
391211881 50180321
391219515 haiyangchen
391222184 Godloverabbit
391242663 buleann
391254932 genie37
391259062 realsugar
391267728 3543190
391278717 2643308
391280265 kevinenroute
391283634 54202533
391332125 Fitzwilliam
391368991 33975286 391066327 51650568
391369109 33975286 391069926 weiyi05061210
391369331 33975286 391109213 senses058
391369395 33975286 391109380 3510942
391369534 33975286 391109394 58953536
391369607 33975286 391109812 49863625
391369684 33975286 391111650 mengyoumomo
391369954 33975286 391114358 41595553
391369998 33975286 391114864 48101216
391370050 33975286 391115681 52605109
418376481 33975286
418376666 33975286
418376956 64065583
418377038 33975286
418377165 33975286
418377304 33975286
418377357 33975286 418376956 64065583
418377427 45376036
418377438 33975286
418377771 33975286 418377427 45376036
418377895 33975286
418377949 33975286
418378034 33975286
418378082 33975286
418378120 33975286
418378172 33975286
418378596 33975286
418378937 4044366
418378951 33975286
418380694 33975286
418381357 63049988 418377038 33975286
418381363 33975286 418378937 4044366
418382882 44071751 418376666 33975286
418383136 33975286 418381357 63049988
418383245 33975286 418382882 44071751
418383323 33975286
418383392 33975286
418383444 33975286
418383562 52169431
418383639 33975286
418383748 ivylazy
418383761 33975286 418383562 52169431
418383792 52169431 418383136 33975286
418383800 33975286 418383748 ivylazy
418384039 33975286 418383792 52169431
418384112 44071751
418384453 52169431 418384039 33975286
418384685 33975286 418384112 44071751
418384848 33975286 418384453 52169431
418385289 52169431 418384848 33975286
418385599 52169431
418385747 33975286 418385289 52169431
418385823 33975286 418385599 52169431
418386084 52169431 418385747 33975286
418386804 52169431 418385823 33975286
418388780 panda_sissi 418380694 33975286
418392596 lylovemq 418383639 33975286
418393234 33975286 418386804 52169431
418393343 33975286 418388780 panda_sissi
418393487 33975286 418392596 lylovemq
418398625 15990711
418410878 33975286 418398625 15990711
418412781 64471122
418495057 nonamecat
418507078 44350031
418509492 64021503
418515385 chloe930
418522990 48391798 388527454 winnie_lawiel
418525886 huhupanda
418527375 4474046
418553270 15990711
418570247 sttimedb
418575863 43211084
418580740 4151926 388453649 NaGeXiaoMing
418606049 15990711
418636152 lylovemq
418680562 46522940
419314948 27070162
419337933 candyhu
419338602 cic-cic
419468996 46490825
419471886 ONLY-mm
419496108 43042290 418377895 33975286
416221652 3573427
416254441 ONLY-mm
416259159 dolffei
416309347 yang7si
416319020 54524932
416328418 panda_sissi
416396979 nonamecat
416397841 nonamecat 416309347 yang7si
416398915 nonamecat 416259159 dolffei
416399960 nonamecat
416401303 nonamecat 416221652 3573427
416402408 nonamecat
416402839 3383532
416403172 3383532
416448741 52094989
416452639 huluyao
416570955 ONLY-mm
416577329 53966317
416610329 51086239
416677962 33975286
416687569 33975286 416221652 3573427
416687755 33975286 416254441 ONLY-mm
416688045 33975286 416259159 dolffei
416688424 33975286 416309347 yang7si
416688495 33975286 416319020 54524932
416688654 33975286 416328418 panda_sissi
416688865 3573427 416687569 33975286
416688967 33975286
416689258 33975286 416688865 3573427
416689262 33975286 416688865 3573427
416689402 33975286
416689480 33975286
416689589 33975286 416401303 nonamecat
416689713 33975286 416402408 nonamecat
416689957 33975286 416402839 3383532
416690052 33975286 416403172 3383532
416690259 33975286 416448741 52094989
416690448 33975286 416452639 huluyao
416690669 33975286
416690766 33975286 416577329 53966317
416691484 33975286 416610329 51086239
416691820 3573427 416689258 33975286
416696873 58761407
416697897 33975286 416691820 3573427
416697953 33975286 416696873 58761407
416698364 57573863
416702553 33975286 416698364 57573863
416707581 58761407 416697953 33975286
416718482 33975286 416707581 58761407
416718829 58761407 416718482 33975286
416725925 52094989 416690259 33975286
416726634 51509494
416808622 49669044
416876025 49447253
416892916 haozipapa 416697953 33975286
416897212 67637889
417021969 dolffei 416688045 33975286
417028314 TOYOFF
417068775 33975286 416725925 52094989
417069049 33975286 416726634 51509494
417069169 33975286 416808622 49669044
417069421 33975286 416876025 49447253
417069498 33975286 416892916 haozipapa
417069568 33975286 416897212 67637889
417069723 33975286 417021969 dolffei
417069776 33975286 417028314 TOYOFF
417072019 dolffei 417069723 33975286
417073117 33975286 417072019 dolffei
417077281 49224119
417079658 33975286 417077281 49224119
417088945 33975286
417101154 haozipapa
417101530 33975286 417101154 haozipapa
417120500 49447253
417241922 1739959
417400357 45376036
417400463 49678525
417447408 44071751
417621246 63049988
417665412 57573863 388877698 33975286
417810384 43042290 416892916 haozipapa
417810508 ultraboy
417810550 43042290
417813971 40412411
417815472 haozipapa 417810384 43042290
417817257 59661042
417817757 43042290 417815472 haozipapa
417820769 66907574
417858518 57739335
417982888 nonamecat
417983576 nonamecat
418150528 panda_sissi
418152306 62709271
418152506 62709271
418153352 65939767
418159062 superdog014
418290319 lylovemq
418374600 33975286 417120500 49447253
418374681 33975286 417241922 1739959
418375989 33975286 417400357 45376036
404316847 48092450
404436233 66508841
404715449 4275202
404725563 1515297
404747364 42559871
404769370 64512321
404769921 63621017
405526957 19260710
405617702 1202227
405660060 38226385
405662195 33975286 405660060 38226385
405662296 foreversuer
405662361 33975286 405660060 38226385
405665939 51957009
405719898 38226385 405662361 33975286
405822866 33975286 405719898 38226385
405908395 47942994
405909254 mmming
405910129 37351157
405929536 50507587
407100265 33975286 402737914 magicutopia
407100394 33975286 402816853 48101216
407100445 33975286 402830261 51298263
407100567 33975286 402836322 ymcq
407100639 33975286 402857926 59702813
407100831 33975286 403168019 haiyangchen
407100922 33975286 403168163 haiyangchen
407101119 33975286 403204202 61753267
407101553 33975286 403208097 58465277
407102105 33975286 403260970 66508841
407102382 33975286 403263767 xinyidear
407102436 33975286 403264220 64468976
407102542 33975286 403361203 ONLY-mm
407102658 33975286 403391191 haiyangchen
407102705 33975286 403471537 52052506
407102900 33975286 403474107 49447253
407103045 33975286 403478764 ceciliashan
407103206 33975286 403487834 49447253
407103360 33975286 403499204 58465277
407103782 33975286
407104481 33975286 404315334 42259551
407104549 33975286 404316847 48092450
407104799 33975286 404436233 66508841
407105971 33975286 404715449 4275202
407109809 33975286 404725563 1515297
407109888 33975286 404747364 42559871
407110122 hezhiqian
407110476 33975286
407110584 33975286 404769921 63621017
407113212 33975286
407113366 33975286 405617702 1202227
407113930 33975286 405662296 foreversuer
407115265 33975286 405665939 51957009
407116487 33975286 405908395 47942994
407116614 33975286 405909254 mmming
407116685 33975286 405910129 37351157
407117646 33975286 405929536 50507587
407117898 33975286 407110122 hezhiqian
407118046 33975286 407110122 hezhiqian
407126374 foreversuer 407113930 33975286
407130140 hezhiqian 407118046 33975286
407132927 48672917
407133653 48672917
407150362 33975286 407130140 hezhiqian
407150777 33975286 407133653 48672917
407163106 44937867
407168468 58465277 407103360 33975286
407170253 mars9 388461823 33975286
407268187 51957009 407115265 33975286
407270802 kikibao
407287401 46193549
407507471 33975286 407163106 44937867
407508091 33975286 407168468 58465277
407508234 33975286 407170253 mars9
407508578 33975286 407268187 51957009
407508914 33975286 407270802 kikibao
407508966 33975286 407287401 46193549
407510044 mars9 407508234 33975286
407537703 33975286 407510044 mars9
407546733 mars9 407537703 33975286
407607993 kikibao 407508914 33975286
407620094 30741192
407735101 haozipapa
407850836 66589593
407864537 33975286 407546733 mars9
407865065 33975286 407607993 kikibao
407865499 33975286 407620094 30741192
407865570 33975286 407735101 haozipapa
407866337 33975286 407850836 66589593
407962306 kikibao 407865065 33975286
408004638 DaLaLa
408043766 paradise2U
408056349 66272609 399334397 33975286
408073831 42946521
408073832 42946521
408186214 51379336
408232370 33975286 407962306 kikibao
408232747 33975286 408004638 DaLaLa
408232916 33975286 408043766 paradise2U
408232967 50811004
408233015 50811004
408233129 33975286 408056349 66272609
408233212 33975286 408073831 42946521
408233605 33975286
408233710 33975286 408233015 50811004
408256026 34004703
408259639 33975286 408256026 34004703
408261849 34004703 408259639 33975286
408265336 33975286 408261849 34004703
408265746 4494362
408265860 4494362
408267737 34004703 408265336 33975286
408271631 33975286 408265860 4494362
408271751 33975286 408267737 34004703
408273477 4494362 408271631 33975286
408273959 34004703 408271751 33975286
408287583 Relfectia 388590041 yangmoremore
408293812 38438765
408296131 4449704
408297533 Hana119
408300656 65498410
408302156 65498410
408321159 yangmoremore 408287583 Relfectia
408368552 57583103
408418550 paradise2U
408445973 haozipapa 407865570 33975286
408446388 haozipapa 408287583 Relfectia
408447480 haozipapa
408472949 66272609 408265336 33975286
408497661 kikibao 408232370 33975286
408641177 evdream
408845937 58465277 407508091 33975286
409374604 52449849
409541958 43848298
410157514 41965273
410163990 mlittlebei
410294376 67120758
410525586 ONLY-mm
410526628 ONLY-mm 410294376 67120758
410529895 ONLY-mm 410157514 41965273
410659834 60842524
410662509 66933492
410696210 33975286
411022654 ymcq 410659834 60842524
411039447 60842524 411022654 ymcq
411048895 ymcq 411039447 60842524
411132852 xiaojiuser
411177417 ixierduo
411299032 ixierduo
411305946 ixierduo 399748397 zhouzhuojun
411312805 ixierduo
411361647 zhouzhuojun 411305946 ixierduo
411455904 ixierduo 411361647 zhouzhuojun
411456067 yuriiiii
411457403 50679455
411457558 65036244
411458322 3890672
411459555 1825508
411459744 lalafan
411462211 zhouzhuojun 411455904 ixierduo
411462386 ixierduo 411462211 zhouzhuojun
411464621 smilebabyx
411466132 48677000 388489429 wangymy
411466445 12197148
411472068 62942543
411477301 61341921
411479181 young-lazy 397712571 bokunomirai
411479294 young-lazy
411479917 young-lazy
411514174 wangymy 411466132 48677000
411530239 fleurz
412766883 1817704
412844607 33975286 408273477 4494362
412844851 33975286 408273959 34004703
412845545 33975286 408287583 Relfectia
412845875 33975286 408293812 38438765
412846653 33975286 408296131 4449704
412857837 33975286 411048895 ymcq
412846834 33975286 408297533 Hana119
412858146 33975286 411132852 xiaojiuser
412858436 52756099
412847279 33975286 408300656 65498410
412859262 33975286 411299032 ixierduo
412847530 33975286 408368552 57583103
412859995 33975286 411312805 ixierduo
412848799 33975286 408418550 paradise2U
412860258 33975286 412858436 52756099
412849241 33975286 408447480 haozipapa
412860331 33975286 411456067 yuriiiii
412849390 33975286 408472949 66272609
412860421 sarah5tata
412851061 sarah5tata
412860966 33975286 411457403 50679455
412851613 33975286 408445973 haozipapa
412863298 33975286 412860421 sarah5tata
412853514 33975286 408497661 kikibao
412864407 52292268
412853721 33975286 408641177 evdream
412872757 50679455 412860966 33975286
412874761 33975286 411457558 65036244
412875334 33975286 412864407 52292268
412876033 33975286 412872757 50679455
412876342 33975286 411458322 3890672
412876467 33975286 411459555 1825508
412876549 33975286 411459744 lalafan
412876679 sarah5tata
412854225 33975286 408845937 58465277
412877360 33975286 411464621 smilebabyx
412854372 33975286
412877624 33975286 412876679 sarah5tata
412854459 33975286 412851061 sarah5tata
412877721 33975286 411466132 48677000
412854664 33975286 409541958 43848298
412877797 33975286 411466445 12197148
412855489 33975286 410157514 41965273
412855520 52292268
412877835 33975286 411472068 62942543
412855845 33975286
412878045 33975286 411477301 61341921
412856121 kikibao 412853514 33975286
412878066 50679455 412876033 33975286
412856234 33975286 412855520 52292268
412880941 33975286 411479181 young-lazy
412856565 33975286 410294376 67120758
412881026 33975286 412878066 50679455
412857239 33975286 410525586 ONLY-mm
412857475 33975286 410659834 60842524
412857539 33975286 410662509 66933492
412881428 33975286 412856121 kikibao
412881868 33975286
412882017 52292268 412875334 33975286
412882677 sarah5tata 412877624 33975286
412882681 51614631
412888736 33975286 411530239 fleurz
412888765 33975286 412766883 1817704
412889089 33975286 412882017 52292268
412889313 33975286 412882677 sarah5tata
412889377 33975286 412882681 51614631
412889496 52292268 412889089 33975286
412890319 33975286 412889496 52292268
412892756 50517805
412894348 51086239
412894835 67277241
412895850 L_memo
412899516 33975286 412892756 50517805
412899727 33975286 412894348 51086239
412899968 33975286 412894835 67277241
412903580 51086239 412899727 33975286
412904658 51086239
412905758 33975286
412908971 67277241 412899968 33975286
412909000 66887840
412909923 33975286 412908971 67277241
412909961 33975286 412909000 66887840
412924449 51086239
412925691 51086239
412980774 1817704
412989060 smilebabyx 412877360 33975286
413007497 51509494
413010312 56914842
413044354 go_sail
413046980 63049988
413068481 young-lazy 412880941 33975286
413093553 fleurz 412888736 33975286
413197316 60644462
415480442 50507587
415482107 4700866
415483289 lotusandfish
415556628 nonamecat
416086912 ONLY-mm
416087875 64488912
416088491 52369871 388449508 60842524
416102441 33975286 412924449 51086239
416103187 33975286
416103275 33975286 412989060 smilebabyx
416107167 33975286 413007497 51509494
416107334 33975286 413010312 56914842
416108214 33975286 413044354 go_sail
416108455 33975286 413046980 63049988
416108533 33975286 413068481 young-lazy
416108824 33975286 413197316 60644462
416109083 33975286 415480442 50507587
416109253 33975286 415482107 4700866
416110070 33975286 415483289 lotusandfish
416110530 33975286
416110857 33975286 416086912 ONLY-mm
416110926 33975286 416087875 64488912
416111014 33975286 416088491 52369871
416119573 ONLY-mm
416124128 go_sail
416124515 33975286 416119573 ONLY-mm
416124993 33975286 416124128 go_sail
416127290 dolffei
416128567 33975286 416127290 dolffei
416130060 go_sail 416124993 33975286
416135888 33975286 416130060 go_sail
416143495 56914842 416107334 33975286
416145296 33975286 416143495 56914842
416219647 56914842 416088491 52369871
416219846 56914842 416145296 33975286
