388910110 57473235
388910198 ohmyEggie
388910872 16678998
388912165 yyykkkkoj
388912283 60657233
388913144 Realgirl
388919666 damnhalley
388919740 babilong
388919813 tikkichari
388919839 50944093
388920004 wiwi.
388920058 lisakxjh
388920086 Kotori
388921384 March.
388922054 53182817
388922722 44552140
388923061 taozizun
388923498 prhmeng2
388925441 lake64
388936695 ZHIMINGBUJUROCK
389050230 50621829 388910872 16678998
389050920 50621829 388912165 yyykkkkoj
389051182 Guillermo
389051315 50064069
389052049 50621829 388913144 Realgirl
389052398 jmjm
389052669 JNDHY
389052735 50621829 388919666 damnhalley
389052843 64104579
389052959 rerena
389053323 yyykkkkoj 389050920 50621829
389053458 4904631
389053568 50621829 388919813 tikkichari
389054125 ringao5420
389054290 cutesillyrabbit
389054336 missiisa
389055884 50621829 388920086 Kotori
389056352 50621829 388921384 March.
389056535 50621829
389057010 50621829 388922722 44552140
389058004 50621829 388923061 taozizun
389058068 50621829 388923498 prhmeng2
389058221 50621829 389051182 Guillermo
389058751 50621829 389051315 50064069
389059168 sm77
389059752 50621829 389052669 JNDHY
389059880 50621829 389054125 ringao5420
389060134 Kotori
389060250 50621829 389059168 sm77
389060340 50621829 389052843 64104579
389060883 50621829 389060134 Kotori
389061115 48298488
389061330 50621829 389052959 rerena
389061490 50621829 389061115 48298488
389061876 sasdad 389056352 50621829
389062118 Kotori
389062852 ManningManning 389062118 Kotori
389062951 ManningManning
389063571 Globalization
389063931 Kotori 389062852 ManningManning
389063961 39352490
389064050 Globalization
389064187 50621829 389061876 sasdad
389064405 50621829 389063571 Globalization
389064448 florasan
389064799 50621829 389063961 39352490
389064856 ManningManning 389063931 Kotori
389065214 50621829 389064448 florasan
389065863 50621829 389062951 ManningManning
389065945 62328892
389065965 52431351
389066091 ManningManning
389066095 ashinpanda
389066357 34287640
389067081 50621829 389065945 62328892
389067293 50621829
389067328 xiaomooxiaoyang
389067396 4250420
389067576 Kotori 389064856 ManningManning
389067822 Kotori 389067396 4250420
389067842 62328892
389067847 kay0543 389052398 jmjm
389067903 50621829 389066095 ashinpanda
389068068 ManningManning 389067576 Kotori
389068227 ashinpanda
389068419 Kotori 389068068 ManningManning
389068859 ManningManning 389068419 Kotori
389069809 50621829 389067328 xiaomooxiaoyang
389070758 50621829 389066357 34287640
389070780 51355025
389071379 xvnno
389071581 xiaomooxiaoyang 389069809 50621829
389071815 yuki0-0
389072403 yuki0-0
389072678 anglewsj
389073314 COKAINGZ
389073351 50621829 389070780 51355025
389073495 50621829 389071379 xvnno
389073862 jmjm
389074048 50621829 389072403 yuki0-0
389074537 xvnno 389073495 50621829
389074912 50621829 389073314 COKAINGZ
389075076 50621829 389071581 xiaomooxiaoyang
389075231 50621829 389074537 xvnno
389075713 50621829 389072678 anglewsj
389075881 xvnno 389075231 50621829
389076687 46907365
389077029 okuranino
389077743 March. 389056352 50621829
389078281 okuranino
389079136 yuki0-0
389080286 wxbshell
389081271 50621829 389079136 yuki0-0
389082354 50621829
389082531 yuki0-0 389081271 50621829
389082546 xiaomooxiaoyang 389075076 50621829
389082667 50621829 389082546 xiaomooxiaoyang
389083290 50621829 389082531 yuki0-0
389083483 48268082
389083936 wxbshell
389083939 50621829 389083483 48268082
389084329 x550xt
389084350 wxbshell
389084573 liniu123
389084784 wxbshell
389085373 64255336
389086355 50621829 389084350 wxbshell
389086744 50621829 389084573 liniu123
389087259 50621829 389084784 wxbshell
389088440 namubawang
389088638 2487632
389089300 50621829 389088440 namubawang
389090036 50621829 389088638 2487632
389090715 2487632
389091536 xiaomooxiaoyang 389082667 50621829
389092318 2487632
389094698 50621829 389090715 2487632
389094842 50621829 389092318 2487632
389095097 50621829 389091536 xiaomooxiaoyang
389096299 2487632 389094698 50621829
389096843 2487632 389095097 50621829
389097369 kathreenbt
389099967 nohero11 389070758 50621829
389100093 3594025
389116917 xixiaokou
389117065 taozizun
389119231 yy_134340
389129415 BR-A
389141066 zato
389147415 50621829 389141066 zato
389152248 fangcao5
389154607 pinklen
389155880 50621829
389157031 50621829 389154607 pinklen
389160294 ETINA
389391761 3092910
389397199 50621829 389391761 3092910
389398363 1315025
389440814 3092910
389443507 64972478
389446345 50621829 389398363 1315025
389446628 50621829 389440814 3092910
389446763 50621829 389443507 64972478
389448428 64972478 389446763 50621829
389448682 aaronjwill
389453179 3092910 389446628 50621829
389453679 3184442
389453730 kyen
389467153 64198194
389469687 50621829 389448428 64972478
389469859 50621829 389453179 3092910
389470088 50621829 389453679 3184442
389470987 50621829 389453730 kyen
389490426 3092910 389470088 50621829
389502191 50621829 389490426 3092910
389504132 64157242
389538505 50621829 389504132 64157242
389753037 pinklen
389753296 yvonnel
389755166 kindandwarm
389786053 bluegate
389786598 bluegate
389790031 44075296
389790212 50621829 389786053 bluegate
389790435 50621829 389790031 44075296
389790527 50621829 389755166 kindandwarm
389791261 tadpole_R
389791424 tadpole_R 389790435 50621829
389792079 50621829 389791424 tadpole_R
389792491 40563681
389793294 50621829 389792491 40563681
389799278 44075296
389852153 40563681 389793294 50621829
389952124 50621829 389852153 40563681
389957643 63822897
390232304 40563681 389952124 50621829
390247240 orianaspeak
390286080 preciseness
390476935 4388628
390480249 47101024
390488999 kazuyaki
390492274 mysweety
407015959 enze
407068433 ododo
407075744 chenmianmian
407092874 zk1683710
407093781 60151640
407094340 50408775
407095758 50408775
407098457 42246547
409679892 ajin0901
410304203 3687186
410421196 oQueeno
410468296 sophiejf
410468722 sophiejf
410469890 ukis
410469974 tjnews
410470047 ukis 410469890 ukis
410879441 53555389
410880596 HelloBunny
411012037 26510989
411082322 45570348 389064856 ManningManning
411084242 45570348
411558223 ManningManning 411082322 45570348
411681891 62525705
411905671 45570348 411558223 ManningManning
411931361 66362456
411932089 superdxx
412015689 xiangnile83
