388904890 Lynnana
388904974 62191376
388905086 Lynnana
388905167 a_maki 388904890 Lynnana
388905230 a_maki 388904974 62191376
388905767 shawxxx
388906217 a_maki 388905767 shawxxx
388906318 Catkin.t
388906402 3518620
388906423 BellaY_JoeH
388906625 a_maki 388906318 Catkin.t
388906647 49397577
388906790 a_maki 388906402 3518620
388906972 46289084
388906981 a_maki 388906423 BellaY_JoeH
388907065 61861022
388907084 a_maki 388906647 49397577
388907243 a_maki
388907290 49397577 388907084 a_maki
388907304 ming891215
388907416 a_maki 388907065 61861022
388907449 49397577 388907304 ming891215
388907483 a_maki 388907304 ming891215
388907531 ming891215 388907449 49397577
388907700 49397577 388907531 ming891215
388907750 3518620
388907796 ming891215 388907700 49397577
388907950 fanfandewo
388908020 a_maki 388907449 49397577
388908183 a_maki
388908318 49397577
388908408 a_maki 388907750 3518620
388909385 a_maki 388908318 49397577
388909838 a_maki
388909975 a_maki 388907950 fanfandewo
388910214 59009580
388910421 BellaY_JoeH
388911081 a_maki 388910214 59009580
388911211 a_maki 388910421 BellaY_JoeH
388911304 a_maki
388911362 BellaY_JoeH
388911894 a_maki 388911362 BellaY_JoeH
388912132 rathers
388912520 a_maki
388913327 a_maki
388913500 a_maki 388912132 rathers
388914120 a_maki
388914471 51105857
388914515 qingmomo
388914624 Yyq2hqT
388915000 fetisher
388915473 a_maki
388915532 a_maki 388914515 qingmomo
388915566 a_maki 388914624 Yyq2hqT
388915583 59009580 388911081 a_maki
388915765 a_maki
388916016 a_maki 388915583 59009580
388916777 a_maki 388915000 fetisher
388917322 a_maki
388940881 61861022 388907416 a_maki
388941670 61861022 388915473 a_maki
388944870 45292416
388953960 monkeywang007
388956578 50623408
388959916 51105857 388915473 a_maki
388982049 14827915
388982939 yoyo12
388982956 a_maki
388983537 a_maki
388990558 50365647
389007685 a_maki 388982049 14827915
389008453 45363271
389008512 a_maki 388940881 61861022
389008952 1157509 388910214 59009580
389010537 a_maki 388940881 61861022
389010620 35286598
389010769 a_maki 389008453 45363271
389011593 a_maki 389010620 35286598
389012013 a_maki
389012444 a_maki 388990558 50365647
389013601 40571313
389013861 a_maki 388990558 50365647
389014253 35286598 389011593 a_maki
389014745 53128584
389014777 45363271 389010769 a_maki
389015028 changesue
389015398 3678005
389016378 35182282
389017553 a_maki 389013601 40571313
389018007 a_maki 389014745 53128584
389018285 a_maki 389014777 45363271
389018717 a_maki 389015028 changesue
389019383 Mikeer 388910214 59009580
389019421 a_maki 389016378 35182282
389019495 Cathay_Wong
389020079 a_maki 388906972 46289084
389020437 54489966
389020758 45834106 388910214 59009580
389020974 35182282 389019421 a_maki
389021222 45834106
405670870 xiaohuangwen
405723286 61598926
405776104 misrbb
405787248 61598926
405923385 40458126
405936774 4110420
405939552 31592189
406183454 59179607
406183533 59179607 406183454 59179607
406306239 66240010
406309077 29290250
406406679 fanfandewo 406306239 66240010
406511399 66240010 406406679 fanfandewo
407721436 48783005
407758039 55787367
408062391 51796414
414873843 53619641
415004713 44527170
415010356 34659477
389564777 hillychen
389564828 hillychen
389565424 3388896
389630907 56779222
389646749 35286598
389668195 9199006
389678546 38419888
389686751 mingzibeizhanle
389693022 iljyya
389700070 miumiu55
389742069 35286598 389686751 mingzibeizhanle
389749663 chiputaobutuopu
389794931 mingzibeizhanle 389742069 35286598
389796598 3573081
389801180 63554658
389836246 35286598 389794931 mingzibeizhanle
389861386 56779222 389801180 63554658
389891832 53835882
389931201 1813564
390213307 a_maki 389891832 53835882
390261903 listentomysunsh
390417821 53835882 390213307 a_maki
390813664 1813564 390261903 listentomysunsh
390820186 rernse
390821597 1737871
390844618 62804763
390861251 listentomysunsh 390813664 1813564
390865798 1813564 390861251 listentomysunsh
390896187 55998424
391013305 mingzibeizhanle 390820186 rernse
391027940 Mellin
391125703 fanfandewo 388909975 a_maki
391132339 2999003
391137853 64515337 388910214 59009580
391139746 4685686
391143660 williammao
391152476 6223552
391182471 59009580 391137853 64515337
391304112 64515337 391182471 59009580
391399122 59009580 391304112 64515337
392097016 62462082 388907416 a_maki
392097320 62462082 391125703 fanfandewo
392175133 33743732
392584556 2824779 388912520 a_maki
392587133 2824779 388910421 BellaY_JoeH
392588122 2824779 388910214 59009580
392590450 2824779 388907416 a_maki
392597288 cupcup
392610558 2824779
392618121 59009580 392588122 2824779
393482494 fanfandewo 392097320 62462082
393483222 fanfandewo 390865798 1813564
393487147 7884263
393494897 48529630
393499157 44619262
393508315 15056420
393509189 33290025
393631664 62462082 393509189 33290025
393632725 60662822
393644878 33290025 393631664 62462082
393689013 62462082 393644878 33290025
393697041 33290025 393689013 62462082
394057394 1813564
395255125 59284869
395746194 59179607
395746208 59179607
396281093 63888666 389013601 40571313
404725862 4275202
404725949 4275202
404793766 FSRMD 389686751 mingzibeizhanle
404856911 foolsnow 389011593 a_maki
404913357 49823340
404971694 4044366 391399122 59009580
404973328 4044366 395746194 59179607
404992338 50049805 388990558 50365647
404997751 50049805
404998033 50365647 404992338 50049805
405001619 50163767
405001871 Lalala.
405003046 57615102
405004011 50049805 404998033 50365647
405020225 59529260
405038526 64578907
405048472 sengesee 388907243 a_maki
405094620 64578907
405100726 RuiSaSa
405102050 48783005 389011593 a_maki
405104686 48783005
405106188 64144676
405364287 crawlinight
405367886 60126657
405547376 yuandy
405555827 cherrylai
405597415 64191265
405598303 53219802
405598313 61598926
405634773 bedouins9 389686751 mingzibeizhanle
405635096 bedouins9
405648689 xianwawa 405598313 61598926
405658226 60301931 405104686 48783005
389022652 a_maki 388944870 45292416
389023078 a_maki 389020758 45834106
389023583 JDS_Alice
389023587 45834106
389023651 2291062
389024282 a_maki 389023583 JDS_Alice
389024758 53128584 389018007 a_maki
389024800 JDS_Alice 389024282 a_maki
389027447 a_maki 389023651 2291062
389029434 a_maki 389024758 53128584
389029436 54881083
389030187 53128584
389031317 a_maki 389029436 54881083
389031433 funada 388915583 59009580
389031768 2291062
389032900 JDS_Alice 389011593 a_maki
389033146 miumiu55
389033247 a_maki 389024800 JDS_Alice
389033698 a_maki 389032900 JDS_Alice
389033821 a_maki 389033146 miumiu55
389033962 a_maki 389031768 2291062
389034219 32067717 389024282 a_maki
389034543 JDS_Alice 389033698 a_maki
389036415 a_maki 389034543 JDS_Alice
389037603 50365647 389036415 a_maki
389037978 a_maki 389037603 50365647
389039233 loveself
389039284 a_maki
389040076 JDS_Alice 389036415 a_maki
389040526 50367634
389044979 a_maki
389047996 6180016
389048891 artwang
389050526 a_maki
389053061 a_maki
389054935 47480531
389055310 sydneygyx
389056842 ayucho
389058550 59644267
389059996 58668900 388910214 59009580
389062217 a_maki
389062599 42441418
389064899 dadajiaozhu
389065799 a_maki 389062599 42441418
389068251 58668900
389069294 a_maki 389055310 sydneygyx
389070952 a_maki 389068251 58668900
389071334 49166139
389075239 56779222
389075350 56779222
389076389 a_maki
389078026 64638027
389079605 mumou
389087590 ccmonica
389101342 fetisher
389101708 51957009
389107908 50623408
389121731 sydneygyx
389134869 58668900 389070952 a_maki
389154980 1486824
389165101 42251589
389175530 sydneygyx
389331314 a_maki
389331590 a_maki 389175530 sydneygyx
389365140 sydneygyx 389165101 42251589
389365590 sydneygyx 389331590 a_maki
389368010 60301931
389373383 a_maki 389075239 56779222
389373496 a_maki 389078026 64638027
389373739 a_maki 389079605 mumou
389374309 a_maki 389101342 fetisher
389374503 a_maki 389101708 51957009
389375398 a_maki 389107908 50623408
389375561 a_maki 389121731 sydneygyx
389375747 a_maki 389134869 58668900
389376163 64189222
389396793 56779222 389373383 a_maki
389424686 51957009 389374503 a_maki
389427408 roseshell
389431806 xianwawa
389479856 fetisher
389507681 a_maki 389396793 56779222
389519688 a_maki
389523850 a_maki 389431806 xianwawa
389525924 a_maki 389479856 fetisher
389528010 xianwawa 389523850 a_maki
389539303 ayucho
389540036 ayucho
389540760 ayucho
389542666 52064504
389547670 MISHIDIDAI 388907243 a_maki
389552135 Halo_egg
389553092 lincben
389554845 mingzibeizhanle 389010620 35286598
389555233 haomy
389556715 mingzibeizhanle
389557055 55998424
389557600 sky12
389558577 41627145
389564010 41980752
