389063441 2904315
389106916 7402001
389145548 Realgirl 389106916 7402001
389147134 SophVeU
389151511 55826105
389152462 50493194
389164053 46617491
389172011 Realgirl 389152462 50493194
389172861 misssong
389234887 Realgirl 389172861 misssong
389235217 Realgirl 389151511 55826105
389235361 Realgirl 389147134 SophVeU
389347790 1117514
389348521 26659176
389349971 48461900
389361483 Realgirl 389347790 1117514
389361878 Realgirl 389348521 26659176
389362242 Realgirl 389349971 48461900
389363441 1117514 389361483 Realgirl
389371454 Realgirl 389363441 1117514
389371912 copatriste
389371918 2255211
389372071 1117514
389387251 Realgirl 389371912 copatriste
389387979 copatriste
389388102 3851953
389388134 Realgirl 389371918 2255211
389388389 kid99
389388478 Realgirl 389387979 copatriste
389388764 Realgirl 389388389 kid99
389388858 48948976
389388891 dljr
389388999 Realgirl 389372071 1117514
389389219 Realgirl 389388891 dljr
389389938 dljr
389390303 46519089
389390484 Realgirl 389387979 copatriste
389390707 48948976
389391174 Realgirl 389390303 46519089
389391582 Realgirl 389390707 48948976
389391923 copatriste
389392793 46519089
389393919 46519089
389398391 Realgirl 389393919 46519089
389400110 46519089
389400608 kid99 389392793 46519089
389401282 kid99
389401642 46617491
389401885 46617491 389401282 kid99
389402012 6647293
389402165 Realgirl 389401282 kid99
389402233 6647293 389401885 46617491
389402384 Realgirl 389402012 6647293
389402816 Realgirl 389401642 46617491
389403039 linlang0308
389403071 kid99 389401885 46617491
389403097 46519089
389403203 kid99 389402816 Realgirl
389403681 kid99
389404121 46617491 389402816 Realgirl
389404250 46617491 389403071 kid99
389404326 echowangxw
389404544 46617491 389402233 6647293
389404700 ghostshell
389404914 Realgirl 389404700 ghostshell
389405091 52184346 389404700 ghostshell
389405333 46617491 389404914 Realgirl
389405547 46519089 389403681 kid99
389405757 ghostshell
389406136 Realgirl 389405757 ghostshell
389406144 kahaoy
389406405 Realgirl 389405547 46519089
389406517 Realgirl 389406144 kahaoy
389406640 ghostshell
389406765 Realgirl 389405091 52184346
389406952 Realgirl 389406640 ghostshell
389407317 kahaoy 389406517 Realgirl
389407921 3442303
389408225 46519089 389406405 Realgirl
389408777 Realgirl 389406640 ghostshell
389409127 Realgirl 389407317 kahaoy
389409428 Realgirl 389408225 46519089
389409580 46617491
389409727 kahaoy
389410618 Realgirl 389409580 46617491
389410979 Realgirl 389409727 kahaoy
389410982 46617491
389411228 2396114 389404914 Realgirl
389411353 linlang0308
389411705 kahaoy
389411922 Realgirl 389411353 linlang0308
389412209 Realgirl 389410982 46617491
389412264 Realgirl 389411705 kahaoy
389412505 46617491
389412809 4219551
389412889 17806887
389413395 57578366
389413400 linlang0308
389413763 liqiaoxing
389413901 kahaoy 389410982 46617491
389414154 Realgirl 389413400 linlang0308
389414365 60767301
389414439 35286598
389414712 Realgirl 389413763 liqiaoxing
389414754 46617491 389412889 17806887
389414912 Realgirl 389414439 35286598
389415044 Realgirl 389414365 60767301
389415878 DidoYoung
389416118 linlang0308
389416694 Realgirl 389416118 linlang0308
389417078 Realgirl 389415878 DidoYoung
389418455 Realgirl 389415878 DidoYoung
389419671 46617491
389420871 yx77933
389421837 48984411
389423022 Realgirl 389421837 48984411
389425007 kid99
389426132 edmund5719
389426698 Realgirl 389425007 kid99
389426764 Realgirl
389428034 60767301 389415044 Realgirl
389429988 Realgirl 389428034 60767301
389431171 60767301 389429988 Realgirl
389431448 60767301 389431171 60767301
389431543 Realgirl 389431171 60767301
389431969 Realgirl 389431448 60767301
389433117 60767301
389435647 Realgirl 389433117 60767301
389441433 50049805
389446009 Realgirl 389441433 50049805
389495932 50049805
389532729 48461900
389539004 Realgirl 389532729 48461900
389539349 Realgirl 389495932 50049805
389542489 47530117
389559095 Realgirl 389542489 47530117
389561210 50049805
389562031 48461900
389562307 vivavivaya
389563058 1368119
389563985 30306879
389565142 H5
389567425 55842568
389568279 naver
389569377 64895579
389570187 34325113
389570373 31232473
389604271 51534915
389637289 47530117
389642175 pershingchen
389662145 50049805
389687927 youlideqinglizi
389689184 54579885
389690707 54969701
389702841 46617491
389708154 Realgirl 389702841 46617491
389708552 Realgirl 389687927 youlideqinglizi
389710695 suxiaoxia
389717279 47514656 389411353 linlang0308
389723056 52411429
389724528 61290003
389734183 youlideqinglizi
389735354 seabullet
389746834 Realgirl 389710695 suxiaoxia
389747267 Realgirl
389769691 58345434
389770054 58345434
389772359 38527321 389414439 35286598
389774778 xi1228
389780666 jessica210
389788068 43230277
389800755 61290003
389801293 Realgirl 389774778 xi1228
389801503 Realgirl 389769691 58345434
389812682 58345434
389819091 50408775
389819101 46617491
389827978 FSRMD
389844910 Realgirl 389819101 46617491
389845496 46617491
389846004 Realgirl 389845496 46617491
389851134 64895579
389852979 60713272
389884164 50049805 389852979 60713272
389886114 Realgirl 389851134 64895579
389886281 Realgirl 389801293 Realgirl
389886685 Realgirl
389886810 catneck
389887440 50049805
389888081 Realgirl 389886810 catneck
389888152 Realgirl 389887440 50049805
389888358 Realgirl 389887440 50049805
389890402 50049805
389890440 50049805
389890467 50049805 389888152 Realgirl
389891873 60589576
389892626 52318761
389893583 46754639
389898812 xubin0410 389401282 kid99
389898946 kid99 389898812 xubin0410
389899731 xubin0410 389898946 kid99
389920896 46519089 389780666 jessica210
389928663 46617491 389899731 xubin0410
389953145 mini1989
389955888 Realgirl
390232978 Realgirl 389063441 2904315
390233057 Realgirl 389151511 55826105
390233425 Realgirl 389389938 dljr
390233809 46026616
390273606 freedancer
390316240 dljr 390233425 Realgirl
390320333 Realgirl 390316240 dljr
390320603 Realgirl 390273606 freedancer
390324846 LorraineHsu 389890467 50049805
390325729 LorraineHsu 390320603 Realgirl
390326922 runrunrabbit
390345568 60213009
390345626 60213009 390326922 runrunrabbit
390353507 2106245
390368886 41961788
390374136 jing222
390384327 relax
390401591 55309255 390384327 relax
390536448 50049805 390324846 LorraineHsu
390567617 62178351
390596872 LorraineHsu 390536448 50049805
390632473 50049805 390596872 LorraineHsu
390641025 Realgirl
390699701 runrunrabbit 390345626 60213009
390767484 45786849
390768310 darkcat
390769711 lostcheung
390794974 Realgirl 390767484 45786849
390795037 Realgirl 390769711 lostcheung
390795132 Realgirl 390768310 darkcat
390795315 Realgirl 390401591 55309255
390795545 Realgirl 390374136 jing222
390795824 Realgirl
390801813 50064069 389890467 50049805
390828744 50049805 390801813 50064069
390832956 27597762
390836189 39833775
390843760 4698694
390859247 jing222
390936927 52181266
390960667 54579885 389234887 Realgirl
390961428 Realgirl 390859247 jing222
390961602 Realgirl 390960667 54579885
390988314 54579885 390961602 Realgirl
390988334 54579885 390961602 Realgirl
390993796 Realgirl 390988314 54579885
390993873 Realgirl 390988314 54579885
390997914 saralondon
391003449 42461199
391005894 51188689
391011578 35286598
391018230 Realgirl 390997914 saralondon
391018438 Realgirl 391011578 35286598
391021384 41933917
391021611 35286598 391018438 Realgirl
391023148 40913793
391150088 61091318
391150961 abvmeng
391156019 46617491 391150088 61091318
391192190 congwen 391018230 Realgirl
391194538 missmarguerite
391195151 Realgirl 391150961 abvmeng
391195397 Realgirl 391150961 abvmeng
391195427 49097246
391195455 49097246
391195512 Realgirl
391196317 Realgirl 391192190 congwen
391196886 abvmeng
391196986 abvmeng
391197375 Realgirl 391196886 abvmeng
391198430 enxiaforever
391198896 46617491 391195512 Realgirl
391202227 abvmeng
391202601 Realgirl 391198896 46617491
391205349 I-am-CQ
391264162 congwen
391297385 saralondon
391297861 59534793
391319739 50385019
391354725 51803178 391297385 saralondon
391430638 saralondon 391354725 51803178
391528778 saralondon
391531497 zhufeimo
391535798 zhufeimo 389495932 50049805
391537047 zhufeimo
391537088 50049805 391535798 zhufeimo
391537774 zhufeimo 389819101 46617491
391538657 zhufeimo
391540738 34896336
391541090 zhufeimo
391541666 zhufeimo 391297385 saralondon
391542591 Realgirl 391540738 34896336
391543067 chaoping
391544379 51736868
391546370 4038200 389401885 46617491
391561977 52446874
391563896 Realgirl 391561977 52446874
391564035 Realgirl
391564268 Realgirl 391543067 chaoping
391564416 Realgirl
391564682 34896336 391542591 Realgirl
391565751 Realgirl 391564682 34896336
391568497 34896336 391565751 Realgirl
391573322 2407069 391564416 Realgirl
391575838 Realgirl
391576331 Realgirl 391568497 34896336
391580825 34896336
391585398 Realgirl 391580825 34896336
391587241 babyfaceY
391587513 34896336
391673275 Realgirl 391587241 babyfaceY
391673686 22135314
391678390 babyfaceY
391750802 2722263
391753410 46765874
391764392 zhufeimo
391764522 zhufeimo 391750802 2722263
391771256 felicitouslife
391774878 43783322
391826794 LorraineHsu 391750802 2722263
391836082 3540640
391930103 2722263 391826794 LorraineHsu
391946356 33312536 391528778 saralondon
391946791 33312536
398515563 2744127
398862032 56151968
399779078 63656796
399828417 Realgirl 398862032 56151968
399828714 Realgirl 399779078 63656796
406690098 60586682
406760271 Realgirl 406690098 60586682
406859199 kexinhaha
406860909 yuyear
406861167 yuyear
406867000 ideepbreath
406884221 Realgirl 406860909 yuyear
406884348 Realgirl 406861167 yuyear
406884797 kfcmoumou
406885064 48468074
406887312 Realgirl 406884797 kfcmoumou
406887341 Realgirl 406885064 48468074
406912114 valeetmeama
406916324 GrangerLeau
406917608 57852915
406917841 mthigh
406925578 37844828
406936650 62625348
406959220 yuyear 406925578 37844828
406963337 norman139
406963856 kjkljl
406973825 kfcmoumou 406887312 Realgirl
406990007 Realgirl
406990346 yuyear 406990007 Realgirl
406990349 Realgirl 406959220 yuyear
406991002 Realgirl 406925578 37844828
406991079 yuyear
406991495 Realgirl 406990346 yuyear
406991742 Realgirl 406917608 57852915
406993151 heyt
406993284 heyt
406993497 yuyear 406993151 heyt
406997231 Realgirl 406917841 mthigh
407016558 55787367
407018121 vincent.chen
407025837 4118592
407029901 57852915 406991742 Realgirl
407033765 zhengzhouzhusu
407034676 youfengtang
407062657 48786558
407074887 Realgirl
407075623 50043635
407076731 29290250
407093851 3883741
407106034 qyschloe
407127652 53219802
407191128 42874903
407192856 47967729
407195837 tiffanyYUYI
407242224 57852915
407245054 miracle312
407250194 45943737
407250625 45943737 407250194 45943737
407252782 heyt 407250194 45943737
407255281 48599383 389402012 6647293
407261698 45943737 407252782 heyt
407263234 heyt 407261698 45943737
407273110 Realgirl 407261698 45943737
407275142 Realgirl 407255281 48599383
407275302 Realgirl 407261698 45943737
407275972 Realgirl
407276279 Realgirl 407242224 57852915
407276982 Realgirl 407062657 48786558
407277160 Realgirl 407062657 48786558
407288508 ann0518
407290109 yysunnyy
408432872 Realgirl
408456726 Realgirl 407288508 ann0518
408457866 Realgirl
408459413 Realgirl
408487502 yysunnyy
408502140 61356901
408530183 48937793
408585749 Realgirl 408530183 48937793
408585894 Realgirl 408502140 61356901
408589452 61356901 408585894 Realgirl
408601121 Realgirl 408589452 61356901
408601185 Realgirl 408589452 61356901
408621263 51767312
408625468 44128562
408672339 51863278
408691759 Realgirl 408621263 51767312
408693984 36100635
408700333 4157067
408722413 51767312 408691759 Realgirl
408722611 51767312 408722413 51767312
408746622 60114069 408459413 Realgirl
408848740 4157067
409001713 4157067
409004582 selavi
409135652 48937793
409602438 4118592 408585749 Realgirl
409603200 49603677
409907922 dorocat
409911680 Realgirl 409001713 4157067
409912313 Realgirl 409004582 selavi
409913396 Realgirl 408746622 60114069
409913854 Realgirl
409914200 Realgirl 408722611 51767312
409996199 amerika803
410289899 Realgirl 409996199 amerika803
410319062 Realgirl 408530183 48937793
410319411 Realgirl
410322221 4118592 410319411 Realgirl
410334011 Realgirl 410322221 4118592
410343289 51065070
410862920 Realgirl 407288508 ann0518
410970082 aibayun
410970140 aibayun
411215480 61429706
411215482 61429706
416406738 Realgirl 411215480 61429706
416406859 Realgirl 410970082 aibayun
416567242 54470430
416573586 62151844
416586744 aibayun 416406859 Realgirl
416598654 Qln9_.
416685344 Realgirl 416598654 Qln9_.
416685421 Realgirl 416573586 62151844
416686729 wendy_liu
416791123 Realgirl 416686729 wendy_liu
416791271 Realgirl 416586744 aibayun
416794164 48786558
416797536 45039198 389401642 46617491
416800745 45039198 389890467 50049805
416803227 49148854
416920435 kjkljl
416930753 kjkljl
416939042 Realgirl 416930753 kjkljl
416939910 Realgirl 416920435 kjkljl
417348443 kjkljl
417463873 Realgirl 417348443 kjkljl
417533202 kjkljl
417548288 Realgirl 417533202 kjkljl
417623404 kjkljl
417638185 50049805 416800745 45039198
417680560 LK-Garden
417687384 Realgirl
417708012 superdog014
417756079 39520234
417796440 Realgirl 417756079 39520234
417970185 aibayun 416791271 Realgirl
418047103 kjkljl
418050720 kjkljl
418060207 bibobibo
418128498 Realgirl 418060207 bibobibo
418128545 angel888
418152978 aibayun 418128498 Realgirl
418172077 Realgirl 418152978 aibayun
418179682 aibayun 418172077 Realgirl
418199821 2801698
418225837 Realgirl 418199821 2801698
418229543 2801698 418225837 Realgirl
418247301 Realgirl 418179682 aibayun
418263639 2791408
418269720 Realgirl 418263639 2791408
418271961 aibayun
418275276 Realgirl 418271961 aibayun
418286354 bibobibo 418128498 Realgirl
418286952 Realgirl 418286354 bibobibo
418305334 bibobibo 418286952 Realgirl
418311327 Realgirl 418305334 bibobibo
418312509 littleer
418312860 61956360
418312881 61956360
418315240 46364111
407290785 57852915 407276279 Realgirl
407301121 52318761 406925578 37844828
407301548 52318761 406936650 62625348
407311688 Realgirl 407290785 57852915
407312798 40918321
407334227 57852915 407311688 Realgirl
407339285 Realgirl 407334227 57852915
407341120 57852915 407339285 Realgirl
407342692 Realgirl 407341120 57852915
407344009 Realgirl 407341120 57852915
407347182 57852915
407357009 Realgirl
407361082 57852915 407357009 Realgirl
407379112 54291569
407388894 yysunnyy
407391245 63738178
407473263 Christine_zi
407474635 hanzey
407474786 tiffanyYUYI 407242224 57852915
407475411 njxule
407477093 MolinCheung
407482942 57852915 407474786 tiffanyYUYI
407483444 54992881
407544672 kjkljl
407544835 kjkljl
407551787 yuyear
407586803 49044832
407589186 57836251
407610055 57852915 407551787 yuyear
407613363 Realgirl 407288508 ann0518
407614253 Realgirl 407473263 Christine_zi
407615473 Realgirl 407483444 54992881
407615703 Realgirl
407616340 Realgirl 407361082 57852915
407616723 Realgirl 407477093 MolinCheung
407621470 57852915
407622660 happyhappyhappy
407625066 flos 389495932 50049805
407625380 flos 406860909 yuyear
407627934 64841580
407629218 53436134
407631587 53436134 407610055 57852915
407633028 57852915 407631587 53436134
407634425 Realgirl
407636553 Realgirl 407622660 happyhappyhappy
407636916 Realgirl 407633028 57852915
407637390 Realgirl 407629218 53436134
407637637 Realgirl 407627934 64841580
407638893 57852915 407636916 Realgirl
407640006 xawa
407649237 yysunnyy 407615703 Realgirl
407652211 54267337
407666763 50049805 407625066 flos
407675444 flos 407666763 50049805
407676161 flos 407636553 Realgirl
407687788 53436134 407633028 57852915
407688737 53436134
407689796 53436134
407691070 Realgirl 407689796 53436134
407703722 48746441
407714165 50049805 407675444 flos
407714803 57852915 407688737 53436134
407715283 57852915 407687788 53436134
407731663 Realgirl 407714803 57852915
407731835 Realgirl 407714803 57852915
407734262 yuyear 407625380 flos
407737888 35769018
407770143 flos 407714165 50049805
407806308 4157067
407830808 kjkljl
407833170 Realgirl 407830808 kjkljl
407833332 Realgirl 407676161 flos
407835605 flos 407833332 Realgirl
407879781 4157067
407910338 kjkljl
407930660 Realgirl
407939894 61356901
408027826 Realgirl 407939894 61356901
408028831 Realgirl 407879781 4157067
408055612 50049805 407770143 flos
408072072 63382902
408072662 59015777
408123027 61429706
408135574 Realgirl 408123027 61429706
408145615 flos 408055612 50049805
408181384 Leeeegendary
408181596 4157067
408242050 flos
408280301 Realgirl 408181596 4157067
408280615 Realgirl 408181384 Leeeegendary
408280825 Realgirl 408242050 flos
408312235 61356901
408312879 dorocat
408331648 51282785
408335449 44137619
408389745 61429706 408135574 Realgirl
408393575 ququ1215
408399797 16678998
408416800 59228548
408432767 Realgirl
418316627 Realgirl 418315240 46364111
418316814 Realgirl 418312509 littleer
418318574 46364111 418316627 Realgirl
418319464 littleer 418316814 Realgirl
418335658 Realgirl 418318574 46364111
418336041 Realgirl 418319464 littleer
418360797 46364111 418335658 Realgirl
418361024 hellodaylight
418402326 Realgirl 418361024 hellodaylight
418403397 Realgirl 418360797 46364111
418526882 57326406
418541006 Realgirl 418526882 57326406
418550055 enjoyYClee
419009526 kjkljl
419021428 kjkljl
419023459 Realgirl 419009526 kjkljl
419032492 Realgirl
419146029 kjkljl
419147210 62904067 419146029 kjkljl
419151672 56232079
419533059 kjkljl 419147210 62904067
419533531 62904067 419533059 kjkljl
419767623 kjkljl 419533531 62904067
420018658 2674040
420033298 Realgirl 420018658 2674040
