389246796 57473235
389246801 65005188
389246852 63768906 389246801 65005188
389246866 65005188
389246944 gubuyi
389246970 63768906 389246866 65005188
389247011 wuzhuyizhe
389247020 63768906 389246944 gubuyi
389247025 yo_ly1989
389247027 su1943
389247045 65005188
389247073 63768906 389247011 wuzhuyizhe
389247074 62159923
389247102 63883474
389247103 gubuyi
389247113 63768906
389247119 wuzhuyizhe 389247073 63768906
389247135 50049805
389247140 lamefoot 389247103 gubuyi
389247209 63768906
389247282 63768906 389247102 63883474
389247310 peoplehaha
389247326 63768906 389247025 yo_ly1989
389247337 63768906 389247310 peoplehaha
389247375 2598777
389247408 peoplehaha
389247450 63768906 389247408 peoplehaha
389247461 justpink
389247531 3977217
389247591 63768906 389247375 2598777
389247629 62106449
389247698 peoplehaha
389247721 63768906 389247461 justpink
389247737 46172705
389247759 63768906 389247737 46172705
389247760 46172705
389247789 63768906 389247760 46172705
389247803 Bz_
389247850 63768906 389247803 Bz_
389247877 Bz_
389247943 63768906 389247698 peoplehaha
389247973 46172705
389248003 63768906 389247877 Bz_
389248089 peoplehaha 389247943 63768906
389248099 peoplehaha 389247973 46172705
389248261 63768906 389248089 peoplehaha
389248281 ligeleng
389248290 63768906 389247531 3977217
389248356 63768906 389248281 ligeleng
389248912 justpink
389249052 lake64
389249072 63768906 389249052 lake64
389249077 63768906 389248912 justpink
389249121 28559746
389249175 63768906 389249121 28559746
389249178 xusongsong
389249266 63768906 389249178 xusongsong
389249348 28559746
389249404 63768906 389249348 28559746
389249446 28559746
389249468 63768906 389249446 28559746
389249486 xusongsong
389249516 28559746
389249626 28559746
389249666 63768906 389249516 28559746
389249723 28559746
389249730 63768906 389249626 28559746
389250026 63768906 389249486 xusongsong
389250417 chenzhou
389256106 xiaopenpen
389256859 64486055 389256106 xiaopenpen
389257087 Ian-Cheung
389257181 duoduo0818
389257638 56407208
389258336 43001536
389258827 53704236
389259884 Qin-
389260114 55819662
389260851 zouyazou 389247943 63768906
389261178 56533866
389261227 lynns428
389263175 jeffies
389264679 bagamss
389265554 4234091
389266364 44077300
389267120 39116144
389268001 59680175
389268159 63301388
389269112 TASCHENRECHNER
389271787 rose7
389272252 62296458
389273433 50552515
389273775 Yyq2hqT
389275698 48808520
389275897 csb
389279516 52976811
389294229 58699731
389296030 63497410
389296164 50035464
389297843 63497410 389269112 TASCHENRECHNER
389299724 alashendeng
389300253 55642826
389301435 floatingmuseum
389302438 usuallybaba
389302854 64359662
389304708 45768110 389257087 Ian-Cheung
389305032 45768110 389279516 52976811
389305182 45768110 389296164 50035464
389305685 55703115
389306630 yuki_she
389307226 57934966
389307472 46178667
389307932 52473550
389309044 celia19901005
389310708 meanwu
389310728 hodralisk
389312045 speak
389312545 56925729
389316836 63438910 389256106 xiaopenpen
389318550 freesia319
389323266 49443491
389325334 littlehua
389325368 63542791
389326022 2148779
389327232 yuuuuuuuuu
389327724 saralondon
389328070 58008334
389329131 58008334
389330279 suzai
389330837 3475967
389334962 2870277
389335566 58339820
389338630 44365477
389341482 khalil-chili
389341762 tjluan
389342045 53532061
389343591 woyaochirou
389345196 39228838
389347188 52570392
389349076 4386029
389349562 yuki0-0
389354077 41586277
389354531 58668900 389349562 yuki0-0
389354649 48924281
389354722 52617836
389354727 56054696 389247074 62159923
389354854 61648733
389355018 59103798
389355585 61861022 389247073 63768906
389357228 oSalome
389359597 adonis72
389359898 57713939
389362566 xiaomooxiaoyang
389364509 6443193
389364740 61284681
389368261 45768110 389364509 6443193
389371314 63768906 389256106 xiaopenpen
389372366 nianteng
389372668 yuki0-0 389354531 58668900
389378957 63768906 389257638 56407208
389379581 63768906 389260114 55819662
389379751 44925029
389381145 63768906 389261227 lynns428
389381290 lijiarong
389381739 pilibei
389382325 63768906 389264679 bagamss
389383526 lynns428
389383870 25612347
389384080 25612347 389381739 pilibei
389384421 1099616
389384952 hezhiqian
389385529 63768906 389266364 44077300
389385845 2986789
389386782 63768906 389267120 39116144
389387217 50742987
389387505 63768906 389387217 50742987
389387920 50742987 389248290 63768906
389388052 zhaikai
389388116 cherry-lam
389388499 63768906 389268001 59680175
389388716 63768906 389388116 cherry-lam
389389148 58008334 389388716 63768906
389390005 MolinCheung
389390423 pilibei 389384080 25612347
389390534 63768906 389268159 63301388
389391343 49128378
389392091 bpcat
389392170 63768906
389392298 orange520
389392539 49128378 389392091 bpcat
389393082 46881075
389393628 63768906 389269112 TASCHENRECHNER
389394368 59680175
389394501 62106449
389394858 63768906 389273433 50552515
389394861 46728806
389397663 50552515
389398702 61645538
389399696 3678005
389400161 tielishu
389494805 MISHIDIDAI
389494823 septemberaster
389494918 63438910
389495820 MISHIDIDAI
389496190 MISHIDIDAI 389494918 63438910
389496352 MISHIDIDAI
389496606 63438910 389496190 MISHIDIDAI
389496950 63768906 389495820 MISHIDIDAI
389497260 63768906
389497273 4563332
389497911 63438910 389497273 4563332
389499255 muyuezhusijun
389499699 muyuezhusijun 389279516 52976811
389500412 63768906 389499255 muyuezhusijun
389500974 63768906 389496352 MISHIDIDAI
389501153 53398858
389502029 2201636
389504076 sunto
389505952 muyuezhusijun 389500412 63768906
389506751 zlan0607
389508522 60343026
389509646 muyuezhusijun
389510356 14481441
389512165 2987152
389512838 63442123
389513025 BeardMonster
389514771 63768906 389505952 muyuezhusijun
389515579 jujo
389516014 muyuezhusijun 389513025 BeardMonster
389516162 56407208 389248290 63768906
389516476 63768906 389504076 sunto
389517007 1468547
389518574 63768906 389516162 56407208
389518713 SOWARM
389519573 64188835
389520576 1800003
389521205 29262650
389522935 weiwei90
389524551 63768906
389524694 63768906 389522935 weiwei90
389524909 63768906 389519573 64188835
389526011 63768906 389518713 SOWARM
389527252 63768906
389527768 63768906 389494805 MISHIDIDAI
389529820 56407208
389530605 63768906 389502029 2201636
389531165 63768906 389529820 56407208
389532235 56407208
389532273 2987152
389534155 46178667
389535003 64975820
389535349 MISHIDIDAI 389501153 53398858
389535858 63466463
389535918 MISHIDIDAI 389508522 60343026
389536524 MISHIDIDAI 389515579 jujo
389537819 MISHIDIDAI
389538183 MISHIDIDAI 389517007 1468547
389540284 hellokiki-wei
389541095 MISHIDIDAI
389541881 MISHIDIDAI
389543075 nothinlove
389543167 29262650
389544509 MISHIDIDAI
389547127 MISHIDIDAI
389549157 xiongge
389549979 63768906 389549157 xiongge
389550638 42564552
389551279 63768906 389550638 42564552
389551827 lara-never-into
389553791 28559746
389553899 48060442
389553974 vanilla.ching
389553980 28559746
389554087 48060442 389549157 xiongge
389555396 52922534
389556505 44077300
389560722 xusongsong
389566514 rinixianren 389551827 lara-never-into
389569593 63768906 389555396 52922534
389569992 61817631 389247073 63768906
389570607 63768906 389569992 61817631
389570634 61817631
389570769 phonomania
389570962 63768906 389570634 61817631
389571582 zhoulanapril
389571770 fuckyouidontcar
389572142 40209469
389572329 61817631 389570962 63768906
389572428 63768906 389571770 fuckyouidontcar
389572587 63768906 389572329 61817631
389572677 63768906 389571582 zhoulanapril
389572719 63768906 389572142 40209469
389573135 40209469 389248290 63768906
389573407 yelihuiyinshen
389573575 63768906 389573135 40209469
389573604 63768906 389573407 yelihuiyinshen
389573732 61817631 389572587 63768906
389573778 yelihuiyinshen
389573807 63768906 389573732 61817631
389573990 63768906
389574628 40209469
389574791 57688865
389574916 63768906
389575531 48874767
389575636 63768906 389575531 48874767
389585636 xuanbingge
389597159 41107685
389597522 58699731
389598261 Ovilia.
389598716 huangiqngyu
389599097 3790469 389560722 xusongsong
389600592 58699731 389572329 61817631
389615983 63768906 389597522 58699731
389616523 63768906 389585636 xuanbingge
389616971 xuanbingge 389616523 63768906
389618026 63768906 389616971 xuanbingge
389618397 63768906 389597159 41107685
389619510 xuanbingge 389618026 63768906
389619713 63768906 389598261 Ovilia.
389619746 41107685
389619830 56364589
389620373 63768906 389619510 xuanbingge
389622260 xuanbingge
389626272 63768906 389622260 xuanbingge
389629525 xuanbingge 389626272 63768906
389632482 53449599
389640293 Ovilia.
389642829 58699731
389643033 63768906 389642829 58699731
389645559 52385278
389664800 ukis
389674922 62599388
389675504 xuanbingge
389677816 weixiao321
389677836 52922534 389643033 63768906
389686503 63768906 389674922 62599388
389696238 52385278
389698097 44418760
389698934 y-young1025
389700149 anen 389248290 63768906
389701719 orianaspeak
389701839 63768906 389698934 y-young1025
389702382 suxiaoxia
389702486 63768906 389696238 52385278
389703073 63768906 389700149 anen
389703579 63768906 389702382 suxiaoxia
389703975 63768906 389701719 orianaspeak
389704815 57713939
389704973 anen
389706126 63768906
389706962 63768906 389704973 anen
389709301 anen 389706962 63768906
389710126 63768906 389709301 anen
389710311 anen 389710126 63768906
389710744 53430250
389711725 suxiaoxia
389717671 56779222
389719400 56779222
389723866 enrice
389724842 4728940 389247073 63768906
389725795 4042935 389269112 TASCHENRECHNER
389736103 yunge_s
389737806 46560276
389741160 39629861
389744573 4728940
389750274 64023055
389758467 4390207
389762928 crazyzyy
389764648 nohero11
389767564 54057867
389768668 zouyazou
389771286 63768906 389723866 enrice
389771488 63768906 389725795 4042935
389771806 19975121
389771912 19975121
389772305 63768906 389711725 suxiaoxia
389773427 63768906 389724842 4728940
389773854 63768906 389744573 4728940
389773989 63768906 389758467 4390207
389774665 63768906 389768668 zouyazou
389775511 sl-wing 389711725 suxiaoxia
389848264 MISHIDIDAI 389775511 sl-wing
389849331 wuwufanfan
389850551 YoGGie
389853513 chreey0126
389857749 suxiaoxia 389775511 sl-wing
389860447 63768906
389864068 ginna
389865462 63768906 389864068 ginna
389867033 mijiayi
389867406 mijiayi
389867697 anysunshine
389870583 ginna 389865462 63768906
389871695 63768906 389870583 ginna
389873007 ginna 389871695 63768906
389873441 63768906 389873007 ginna
389874874 63768906 389867406 mijiayi
389874967 63768906
389876039 muyuezhusijun
389877018 muyuezhusijun 389710744 53430250
389877262 48091138
389878854 41924523
389879203 28559746
389882978 matilda789
389884431 53499534
389886731 49834327
389895037 xusongsong
389895704 61817631 389600592 58699731
389896439 63768906 389895704 61817631
389898610 48828131
389898729 xusongsong
389900174 61817631 389896439 63768906
389912982 xuanbingge 389626272 63768906
389914095 53062993
389921049 ginna
389921958 3790469 389898729 xusongsong
389923279 64161888
389927716 53062993
389941072 58699731 389895704 61817631
389958854 63768906 389927716 53062993
389965620 35389815
389980308 60654422
390003785 63768906 389980308 60654422
390006976 woaizengzheng
390049086 60654422
390053600 canim 389496190 MISHIDIDAI
390074924 zouyazou
390082672 3506147
390095743 48743039
390098489 sl-wing 389857749 suxiaoxia
390100625 sl-wing
390100948 sl-wing 390095743 48743039
390149444 bpcat
390149857 suxiaoxia 390098489 sl-wing
390179103 sl-wing 390149857 suxiaoxia
390212447 60098427
390252497 cheerfulyou
390334564 MISHIDIDAI 390053600 canim
390380187 53062993 389958854 63768906
390419011 reggiexu
390420152 49467322
390422187 chunkun
390424069 61253081
390424866 fuuuuuuck
390625403 rinixianren
390630367 42877755 390334564 MISHIDIDAI
390632434 48541605
390636676 59275862
390642883 63768906 390632434 48541605
390643174 63768906 390636676 59275862
390644089 MISHIDIDAI
390644704 MISHIDIDAI 390424069 61253081
390644847 63768906 390424069 61253081
390648252 48541605
390651292 59275862
390699258 63768906 390648252 48541605
390702236 48541605 390699258 63768906
390738013 Mr.Roi
390746136 63768906 390738013 Mr.Roi
390747686 ahuasist
390748207 50730606
390748524 mm-miaomiao
390749155 63768906 390748524 mm-miaomiao
390749502 karenwenzhu
390751680 63768906 390749502 karenwenzhu
390754389 64467096
390756957 63768906 390754389 64467096
390757965 yysunnyy
390759811 64467096
390759952 elynnamoy
390760377 63768906 390759811 64467096
390760719 63768906 390759952 elynnamoy
390762390 64467096 390760377 63768906
390762931 63768906 390762390 64467096
390763850 64467096
390779448 63768906 389275897 csb
390779895 35087113
390779976 63768906 390779895 35087113
390780615 cyy170584877
390780735 63768906 390780615 cyy170584877
390780878 cyy170584877
390783518 elynnamoy
390783756 A-mian
390784315 63768906 390783518 elynnamoy
390784393 63768906 390783756 A-mian
390785386 A-mian
390785472 gylLaura
390785781 63768906 390785386 A-mian
390785938 63768906 390785472 gylLaura
390786414 gylLaura
390786657 63768906 390786414 gylLaura
390787177 gylLaura 390786657 63768906
390787651 62848550
390789486 51415751
390790755 61186442 389272252 62296458
390792708 63768906
390792980 63768906 390789486 51415751
390793255 63768906 390787651 62848550
390793739 51172013
390793814 karenwenzhu
389400358 63768906
389401161 50552515
389403353 24025697
389405130 62144977
389405500 10020774
389406590 QQ214
389406642 63768906 389306630 yuki_she
389407152 47934233
389408705 benbenxx
389409224 63768906 389407152 47934233
389409876 RUOYUN88
389412094 63768906 389302854 64359662
389412425 63768906 389310728 hodralisk
389412781 63768906 389325368 63542791
389413172 63768906 389341482 khalil-chili
389413334 52396210
389413798 63768906 389347188 52570392
389414642 64359662
389414704 58008334
389416576 63768906 389413334 52396210
389417239 VampireSue
389417534 63768906 389414642 64359662
389418193 64359662
389418303 64289500
389418737 52396210
389418810 63768906 389417239 VampireSue
389418884 52396210 389418303 64289500
389419613 marrycat
389419676 52396210
389422346 52396210
389423475 63768906 389419676 52396210
389424321 sherrylrm
389425307 63768906 389422346 52396210
389425793 63768906 389424321 sherrylrm
389426082 63768906 389384421 1099616
389426859 44251223
389427058 52396210
389427710 melodykaka
389428234 63768906 389427058 52396210
389429416 63768906 389426859 44251223
389429489 chijidanbing 389428234 63768906
389430100 63768906 389429489 chijidanbing
389430702 33487671
389430999 63768906 389427710 melodykaka
389431582 chijidanbing
389431685 41924523
389431893 peiling0515
389432158 zoyin
389432420 63768906 389430702 33487671
389432563 56347012
389434222 15788660
389434352 63768906 389431685 41924523
389434874 63768906 389431893 peiling0515
389435032 63768906 389432563 56347012
389435141 56407208
389435300 63768906
389435372 63768906 389435141 56407208
389435859 56347012
389435937 peiling0515
389435953 xyhlgpy19
389436198 wadw
389436634 63768906 389435937 peiling0515
389437026 48648168
389437567 peiling0515
389437585 63768906 389437026 48648168
389437791 63768906 389437567 peiling0515
389437793 39084641
389437947 jennycmj
389438262 63768906
389438481 3790469
389438553 3790469 389437026 48648168
389438882 50569361
389439903 55837767
389439972 42220838
389440354 queer2
389440637 64359662
389440676 48648168 389438553 3790469
389441181 yuuuuuuuuu
389441556 61991282
389443024 goldfishs
389450793 xusongsong
389451446 63768906 389441556 61991282
389454676 63768906 389440637 64359662
389458155 28559746
389458754 4582107
389463177 44077300 389385529 63768906
389469591 19718718
389477549 speak
389488194 3790469 389450793 xusongsong
389488982 MISHIDIDAI 389269112 TASCHENRECHNER
389489500 MISHIDIDAI 389316836 63438910
389489708 chenmugou
389489908 MISHIDIDAI
389492110 MISHIDIDAI
389492193 4563332 389256106 xiaopenpen
389492367 63438910 389489500 MISHIDIDAI
389492516 alashendeng
389492540 63438910 389492193 4563332
389493472 MISHIDIDAI
389494012 MISHIDIDAI 389492367 63438910
391994083 Alage
392021353 guying3456
392048164 yexiaocuo
392068878 63768906 392048164 yexiaocuo
392079863 dingxinxinxin
392085474 Dabaoxue
392595165 yexiaocuo
392603766 34598975
392615167 63768906 392021353 guying3456
392618860 48709534
392619888 63768906 392618860 48709534
392622754 48709534
392624232 63768906 392622754 48709534
392663092 ipxxx
392663172 63768906 392663092 ipxxx
392665220 rinixianren 392595165 yexiaocuo
392675728 48616441
392678604 63768906 392675728 48616441
392680758 rayn1ce 389354722 52617836
392681070 rayn1ce
392682412 63768906 392681070 rayn1ce
392691539 63768906 392085474 Dabaoxue
392699231 48616441
392701720 morimiru
392703385 63768906 392701720 morimiru
392703545 63768906 392699231 48616441
392713498 pangrocker
392724821 51817315
392737415 63768906 392713498 pangrocker
392845359 63768906 392724821 51817315
392909273 63768906 392680758 rayn1ce
392914605 61422074
392915984 63768906 392914605 61422074
392918186 guying3456
392919887 36853493
392927482 63768906
392928263 forza-lukas 389492367 63438910
392928678 forza-lukas
392929409 63768906 392928678 forza-lukas
392929705 sheaiwa1991
392930396 sheaiwa1991
392930628 63768906 392930396 sheaiwa1991
392931086 sheaiwa1991
392931355 63119465
392931572 49422997
392944861 50737574
392948375 27406418
393070705 63768906 392944861 50737574
393071312 60726280
393079828 63768906 393071312 60726280
393083190 60726280
393083900 63768906 393083190 60726280
393084162 63768906 393083190 60726280
393097651 56593002
393130194 63768906 393097651 56593002
393131676 mayo524
393139416 63768906 393131676 mayo524
393263810 zhanyuqing
393283634 56593002
393446559 chris40
393477604 2659397
393498050 63768906 393283634 56593002
393589574 63768906 393477604 2659397
393589910 33090493 389247073 63768906
393591389 63768906 393589910 33090493
393609240 56593002
393633182 13621825
393933473 63768906 393633182 13621825
393934401 SalanC
393956188 61422074
394041297 63768906 393609240 56593002
394287464 56593002 394041297 63768906
394291019 cinyen
394685663 63768906 394291019 cinyen
394687932 kintyone
394696780 63768906
394749534 lydiahl
394753515 cinyen
394754251 63768906 394753515 cinyen
394761974 3092910 389428234 63768906
394765360 redomption
394812650 63768906 394765360 redomption
394870813 60796720
394876984 63768906 394870813 60796720
394877035 61482780
394877647 63768906 394877035 61482780
394877769 61482780
394877815 34484445
394878113 eve_lyons
394878894 Ray_23 394878113 eve_lyons
394880735 48670612
394918116 54360861 389598261 Ovilia.
394938393 63768906
394944235 48670612 394938393 63768906
394951589 4319066
394988546 redomption 394812650 63768906
394993442 yuyimore 389489500 MISHIDIDAI
394996368 59964256
395180800 Carcrashes
395196436 48963923
390794587 63768906 390793739 51172013
390796685 62848550
390796700 51415751
390797055 53103908
390797229 51415751
390798295 44083207
390798663 uuluoluo
390798717 uuluoluo
390798968 hodralisk
390805543 46278787
390806911 karenwenzhu 390798295 44083207
390808393 A-mian
390809642 57914347
390822355 60723776
390823854 48369524
390826667 tianbucuo
390856841 karenwenzhu 389618397 63768906
390883410 lijiarong
390890224 51650568
390916547 elynnamoy
390923392 63768906 390798295 44083207
390923849 50163767 389257638 56407208
390927259 63768906 390923849 50163767
390927360 64467096
390927537 63768906 390883410 lijiarong
390928970 lijiarong
390929720 52393138
390940957 wiss 389497911 63438910
390943526 charlotteslow
390946818 51172013
390949578 58246845
390950005 58246845 389257638 56407208
390951293 58246845
390953276 D121
390958586 63438910 390940957 wiss
390959226 62402117 389413798 63768906
390959447 47768934
390961371 52448952
390963743 62583348
390963979 55518436
390964316 4453479
390964725 63768906 390964316 4453479
390965168 63768906 390826667 tianbucuo
390966215 63768906 390823854 48369524
390967393 52396210
390969094 63768906 390967393 52396210
390970627 2327493 389247073 63768906
390972144 wiss
390972789 gaogao313
390975179 63768906 390972789 gaogao313
390975368 gaogao313
390975596 gaogao313
390977759 Alage
390979414 asdffdsa
390980083 Mosquito.o 389492367 63438910
390982046 zene2
390983920 63768906 390975596 gaogao313
390984093 61230062
390984430 63768906 390972144 wiss
390984522 63768906 390970627 2327493
390984703 zbl0518 389247073 63768906
390987279 linxxx
390993648 63768906 390984703 zbl0518
390994900 2327493 390984522 63768906
390995513 63768906 390994900 2327493
390995994 4202007
390997700 54476783
391004678 63768906 390997700 54476783
391017973 zbl0518 390993648 63768906
391021440 xiaohuangwen
391021646 56031597
391040680 gaogao313
391042354 45260638
391047980 63768906 391040680 gaogao313
391049494 tonytong
391049687 17615748
391050076 63768906 391049494 tonytong
391050761 17615748
391052982 gaogao313 391047980 63768906
391079250 karenwenzhu
391090355 63768906 390979414 asdffdsa
391099668 gylLaura
391106433 63768906 391079250 karenwenzhu
391110285 wiss
391110421 63768906 391110285 wiss
391110583 63768906
391119497 63438910 390980083 Mosquito.o
391139066 xuanbingge
391141594 54951717
391163775 cheerfulyou
391165646 52385278
391201236 hellodreamer
391202293 3780175
391203558 62296458
391219385 21261948
391219719 52396210
391224888 MISHIDIDAI
391239307 zoneinair
391239453 zoneinair
391246451 glinda
397470656 63768906
397472825 61422074
397476837 stacey3gg
397518021 60390375
397526119 huozhaieve
397541649 65949058
397544640 57436077
397555197 42997050
397557486 lyw1314
397605786 63768906 397544640 57436077
397607376 57436077
397607482 yiyuanqian
397608605 goodays
397613513 63768906 397607376 57436077
397620758 63768906 397557486 lyw1314
397631220 53739663
397632970 63768906 397631220 53739663
397663929 63768906 397555197 42997050
397667554 lyw1314
397668331 53925478
397672110 63768906 397667554 lyw1314
397674225 lyw1314
397677742 64449153
397683053 30030399
397690276 56201906
397691753 zbpeople
397692305 stacey3gg
397698803 63768906 397692305 stacey3gg
397699615 53925478
397703656 stacey3gg
397704880 63768906 397699615 53925478
397707760 53925478
397710570 47880451
397716822 bokunomirai
397725806 63768906 397716822 bokunomirai
397729429 62656850 389247629 62106449
397754876 63768906 397710570 47880451
397774610 62351396
397785540 63768906 397707760 53925478
397785894 4097643
397787439 53925478
397802647 bluerose
397846408 4487321
397890929 63768906 397802647 bluerose
397917878 63768906 397846408 4487321
397965362 inssxxxx 389247073 63768906
397993293 53739663
398016957 Brando
398017618 63768906 398016957 Brando
398018702 snailwang 389247943 63768906
398024572 63768906 398018702 snailwang
398037295 snailwang
398606622 53711690
398611618 TristanLau
398612481 pengxixi 389247073 63768906
398612922 mm-miaomiao
398617806 too-rex 389247073 63768906
398618532 too-rex
398622810 luqes
398634951 50324391
398663704 snailwang
398672249 63768906 398663704 snailwang
398674293 luqes
398674629 63768906 398634951 50324391
398678004 63768906 398622810 luqes
398679714 63768906 398618532 too-rex
398679982 luqes
398681122 63768906 398612922 mm-miaomiao
398681440 63768906 398612481 pengxixi
398686312 63768906 398037295 snailwang
398694631 63768906 397993293 53739663
398699739 leecoo
398711762 60278362
398719468 53772402
398728079 63768906 398711762 60278362
398749665 63768906 398719468 53772402
398750594 hanran
398751795 weixiaoyijiu
398751962 shamanairyear 389773989 63768906
398752259 63768906
398793245 shamanairyear
398799485 63813250
398801764 too-rex
398807007 51949135
398833462 53772402
398855829 63813250
398856851 1915014
398860098 nikanbudaowo
398865414 49990221
398873249 48709534
398878320 65879349
398889553 1361742
398889867 1361742
398890718 63768906 398889867 1361742
398926204 xiaomahou
398930414 1653542
398932871 63768906
398934303 48709534
398936721 rinixianren 398934303 48709534
398960569 63768906
398961600 cherrybomb.
398962478 63768906 398961600 cherrybomb.
398963392 cherrybomb.
398963936 63768906 398963392 cherrybomb.
398964203 cherrybomb.
398964619 63768906 398964203 cherrybomb.
398971377 60390375
398972169 63768906 398971377 60390375
398975150 60390375
398989810 cherrybomb.
399006680 Ravelling
399020297 63768906 399006680 Ravelling
399022329 Ravelling
399240665 63768906 398865414 49990221
399248297 43956548
399419449 44148460 389247629 62106449
399426062 44148460
399426795 63768906 399426062 44148460
399860901 49990221
399885316 chloel
399885790 63768906 399885316 chloel
399899975 63768906 399860901 49990221
399939328 49990221
399959578 36373707
399964971 63768906 399939328 49990221
399965771 robinchenjiang
399966619 robinchenjiang 389247629 62106449
399967366 robinchenjiang 397691753 zbpeople
399968871 63768906 399965771 robinchenjiang
400070958 leechking 389406590 QQ214
400094555 Gzq359719979
400103950 gylLaura
400110257 Gzq359719979
400110701 Gzq359719979
400128732 spencer_zyx
400221073 ONLY-mm
400227735 57667810
400228904 63768906 400221073 ONLY-mm
400232297 66076419
400236713 48528891
400238036 4537623
400239255 norra1989
400241102 63768906 400232297 66076419
400523307 truelovefinder
400528684 3393540
400530356 63768906 400528684 3393540
400532151 3393540
400534491 3436467
400546881 truelovefinder
400565906 63738178
400567361 63738178
400641871 ONLY-mm
400662899 rinixianren 400567361 63738178
400666008 22251803
400689526 manyue_keita
401159387 63738178
401205203 66222442
401602577 63768906 400689526 manyue_keita
401625051 55594138
402388302 59969039
402678308 chenlo1989
402761232 Brando
402949949 57884871
402959808 44467914
403042631 60479369
403529845 shiny1007
403580364 63768906 402949949 57884871
403582334 50464080
403701922 wuhanna
404285606 63633742
404287431 63768906 404285606 63633742
404289581 63597304
404290997 54635636
404370216 baichibird 389247045 65005188
404371701 baichibird
404612148 63768906 404371701 baichibird
404626221 45848037
404885209 62938425 389553974 vanilla.ching
404888420 62938425
404905204 62938425
404959037 summerchoucat
404981678 63768906 404959037 summerchoucat
404986374 summerchoucat
404989778 63768906 404986374 summerchoucat
405006057 summerchoucat 404989778 63768906
408517434 kzkz
408521939 kzkz
408530096 kzkz
408545062 63768906 408530096 kzkz
408582545 50405597 389406590 QQ214
408583086 55819345
408627074 stupidxuan
408650100 44065640
408809497 48136342
408809576 48136342
408809622 48136342
408809654 48136342
408809739 48136342
408810752 63768906 408517434 kzkz
408906489 kzkz
418812757 67852357
418819391 46364111
418883961 sygzs
418886242 54381267
395196948 48963923
395200392 48963923
395204497 48963923
395226857 MISHIDIDAI 394993442 yuyimore
395227682 xuanbingge
395233339 MISHIDIDAI
395250403 48963923
395263869 63768906 395250403 48963923
395286373 61220256
395289748 lizier
395292866 63768906
395383722 63768906 395286373 61220256
395455783 lizier 395383722 63768906
395462511 63768906 395227682 xuanbingge
395468778 57783733
395475594 63768906 395468778 57783733
395475987 33050878
395479919 63768906 395475987 33050878
395507297 xuanbingge
395513506 56896270
395538336 63768906 395513506 56896270
395581319 65623034
395582528 63768906 395581319 65623034
395632525 64076630
395634145 pielin 389247973 46172705
395831239 lixinrancc
395831812 58031544
395831872 65302565 395831812 58031544
395832130 58031544 395831872 65302565
395854225 63768906 395831812 58031544
395872747 61482780
395876463 47872758 389398702 61645538
395876576 63230578
395941808 onthemoon
395954399 foreversuer
395969957 khuntoriahg
396054062 44028089
396147667 63768906 396054062 44028089
396252098 63768906
396259190 61583670 389773989 63768906
396263530 50551930 389248290 63768906
396264922 63768906 396259190 61583670
396266513 15955149
396270159 heizigege
396271941 63768906 396270159 heizigege
396271943 58014650
396279421 babywanzi 389489500 MISHIDIDAI
396279893 bicthA
396285004 bicthA
396300408 MISHIDIDAI 396285004 bicthA
396301240 MISHIDIDAI
396320341 lyw1314
396383133 63768906 396320341 lyw1314
396383743 cheese_touch 389247073 63768906
396400865 Brando
396444908 bicthA 394878894 Ray_23
396495895 64467096
396507072 63768906 396495895 64467096
396555254 lyw1314 396383133 63768906
396788796 63768906 396555254 lyw1314
396789348 63768906 396400865 Brando
396797986 64064346
396798356 63768906 396797986 64064346
396798960 lulalala
396799870 63768906 396798960 lulalala
396810676 lulalala 396798356 63768906
397015170 ONLY-mm
397017293 64188835
397019698 39379323
397026948 53567253
397027269 4386684
397028309 51596458
397033545 44734534
397062372 2902129
397090047 douban0805
397094992 49302081
397107670 53567253
397113803 lulalala
397141602 63768906 397015170 ONLY-mm
397152808 angel888 390780615 cyy170584877
397157039 freehuges-L
397157753 stacey3gg
397160656 ixixiy
397170182 lyw1314 396788796 63768906
397178136 63768906 397160656 ixixiy
397191237 cyy170584877 397152808 angel888
397370203 ONLY-mm
397373054 47907799
397373754 57432608
397403125 lulalala
397408714 huozhaieve
397409037 cigarette_sue
397426779 63768906 397373754 57432608
397430945 52228543
397435331 58975430
397435498 shizheyangma
397435504 shizheyangma
397435674 shizheyangma
397442272 63768906 397408714 huozhaieve
397442473 stacey3gg
409170438 52790481 389248290 63768906
409171581 52790481
409196031 63768906 409170438 52790481
410342577 63768906 409171581 52790481
410354442 freehuges-L
410354756 63768906 410354442 freehuges-L
410354877 freehuges-L 410354756 63768906
410355374 63768906 410354877 freehuges-L
410370308 wozhongjiuaini
410375960 wozhongjiuaini
410377093 56168117
410418780 ytztx
411184934 63768906 410418780 ytztx
411191526 ytztx
411191739 63768906 411191526 ytztx
411192258 ytztx
411212806 51135746
411308977 28140485
411358423 40639879
411527595 dsmallb
411691558 62525705
411703849 65193866
411732873 yuuuuuuuuu
411759185 66598578
411761859 humanlyc
411779787 66051074
411824039 50890868
411853853 koisumi
411897911 qianqianaini
411898605 61190916
411904918 50390909
411980665 meiyouxianhua
411985842 johnny4ever
412031162 rinixianren 411779787 66051074
412031741 rinixianren 411853853 koisumi
412139677 3220198
412139972 rinixianren 412139677 3220198
412145597 57966251
412146676 ddddddqw
412500887 rinixianren 412145597 57966251
412501164 44303018
412501502 5794645
412553528 hana0527
412554015 rinixianren 412553528 hana0527
412554250 widuwer_rocky
412555301 jsyn
412558196 EPSC
412558680 mmming
412662798 hana0527
412665801 koisumi
412686560 Dear-Jean
412692017 rinixianren 412555301 jsyn
412692396 rinixianren 412501164 44303018
412694101 rinixianren 412686560 Dear-Jean
412694405 57966251
412694688 rinixianren 412694405 57966251
412695166 Dear-Jean
412695901 rinixianren
412699183 Dear-Jean
412712932 dionysus_mo
412722201 57966251
412751786 rinixianren
412752112 rinixianren 412712932 dionysus_mo
412771719 58378032
412796363 2781494
412799958 2781494
413009811 57687603
413016213 57021304
413068683 60977004
413071879 2225297
413092848 rinixianren 412712932 dionysus_mo
413302224 rinixianren 413071879 2225297
413355630 2225297
413387682 2022999
413396695 rinixianren 413387682 2022999
414886687 15192344
414943709 4283004
415005224 11043645
415543981 9608331
415544923 58907483
415549287 63498309 389268001 59680175
415564364 59680175 415549287 63498309
415696452 63498309 415564364 59680175
417829369 dsmallb
417880311 samansa0087 389247073 63768906
417907829 63140088 389248290 63768906
417928244 65775708
417930156 50725841
417940929 34910155
417977334 beibei5558
417977662 beibei5558 415696452 63498309
417979721 57451690
417989572 49499051 389248281 ligeleng
417998111 42630518
418046744 62896470
418068393 65775708 392624232 63768906
418073358 67564340
418082540 53643735
418093890 stonejane 389247531 3977217
418099522 57658844
391247766 yabin.Chen
391276045 63768906
391282857 zouyazou
391304692 63768906 391239453 zoneinair
391306044 Explosion
391381876 62296458
391383326 62296458
391385199 55531230
391396417 63768906 391383326 62296458
391397252 63768906 391385199 55531230
391398850 55531230
391410914 ci_lovecandy
391411440 63768906
391412152 63768906
391412542 freehuges-L
391413152 63768906 391412542 freehuges-L
391414126 freehuges-L
391417659 gylLaura
391418094 2025972
391418228 63768906 391418094 2025972
391418282 63768906 391414126 freehuges-L
391418895 redsteel
391419467 63768906 391418895 redsteel
391420798 myypp
391439218 63768906 391420798 myypp
391443794 tianbucuo
391446307 jasonwar 389248281 ligeleng
391447987 claire77mayday
391449287 45446939
391450092 65015012
391454075 57289058
391458862 64467096
391461328 42245230
391461498 43386311
391463882 65217615
391464088 58147639
391464133 65217615
391471158 63768906 391443794 tianbucuo
391471443 63768906 391458862 64467096
391475240 64467096 391471443 63768906
391476207 55300565
391477507 34896336
391492189 41140769
391496026 2338252 390798295 44083207
391496403 2338252 391471443 63768906
391497470 63768906 391461498 43386311
391499105 63768906 391464088 58147639
391499725 63768906 391475240 64467096
391500876 2338252
391501473 59137518
391508849 wangyu121
391509625 2153984
391514208 16574607
391515725 64467096
391524705 58147639
391526327 63768906 391500876 2338252
391530973 2338252 391526327 63768906
391532139 Hesse
391556375 redsteel
391560533 2422111
391572419 53669812
391579063 43386311 391497470 63768906
391605498 manlimonkey
391609477 zhenye
391615615 63768906 391556375 redsteel
391617981 63118686
391621881 46583916
391632308 59663891
391639810 63768906 391532139 Hesse
391645006 63768906 391475240 64467096
391649297 myypp
391688841 63768906 391579063 43386311
391703195 17615748
391706581 63768906 391703195 17615748
391707365 Qln9_.
391715572 CATRINAHASEGAWA
391719475 62685853
391720690 63768906 391617981 63118686
391724629 64467096
391726058 guying3456
391726358 guying3456
391726921 63768906 391726358 guying3456
391735891 58199590
391740622 63768906 391735891 58199590
391743261 63768906 391715572 CATRINAHASEGAWA
391749289 63768906 391649297 myypp
391808809 CATRINAHASEGAWA 391743261 63768906
391815951 karenwenzhu
391820830 51008279
391873222 rinyet
391887937 zsandu
391926121 63768906 391887937 zsandu
391929810 dingxinxinxin
391930560 58199590
391955357 63768906 391929810 dingxinxinxin
391956086 karenwenzhu
391956712 63768906 391930560 58199590
391958718 sophipuppy
391960026 63768906 391958718 sophipuppy
391988569 17615748
