389581851 fanghanjing
389581907 2727470
389581971 2727470
389582002 39910638
389583174 62848673
389583386 2727470 389582002 39910638
389583446 2727470
389583461 Steacy 389583386 2727470
389583535 59645338
389583968 gzj8924685
389583978 hrmerel25
389584048 misslllgreen
389584304 2727470 389583978 hrmerel25
389584348 2727470 389584048 misslllgreen
389584416 2727470 389583968 gzj8924685
389585239 QueenQM
389585479 gzj8924685
389585756 2230994
389586007 2727470 389585756 2230994
389587347 48533766
389588748 35254033
389588988 huangiqngyu
389589342 charlotteslow
389591221 dearfreakear
389593657 lhy_alba 389588748 35254033
389594579 2727470 389591221 dearfreakear
389594771 2727470 389588748 35254033
389594856 2727470 389585239 QueenQM
389595049 yoyo0419
389599155 35254033 389593657 lhy_alba
389599801 35254033 389591221 dearfreakear
389599898 hlilyz
389601854 1465427 389599898 hlilyz
389602586 41260237
389603809 mengyoumomo
389611687 mayuan9999
389612237 49187463 389594771 2727470
389612474 44075296
389613114 Wickedchild
389614039 60133191
389615801 kyspace
389703338 hlilyz 389601854 1465427
389705096 hlilyz
389722601 charlotteslow
389986230 55783539
389988163 4303543
389990553 toto1943
390061203 43794677
390089507 52934729 390061203 43794677
390089735 57473235
390089943 52934729
390091341 dingxinxinxin
390091554 dingxinxinxin 390061203 43794677
390095298 32430755
390147328 48303081
390149970 sammy_sxm
390161555 49557566
390279804 43607054
390284684 timing4ever
390295665 luisa802
390300794 48812837
390312280 SUPERTRAMP13
390361454 45891108
390363238 val
390368593 1537471
390369145 57952061
390369606 anran1992
390371858 59784045
390372722 carleen 389583446 2727470
390372862 14406066
390372879 carleen
390373296 54354683
390375824 59784045
390375865 hanjinglei815
390376024 59784045 390372722 carleen
390376378 carleen 390376024 59784045
390377093 59784045 390376378 carleen
390414067 ash_S
390416242 59784045
390419358 50408775
390423498 47407232
390425132 rill18
390429388 59784045
390432763 GAYHAHAHA
390433011 turandot1224 390089943 52934729
390434368 kyspace
390435011 59784045
390435329 kyspace
390435632 59784045
390436574 kyspace 390089943 52934729
390438129 kyspace 390435011 59784045
390439318 2206999 390061203 43794677
390439592 59784045
390440217 59784045
390440775 46278203
390442244 2206999 390440217 59784045
390442913 59784045 390442244 2206999
390444675 52243959
390445253 anran1992
390450660 maialovev
390459815 kyspace 390440217 59784045
390463368 51598740
390482781 2978777
390511259 willowshaw
390516488 62920985
390537831 62568674 389585239 QueenQM
390557507 59784045 390516488 62920985
390558018 59784045
390563144 41824325
390583143 call_me_momo
390594919 kyspace
390598809 62920985 390557507 59784045
390599920 sidekiller 390444675 52243959
390601377 53073700
390601597 41878089
390655291 59784045 390598809 62920985
390671239 kyspace 390601377 53073700
390699733 missif
390700272 missif 390598809 62920985
390799019 62920985 390700272 missif
390799241 62920985
391077319 52243959 390599920 sidekiller
391337954 53073700 390671239 kyspace
391385544 kyspace 391337954 53073700
391644399 53073700
391649886 kyspace 391644399 53073700
391975229 53073700 391649886 kyspace
391985604 kyspace 391975229 53073700
392115975 justkevin
392246401 2727470 392115975 justkevin
392329574 justkevin 392246401 2727470
392331339 ci_lovecandy
392332662 53073700 391985604 kyspace
392394803 2727470 392329574 justkevin
392397251 65217615
392526481 justkevin 392394803 2727470
392542074 2727470 392526481 justkevin
392572936 harujuku
392577696 14839907
392622496 49398363 390089943 52934729
392827630 justkevin 392542074 2727470
392964726 53431792
392969023 FuzzySandy
393191445 2727470 392827630 justkevin
393248561 justkevin 393191445 2727470
393249031 alimy
393807620 2727470 393248561 justkevin
394165822 50128623 390369145 57952061
411920317 lhddf 390300794 48812837
411920658 lhddf 390369145 57952061
411920921 54331786
411921757 50304215
411923877 52984821 390089943 52934729
411924422 34714800
411926313 48932443
411928062 sophiejf
412826363 59784045
412970052 62186166
412974323 c-c7
412975766 38941938
412977984 32446893
412979051 62340736
412987369 5399328
412998429 sxzm
412999147 58349644
413000848 50638095
413000953 53438179 390089943 52934729
413002444 46397277 389585239 QueenQM
413002503 61038001
413071383 49777703
