389723376 42202217
389724132 BopBop
389724292 47777932
389728783 3605400
389729847 42066452
389730015 17390770
389730290 59593583
389730538 59593583 389730015 17390770
389730962 17390770 389730538 59593583
389732048 59114477 389730015 17390770
389732539 59114477 389730538 59593583
389732973 tokaysoul
389733182 17390770 389732048 59114477
389733218 59114477 389732973 tokaysoul
389733514 59114477 389733182 17390770
389733532 17390770 389732973 tokaysoul
389733659 17390770 389733514 59114477
389733859 17390770 389733514 59114477
389734458 59114477 389733859 17390770
389734586 4042935
389734657 59114477 389733532 17390770
389734698 3939279
389734771 17390770
389735196 59114477 389734771 17390770
389735343 59114477 389734698 3939279
389736011 59114477 389734586 4042935
389736025 3939279 389735343 59114477
389737715 59114477 389736025 3939279
389738726 3939279 389737715 59114477
389740148 59114477 389738726 3939279
390818251 59593583 389732539 59114477
416967243 FXBMFN
416979075 57170195
