389765675 ilemon
389765759 64255336
389766071 4833304
389766075 minesafy
389766224 31698025
389766389 oodestroy
389766629 taomuxian
389766667 elseeeee
389767027 58934320
389767231 wjmm
389767375 poppy7mbsf
389767512 33379246
389767526 loveself
389767537 bandages
389767541 18179041
389767554 51366731
389768143 hindme
389768659 manch456
389769325 48579433
389769718 43617110
389770072 mashrooooom
389771396 65287264
389771456 65306520
389771656 daisyluoying
389771731 aabc555
389771826 58209314
389772002 62186217
389773367 48557449
389773550 zhangyueling
389774115 64859542
389774123 22035892
389775280 luolita0916
389775676 42234318
389775944 kingine
389776197 amoxillin
389776598 62190791
389777188 auvagain
389777351 3549730
389777621 patty86927
389777930 mollydo
389777983 40675236
389778333 6338416
389778699 luki119
389779361 AZI_1215
389779945 48388911
389780816 AZI_1215 389779945 48388911
389780842 18179041
389782877 2390565
389783790 snooppi
389784074 4509709
389784319 rosemar1nus
389784474 63381757
389784795 48388911 389780816 AZI_1215
389784924 48388911
389790404 taozizun
389790944 45959055
389792361 52422164
389792565 52422164 389790404 taozizun
389792664 40241185
389793216 rvlt
389793699 helloblackrabbi
389794621 milkytingting
389795473 54490566
389795666 AZI_1215 389792361 52422164
389799203 36828312
389799579 aoi-enco 389792565 52422164
389800132 53723668
389802788 deng1008
389803604 wudijingang
389803664 ariya
389803998 52422164 389803604 wudijingang
389804573 v1sion
389804867 57755518
389805570 41602384
389805782 22258354
389805979 43478721
389806349 59967851
389807462 qyschloe
389808229 mmming
389809209 54791047
389810099 AZI_1215
389810354 sumnuis
389810778 52899456
389810857 56426999
389811783 45233114
389812089 imblind
389812098 48868344
389812107 hung_yc
389812250 wudijingang
389812428 50408775
389812663 51486594
389813441 3586647 389812250 wudijingang
389816074 wudijingang 389813441 3586647
389816102 4067588
389819949 53853842
389822076 50599429
389824896 i_KiDing
389840503 4379120
389840969 amyjet
389842890 zzzzzn
389843159 4379120
389845595 26630005
389848459 vinix
389851986 58304383
389855445 60908910
389861071 wudijingang
389862696 35719857
389863958 52422164 389861071 wudijingang
389864815 53382227
389867905 BopBop
389867923 57097779
389868268 48388911
389868998 agroundbird
389870537 46224963
389872066 minijunki
389873496 8496623
389874204 Sleve
389874640 Nol1ta
389876026 clp
389877265 yysunnyy
389878748 50951883
389880153 51355013
389880498 x.x.x
389881835 48880582
389882098 52422164
389882151 64122961
389885152 9224447
389894148 mysweety
389908008 elseeeee
389908605 CATcats
389908982 chiba49
389909517 greepchen
389909855 62296458
389911779 48324375
389912749 59125790
389913254 shoegazerbaby
389914909 tiffanyYUYI
389915570 46180037
389919602 60941930
389920307 zhaocong1015
389921934 60437937
389922505 46740316
389925283 wudijingang
389926766 58484119
389928832 52422164 389926766 58484119
389930993 jingyeqianxi
389934145 38728809
389938110 20773346
389939885 16678998
389940896 16678998
389941292 52422164 389939885 16678998
389942715 41482342
389945859 3510942
389946345 16678998 389941292 52422164
389946350 49287503
389947742 Scorpio-Pisces
389949361 yi3352011
389950085 42906393
389951192 35286598
389952456 seymiyake
389953192 52422164 389951192 35286598
389953549 hello502
389954448 fance1122
389956130 35286598 389953192 52422164
389957727 49306990
389958740 50181153
389961017 ninasang
389963671 mermaidinjeans
389967482 41933917
389970851 54737488
389973452 enjoy199x
389973953 52422164 389973452 enjoy199x
389975301 m.p.dream
389975911 1170202
389976958 49213643
389977241 48627569
389978079 grandmajunya
389979356 42484601
389982378 20773346
389983205 4713763
389983389 4770882
389984197 46964151
389984325 52422164 389983205 4713763
389984993 subingwujuan
389986498 16678998 389982378 20773346
389986981 2165541
389987353 35238982
389987372 57303520 389882098 52422164
389987615 3147206
389989387 xiaoyuqiuqiu
389990544 duyingzi
389991674 40435800
389992304 34451113
389993480 4814819
389994563 4060212
389994904 64538712
389994929 52422164 389994563 4060212
389995716 mthigh
389996951 3118893
389997322 52570392
389997863 52422164 389997322 52570392
389999136 58831466
389999582 huiziyyy
390004843 17216569
390005110 4375680
390006222 sarome
390011996 4713763
390014251 52422164
390014452 cassieluwho
390016370 xiao_p_baby
390017804 rabbitmm
390017932 46002396
390032921 1315025
390035932 flyfuck
390036685 1390841
390036872 53282912
390036893 1390841
390037372 milka318
390039234 61088432
390041775 imluckyholly 389792361 52422164
390043843 vivi.d
390043915 tabris17
390044298 52899456 389994904 64538712
390046346 50501330
390046353 44925854
390047129 51486594
390047963 tpl1222
390048317 51799164
390049488 63400886
390050439 55909703
390051441 54267337
390052038 28940091
390052705 1486824
390052919 xialinbuxiu
390054281 49246315
390054920 janiec
390055125 kny527
390055440 xianzhuo
390055725 lovingviviany
390055780 48884187
390056763 OutmAn.XD
390057793 aguoni
390057935 4261340
390058468 Nomee
390059735 sinky1020
390060627 ding19840111
390060858 relax
390062540 50080546
390063184 35091006
390064125 mmh007
390064725 che1989
390066065 45304211
390066837 zmscmyra
390067374 cmysunny
390067697 49231234
390068831 52422164 390067697 49231234
390068882 happyxiaxi
390069193 miennefosse
390069431 14406066
390069492 62147873
390071621 52422164 390069193 miennefosse
390071891 4485080
390072098 51667804
390072111 YSAKURAY
390073215 shell_bee
390073618 bigecko
390074750 dynnn
390075306 58686466
390075460 littlebear1210
390075984 52899456 390054920 janiec
390076060 49283739
390076411 lingzzz
390076603 miss.elaine
390076912 lingzzz
390077274 52422164 390075460 littlebear1210
390078020 58686466
390078921 littlebear1210 390077274 52422164
390107878 ylo1995
390108081 58264543
390079228 52422164 390076912 lingzzz
390109230 16678998
390110308 50453146
390079463 52422164 390078921 littlebear1210
390110356 journeyloveqz
390083106 45229825
390084399 50425329
390110464 16678998
390112877 lris.W
390085313 52422164 390083106 45229825
390113463 48270203
390085850 52422164 390083106 45229825
390113491 64237559
390090047 15608235
390114327 CTwE
390092292 57055425
390114353 wudijingang
390094098 45509034
390116064 linamo
390096107 55951542
390117245 50039563
390097913 yeliya1314
390118286 52422164 390092292 57055425
390098914 2405722
390122423 ccmm91
390100229 freedancer
390123219 2871557 389766071 4833304
390100833 happy_yezi
390123496 2871557
390124633 Doris530
390101058 happy_yezi 389994904 64538712
390124669 2361274
390102761 wudixiaoyi
390103304 46274191
390124810 2871557
390103353 catsofa
390125392 2871557 390032921 1315025
390103796 choovc
390125879 qixiaolu
390104198 songofwind
390104424 donpei.lau
390126113 2871557 390112877 lris.W
390105363 heartsbeat
390105584 suicide-x
390130545 happy_yezi 390110464 16678998
390131829 16678998 390124810 2871557
390133096 venry
390138738 koala0430
390139878 lris.W 390126113 2871557
390141937 61833103 389792361 52422164
390147267 54333727
390149427 46002396 390036893 1390841
390150650 49557566
390152538 jomey
390153062 25705715
390154859 1390841 390149427 46002396
390155232 geziguaiguai
390156903 2665443
390157100 2665443
390157432 fengcp
390159817 tracy-heh
390162004 3544382
390165535 constantinecui
390165651 i_KiDing 390074750 dynnn
390166052 queen_yanz
390172079 zbaitb
390172918 4566164
390174737 1885218
390177102 52749401
390177958 50816673
390179852 60290156
390180558 64117669
390181774 dontfuckme
390182737 nibet 389812250 wudijingang
390183371 xian0218
390183485 57183221
390189304 64270740
390189839 Suro-
390190377 45756505
390191815 49103324
390191960 52422164
390192887 64270740
390193513 50330812
390194042 33641053
390194869 fengmish
390195235 4821466
390195517 ginna
390196874 xiaoyaojiang
390198234 wengmeilingai
390198247 wengmeilingai
390198250 wengmeilingai
390199253 orangeflower
390199752 zw_dada
390203006 sid901113
390218938 58954220
390229635 clover1123
390229818 auvagain
390231546 38602237
390232207 yongjuanermian
390238446 zero1
390238940 42245230
390240666 49387985
390244571 chinayu
390245204 langran1029
390246480 52512315
390249277 cindylovealex
390257951 3619211 389805570 41602384
390258125 3619211 390245204 langran1029
390262887 irenewang
390270564 49187463
390285302 2871557 390131829 16678998
390285822 densirenji
390294656 56636319
390298407 i_KiDing 390240666 49387985
390299989 honey51
390301422 44065162
390301587 44065162 390298407 i_KiDing
390302158 44065162
390308364 i_KiDing 390301587 44065162
390309267 8496623
390310611 37539803
409289122 47705503
409294307 hanxt
409294690 44042980
409304318 61056337
409380089 patty86927
409380762 63738178
409581093 53001327
409590537 51673291
409601874 47225493
409604045 echo_magic
409604256 32446893
409605152 lawenda-hx
410289059 oo-vivian
410316405 cheerfulyou
410323374 wenwen88710
410444864 4280679
410446362 41937708
410464458 Iris_L
411481668 62725978
411489296 61471121
411497404 41336999
411501038 50041314
411636795 kinaquaner
411639806 50545152
411652001 goodboyyu
412843860 49979956
412845761 dororo.
412850292 dearJoys 390014251 52422164
412851636 53502875
412854836 iwantyou
412883913 2134241
412888492 40787770
391502650 2161866
391536948 55300565
391543002 pinkycon
391546209 2543166
391560609 51486594
391562042 juju2will
391570618 k_renee
391580996 applesyz
391581900 littlebear1210
391628888 41801403
391630908 41039377
391783828 buleann
393461087 59404568
393462302 Q7
393468729 51721273
393482605 47563199
393485748 ginnyG
393488520 Olivia-h
393504190 jullllla
393521836 hyde707
393591652 sanguis
393594501 4027827
393596767 65208164
393598197 killuafei
393598383 14912700
393598872 59173423
393617210 53192514
393631614 34208227
393975351 4684316
394005931 52104359
394006756 52104359 391543002 pinkycon
394146558 52422164 393468729 51721273
394147767 zhm25
394153166 3284179
394237059 65336673
394407818 loveugirl
394410999 41127151
394416677 58315725
394446587 64391429
394453891 57184319
394463555 shubaolala
394573831 sor1
394578226 zuozuoloveyou
394631551 52104359 394410999 41127151
394637356 46867082
394650815 xiaolan_niuniu
394655370 53676692
394670255 onlyhan
394671389 xiaoxiao0609
394672557 64444919 389810354 sumnuis
394678688 LiwoApril
394790491 49398363
394790628 52422164
394793776 52422164 394573831 sor1
394794817 52422164 391570618 k_renee
394817208 64779924 389842890 zzzzzn
394889148 56438543
394890860 40580049
394905721 zzzzzn 394817208 64779924
394927907 1572510
395021057 57030523
395021736 57030523
395026919 63357556
395557282 ioyellow
395630609 53666285
395818538 12470788 394790491 49398363
396029240 4157067
396030165 4157067
396031793 acpomelo
396038168 47971623
396038732 47971623
396218130 57558730
396647514 40207391
396939822 59404568 396218130 57558730
396940224 59404568
396959511 52225629
397662900 49125515
397693616 3721989
398706680 50798252
398715070 4023755
398724977 64975820
404070268 6736059
407553217 Cathy1995 390014251 52422164
407893713 2696207
407896204 huizhi
408018620 jamie_xu
408021337 xiaofei_guigui
408032235 61422762
408070500 43873358
408486487 43849492
408512233 61422762
408641843 53454341
408650013 han8513 396218130 57558730
408799894 bgmc
408823302 4413925
409138978 loveicy
409271326 33193303
409280691 49979956 390177958 50816673
409280913 49979956
409281027 charmainebaby
390315162 runrunrabbit
390335411 dynnn 390301587 44065162
390345910 45891108
390346849 2106245
390389455 wine0826
390391461 3063561
390419211 52422164 390391461 3063561
390422500 44065162 390335411 dynnn
390428683 44596316
390431434 mysweety
390431517 58047761
390466668 54709144
390469606 58833281
390472724 2701612
390483910 41801403 389930993 jingyeqianxi
390484297 41801403 390245204 langran1029
390485488 creamsoda233
390511536 59915690
390520098 61799296
390525545 4833304 390123219 2871557
390535259 41394631
390538503 amoxillin
390543683 yui0317
390543834 63975515
390545485 Gothicalady
390567963 3549730
390586572 61234859
390597199 19180388
390599505 hermione411
390602711 sijilao
390603282 xiongkong
390651478 50811526
390659187 47337766
390661993 lumohy
390668272 64538712
390670173 52422164 390651478 50811526
390676584 61583627
390677778 Imrice
390730652 52899456 390668272 64538712
390731479 64538712 390730652 52899456
390745322 57170195
390749047 design_
390755231 55482911
390766021 45786849
390769929 neverland97
390772930 babevelour
390773943 maive
390775689 vivianzhow
390776369 24158136
390788421 46067720
390800569 jingyeqianxi 390483910 41801403
390877638 41801403 390800569 jingyeqianxi
390937672 52899456 390731479 64538712
390938215 andabao
390938412 2505256 390389455 wine0826
390942161 62873047
390964883 40847107
390967789 40847107
390971458 wudijingang
391034213 52422164 390971458 wudijingang
391058473 39600085 389973452 enjoy199x
391073905 echowangxw
391123355 64538712 390937672 52899456
391149221 52422164 391073905 echowangxw
391154503 3315790
391166939 42372826 389973452 enjoy199x
391167554 42372826
391169973 29603086
391173655 52899456 391123355 64538712
391180804 4552126
391181800 52422164 391167554 42372826
391192419 64538712 391173655 52899456
391195462 missmarguerite
391197129 52899456 391192419 64538712
391198412 49705670
391205455 61091318 390483910 41801403
391226578 42372826 391181800 52422164
391228639 3412512 390335411 dynnn
391229672 3412512
391237820 3113662
391238485 64538712 391197129 52899456
391240969 53280984
391242009 43707075
391245291 dacong0
391245870 echowangxw 391149221 52422164
391249675 buleann
391251084 pinganjiankang
391257746 50690801
391351823 65217615
391359676 buleann 391251084 pinganjiankang
391376880 ghhoho
391380886 42114496
391384156 41961788
391392770 30505361
391395886 alimy
391398434 55531230
391398603 57918756
391406516 39379175
391406590 DOOMSDAY1989
391446687 pinganjiankang 391359676 buleann
