389922677 62578970
389923470 toame
389923597 62578970
389923751 R5433
389924073 32067717
389924124 62578970 389923470 toame
389924823 62578970 389923751 R5433
389925358 62578970 389924073 32067717
389925385 62578970
389925455 22234406
389926063 22234406
389927486 62578970
389927657 51412089
389929387 52718307
389930197 16492532
389930830 62578970 389927657 51412089
389930915 greenismywife
389930916 62578970 389930197 16492532
389931380 62578970 389930915 greenismywife
389931841 greenismywife 389931380 62578970
389932036 62578970 389929387 52718307
389932126 62578970 389931841 greenismywife
389933374 51447253
389934621 62578970 389933374 51447253
389934678 34210005
389934736 49495283
389934743 62147873
389935347 51447253 389934621 62578970
389935643 62578970 389935347 51447253
389935736 61257243
389935974 17784438
389935981 62578970 389934678 34210005
389936184 42445693
389936296 62578970
389936562 7822979
389936580 greenismywife
389936689 17784438
389936793 62578970 389936184 42445693
389936965 62578970 389936580 greenismywife
389937139 62578970 389936562 7822979
389937274 7822979
389937411 51061892
389937415 7822979
389937825 62578970 389937411 51061892
389938044 51447253 389935643 62578970
389938064 apple0817
389938209 60300572
389938389 51061892 389937825 62578970
389938624 62578970 389938389 51061892
389938875 62578970 389938044 51447253
389938921 38886735
389938980 17784438 389935981 62578970
389939231 61257243
389939402 62578970 389938980 17784438
389939532 51061892
389939647 17784438 389937825 62578970
389940171 17784438 389939532 51061892
389940823 62578970 389940171 17784438
389941017 62578970 389939647 17784438
389941144 62578970 389939532 51061892
389941188 naturepeace
389941212 60300572
389941310 2410845
389941337 51061892
389941434 ginomo
389941732 62578970 389941212 60300572
389941903 vivian1991
389943236 x87
389943405 62578970 389941903 vivian1991
389943693 mmmuzi
389943737 62578970 389943236 x87
389944211 vivian1991 389943405 62578970
389944310 62578970
389944505 62578970 389944211 vivian1991
389944665 17784438 389943405 62578970
389945236 17784438
389945321 x87 389943737 62578970
389946625 x87 389938921 38886735
389946952 30306879
389947482 60300572
389948297 46259980
389948745 35238982
389948960 62578970 389948297 46259980
389949006 62578970 389948745 35238982
389949404 zs278777745
389949554 zs278777745
389949939 62578970 389949404 zs278777745
389949996 Scorpio-Pisces
389950403 zs278777745
389950601 50570176
389950724 63310078
389950805 orianaspeak
389951187 63310078
389951607 45292416
389952181 62578970 389951187 63310078
389952333 63310078
389952399 62578970 389951607 45292416
389952566 62578970 389950805 orianaspeak
389952617 60423502
389952763 62578970 389950724 63310078
389952903 20708008
389952929 63310078 389952181 62578970
389953067 62190827 389952903 20708008
389953146 Lily-C 389923470 toame
389953443 chengzigy
389953609 chengzigy
389953659 Alage 389941732 62578970
389953839 62190827 389953146 Lily-C
389954149 45292416
389954293 62528142
389954374 42441418
389954768 juebunengshu
389955029 62578970 389953659 Alage
389955097 62578970 389954374 42441418
389955123 20708008 389953146 Lily-C
389955164 Alage 389950403 zs278777745
389955323 60558046
389955385 20708008 389937139 62578970
389955613 Alage 389955029 62578970
389955795 62106449
389955949 62578970
389956308 62578970 389955385 20708008
389956454 51547085
389956600 Lily-C
389957547 Wild-dora
389957661 62578970
389957862 41580016
389958089 JLiu77
389958104 62578970 389957547 Wild-dora
389958237 62578970 389958089 JLiu77
389959002 62578970
389959067 64229067
389959458 JLiu77
389959490 Wild-dora 389958104 62578970
389959554 62578970 389959067 64229067
389959954 doradb
389959993 62578970 389959490 Wild-dora
389960183 62578970 389959954 doradb
389960192 JLiu77
389960366 Wild-dora
389960445 51965246
389960711 44703064
389960968 62578970 389960366 Wild-dora
389961008 Summer_Xi
389961305 41580016
389961559 51965246
389961607 51965246
389961723 51965246
389961829 Wild-dora 389960968 62578970
389962159 41580016 389961008 Summer_Xi
389962236 49259713 389941732 62578970
389962287 50043565
389962315 5643394
389962441 62578970
389962476 63665037
389962669 51965246
389962741 62578970 389962236 49259713
389962798 Cri_J
389962801 51965246
389962829 sogalin
389962922 62578970 389962476 63665037
389962923 52183929
389963034 62578970 389962829 sogalin
389963149 62578970 389962923 52183929
389963153 zuozuoloveyou
389963179 51965246
389963279 2488132
389963604 62578970 389963153 zuozuoloveyou
389964089 fanlan
389964445 62578970 389964089 fanlan
389964937 63665037
389964947 62578970 389962669 51965246
389965298 63665037
389965744 renyuequn
389965794 renyuequn
389965838 renyuequn
389965901 renyuequn
389965974 62578970 389965298 63665037
389966386 52497495
389967588 62578970
389967995 63665037
389968249 62578970 389967995 63665037
389968886 55329948
389969526 53513640
389969582 mcheineken
389970215 62578970
389970577 62578970 389969582 mcheineken
389970736 63665037 389968249 62578970
389970929 55854974
389971444 que-ban
389971667 62578970 389970929 55854974
389971827 62578970 389971444 que-ban
389971842 39270296 389970215 62578970
389972039 52666556
389972286 39561069
389973281 38886735 389946625 x87
389973568 toame
389974731 38886735 389955795 62106449
389974824 sky890131 389950805 orianaspeak
389975044 toame 389953146 Lily-C
390230042 clea
390231767 missssssing
390232082 YOHaYY
390233099 cjppo
390233537 63400545
390233538 42197334
390235104 30741192
390238765 62578970 390235104 30741192
390238834 62578970 390233538 42197334
390238911 62578970 390233099 cjppo
390239041 63343420
390239045 63343420
390239061 62578970
390239290 62578970 390239041 63343420
390239354 chentushi
390239747 47516178
390240801 30741192 390238765 62578970
390240843 41758377
390240891 individualism
390241436 62578970 390240801 30741192
390241594 62578970
390241755 62578970 390239747 47516178
390242599 mint_tomato
390243677 50675387
390244051 individualism 390241594 62578970
390244815 49444929
390247366 55966096 390233099 cjppo
390247664 49422997
390248268 langran1029
390248574 47866207
390250048 cjppo 390247366 55966096
390251681 55966096 390250048 cjppo
390252025 62578970 390248268 langran1029
390252536 langran1029 390252025 62578970
390254193 55966096 390244815 49444929
390254982 cjppo
390255730 55966096 390254982 cjppo
390256558 62578970 390252536 langran1029
390257121 62578970 390247664 49422997
390257923 tangtangtangs
390258744 53534943
390259484 individualism 390241594 62578970
390260409 62578970
390260560 53534943
390260775 53534943
390262810 Nomee
390262824 55394994
390263153 55394994
390268527 51763986
390268932 62578970 390262824 55394994
390269809 50891160
390270570 47884693
390273213 49334435
390273390 43357611
390273555 individualism 390260560 53534943
390274300 62209915
390274674 62578970 390273390 43357611
390275627 lotusm
390277009 46320612 389967588 62578970
390280082 31404072
390280473 4270578
390281196 40404400
390281461 62578970 390281196 40404400
390281735 62578970 390280082 31404072
390281780 9263154 389941732 62578970
390281819 62578970 390275627 lotusm
390282271 50138652
390282803 dumplingmoon
390282998 46686351
390283212 62578970 390282998 46686351
390283307 48579433
390283331 62578970 390282803 dumplingmoon
390283531 62578970 390281780 9263154
390284110 3980010
390284183 1708380
390284356 62578970 390284110 3980010
390284380 dumplingmoon
390284496 62578970 390284183 1708380
390284727 xiribanqing
390284789 63051980
390284827 62578970 390284380 dumplingmoon
390284852 43357611 390274674 62578970
390286956 ccurry
390289832 62578970 390286956 ccurry
390289837 43691406
390290124 jessica210
390290307 40215562
390290948 47884693
390291616 ccurry
390291868 48424179
390293910 62578970 390291616 ccurry
390296022 wuzhuan105
390296919 52865862
390298954 fetisher
390307076 ccurry
390307482 55394994 390268932 62578970
390308541 47516178 390241755 62578970
390313034 31404072 390281735 62578970
390317553 stefanie_law
390321938 56834265
389975223 41023185
389975241 49401482
389975599 twista
389976306 zuozuoloveyou 389963604 62578970
389976959 62106449 389974731 38886735
389977773 36055722
389979551 7511675
389980915 didoq
389980975 51362864
389981056 HINANA
389981267 wenyinan
389981978 62578970
389989390 HJJJJJJJJJJJJJJ
389989641 62578970 389975223 41023185
389989799 62578970 389975599 twista
389990186 62578970
389990351 62578970 389981056 HINANA
389990468 62578970 389980975 51362864
389990945 62578970
389991842 welcom
389993100 62578970 389991842 welcom
389994552 48578279
389994791 22234406
389995495 62578970 389994791 22234406
389997373 symyself
389998534 kusakusa
389998992 xiaokejianfei
390000862 34848178
390003220 34210005
390003512 62578970 389998534 kusakusa
390005234 cotton0215
390006739 welcom
390007931 anmaai 389950724 63310078
390008558 58978571
390008702 juebunengshu
390008786 60300572
390009271 juebunengshu
390010461 35374393
390011167 x87 389959458 JLiu77
390012123 shuinei
390012367 37877491
390012555 x87 389973281 38886735
390013115 64655907 390012123 shuinei
390014633 53338896
390014901 62578970 390014633 53338896
390019461 63343420
390020781 60830433
390021027 54378325
390025588 liuyexin
390027017 princefish
390027972 62521852
390030672 su3lee
390032905 zhangyupei
390034838 59750565
390035679 44214103
390036817 44214103
390037192 nancy0818
390037689 34833621
390038319 lingtingbian
390038836 tangtangtangs
390039064 tangtangtangs 390035679 44214103
390039845 57998513
390042705 didoq
390045600 trivialPeach
390045820 44214103 390039064 tangtangtangs
390046496 44214103 390038836 tangtangtangs
390047176 CHeer.
390047766 37470512 389930197 16492532
390049895 50608488
390050259 50316072
390050270 49399908
390052205 63306250
390054728 dreamseaworld
390054840 daneng
390056597 XC911
390057075 larryzcl
390060048 59587066
390060695 Summer_Xi 389962159 41580016
390061247 41580016 390060695 Summer_Xi
390066014 48431253
390067613 38886735 390012555 x87
390067799 38886735 389976959 62106449
390068641 senses058
390069362 senses058 389923470 toame
390072016 56173196
390072724 52142241
390073494 59475599
390074359 tangtangtangs 390045820 44214103
390074619 x87 390067613 38886735
390074798 tangtangtangs 390046496 44214103
390076678 36687305 390069362 senses058
390082170 senses058 390076678 36687305
390086405 bubbl
390090418 zouyazou 389952566 62578970
390090721 62578970 390047176 CHeer.
390090841 62578970 390021027 54378325
390090941 62578970 390067613 38886735
390091216 62578970 390037192 nancy0818
390091328 62578970 390072724 52142241
390091445 38886735 390090941 62578970
390178068 40373491
390178547 55966096
390179275 16492532 390047766 37470512
390179809 twista
390180006 clea
390181107 kittyyc
390181657 46039010
390181899 43605017
390182937 vivian-Cheng
390184903 murphy_hi
390185796 harvey666
390187470 62578970
390188554 62578970
390190303 62578970
390191120 41478285
390192072 way19765
390192588 62578970
390192728 51818573
390193190 62578970 390192072 way19765
390193648 shixiaoboshine
390193662 shixiaoboshine
390193689 shixiaoboshine
390194100 way19765
390194929 Summer_Xi
390195223 50940545
390196170 46590503
390196220 62578970 390195223 50940545
390196420 1708380
390196611 59682457
390196612 62578970 390196170 46590503
390196788 62578970 390196420 1708380
390196851 53534943
390196927 62578970 390196420 1708380
390196949 malaowu
390197053 twista 390188554 62578970
390197082 62578970 390196851 53534943
390197758 53534943
390197884 apple0817
390198312 twista 390192588 62578970
390198526 62578970
390199348 twista
390199454 47531635
390199657 49196813
390199671 paiii
390200003 33248854
390200187 xiangkesi 390199348 twista
390200655 twista 390200187 xiangkesi
390200873 62578970 390199657 49196813
390200976 45637565
390201137 59682457
390201289 62578970 390200655 twista
390201463 62578970 390200976 45637565
390201639 62578970 390201137 59682457
390201683 62578970
390201799 53534943 390199348 twista
390202141 53534943 390201683 62578970
390202220 twista 390201289 62578970
390202278 30008592
390202509 45829676
390203267 twista 390201799 53534943
390203950 twista
390204299 58105844
390204318 39605733
390204789 58105844 390203950 twista
390205237 lovellysusu
390205514 shuangrenyu
390206028 3832606 389937139 62578970
390206244 twista 390205237 lovellysusu
390206298 50203552
390206744 shuangrenyu 390199454 47531635
390206755 34527155
390207311 britpopcat
390207660 50970836
390207743 47531635
390207903 40132414
390208147 shuangrenyu
390208293 31755795
390208554 shuangrenyu 390207743 47531635
390208752 47531635
390208995 minoo_he
390209745 31755795 390199348 twista
390210177 62519473 389952763 62578970
390210493 sweety811
390210522 shuangrenyu 390208752 47531635
390210649 55966096 390201799 53534943
390211046 47531635 390210522 shuangrenyu
390212441 shuangrenyu 390211046 47531635
390212624 shuangrenyu
390213936 59750565
390214096 59750565
390215164 YOHaYY
390215952 apple0817 390215164 YOHaYY
390216168 51152760
390217167 62578970
390217293 62578970
390221114 42441418
390221146 42441418
390222114 xiatianzhenre
390228948 mcheineken 389970577 62578970
390229204 continuous
392277814 42303875
392304452 62519473
392310441 2875664 392304452 62519473
392313507 49156733
392314019 49422997
392348927 62519473 392310441 2875664
392352036 47370540
392374028 61135662
392425020 28170423
392469579 49975589
392487315 62578970
392568333 47707077
392571060 14260887
392572239 48863067
392886640 cjppo
392889514 maoweiwei
392912516 3831805
392924898 1734314
392965481 49911089
392983278 dinows
392985010 63550616 389934678 34210005
393048839 62578970 392572239 48863067
393049020 62578970 392568333 47707077
393050632 diandianQueen
393050857 wheniwasachild
393162215 47707077 393049020 62578970
393494848 48055514
393730508 49542195
393769065 50837070
393942809 62578970 393769065 50837070
393942899 62578970
393943684 60291529
393945585 48969918
393960161 actinidia
393969684 47583619
394004706 yyyi11
394004763 yyyi11
394004817 yyyi11
394004893 yyyi11
394004999 yyyi11
394007157 dearnn
394007210 dearnn 394004706 yyyi11
394072105 51029436
394158005 blindfish 389962441 62578970
394167130 65057161
394170975 blindfish 394158005 blindfish
394173956 62578970 394007157 dearnn
394174408 62578970 394170975 blindfish
394186706 blindfish 394174408 62578970
394188173 62578970 394186706 blindfish
394189895 blindfish 394188173 62578970
394217378 44626404
394246489 61752314
394768177 riangle
394771958 songxiaomian5
394777879 36047568
394820985 62578970
394821306 62578970 394768177 riangle
394821808 62578970
394824859 2577959
394824897 2577959
394856134 riangle
394865587 51156095
394914800 blindfish 394821808 62578970
394927852 62578970 394914800 blindfish
394927997 62578970 394856134 riangle
394928597 blindfish 394927852 62578970
394950716 40580049
394959351 riangle 394927997 62578970
394964446 stonejane
394967131 62578970 394964446 stonejane
394967410 62578970 394959351 riangle
394967482 62578970 394950716 40580049
394967710 62578970 394928597 blindfish
394971877 stonejane 394967131 62578970
394973588 riangle 394967410 62578970
394975574 riangle
394977269 51362244
394999454 59503450
395031053 57882554
395040582 blindfish 394967710 62578970
395071547 54673952
395085804 40580049 394967482 62578970
395093829 36047568 394820985 62578970
395110591 Tumis
395140450 chemengting
395144121 51516758
395144186 Luna777
395145814 51516758 389959002 62578970
395146356 nishidabendan
395146870 51516758 390021027 54378325
395149234 51516758 390200873 62578970
395203313 50305612
395207415 feifei_run
395211039 62578970 395207415 feifei_run
395211585 feifei_run 395211039 62578970
395211724 62578970 394973588 riangle
395211770 49521555
395213184 56501913 389937139 62578970
395223813 62578970 395211770 49521555
395265234 65359857
395265891 39605733
395271834 1489801
395274529 33805989
395313068 65359857
395313115 65359857
395313150 65359857
395314098 65359857
395335138 65359857
395341865 riangle 395211724 62578970
395342544 wangxiaowan
395368434 53676692
395369429 58470943 395368434 53676692
395377118 64613003
395473035 49521555 395223813 62578970
395476388 62578970 395342544 wangxiaowan
395480894 49268123
395748854 48043404
395776814 42406429
395783340 42406429
395800364 3250777
395815738 a1b2c32046
395818595 62578970 395783340 42406429
395818694 62578970 395748854 48043404
395818829 62578970 395271834 1489801
395823230 51140344
395832444 48043404 395818694 62578970
395845525 xiaoqipao
395871700 YXY993
395959184 48513551
396016333 blindfish 395818829 62578970
396035691 ritabear
396059087 52457810
396142888 64283356
396157050 lomo0627
396161328 32871264
396295265 maozaizai
396319621 46003824
396369636 riangle
397036804 8656261
397123989 31081499
397285234 jofya-fong
397286997 t1ana1
397287979 zk1683710
397288524 shaonvaaa
397297584 48667259
397361467 pandaShmILy
397387752 59368715
397388033 59368715
397390612 aftersummer
397401439 46288652
397404173 4206236
397407540 60439659
397410757 49200669
398072776 yingtian
398080156 4023755
398291573 xiaobmadrid 390215952 apple0817
398427987 mangguoguantou
398462636 l0107l 390196612 62578970
398471166 apple0817 398291573 xiaobmadrid
398475018 bbsummer 395265234 65359857
398482901 56823338
398491398 65879349
398491699 65879349 398475018 bbsummer
398493378 48192793
398509026 62578970
398509460 xiaobmadrid 398471166 apple0817
398510784 57559228
398517927 bananazheng
398521701 changjina8
398547057 apple0817 398509460 xiaobmadrid
398548255 banboru
398554044 bbsummer 398491699 65879349
398556955 48192793 398509026 62578970
398557192 48192793
398558263 62578970
398559499 65879349 398554044 bbsummer
398564584 mmh007
398566191 Dmeng570
398567144 52489015
398571765 50246906 389935981 62578970
398578823 65359857 398475018 bbsummer
398600353 mollylittletwo
398605182 bbsummer 398578823 65359857
398606282 48192793 398558263 62578970
398646175 xiaobmadrid
398682243 apple0817 398646175 xiaobmadrid
398759477 hongdun
398762969 GlenKnight
399532888 keyiyuekeke 389962315 5643394
399707249 5643394 399532888 keyiyuekeke
399707458 5643394 399532888 keyiyuekeke
399712314 cherrybang
399716716 54577419
399728904 38542408
399780455 55796207
399792285 65755000
400001633 ashinstancy
400031333 in-pest
400038617 49928144
390091791 62578970
390092056 62578970 390050259 50316072
390092384 62578970 390054728 dreamseaworld
390092512 54378325
390092778 49081844
390094176 62578970
390094494 44938079
390094500 2457331 390092056 62578970
390095001 62578970 390094494 44938079
390095663 zhuxin
390095990 senses058
390096160 37518303
390096659 62578970 390095663 zhuxin
390097760 zhaikai
390097796 24943690
390097902 41752073 390092056 62578970
390097906 41023185 389989641 62578970
390098770 62578970
390098809 62578970 390097796 24943690
390100179 62578970 390092778 49081844
390100490 62578970 390054840 daneng
390100649 41752073 390098770 62578970
390100901 48055514
390101380 50608488
390101463 59750565
390101517 58978571
390101562 58978571
390101687 24943690 390098809 62578970
390102153 flos
390104133 56996764
390104678 dante0803
390105476 24943690
390109028 50764255
390109411 51924328
390109573 jessica210 389952617 60423502
390109872 41752073 390098770 62578970
390110966 mirror0
390112162 60954655
390113142 52396210
390113602 44202749
390113622 50883517 389964089 fanlan
390114422 twista
390116996 cchrysalis
390117255 59750565
390120580 60423502 390109573 jessica210
390120762 clea
390123256 63310078 389952763 62578970
390124551 44214103 390074359 tangtangtangs
390125508 44214103 390074798 tangtangtangs
390126649 alpshan
390130760 43691406
390132458 fanlan 390113622 50883517
390136514 41336384
390136848 37518303 390104678 dante0803
390137454 38805900
390146116 62578970 390137454 38805900
390149643 cchrysalis
390150443 clea
390153239 greenismywife 390098770 62578970
390156416 greenismywife 390146116 62578970
390157162 44158301
390158823 48825935
390159904 43607054
390160075 delia1008
390160739 jessica210 390120580 60423502
390161995 62578970 390156416 greenismywife
390162176 62578970 390116996 cchrysalis
390162632 cchrysalis 390162176 62578970
390162712 greenismywife 390161995 62578970
390163924 darlinfish
390164193 53827090
390164311 darlinfish 390146116 62578970
390164465 FXXXXXXXXK
390164700 57906065
390164823 52246872
390164899 darlinfish 390130760 43691406
390165222 62578970 390164899 darlinfish
390165465 darlinfish 390114422 twista
390165544 62578970 390164311 darlinfish
390165607 darlinfish 390165222 62578970
390166037 62578970 390165465 darlinfish
390166693 52459455
390167158 49422997
390167641 darlinfish 390166037 62578970
390168387 darlinfish 390166037 62578970
390168660 Summer_Xi 390061247 41580016
390169505 lipiaopiao
390169663 darlinfish 390168660 Summer_Xi
390170928 51282785
390170991 42152134
390172081 41580016 390168660 Summer_Xi
390172488 dante0803
390174944 greenismywife 390161995 62578970
390174958 peggy_07ing
390175700 55966096 390172488 dante0803
390176323 twista 390165465 darlinfish
390176822 4824027 390095001 62578970
390177553 55966096 390176323 twista
390177610 darlinfish 390176323 twista
390177825 48028093
390462752 48751129
390463183 49334435
390463205 62578970
390464023 sherry1991
390464033 9263154 389971842 39270296
390465510 9263154 390072724 52142241
390469387 ccurry
390470111 65076334
390471117 50138652
390471770 xp-forever
390478515 62578970 390469387 ccurry
390491581 42212735
390496492 48805412 389935981 62578970
390497416 wlx1993
390501757 bonigoni
390523196 3980010
390523505 62578970
390523664 49273175
390529599 49929523
390533291 nuanyige
390546619 52142241 390465510 9263154
390552567 wlx1993 390523505 62578970
390554000 4904631
390562544 at17
390573304 62578970
390573306 62578970
390578875 60423502 390160739 jessica210
390595357 hakuel
390646968 9263154 390546619 52142241
390647881 aite 390463205 62578970
390664819 ashinstancy
390670679 p1anp1an
390683534 GrangerLeau
390695232 56723702
390708189 48491879
390832837 62578970 390695232 56723702
390835630 4449675
390837693 56634650
390859532 56723702 390832837 62578970
390864751 64924268
390866367 48927113
390868424 anhero
390876133 oudear 389935981 62578970
390879234 3559898
390894737 liyaoshengsheng
390904643 47967729
390935735 36055722
390944290 zxcxc
390951463 62873047
390963612 1708380
391015095 62578970
391021797 chaxiaocha
391052648 1708380 390284496 62578970
391075465 48927113
391168384 41647476
391170789 59331971
391240505 52396210 390113142 52396210
391240640 52396210
391269224 45526969
391269863 45526969
391276867 godnightoldtime
391311033 60280624
391312207 62519473
391348837 50004278
391494343 12257490
391521756 chaxiaocha 391015095 62578970
391527334 58304383
391563204 16574607
391567714 3556642
391569158 lizier
391585727 fanlan
391707578 50102778
391707778 65359857
391708454 65359857
391711968 soyee17
391712985 62735568
391715636 vagrantxinxin
391715784 28170423
391716190 28170423
391717576 celialihuiting
391717661 2875664 389923470 toame
391718123 55322587
391720530 63400886
391723742 50664424
391726720 26498774
391728487 54873832
391728608 50675387
391835558 60636890
391838651 60636890
391891817 lxj995
392090655 65104178 391723742 50664424
392096159 toame 391717661 2875664
392142805 2875664 392096159 toame
392145167 53670121
392145515 toame 392142805 2875664
392151229 2875664
392151617 4130275
392156494 48955254
392188531 51303787
392196015 27646183 390167158 49422997
390322019 56834265
390322046 56834265
390322606 Qln9_.
390324833 aite
390327689 nancy0818
390329646 46590503 390196851 53534943
390331924 aite 390329646 46590503
390332146 53534943
390333101 52113878
390335851 4904631
390340939 57064910
390353811 50883517 390132458 fanlan
390355874 fanlan 390353811 50883517
390355987 53339384
390356248 55329948
390357201 45105602
390359191 Ansyu
390362542 64655907 390307482 55394994
390364195 64489159
390364754 65363872 389990186 62578970
390365795 65363872
390367629 50883517 390355874 fanlan
390367870 fanlan 390367629 50883517
390368983 jing222
390370249 65104178
390372789 timide
390377560 willowshaw
390378243 64489159
390378745 62578970 390307076 ccurry
390378895 62578970 390308541 47516178
390379334 62578970 390364195 64489159
390379504 62578970 390365795 65363872
390379612 62578970 390333101 52113878
390380561 62578970 390327689 nancy0818
390381768 apple0817 390232082 YOHaYY
390381931 62578970 390364754 65363872
390383161 48253081
390383758 62578970 390383161 48253081
390383942 46590503 390331924 aite
390384924 49334435
390385130 62578970 390384924 49334435
390391383 3535359
390392290 65363872 390379504 62578970
390397858 happyyu1314
390398028 53237916
390399468 40404400 390281461 62578970
390402840 42212735 390377560 willowshaw
390404765 44214103 390231767 missssssing
390406677 50138652
390409473 49422997 390257121 62578970
390409976 58195271
390410284 1422540
390411428 65363872
390411793 4808600 390256558 62578970
390412399 maradona
390417448 49334435 390385130 62578970
390418511 62578970 390417448 49334435
390418622 62578970
390418722 50883517 390367870 fanlan
390419612 62578970 390411793 4808600
390419687 50940545 390196612 62578970
390419894 62578970 390410284 1422540
390419928 nancy0818 390380561 62578970
390420144 62578970 390419687 50940545
390420830 62578970 390406677 50138652
390421058 61032746
390421943 52811326
390421944 62578970 390411793 4808600
390422066 62578970 390411428 65363872
390423003 4808600
390423938 4808600 390421944 62578970
390424258 62578970 390423938 4808600
390425564 52811326
390425604 62578970 390423003 4808600
390425711 62578970 390425564 52811326
390426838 50688670
390427687 62578970 390426838 50688670
390429275 50688670 390427687 62578970
390429558 44738875
390429809 62578970 390429275 50688670
390431760 50688670 390429809 62578970
390432001 fanlan 390418722 50883517
390434470 62578970 390431760 50688670
390435149 peip7
390435566 shuise123
390439371 didoq 390379612 62578970
390440430 CHeer. 390090721 62578970
390441117 tuoxianzi7788
390443591 Jaslv
390444897 53326135
390445120 62578970
390445554 62578970 390444897 53326135
390445878 62578970 390435149 peip7
390446265 52811326 390425711 62578970
390447249 64113627
390448810 62578970 390446265 52811326
390450534 14405187
390451704 53326135 390445554 62578970
390456253 aite 390383942 46590503
390458989 aite
416451366 38367079
416707973 51060741 390196612 62578970
416725185 51119208
417075429 58653031
417075552 58653031
417180829 62578970 417075552 58653031
417193665 66848987
417210097 62578970 417193665 66848987
417222039 66220703
417223366 65878271
417227782 52124837
417258149 59015869
417261561 51916431
417780018 44948237
417782243 66612866
417796699 Iwilbeback
417797379 Iwilbeback
417801444 45404086 417180829 62578970
417802291 35389815
417803295 67749593
417816340 54491954
417817942 54491954
417821151 55514920
417823005 32871264
418000557 2751180
418749615 58653031 417180829 62578970
418781971 syshiqi
418793527 4252859
418818511 53383870
418894565 missguzi
419001204 Risepon
419474965 tttxxx
419505275 67677753
419597792 42373093
419601296 65626746
419602156 67652479
419604252 em_phie
419620226 62578970 419601296 65626746
419620252 withoutpeople 390192588 62578970
419621759 withoutpeople
419634857 65626746 419620226 62578970
419635375 42660036
419813691 40848331
419941341 62578970 419813691 40848331
419941610 62578970 419634857 65626746
419941895 62578970 419621759 withoutpeople
419989418 42238178
419989473 42238178
419991781 58707462
419999868 3351277
420000811 66880295
420001757 49103324
420004694 2853540 390196612 62578970
420004864 samariayateng
420005987 OKIMAY 390114422 twista
420085632 4068988
420169811 62578970 419999868 3351277
420196061 46323575
410080536 48744624
410100034 35435117
410101965 51778838 410100034 35435117
410102521 62578970 410100034 35435117
410104710 35435117 410102521 62578970
410104953 35435117
410105343 51778838 410104953 35435117
410107150 Aspirin_yuan
410304954 fanlan
410332754 3270446
410406174 49309619
410588416 sixEason
410592100 chengyp
410597747 53459236
410741619 kikoloveu
410741887 hello_misskid
410744984 51953879
410752987 shero-
410759357 39671525
410808195 54501889
410809611 59173423
410820760 4855846
410907798 wywmzyq
410931865 54501889
410935894 63437029
411035582 ninemo
412196799 62578970 410808195 54501889
412197411 54501889
412209590 62578970 412197411 54501889
412528205 58916029
412608870 54501889 412209590 62578970
412612945 67277241
412670732 62578970 412608870 54501889
412671421 62578970 412528205 58916029
412685832 godblesspengyu
412687154 65299175
412689043 46420093
412695272 58916029 412671421 62578970
412696420 62578970 412695272 58916029
412697484 godblesspengyu
412702103 47112921
412716981 65137223 389935981 62578970
412718479 59237780 389935981 62578970
412719329 59237780
412740759 48875638
412741654 56230767
412760567 62578970 412697484 godblesspengyu
412760846 62578970 412741654 56230767
412761026 62578970 412719329 59237780
412766511 52288381 389952181 62578970
412772877 56079012
412774135 62578970 412766511 52288381
412778010 62477519
412795416 godblesspengyu 412774135 62578970
412805829 depuresoul
412806296 61326873
412818000 52288381 412774135 62578970
412860651 62578970 412818000 52288381
412861912 40403642
412863334 62578970 412861912 40403642
412904822 51786992
413341878 ninemo
413444244 65641118
413467585 imvesper
413467731 imvesper
413471077 60875187
413550312 56230767 412760846 62578970
413553858 38367079
413557501 28168206
413571275 59588009
413573981 62578970 413550312 56230767
413574985 62578970 413444244 65641118
413575822 60379865
413576105 60379865
413584223 60379865 390035679 44214103
413586405 49836625 389936965 62578970
413592900 59588009
413596380 14245722
413689351 56230767 413573981 62578970
413702125 49359964
413799099 62578970 413702125 49359964
413811761 57528719
413816744 62578970 413811761 57528719
413817357 57924612
413817853 62578970 413817357 57924612
413873371 59588009 413571275 59588009
413942363 57924612 413817853 62578970
414136881 62578970 413942363 57924612
414138693 Nokto
414142423 chishuila 413816744 62578970
414153940 44424275
414181071 57924612 414136881 62578970
414303981 62578970 414142423 chishuila
414309512 64182909 389937139 62578970
414494101 chishuila 414303981 62578970
415626623 aftersummer
415776855 62259365
415781424 23333724
415890905 62578970 415781424 23333724
416198463 28310437
400045919 48793541
400047513 52756099
400143247 52835833
401359043 sixEason
401427554 keyiyuekeke 399707458 5643394
401456333 toughlene
401457800 45356735
401471238 23637478
401514731 5643394 401427554 keyiyuekeke
401702163 keyiyuekeke 401514731 5643394
401702401 keyiyuekeke
401707322 5643394 401702401 keyiyuekeke
401707825 5643394 401702401 keyiyuekeke
401720462 I_am_99mm_cyn
401745568 58029528
401785376 62578970 401720462 I_am_99mm_cyn
401785500 62578970 400045919 48793541
401785562 62578970 400031333 in-pest
401785644 62578970
401815946 I_am_99mm_cyn 401785376 62578970
401850405 in-pest 401785562 62578970
401885281 onlythink
401889883 keyiyuekeke 401707825 5643394
401901313 62578970 401815946 I_am_99mm_cyn
401935550 5643394 401889883 keyiyuekeke
401977449 51298263
402068925 6384853
402082186 54001235
402083405 54001235 389952181 62578970
402085026 54001235 389962315 5643394
402089862 apple0817 402082186 54001235
402092273 54001235 390199454 47531635
402092920 37756107
402093794 54001235
402094662 54001235 390215952 apple0817
402096213 54001235 402089862 apple0817
402098288 apple0817
402098400 54001235 390359191 Ansyu
402099710 54001235
402099835 54001235
402100760 57281765
402101889 apple0817
402102797 58560293
402103651 50975400
402105090 40018632
402110501 5643394 402085026 54001235
402110921 5643394 402105090 40018632
402111785 rosita0816
402112262 5643394 402093794 54001235
402113521 5643394 402089862 apple0817
402121966 apple0817 402113521 5643394
402126818 4513266
402163569 54001235 402101889 apple0817
402164158 54001235 402113521 5643394
402164614 54001235 402110501 5643394
402173263 cxmoshi
402186872 apple0817
402189970 5643394
402204188 Alice1900
402266605 53471523
402308912 openchan
402431176 54001235 402186872 apple0817
402432381 apple0817 402431176 54001235
402438772 54001235 402189970 5643394
402446481 59984462
402464242 54001235 398291573 xiaobmadrid
402471318 46460449
402478804 48491879
402741098 DET
403004960 hellohelene
403036080 36359578
403502401 40018632 402110921 5643394
403505409 65600057
403506119 63813250
403506571 mike7882
403507357 xiaoxiaoshuo
404034917 62983048
404056454 62578970 403507357 xiaoxiaoshuo
404059379 62578970 403507357 xiaoxiaoshuo
404394048 63550853
404416393 40562769
404422630 shanshan11 389941732 62578970
404423312 buku675hot
404424690 zhui_meng_ren
404427802 DoveDive
404430794 4724101
404537369 40394067
404802091 JFr 402105090 40018632
404978910 65755000 401785644 62578970
405270262 62578970 404424690 zhui_meng_ren
405300869 zhui_meng_ren
405312456 baguio
405350654 2522543
406370406 Reine1123
406372730 Reine1123
406376247 dangdang520
406401270 47310526
406405180 Finnnow
406407626 kavin_v 406376247 dangdang520
406407948 kavin_v
406443852 53498388
406448892 xingxiaozhu
406462497 40458126
406470497 1552662
406811951 dangdang520 406407626 kavin_v
406833241 mike7882 406470497 1552662
406837181 kavin_v 406811951 dangdang520
406838693 vvjimi
406841922 yuanbaby9
406917733 1552662
407185348 mike7882 406917733 1552662
407759766 66893171
408072134 6298869
408644991 53454341
408707833 47952169
408710023 wywmzyq
408717198 62578970 408710023 wywmzyq
408717332 jullllla
408717409 62578970 407759766 66893171
408760482 47952169
408767364 ankelin
408776132 miracle312
408883703 62798371 389938389 51061892
408887296 62578970 408883703 62798371
408887672 58354336
408890807 53881234
408919176 62578970 408887672 58354336
408921277 62578970
408927152 45925798
408927794 53881234
408928123 62578970 408927794 53881234
408933268 Laofucius
408933711 53881234 408928123 62578970
408935079 imchina1
408936399 62578970 408935079 imchina1
408940406 beilei1990
408946059 imchina1 408936399 62578970
408954203 3601184
408960355 siwondan
408962500 kinphone
409020787 50458475
409021847 49929523
409058020 58593103
409058784 65057241
409062877 vocacion
409063423 sanzanglx
409064465 vocacion
409065480 sweetlml
409068451 53454341
409070939 sysophie
409109304 sylviassan7
409113150 62578970 409109304 sylviassan7
409116331 67020911
409143941 35435117
409164474 sylviassan7 409113150 62578970
409175716 62578970 409116331 67020911
409193007 67020911 389949006 62578970
409215117 62578970 409193007 67020911
409219360 67020911 409215117 62578970
409266024 45932604
409312252 OttoBanana
409323788 stupid-y
409327329 49736735
409377332 63201249
409378774 63201249
409399753 56096307
409458754 52859474
409466416 2984241
409563381 67059532
409652456 63712693
409654229 xtzlyt
409661789 penny7kimi 389964089 fanlan
409665159 hinsh
409735598 58354336 408919176 62578970
409821892 35435117
409834398 jiangmuyan
409835488 jasminefish
409837645 49343818
409838235 56200018
409898890 fanlan 409661789 penny7kimi
409901971 51787612
409909623 penny7kimi 409898890 fanlan
409915370 62578970
409933018 fanlan
409936438 51463651
409942375 liukkkan
409943849 penny7kimi 409933018 fanlan
409948458 fanlan 409943849 penny7kimi
409950113 48786558
409980483 ARZIGUL
409980506 ARZIGUL
409981542 56548750
409992129 55611048
410009970 50206732
410038757 46665392
410040988 LuckyStrikeF
410041686 31559524
410047647 51778838
410058249 penny7kimi 409948458 fanlan
410060428 livelybaby 389923470 toame
