389932470 yangyanjun
389932846 iwasekenzo
389935921 63952957 389932470 yangyanjun
389935977 63952957 389932846 iwasekenzo
389936187 yangyanjun
389938070 53849537
389938223 lotusxoxo
389941038 41058556
389942984 AZI_1215
389943360 42118220
389945069 63952957 389936187 yangyanjun
389946830 63952957 389938070 53849537
389947734 63952957 389938223 lotusxoxo
389948635 31461164
389948890 lotusxoxo 389947734 63952957
389950152 14530326
389951758 63952957 389941038 41058556
389953419 yangyanjun 389945069 63952957
389954001 47155327
389954101 63952957 389942984 AZI_1215
389954583 45479827
389954902 mtqad
389955603 60110752
389956382 63952957 389943360 42118220
389956697 chantelle-ria
389956807 49491225
389957061 44040607
389957776 55774823
389957810 3938449
389958030 51133130
389958616 41856963
389958769 linnnnnn
389959323 61809559
389959907 kkqq1102
389960576 kkqq1102 389959323 61809559
389960653 29506359
389962009 14530326
389962758 2885759
389963166 63952957 389954583 45479827
389963542 63952957 389962009 14530326
389963837 63952957 389948635 31461164
389963959 42441418
389964105 TASCHENRECHNER
389964772 63952957 389950152 14530326
389965429 angledison 389946830 63952957
389965567 angledison
389965691 63952957 389953419 yangyanjun
389965837 AZI_1215 389963166 63952957
389966134 64280211 389935921 63952957
389966303 ffffffffffORGET
389966534 63952957 389954001 47155327
389966790 63952957 389966303 ffffffffffORGET
389967205 63952957 389966134 64280211
389967696 61648733
389967844 36786852
389968104 64280211 389967205 63952957
389968952 49203293
389969233 54991918
389969265 m.p.dream
389969566 wxy--_--wxy 389943360 42118220
389969958 63952957 389962758 2885759
389970291 63952957
389970516 lazy-country
389970557 41580016
389970857 angledison 389970516 lazy-country
389971393 3885875
389971888 49213643 389945069 63952957
389973123 ffffffffffORGET
389973597 63952957 389963959 42441418
389973609 wxy--_--wxy 389971393 3885875
389973717 lazy-country 389970857 angledison
389973909 63952957 389973123 ffffffffffORGET
389974220 3184442
389974331 45479827 389963166 63952957
389975195 44289887
389976273 63952957 389957776 55774823
389976567 63952957 389975195 44289887
389976902 63952957 389974220 3184442
389977223 63952957 389973717 lazy-country
389977794 63952957 389970516 lazy-country
389978058 63952957 389970557 41580016
389978306 49484547
389978403 3184442 389976902 63952957
389978434 63952957 389959323 61809559
389978802 38886735
389979493 57940081
389979577 63952957 389978403 3184442
389980296 63952957
389980320 3184442 389979577 63952957
389980586 42441418 389973597 63952957
389981383 63952957 389954902 mtqad
389982411 63952957 389980586 42441418
389982520 59031641
389982543 59708392 389965691 63952957
389982814 63952957 389978306 49484547
389983853 59708392
389984915 47155327 389966534 63952957
389985005 42441418
389987517 vivi___Orz 389954101 63952957
389989142 57940081 389980296 63952957
390771464 56311249
390771499 51032527
390771500 56311249
390771618 miluren
390771729 2846543
390805008 50825899
390835656 63952957 390805008 50825899
390835985 funada
390836118 2965099
390836200 64852485
390837672 63952957 390771618 miluren
390837691 36047568
390838220 52605109
390838274 63952957 390836200 64852485
390838606 63952957 390836118 2965099
390841877 64852485 390838274 63952957
390843078 63952957 390771464 56311249
390843691 63952957
390873382 56998187
390877678 60144512
390891439 mili7788
390936449 14530326
390938109 62873047
390970690 Sibelline
390978034 4296707
390978159 4296707
390978539 wiss
390986220 58954966
391088815 56311249 390843078 63952957
391089779 60319808
391091154 59031242
391125054 63952957 390836200 64852485
391125353 63952957
391126019 63114496 389945069 63952957
391126340 63114496
391136412 LoLiTa_8
391141580 47367856 391125353 63952957
391152061 63952957 390873382 56998187
391152290 63952957 391141580 47367856
391152489 63952957 391126340 63114496
391152965 63952957 391136412 LoLiTa_8
391153444 63952957 391088815 56311249
391153645 63952957 391089779 60319808
391155101 HelloassF
391164155 63114496 391152489 63952957
391422051 60319808 391153645 63952957
391483275 63952957 391155101 HelloassF
391484019 63952957 391422051 60319808
391490736 63952957 391164155 63114496
391490880 63952957 391490736 63952957
391490994 2499780
391491702 63952957 391164155 63114496
391491761 63952957 391490994 2499780
391496734 63114496
391527186 60319808 391484019 63952957
391527854 63952957 391527186 60319808
391532688 60319808 391527854 63952957
391536042 50002465
391543194 2499780 391491761 63952957
391543891 34896336 389956382 63952957
391544577 wiss
391547217 lianer66
391550447 62178099
391558521 jullllla
391562158 59119555
391563959 16574607
391572454 65463669
391573059 Sibelline 391125353 63952957
391643654 38853463
391912736 63952957 391573059 Sibelline
391913904 63952957 391572454 65463669
391914121 63952957 391562158 59119555
391914625 63952957
391914994 63952957
391915812 16574607 391914625 63952957
391916089 63952957 391532688 60319808
391916250 63952957 391915812 16574607
391917496 63952957 391536042 50002465
391918405 63952957 391550447 62178099
392051378 49762159
392052371 49762159
392086180 63952957 392051378 49762159
392086301 63952957 392052371 49762159
392093723 59102910
392099686 mofei111
392154379 49762159 392086301 63952957
392161445 Curecure
392162856 Renaissance_w
392166813 62568674
392203191 1812498 390837691 36047568
392291487 Sibelline 391912736 63952957
392410252 61616673
392410432 61616673
392960128 63952957 392291487 Sibelline
392962237 63952957 392410252 61616673
392962377 63952957 392410432 61616673
392963502 63952957 392093723 59102910
392963777 63952957 392203191 1812498
392964626 63952957 392166813 62568674
392965617 63952957 390771618 miluren
392965709 63952957 390841877 64852485
392966227 63952957 392099686 mofei111
392971407 mofei111 392966227 63952957
392973955 56031597
393006363 49762159
393047483 1812498 392963777 63952957
393051437 39656586
393375259 63952957 393006363 49762159
393375420 63952957 393047483 1812498
393376066 63952957 391136412 LoLiTa_8
393378012 3245017 389979577 63952957
393378322 3245017
393378622 63952957 392154379 49762159
393379345 63952957 393378012 3245017
393382336 63952957 393378622 63952957
393382536 63952957 393378322 3245017
393387667 63952957 393051437 39656586
393394292 57806904
393394914 57806904
393398094 39656586 393387667 63952957
393402198 62956732
393412356 3245017 393379345 63952957
393433399 54080854
393434236 springijs
393440250 kkbright
393456780 58109613
393462014 45006629
393480208 Sandraz
393481757 49919817
393491959 maimaihui520
393657767 53841846
393663641 63114619
393720449 63952957 393663641 63114619
393720697 63952957 393657767 53841846
393721109 63952957 393491959 maimaihui520
393721366 63952957 393412356 3245017
393728179 63952957 393394292 57806904
393730478 63952957 393440250 kkbright
393731609 63952957
393732697 63952957
393732896 springijs 393731609 63952957
393733425 63952957
393734479 63952957 393462014 45006629
393734970 63952957 393481757 49919817
393736871 63952957 393433399 54080854
393742237 63952957 393732896 springijs
393742770 54080854 393736871 63952957
393768343 57806904
393786545 45006629 393734479 63952957
393789446 45787207
393810181 springijs 393742237 63952957
394000080 63952957 393810181 springijs
394001131 63952957 393789446 45787207
394001336 63952957 393786545 45006629
394002025 springijs 394000080 63952957
394043175 49762159 393378622 63952957
394087749 45006629 394001336 63952957
394095522 49762159 394043175 49762159
394098543 63621017
394388640 63952957 393742770 54080854
394389158 63952957 393047483 1812498
394395763 KeiichiCC
394395933 60406614
394406077 63952957 393786545 45006629
394411406 63952957 394395763 KeiichiCC
394412075 princess_orz 393721109 63952957
394414945 63952957 394395933 60406614
394417697 63952957 394412075 princess_orz
394419796 54080854 394388640 63952957
394442022 jinwater196 389967205 63952957
394443161 xiashiming
394579784 45006629 394406077 63952957
394834482 50825899
395180748 63952957 394834482 50825899
395183205 63952957 394442022 jinwater196
395184695 63952957 394443161 xiashiming
395187543 63952957 394579784 45006629
395424078 56179218
395576096 1593404
396667703 63888666 389956382 63952957
397320609 47398601
398159022 63952957 397320609 47398601
398159120 63952957 396667703 63888666
398161103 63952957 395576096 1593404
398161646 63952957 392971407 mofei111
398163833 63952957
399735032 caseylove
399748283 yuhsi
399748356 yuhsi
399751041 37865374
399754292 65833647
399756410 58109613
399757233 55796207
401309771 63952957 399757233 55796207
401310231 63952957 399756410 58109613
401310961 63952957
401314221 63952957 399751041 37865374
401318310 63952957 399748356 yuhsi
401328939 55796207 401309771 63952957
401459053 3559926
389989351 limseulong
389989948 limseulong
389995009 51446581 389954583 45479827
389995995 49398509
389997109 63952957 389995995 49398509
389997527 ffffffffffORGET
389998243 28559746
389998571 28559746 389997109 63952957
389999079 63952957 389989948 limseulong
389999400 linnnnnn
389999740 irisjane
390000321 63952957 389998571 28559746
390000604 2913507
390000790 lazy-country 389977794 63952957
390001178 beulah0228
390001300 63952957 389999400 linnnnnn
390002390 63952957 389999740 irisjane
390002711 3588507
390003709 48060442
390003734 63952957 390000604 2913507
390004309 48060442
390004363 2913507 390003734 63952957
390004951 38853463
390004961 3483000
390005325 63952957
390005578 63952957 390004363 2913507
390005770 46332832
390005792 42370087
390005998 48060442
390008075 63952957 390002711 3588507
390009763 42370087
390010445 42370087
390018539 63952957 390005998 48060442
390019099 48060442 390018539 63952957
390019373 63952957 390010445 42370087
390019698 63952957 390019099 48060442
390021070 63952957
390026356 4464451
390026774 55826105
390027413 3588507 390008075 63952957
390027643 55826105
390030538 59405990
390030774 53282912
390060145 14530326
390062030 3876376
390067525 61809559 389960576 kkqq1102
390068073 61809559 389978434 63952957
390069125 zmscmyra
390071257 44604112
390077307 kiitool
390081875 sumi_chan
390107745 42118220
390108306 ylo1995
390108585 cocosaycoco
390108982 59098154
390162404 62717668
390205069 adaminlove
390244549 63952957 390019099 48060442
390246697 63952957 390026774 55826105
390247634 63952957 390069125 zmscmyra
390248334 63952957
390249818 48544991
390251442 63952957
390252278 63952957 390077307 kiitool
390252649 48544991
390253022 48544991
390256221 62717668 390251442 63952957
390256661 63952957
390260603 63952957 390108982 59098154
390260887 46274191
390261380 njndyx
390261813 njndyx
390263033 63952957
390266196 Trampfan
390269688 63952957 390266196 Trampfan
390270398 63952957 390260887 46274191
390270415 asui_cx
390270881 63952957 390261380 njndyx
390271439 63952957 390249818 48544991
390271582 63400886
390272126 63952957 390270415 asui_cx
390272438 63952957 390271582 63400886
390274967 63952957 390108585 cocosaycoco
390345406 zmscmyra
390351474 53629515
390382734 kina_l
390462268 kiitool 390252278 63952957
390490594 39981214
390493878 loveariel
390677369 41058556 389951758 63952957
390684672 wxy--_--wxy 390004951 38853463
390685946 3394184
390712489 53849537 389946830 63952957
390756227 57170195
390765247 40751310
390765520 lfj1016
390767144 57673145
390767238 57673145
390767864 57772675
390770460 58109613
413610088 48457199
413613420 67056620
413617295 saki4ever
413734592 ZzloveEcho
413745003 67478099
413746483 62643715
413775894 huisiumui
413897612 34498921
413898795 59247137
413901198 aliasr
413915154 59247137 413901198 aliasr
413950384 56265614
413965474 aliasr 413915154 59247137
413988010 67478099 413915154 59247137
413990412 59247137 413988010 67478099
414168161 61653042
414171284 17390770 389973717 lazy-country
414180429 guihuayuanzi 389999079 63952957
414216501 yaoyz
414224495 52489015
414294318 39113046
414309982 41698601
414645130 3992054
414689559 50448763
414747760 67500978
415705250 lazy-country 414171284 17390770
415847217 17390770 415705250 lazy-country
415850773 knnnn
415856584 lazy-country 415847217 17390770
415860467 17390770 415856584 lazy-country
415865912 63209723
415870130 3054972 393810181 springijs
415874858 4386160
416044122 67596342
416232271 himawarl
417370535 54044627
417370728 54044627
417378426 34090878
417441340 4792573
418113236 48544991
418137890 63173648
418605484 50705938
418753308 loveariel
418762821 bossJoyce
418770313 57944219
418775092 49833584
412306407 27014623
412307263 50928371 389942984 AZI_1215
412308596 67013964
412309118 fenshouba
412310936 2817624
412311195 peony814 412308596 67013964
412316129 ziliuziliu
412318928 52387440 389985005 42441418
412334135 53531378
412337638 peony814 412334135 53531378
412347468 huisiumui
412363000 49120278 412306407 27014623
412365529 42441418 412318928 52387440
412366608 50705938
412376999 52387440 412365529 42441418
412424109 62568674
412434921 66224322 390756227 57170195
412436889 61422074 412424109 62568674
412437751 61422074
412478866 52613597
412580248 27014623 412363000 49120278
412581352 65841134
412582911 2231624
412597414 49120278 412580248 27014623
412600666 57170195 412434921 66224322
412660031 47034094
412940371 57538090
412995598 63952957 412478866 52613597
412995980 63952957 412660031 47034094
412999163 63952957 412940371 57538090
412999739 63952957 412581352 65841134
413000624 63952957
413001423 63952957
413002099 57538090 412999163 63952957
413006930 63952957
413007023 63952957 413002099 57538090
413007566 67013964 413001423 63952957
413007580 63952957
413007666 63952957 413007566 67013964
413008889 63952957
413009304 63952957
413010291 63952957 413008889 63952957
413011477 63952957 412366608 50705938
413013097 63952957 412316129 ziliuziliu
413013425 63952957 412582911 2231624
413013708 63952957 412309118 fenshouba
413014434 ziliuziliu 413013097 63952957
413016516 63952957 413014434 ziliuziliu
413019444 49849979
413020766 63952957 413019444 49849979
413021277 62568674 412436889 61422074
413022389 ziliuziliu 413016516 63952957
413026279 ukis 413011477 63952957
413026386 56011185
413026876 53531378 413006930 63952957
413041532 fenshouba 413013708 63952957
413082320 2812420
413118287 ademain
413181394 61422074 413000624 63952957
413182821 61422074 413021277 62568674
413191155 62913112
413194069 49165924
413385678 63952957 413026876 53531378
413393560 63952957 413026279 ukis
413393855 63952957 413385678 63952957
413394085 63952957 413194069 49165924
413394699 63952957 413191155 62913112
413395068 63952957 413181394 61422074
413405746 63952957 413118287 ademain
413406254 miumiusudafen
413406331 miumiusudafen 413406254 miumiusudafen
413406867 63952957 413022389 ziliuziliu
413408823 63952957 413082320 2812420
413408894 39113046
413409056 39113046
413412415 ademain 413405746 63952957
413413066 64881492
413414525 Jaxartes
413419970 51012253 389973717 lazy-country
413438293 49165924 413394085 63952957
413464754 61653042
413471423 63952957 413438293 49165924
413473012 63952957 413464754 61653042
413473487 63952957 413414525 Jaxartes
413475785 48180071
413476049 63952957 413412415 ademain
413480273 42014710
413480348 44424275
413480479 ademain 413476049 63952957
413483130 ZzloveEcho
413484327 44424275
413486745 44424275
413518754 63952957 413483130 ZzloveEcho
413521101 63952957 413480348 44424275
413574970 ukis 413393560 63952957
413589219 67056620
413592156 44424275 413521101 63952957
413593778 62568674 413182821 61422074
413606866 61422074 413593778 62568674
413607144 61422074 413589219 67056620
401906793 62568674 392964626 63952957
406393837 yuhsi
406402377 65498410
406402820 65498410
406406626 pumann
406409708 53440922
406414964 63033010
406437299 Micery
406439652 59220714
406465547 45790778
406467312 2231624
408838916 62178099 391918405 63952957
408845936 65848807 390247634 63952957
408849184 65848807
408849478 2094507 390269688 63952957
408850105 4172257
408868371 65306543
408874003 53940613
408882161 66051074
410265569 66620723
410275370 57750668
410351003 57836251
410351155 mmming
410351176 mmming
410444391 3992054
410565461 56265614
410566829 2652727
410604500 61422074
410612090 51439903
410787060 63952957 408868371 65306543
410787477 63952957 410612090 51439903
410788898 63952957 410604500 61422074
410789023 63952957 410566829 2652727
410789672 63952957 410565461 56265614
410793787 63952957 410444391 3992054
410794005 63952957 410265569 66620723
410795242 63952957 406414964 63033010
410795477 63952957 401906793 62568674
410796126 49120278 391155101 HelloassF
410825072 61422074 410788898 63952957
410826003 66106823 391089779 60319808
410826870 61422074 401906793 62568674
411005867 56265614
411010419 3992054 410793787 63952957
411014624 iamrighthere
411016997 40239616
411062000 36098436
411200937 HelloassF 410796126 49120278
411767403 50517805
411768031 2906253 389954101 63952957
411770904 67013964
411771224 fangchen
411772617 58866692
412189333 63952957 411062000 36098436
412189977 63952957 411770904 67013964
412191750 63952957 411768031 2906253
412192535 67013964 412189977 63952957
412194565 64594907
412194994 qingqiuzi
412195009 63952957 411016997 40239616
412196257 4790191
412196737 63952957 412192535 67013964
412197434 63952957 412196257 4790191
412197846 67013964 412196737 63952957
412200453 52613597
412202727 63952957 411772617 58866692
412203233 63952957 412200453 52613597
412204131 63952957
412205261 63952957 411771224 fangchen
412206163 63952957 411767403 50517805
412206937 63952957 411005867 56265614
412207432 63952957 410351155 mmming
412210090 67013964 412204131 63952957
412220517 67013964 412204131 63952957
412231140 53531378
412236116 49714211 410789023 63952957
412237892 48932443
412243491 2906253 412191750 63952957
412265458 58866692 412202727 63952957
412268664 2236050 389954101 63952957
412269505 peony814 412231140 53531378
412269998 peony814 412220517 67013964
412274896 2539716 389960576 kkqq1102
412278585 67013964 412269998 peony814
412280009 peony814 412278585 67013964
412280473 4790191 412197434 63952957
412280762 50159079
412282645 silouhouzuo
412284581 54827071
412285827 peony814 412284581 54827071
412286203 66013098
412287874 40239616 412195009 63952957
412289263 54827071 412285827 peony814
412293453 42431997
412294716 orangelov3r
412298163 67307622 412269505 peony814
412298957 67307622
412299324 peony814 412298163 67307622
412303091 67307622 412299324 peony814
412304913 peony814 412303091 67307622
