390161530 65005188
390166274 57864938 390161530 65005188
390168012 62685853
390169709 domoxx
390179681 57864938 390168012 62685853
390179774 57864938 390169709 domoxx
390179998 wodetaiyang
390180029 35568908
390180061 42234318
390181143 ps617
390181343 suicidepact
390181801 63370290
390182813 33801219
390184089 wodetaiyang
390184884 50787331
390185216 58537187
390186513 jiafeilife 390181343 suicidepact
390186788 34349413 390181343 suicidepact
390187748 49898313 390184089 wodetaiyang
390187777 53723668
390187779 suicidepact 390186788 34349413
390187829 suicidepact 390186513 jiafeilife
390189214 wodetaiyang 390187748 49898313
390189520 62172118
390189692 even0
390190282 49570078
390191670 kinkiluo
390192482 ziliuziliu
390192862 52476153 390181343 suicidepact
390193617 suicidepact 390192862 52476153
390196714 52476153 390193617 suicidepact
390196948 suicidepact 390196714 52476153
390197669 mslll 390192862 52476153
390199327 52476153 390197669 mslll
390199527 52476153 390196948 suicidepact
390199653 HeLeNNeLeH
390199853 suicidepact 390199527 52476153
390199959 ukis 390187777 53723668
390201480 52476153 390199853 suicidepact
390223635 48902250
390224414 57575189
390241282 54100453
390242193 49334435
390242946 52167147
390246681 65324462
390246779 65324462
390246937 65324462 390223635 48902250
390272916 63306250
390289762 53391152
390290417 She1sSun
390291462 59543041 390185216 58537187
390291862 54784471
390292047 54784471
390293874 byyyyyys
390294688 61228218 390179681 57864938
390294755 61228218 390293874 byyyyyys
390296624 58537187 390291462 59543041
390300509 cocole
390302758 redsun
390303932 57864938 390291862 54784471
390307011 sdang
390308353 65324462 390292047 54784471
390309734 lyy19881121
390313180 44065162 390196714 52476153
390313485 48045145
390313884 Eva502
390323068 65324462 390313485 48045145
390334580 48045145 390323068 65324462
390337929 maoyayou
390338477 50664424
390338624 tou0306
390359422 52476153 390313180 44065162
390422106 44065162 390359422 52476153
390423046 lonelyforever
390424294 seasidecity
390424529 52476153 390422106 44065162
390425489 44065162 390424529 52476153
390426275 52476153 390425489 44065162
390428323 absell
390440557 44065162 390426275 52476153
390443103 52476153 390440557 44065162
390449812 52811326
390451811 dualpersonality
390477565 59543041 390296624 58537187
390486373 sadnesstale
390507768 ps617
390519697 43828392
390519833 63738483
390549049 48902250 390246937 65324462
390619642 millet911
390649867 44065162 390443103 52476153
390650802 sateay
390659243 26603845
390662191 carleen
390683514 59628838
390757358 65324462 390519697 43828392
390759254 40751310
390829104 58537187 390477565 59543041
390829469 57636395
390834502 4698694
390835271 59651778
390846462 59543041 390829104 58537187
390906707 43828392 390757358 65324462
390920882 65324462 390906707 43828392
390929787 57691227
390931482 28688308
390955201 49082687
390978263 dualpersonality 390759254 40751310
390978377 dualpersonality 390955201 49082687
391026013 53391152
391033208 zlqq 390187779 suicidepact
391033304 48529630
391033980 suicidepact
391035084 xiao-ali
391038791 zlqq 391033980 suicidepact
391041935 suicidepact
391044385 zlqq 391041935 suicidepact
391045010 suicidepact 391044385 zlqq
391051535 4199682
391052662 kchan
391176345 65324462 391045010 suicidepact
391177192 2752525
391185376 crystalat
391226069 65324462
391270077 suicidepact
392586270 49082687 390978377 dualpersonality
392586992 Realgirl
392588821 36739166
392627598 dualpersonality 392586270 49082687
392647828 49082687 392627598 dualpersonality
392648875 yimikid
392652659 away0127
393432316 43828392 390920882 65324462
393438572 B_lues 390190282 49570078
393439557 61422074
393439729 B_lues 392588821 36739166
393439910 3146631
393440539 46389407
393441031 49240709 390180029 35568908
393441695 42230201
393441947 46277260
393443539 lisawang7 390192482 ziliuziliu
393443972 52459428
393624520 sinlish
393631886 49107029
393634390 sibyl4u
396033609 36739166 393439729 B_lues
396065799 2096887
396437758 foxwaitprice 390192482 ziliuziliu
396438878 ziliuziliu 396437758 foxwaitprice
398709006 50798252
398712459 onlybelove
398713698 peijin115 390181343 suicidepact
398717227 peijin115 390181343 suicidepact
398717260 peijin115
398717725 sweetyapple
398718311 62414618 390181343 suicidepact
413883564 62172118 396438878 ziliuziliu
413885709 48066817 390181343 suicidepact
413885812 40396140
413887833 ziliuziliu 413883564 62172118
413889189 icy0077
413892349 bloodylover
413896438 SSQBS
413898229 3535359
413898916 4039163
413899257 baguio 390192482 ziliuziliu
413899372 Taillee
413899418 SSQBS 413898229 3535359
413900100 3535359 413899418 SSQBS
413900707 63769266
413901453 66950891 390186788 34349413
413901839 missmonkey
413938881 huisiumui
