390357892 54071258
390358800 yeanling 390357892 54071258
390360819 32868384
390361245 32868384
390361404 eojessie
390364833 15840469
390364895 yeanling 390360819 32868384
390366775 yeanling 390361245 32868384
390367559 yeanling 390361404 eojessie
390368138 1976312
390368339 yeanling 390364833 15840469
390368448 yeanling 390368138 1976312
390368703 1976312
390369106 yeanling 390368703 1976312
390369811 1976312
390370218 2921799
390370269 2921799
390371238 yeanling 390370218 2921799
390372448 yeanling 390369811 1976312
390374672 36313372
390375870 1976312
390376162 yeanling 390374672 36313372
390377362 yeanling 390375870 1976312
390377405 36313372 390376162 yeanling
390379419 1976312
390379463 yeanling 390377405 36313372
390379917 yeanling 390379419 1976312
390381383 1976312
390381593 shaneyqian
390381999 57693541
390383663 yeanling 390381383 1976312
390384100 yeanling 390381593 shaneyqian
390384481 yeanling 390381999 57693541
390385275 1976312
390386435 45790500
390387435 yeanling 390385275 1976312
390387614 yeanling 390386435 45790500
390388303 4662503
390388820 yeanling 390388303 4662503
390389006 1976312
390389225 1976312
390389682 65197768
390390730 yeanling 390389006 1976312
390390777 yeanling 390389682 65197768
390390992 32868384
390391286 49097246
390391910 1976312
390392231 wudixiaoyi
390392505 1976312
390393497 yeanling 390390992 32868384
390393881 yeanling 390392231 wudixiaoyi
390394365 yeanling 390392505 1976312
390395553 1976312
390396261 64845918
390396266 yeanling 390395553 1976312
390396274 4662503
390396277 64845918
390397771 yeanling 390396261 64845918
390402042 1976312
390414258 64845918
390415137 57968666
390415218 yeanling 390414258 64845918
390415933 fetisher
390416112 yeanling 390415137 57968666
390417308 2305962
390417695 57968666
390417830 yeanling 390415933 fetisher
390418055 57968666 390417308 2305962
390418070 yeanling 390417308 2305962
390418696 yeanling 390418055 57968666
390418714 2305962 390418070 yeanling
390419110 39944649
390419451 57968666 390418714 2305962
390419562 yeanling 390418714 2305962
390421201 2305962 390419451 57968666
390422912 yeanling 390419110 39944649
390423338 yeanling 390419451 57968666
390423782 yeanling 390421201 2305962
390425517 2305962 390423782 yeanling
390426076 eluard_yazu
390427237 49526396
390431924 yeanling 390426076 eluard_yazu
390433443 yeanling 390427237 49526396
390433626 yeanling
390437627 7641365
390444153 49526396
390445380 yeanling 390444153 49526396
390446681 44925029 390393881 yeanling
390447156 yeanling 390437627 7641365
390449519 yeanling
390450849 49526396 390445380 yeanling
390455242 44925029
390463707 3471965
390467987 faycong
390509035 3570682
390516678 by_mote
390516706 by_mote
390522848 yeanling 390509035 3570682
390523153 yeanling 390516678 by_mote
390523194 yeanling 390463707 3471965
391755033 Newtime
391769462 57528563
391780945 yeanling 391769462 57528563
391781644 1557815
391781853 61511084
391784107 yeanling
391784202 yeanling 391781853 61511084
391846380 57528563 391780945 yeanling
391847241 yeanling 391846380 57528563
391851608 54011906
391870470 55482911
391872572 57528563 391847241 yeanling
391873261 HeLeNNeLeH
391911854 yeanling 391755033 Newtime
391913866 58484129 391911854 yeanling
391920020 yeanling
391921802 yeanling 391851608 54011906
391922322 62873047
391922523 yeanling 391873261 HeLeNNeLeH
391922983 62873047
391924351 yeanling 391913866 58484129
391924485 yeanling 391922322 62873047
391925828 HeLeNNeLeH 391922523 yeanling
391927520 58484129
391928182 62873047
391929560 yeanling 391925828 HeLeNNeLeH
391929725 yeanling 391927520 58484129
391930689 58484129 391929725 yeanling
391931594 HeLeNNeLeH 391929560 yeanling
391935453 yeanling 391928182 62873047
391935609 yeanling 391931594 HeLeNNeLeH
391935656 yeanling 391930689 58484129
391939123 35846621
391941943 4509709
391942691 HeLeNNeLeH 391935609 yeanling
391971926 62873047
391994796 Newtime 391911854 yeanling
392004126 xianwawa
392073200 54011906
392074112 21374106 390360819 32868384
392074118 21374106 390360819 32868384
392208081 iwillchange
392211593 1724798
392282043 57303520
392791454 44137904
392794413 heavenyang
392893583 Dolphin_yu
392895502 weizi2007
392895654 weizi2007
392913868 2226671
413150538 misuna
390523335 yeanling 390467987 faycong
390523854 yeanling 390450849 49526396
390529580 3570682
390530483 64859542
390530532 3471965 390523194 yeanling
390535337 54071258
390550055 yeanling 390529580 3570682
390550319 yeanling 390530483 64859542
390550417 yeanling 390530532 3471965
390550715 yeanling 390535337 54071258
390551096 64859542
390551672 3471965 390550417 yeanling
390551972 51710217
390554978 54071258 390550715 yeanling
390559752 39944649
390581846 geekzhuo
390584932 63114496 390364833 15840469
390585750 stilllive
390586152 63004570
390619170 faycong 390523335 yeanling
390637344 yeanling 390551096 64859542
390640641 yeanling 390559752 39944649
390640688 yeanling 390581846 geekzhuo
390640842 yeanling 390584932 63114496
390641023 yeanling 390586152 63004570
390641256 yeanling 390619170 faycong
390641843 63114496 390640842 yeanling
390642507 50571924
390647523 yeanling 390642507 50571924
390657385 3034062
390659793 42667545
390697918 twiggyling
390708571 yeanling 390657385 3034062
390711982 51571457
390713023 five_eren
390731064 55482911
390742196 55482911
390743780 55482911
390746815 32787125
390748558 39944649
391008627 faycong 390641256 yeanling
391012198 momo60
391106955 42273412
391112090 chinchyi
391116007 3575819 391106955 42273412
391148022 yeanling 390711982 51571457
391148191 yeanling 390713023 five_eren
391149769 yeanling 390731064 55482911
391149806 michaelYeb
391150653 yeanling
391150926 rayn1ce
391151459 yeanling
391151713 yeanling 390746815 32787125
391151960 yeanling 390748558 39944649
391152409 yeanling 391008627 faycong
391153080 yeanling 391012198 momo60
391154143 tabu
391155068 yeanling 391106955 42273412
391155884 sommee
391156944 yeanling 391112090 chinchyi
391159138 yeanling 391149806 michaelYeb
391161720 57303520
391161764 zuozuoloveyou
391163005 yeanling 391154143 tabu
391163264 momo60 391153080 yeanling
391163281 yeanling 391155884 sommee
391165124 yeanling 391161720 57303520
391165795 yeanling 391161764 zuozuoloveyou
391167088 57528563
391167190 yeanling 391163264 momo60
391167354 55482911
391167367 57303520
391167578 55482911 391151459 yeanling
391167985 momo60
391175513 zuozuoloveyou 391165795 yeanling
391178587 55482911 391150653 yeanling
391180915 54766602 390364833 15840469
391183248 55703115
391376377 39944649
391405408 42273412 391116007 3575819
391629856 yeanling
391630391 yeanling 391167088 57528563
391633582 zsyks
391634312 yeanling
391634600 3847056
391635836 yeanling 391175513 zuozuoloveyou
391635936 yeanling 391634600 3847056
391636128 yeanling 391633582 zsyks
391637427 yeanling 391376377 39944649
391656308 yeanling
391662036 39944649
391687000 yeanling 391662036 39944649
391688390 zuozuoloveyou
391692084 yeanling 391688390 zuozuoloveyou
391693181 zsyks 391636128 yeanling
391694380 yeanling 391662036 39944649
391695545 yeanling 391693181 zsyks
391708614 zsyks
391719041 yeanling 391708614 zsyks
391732524 55482911
