390560972 63786495
390561629 41878089 390560972 63786495
390562477 51186887
390562695 58484129
390562785 41878089 390562477 51186887
390562889 41878089 390562695 58484129
390563018 tonganda
390563274 58484129 390562889 41878089
390563677 41878089 390563018 tonganda
390563857 41878089 390563274 58484129
390564296 xipoliya
390564325 58484129 390563857 41878089
390564714 41878089 390564325 58484129
390564898 63787281
390565030 58484129 390564714 41878089
390565355 41878089 390564898 63787281
390565483 58484129
390565624 41878089 390565030 58484129
390565847 41878089 390565483 58484129
390566073 58484129 390565624 41878089
390566135 65102241
390566159 pilibei 390563857 41878089
390566393 41878089 390566073 58484129
390566435 44296729
390566642 58484129 390565847 41878089
390566662 41878089 390566135 65102241
390566850 41878089 390566159 pilibei
390566905 58484129 390566393 41878089
390567146 41878089 390566435 44296729
390567344 62717668
390567377 41878089 390566905 58484129
390567382 mtqad
390567466 26434122
390567698 58484129 390567377 41878089
390567707 41878089 390567344 62717668
390567901 41878089 390567382 mtqad
390567911 62717668 390566850 41878089
390568199 41878089 390567466 26434122
390568200 mtqad 390565847 41878089
390568411 43946650
390568440 41878089 390567698 58484129
390568595 41878089 390567911 62717668
390568775 liyangxiaotang
390568788 41878089 390568200 mtqad
390568885 41878089 390568775 liyangxiaotang
390569091 41878089 390568775 liyangxiaotang
390569128 FRANCE.z
390569293 41878089 390569128 FRANCE.z
390569364 57613213
390569374 lazyjiut
390569399 liyangxiaotang 390568885 41878089
390569626 3836643
390569635 57613213
390569639 rill18
390569664 41878089 390569364 57613213
390569795 41878089 390569374 lazyjiut
390570122 62717668 390568595 41878089
390570177 41878089 390569399 liyangxiaotang
390570260 Trampfan
390570631 41878089 390569626 3836643
390570779 41878089 390569635 57613213
390570814 liyangxiaotang 390570177 41878089
390570847 41878089 390569639 rill18
390571060 41878089 390570122 62717668
390571225 lowkey7
390571249 41878089 390570260 Trampfan
390571359 41878089 390570814 liyangxiaotang
390571429 41878089 390571225 lowkey7
390571520 52749401
390571737 41878089 390571520 52749401
390571863 41878089 390571737 41878089
390571901 sxgnxww 390566642 58484129
390572216 41878089 390566642 58484129
390572272 4837269
390572575 41878089 390572272 4837269
390572660 liyangxiaotang 390571359 41878089
390572846 Mr.Roi
390572987 41878089 390572272 4837269
390573405 Trampfan 390571249 41878089
390573412 41878089 390572660 liyangxiaotang
390573626 41878089 390573405 Trampfan
390573979 62717668 390571060 41878089
390574345 liyangxiaotang 390573412 41878089
390574398 55801593
390574447 63787281
390574711 41878089 390573979 62717668
390574937 41878089 390574345 liyangxiaotang
390575015 41878089 390574398 55801593
390575375 37865374
390575397 41878089 390574447 63787281
390575528 liyangxiaotang 390574937 41878089
390575530 41878089 390575375 37865374
390575680 41878089 390575528 liyangxiaotang
390576040 43917205
390576210 63787281
390576668 41878089 390576210 63787281
390576740 liyangxiaotang 390575680 41878089
390577403 41878089 390576740 liyangxiaotang
390577770 62717668 390574711 41878089
390577929 liyangxiaotang 390577403 41878089
390577943 58484129 390576668 41878089
390578423 46113059 390573412 41878089
390578765 64161888
390579132 41878089 390577929 liyangxiaotang
390579293 41878089 390577943 58484129
390579656 BR-A
390580004 41878089 390578423 46113059
390580154 41878089 390578765 64161888
390580279 41878089 390579656 BR-A
390580342 61204997
390580861 41878089 390577770 62717668
390581415 BR-A 390580279 41878089
390581756 42902346
390581835 41878089 390581415 BR-A
390582002 41878089 390581756 42902346
390583215 6041204
390583263 63004570
390583411 41878089 390583215 6041204
390584075 BlackLeopard
390584211 liyangxiaotang 390579132 41878089
390584260 BlackLeopard 390580861 41878089
390584922 41878089 390584260 BlackLeopard
390586635 BlackLeopard 390584922 41878089
390587335 42902346 390582002 41878089
390588402 41878089
390588902 41878089 390586635 BlackLeopard
390589127 41878089 390587335 42902346
390589217 58484129 390588402 41878089
390589500 41878089 390589217 58484129
390589797 42902346 390589127 41878089
390589952 migaor
390590280 41878089 390589797 42902346
390590872 58484129 390589500 41878089
390591268 41878089 390590872 58484129
390591679 58484129 390589500 41878089
390591682 48363266
390591758 sharonlee1993
390592029 41878089 390591679 58484129
390592049 58484129 390591268 41878089
390592095 sharonlee1993 390574447 63787281
390592116 41878089 390591682 48363266
390592123 37865374 390575530 41878089
390592399 41878089 390592095 sharonlee1993
390592465 41878089 390592123 37865374
390592826 sharonlee1993 390592399 41878089
390592860 42902346 390590280 41878089
390594740 41878089 390592826 sharonlee1993
390594813 41878089 390592860 42902346
390596635 sharonlee1993 390594740 41878089
390596908 41878089 390596635 sharonlee1993
390597201 64280211
390597892 rathers
390598576 sharonlee1993 390596908 41878089
390598732 41878089 390597892 rathers
390598845 41878089 390598576 sharonlee1993
390599016 BlackLeopard 390588902 41878089
390599283 41878089 390599016 BlackLeopard
390599534 rathers 390598732 41878089
390599640 E.ssie 390584075 BlackLeopard
390600158 41878089 390599534 rathers
390600377 41878089 390599640 E.ssie
390600526 41878089 390599640 E.ssie
390600801 rathers 390600158 41878089
390601014 41878089 390600801 rathers
390601038 BlackLeopard 390599640 E.ssie
390601798 E.ssie 390600377 41878089
390602135 41878089
390602785 E.ssie 390601038 BlackLeopard
390602868 warm_fan
390602956 57476272
390603152 41878089
390603252 41878089 390602956 57476272
390603753 E.ssie 390602135 41878089
390603991 41878089
390604909 ItisR
390607494 BlackLeopard 390602785 E.ssie
390608904 warm_fan 390603152 41878089
390611840 yui0317
390619438 47139987
390620511 april26
390623256 41878089
390623785 supercao
390624319 41878089
390624644 Apple.J
390627061 61973579 390562889 41878089
390630444 BlackLeopard 390627061 61973579
390632323 41878089
390633048 41878089
390635665 61973579 390630444 BlackLeopard
390635971 41878089
390637623 64161888 390580154 41878089
390639206 silviatung
390649119 41878089 390637623 64161888
390649713 57476272 390603252 41878089
390654174 41878089 390649713 57476272
390654254 41878089 390635665 61973579
390655215 Apple.J
390656360 4517090
390657072 41878089 390655215 Apple.J
390657453 41878089
393709783 miaofei
393712988 Annlelxx
393713340 lingoapple 390577943 58484129
393755455 58484129 393713340 lingoapple
393756792 50424224 390566393 41878089
393786210 57560003
394289806 41878089 393756792 50424224
394289874 41878089 393712988 Annlelxx
394297887 44322884
403380873 50551930
413177900 43076826
417047631 60189663
417053304 62488498
417056062 41801403
417153012 54415439
417153746 missaduo
417154188 missaduo
417156377 2819211
417173093 BlackLeopard
417174599 40050346
417251078 61295310
417251131 61295310
417948189 40787770
417948486 66200546
418841087 53159802
418847860 3351277
418848708 1542883
418850245 freakingkid 390566393 41878089
418851088 46364111 418848708 1542883
418857870 1542883 418851088 46364111
418859006 64940699
418859569 35632240 418857870 1542883
418860639 48443719
418860764 67749593
418864210 honeyhoneylily
418865253 honeyhoneylily 417153746 missaduo
419008665 56763757
419060656 missaduo 418865253 honeyhoneylily
419061598 Lalala.
419061772 knnnn
419149677 honeyhoneylily
419399710 63947136
419400857 theyoyo
419451930 42051144
419599763 caseylove 393712988 Annlelxx
419600116 caseylove 419399710 63947136
419649382 mangojoan
419685318 63947136 419600116 caseylove
419690505 61038001 390566073 58484129
419696794 seven.seven
419699030 41734357 390564898 63787281
419700530 41734357
419701224 41734357 419685318 63947136
419701418 loci 390569399 liyangxiaotang
419701543 64064346
419701678 14456791
419702030 41734357 419008665 56763757
419702394 14456791
420053277 56763757 419702030 41734357
420053431 63947136 419701224 41734357
420090930 41734357 420053431 63947136
420093255 ilovewallace
420134122 63947136 420090930 41734357
420135472 53569681
420214943 Vacancy_agoni
390657991 4517090 390657453 41878089
390658418 41878089
390659562 4517090 390658418 41878089
390660326 Apple.J
390660744 41878089 390659562 4517090
390661047 41878089 390660326 Apple.J
390662810 Apple.J
390663834 azureking 390661047 41878089
390664127 41878089 390662810 Apple.J
390664172 41878089 390663834 azureking
390664579 Apple.J
390665072 41878089 390664579 Apple.J
390667177 sevinyne 390574447 63787281
390668046 62519473
390668476 41878089 390668046 62519473
390853004 63786495 390561629 41878089
391059265 3394184 390562889 41878089
391227739 1708380
391249017 twiggyling
391253040 purityling
391254915 peony814
391269203 55922279 390566393 41878089
391269608 4080316
391280046 lo_lee
391280747 xiatianzhenre
391281654 xiatianzhenre
391283500 sisi-in
391285714 60094167
391288169 3577394
391404744 44567315
392299705 41878089 390853004 63786495
392299987 41878089 391059265 3394184
392300645 41878089
392300923 41878089 391254915 peony814
392301400 41878089 391269203 55922279
392301893 41878089 391269608 4080316
392301942 37539803
392302536 41878089
392302662 41878089 391280747 xiatianzhenre
392302834 41878089 391283500 sisi-in
392303746 41878089 391285714 60094167
392303963 41878089 391288169 3577394
392304194 3394184 392299987 41878089
392304797 41878089 391283500 sisi-in
392304915 41878089 392304194 3394184
392305171 41878089 392301942 37539803
392310216 sisi-in 392304797 41878089
392319999 41878089 392310216 sisi-in
392385416 55888853
392385523 55888853 390574447 63787281
392396198 3394184 392304915 41878089
392399213 48144457
392399737 39732155
392406881 Goodnighteileen
392408392 61616673
392408641 61616673
392409353 61616673
392418886 4517090 392409353 61616673
392420437 61616673 392418886 4517090
392421754 57258102
392421769 4517090 392420437 61616673
392424899 61616673 392421754 57258102
392484840 41878089 392396198 3394184
392484950 41878089 392406881 Goodnighteileen
392485186 41878089 392408392 61616673
392485446 61290003
392485465 41878089 392408641 61616673
392485712 41878089 392420437 61616673
392485975 41878089 392399213 48144457
392978578 3394184 392485186 41878089
392992789 dreamdream-C
392994965 dreamdream-C 390664127 41878089
392996276 56813999
392997081 wangxiaowan 390565624 41878089
393024067 41878089
393024802 41878089
393210955 dahehe
393236674 4296707
393239172 41878089 393210955 dahehe
393239350 41878089 393236674 4296707
393241551 4296707 393239350 41878089
393303171 dahehe 393239172 41878089
393349724 59494282
393600776 41878089 393303171 dahehe
393600974 41878089 393349724 59494282
393602255 stephan1ee
393609443 51446581 390563857 41878089
393617827 sinlish
393618005 sinlish 393349724 59494282
393618874 pawpawpia
393623645 48091502 390566393 41878089
393624648 ningdoudou
393625933 47362866
393628589 katharineou
393632366 zhufeimo
393686033 49375820
393686039 49375820
393705564 cassierrrrr
393707901 50126860
393709164 miaofei
