390601002 40699857
390601187 56054696
390601370 42877755
390624758 43231526 390601002 40699857
390624803 43231526
390624894 43231526 390601187 56054696
390625093 49128378
390625261 63462666 390601370 42877755
390625604 cyhing
390625714 43231526
390625862 43231526 390625604 cyhing
390625906 51888861
390626001 silviatung
390626527 43231526 390625906 51888861
390626788 43231526 390626001 silviatung
390628327 46686351
390629812 50332687
390630372 3220104
390635435 annefairy
390635739 53438067
390637517 43231526 390628327 46686351
390637602 silviatung
390637773 43231526 390629812 50332687
390637892 43231526 390630372 3220104
390638065 R5433
390638664 43231526 390635739 53438067
390638751 43231526 390637602 silviatung
390639241 40563681
390639495 43231526 390638065 R5433
390639898 43231526 390639241 40563681
390639917 58928379
390639990 young6 390626527 43231526
390640120 3762024
390640306 43231526
390640428 43231526 390639990 young6
390640535 57432608
390640580 63490586
390640822 2254641 390601002 40699857
390641559 shawxxx
390641965 53438067 390638664 43231526
390642732 43231526 390640120 3762024
390642983 43231526 390641965 53438067
390643132 43231526 390640535 57432608
390643359 43231526 390640822 2254641
390643463 43231526 390641559 shawxxx
390643840 2254641 390640120 3762024
390644190 43231526 390643840 2254641
390644431 2254641
390644483 50623408 390626527 43231526
390644789 43231526 390644431 2254641
390645357 queen.two-no
390645586 43231526 390645357 queen.two-no
390648832 3762024
390649272 sanlinya
390652912 57025016
390656133 25513597
390658529 56837039
390659069 queen.two-no 390645586 43231526
390659709 nibet 390625862 43231526
390660634 3220104 390637892 43231526
390687491 43231526 390640120 3762024
390687564 43231526 390660634 3220104
390688567 43231526 390659709 nibet
390688966 43231526 390659069 queen.two-no
390691117 silviatung
390691518 43231526 390656133 25513597
390691593 43231526 390658529 56837039
390691841 43231526 390652912 57025016
390692050 43231526 390649272 sanlinya
390694794 3644835
390695593 43231526 390694794 3644835
390704125 nibet
390706726 57025016 390691841 43231526
390726240 yabin.Chen
390732666 57724721
390733273 43231526 390726240 yabin.Chen
390733426 43231526 390732666 57724721
390962946 53289367
391070962 43231526 390962946 53289367
391461693 43231526 390962946 53289367
392253321 53289367 391461693 43231526
392254122 64474482
392254662 tcpage
392308237 43231526 392254662 tcpage
392308460 2582296
392308702 52210453
392310264 43231526 392253321 53289367
392310405 43231526 392308460 2582296
392310520 43231526 392308702 52210453
392310547 46778358
392312999 43231526 392310547 46778358
392314823 2582296 392310405 43231526
392315686 64305733
392318521 Alage
392320215 weishiyi
392321299 60547163
392325625 complicate89
392326012 43231526 392314823 2582296
392326471 43231526 392315686 64305733
392326729 43231526
418046569 46654668
418046798 43231526
418046970 43231526 418046569 46654668
418047914 46654668
418048875 43231526 418047914 46654668
418050365 46654668
418050401 shuitingft
418052320 43231526 418050401 shuitingft
418052508 43231526 418050365 46654668
418053193 46654668
418053496 shuitingft
418055199 43231526 418053496 shuitingft
418056240 shuitingft
418058273 eggs
418067027 43231526 418056240 shuitingft
418067253 elaine910
418067295 43231526 418058273 eggs
418067579 43231526 418067253 elaine910
418067710 43231526 418053193 46654668
418068414 elaine910
418069068 43231526 418068414 elaine910
418069589 elaine910
418074669 43231526 418069589 elaine910
418131229 46654668 418067710 43231526
418133395 43231526 418131229 46654668
418191865 46654668 418133395 43231526
418270427 elaine910
418273833 43231526 418270427 elaine910
418296447 55919269
418297263 4061897
418299877 43231526
418300273 43231526 418297263 4061897
418305599 55919269
418306438 43231526
418314730 55919269 418306438 43231526
418315103 43231526
418316389 51148001
418317301 41108964
418317638 43231526 418316389 51148001
418318495 55919269 418315103 43231526
418318539 changbai
418324986 43231526 418318539 changbai
418325473 changbai 418324986 43231526
418450898 58635530
418555824 4061897
418556099 lemon1121
418559493 38699986 390624803 43231526
418639549 43231526 418555824 4061897
418639790 43231526 418556099 lemon1121
418640254 43231526 418559493 38699986
418641990 heyhom
418645831 43231526 418641990 heyhom
418677403 lemon1121 418639790 43231526
418692248 43231526 418677403 lemon1121
418693182 lemon1121 418692248 43231526
418693833 43231526 418693182 lemon1121
418694024 lemon1121 418693833 43231526
418695480 lemon1121
418695694 43231526 418694024 lemon1121
418696438 lemon1121 418695694 43231526
418697062 4061897 418639549 43231526
418698463 43231526
418711945 heyhom
418712636 h_ui
418712780 43231526 418711945 heyhom
418712821 h_ui
418712860 43231526 418712636 h_ui
418713222 h_ui 418712860 43231526
418714070 h_ui
418828229 bokunomirai
418836955 66425268
419004620 43231526 418712821 h_ui
419005186 43231526 418712636 h_ui
419005326 43231526 418828229 bokunomirai
419006019 43231526 418836955 66425268
419006631 59740608
419011299 57504225
419011483 43231526 419006631 59740608
419011643 57504225
419011676 43231526 419011299 57504225
419020159 59740608 419011483 43231526
419025929 57504225 419011676 43231526
419030983 43231526 419020159 59740608
419031222 43231526 419025929 57504225
419032971 59740608
419036087 43231526 419032971 59740608
419037175 57504225 419031222 43231526
419037791 shazhaozhao
419038688 h_ui
419039102 h_ui 419006019 43231526
419040224 43231526 419039102 h_ui
419040269 43231526 419037791 shazhaozhao
419052359 66425268 419006019 43231526
419057567 43231526
419062436 59740608 419036087 43231526
419063176 43231526 419062436 59740608
419073805 59740608 419063176 43231526
419108665 66363897
419123775 64925347
419124520 ai-xiaomuwu
392326996 43231526 392320215 weishiyi
392327950 59403886
392327995 weishiyi 392326996 43231526
392328809 43231526 392325625 complicate89
392331711 64305733 392326471 43231526
392334934 Alage 392326729 43231526
392341370 44251223
392342060 54926235
392474958 63868526 390625862 43231526
392555916 53289367 392310264 43231526
392557102 57410195 390643840 2254641
392558788 42570768
392559937 53219802
392611044 43231526 392331711 64305733
392611993 nxb19901127
392612640 wwkihgd
392614908 43231526
392615951 43231526 392612640 wwkihgd
392616176 43231526 392611993 nxb19901127
392616431 43231526 392559937 53219802
392616508 43231526 392558788 42570768
392616577 43231526 392555916 53289367
394826748 43231526
394849331 49085487
395349945 43231526 394849331 49085487
412731495 67392218
412775001 43730670
412852505 49584292
413169106 43231526 412775001 43730670
413169962 43231526 412852505 49584292
413170481 43231526 412731495 67392218
417061187 57410195
417215094 43231526 417061187 57410195
417224885 2278020
417225365 43231526 417224885 2278020
417228433 2278020 417225365 43231526
417228694 43231526
417229103 48601577
417230328 2278020 417228694 43231526
417232024 43231526 417229103 48601577
417232595 48601577 417232024 43231526
417233241 43231526 417232595 48601577
417234412 57467616
417235675 43231526 417234412 57467616
417236093 Babiebaby.C
417236131 63355777
417236512 48601577 417233241 43231526
417237515 43231526 417236131 63355777
417237556 43231526 417236093 Babiebaby.C
417243582 61750286
417244488 43231526 417243582 61750286
417248115 61750286 417244488 43231526
417252731 48438982
417256809 43231526 417248115 61750286
417256898 43231526 417252731 48438982
417263288 shuitingft
417302963 48438982 417256898 43231526
417343194 4379388
417347478 46654668 390640822 2254641
417347996 46654668 390643840 2254641
417349153 46654668 392308702 52210453
417349467 46654668 392315686 64305733
417350010 46654668 392326471 43231526
417435489 flower369
417443160 bluesky2
417444148 knoppers
417444640 64575326
417469524 2254641 417347996 46654668
417513163 khailifong
417588958 43231526 417443160 bluesky2
417592088 43231526 417252731 48438982
417592350 43231526 417513163 khailifong
417592553 43231526 417444148 knoppers
417592654 43231526 417350010 46654668
417593119 doladola
417594843 43231526 417593119 doladola
417595303 43231526 417469524 2254641
417595430 43231526 417347996 46654668
417598705 doladola
417601757 43231526 417598705 doladola
417603263 doladola
417603433 43231526 417603263 doladola
417608980 knoppers 417592553 43231526
417615220 43231526 417608980 knoppers
417628004 khailifong 417592350 43231526
417635517 43231526 417628004 khailifong
417643947 khailifong 417635517 43231526
417644471 43231526 417643947 khailifong
417645506 49329383 390637773 43231526
417646643 43231526 417645506 49329383
417650872 knoppers 417615220 43231526
417655512 3797840
417662022 66849347
417663001 3797840
417684738 47080716
418024497 46654668
418042588 43231526 418024497 46654668
418043236 46654668 418042588 43231526
418045044 43231526 418043236 46654668
418045243 49398858
419124583 ai-xiaomuwu
419167440 52475988
419208183 38699986
419208460 Karenwon
419290641 43231526 419108665 66363897
419290820 56744226
419297929 43231526 419124583 ai-xiaomuwu
419298094 43231526 419167440 52475988
419302831 43231526 419208460 Karenwon
419310082 54579885 390962946 53289367
419310457 rickilee
419313926 43231526 419310082 54579885
419314721 43231526 419310457 rickilee
419315970 rickilee
419316419 43231526 419315970 rickilee
419318096 rickilee
419323991 43231526 419318096 rickilee
419328254 rickilee 419323991 43231526
419358415 54579885 419313926 43231526
419358854 66363897 419290641 43231526
419446398 43231526 419358415 54579885
419446730 43231526 419358854 66363897
419461755 lunjin
419483979 54579885 419446398 43231526
419484886 66363897
419490892 nuonuo1989
419554293 43231526 419461755 lunjin
419554761 43231526 419483979 54579885
419555068 43231526 419484886 66363897
419556295 43231526 419490892 nuonuo1989
419557547 2861743
419558380 43231526 419557547 2861743
419576180 66363897
419576663 43231526 419576180 66363897
419581137 66363897
419581460 43231526 419581137 66363897
419582201 66363897
419583647 43231526 419582201 66363897
419592139 62069016
419678286 43231526 419592139 62069016
420161710 62069016
