391256451 shanshanna
391267663 43677701
391268054 shirley0228
391276303 shirley0228 391256451 shanshanna
391276825 shirley0228 391267663 43677701
391279030 winnie_lawiel
391279250 realsugar
391281151 49443491
391281370 50403530
391282041 acpomelo
391282725 Explosion
391283496 YYxiansheng
391284880 shirley0228 391281151 49443491
391285015 58026609
391285568 shirley0228 391281151 49443491
391286041 shirley0228 391281370 50403530
391286193 shirley0228 391282041 acpomelo
391286334 49443491 391284880 shirley0228
391286446 64374283
391286514 shirley0228 391282725 Explosion
391286738 shirley0228
391286811 rabbitsheila
391287279 48084963
391287630 shirley0228 391286446 64374283
391288488 lainiu
391288505 shirley0228 391286811 rabbitsheila
391289434 2918350
391289556 TssTkun
391289608 shirley0228 391287279 48084963
391289630 61501651
391289761 59321315
391289763 shirley0228 391289434 2918350
391290172 shirley0228 391289556 TssTkun
391290835 shirley0228 391289630 61501651
391290938 TssTkun
391291312 shirley0228 391289761 59321315
391291378 rabbitsheila 391288505 shirley0228
391291637 shirley0228 391289630 61501651
391292283 45786849
391292986 49476677
391293013 55998310
391293096 58465419
391293717 shirley0228 391291378 rabbitsheila
391293973 shirley0228 391292986 49476677
391294126 36473201
391294239 shirley0228 391293096 58465419
391294432 49443491
391294888 61501651 391291637 shirley0228
391294985 shirley0228 391294126 36473201
391295264 3847056
391295760 49476677 391291378 rabbitsheila
391296271 Milkdog
391296396 43677701 391276825 shirley0228
391296708 shirley0228 391286334 49443491
391296844 43677701 391293973 shirley0228
391297066 shirley0228
391297384 shirley0228 391296396 43677701
391298592 43677701 391286738 shirley0228
391299227 shirley0228 391295264 3847056
391303353 maomaozai
391304593 55865507 391291312 shirley0228
391307371 55826105
391309489 45976523
391311182 51812851 391267663 43677701
391312402 rabbitsheila
391313362 winnie_lawiel 391309489 45976523
391313509 rabbitsheila
391314314 43677701 391311182 51812851
391316684 shirley0228 391307371 55826105
391317389 49476677 391312402 rabbitsheila
391318577 rabbitsheila 391317389 49476677
391319282 43677701
391319555 shirley0228 391313509 rabbitsheila
391326491 dahehe
391327216 shirley0228 391285015 58026609
391330123 thx4visiting
391331961 43677701 391327216 shirley0228
391332464 qzhtpyz
391334350 Mr.China
391335491 lingoapple
391337071 shirley0228 391334350 Mr.China
391337615 shirley0228 391331961 43677701
391338079 3847056
391339005 3847056
391342329 shirley0228 391339005 3847056
391344035 43677701 391337615 shirley0228
391345319 3847056
391346301 toiletwater
391347627 shirley0228
391347934 43677701 391347627 shirley0228
391354420 shirley0228 391346301 toiletwater
391354828 3847056
391355092 57070212
391355658 50002465
391356163 shirley0228 391355092 57070212
391356875 44854071
391357002 shirley0228 391347934 43677701
391357450 shirley0228 391356875 44854071
391357517 57070212 391356163 shirley0228
391359709 44854071
391360228 3685220
391362413 44854071
391363894 shirley0228 391357517 57070212
391364772 49476677
391365065 44854071
391368896 shirley0228 391360228 3685220
391374935 shirley0228 391362413 44854071
391390649 44854071 391374935 shirley0228
391396292 Sayaq
391434468 65128030
391446535 shakalonger
391449452 65128030
391464433 cheer7ove
391472316 55988970
391476638 aprilecho828
391479103 49443491
391481188 prost 391284880 shirley0228
391484481 missif
391485510 shirley0228 391434468 65128030
391486112 shirley0228
391494238 shirley0228 391464433 cheer7ove
391502673 winnie_lawiel
391506595 55988970 391476638 aprilecho828
391512280 3847056
391514702 shirley0228 391479103 49443491
391515488 shirley0228
391518409 shirley0228 391502673 winnie_lawiel
391518880 shirley0228 391512280 3847056
391533543 44854071
391534821 w44
391535779 lo_lee
391538724 shirley0228 391533543 44854071
391539013 shirley0228 391535779 lo_lee
391539101 44854071
391540543 50163767
391548991 1485877
391550635 shirley0228 391539101 44854071
391551059 44854071
391551448 shirley0228 391548991 1485877
391552511 51284513
391554531 64102809
391554603 shirley0228
391555298 shirley0228 391554531 64102809
391555415 shirley0228 391552511 51284513
391555591 63416725
391555989 44854071
391556096 shirley0228 391555591 63416725
391558177 44854071
391561974 43677701 391556096 shirley0228
391563745 shirley0228
391564019 43677701 391563745 shirley0228
391564178 44854071
391564653 missif
391565175 44854071
391566369 43677701
391566580 44854071
391567853 shirley0228
391569230 44854071
391572407 43087644
391598881 49443491
391815168 winnie_lawiel
391878622 45976523
391893668 51201568
391898866 shirley0228 391878622 45976523
391899066 shirley0228 391893668 51201568
391902486 45976523 391898866 shirley0228
391902731 43677701 391902486 45976523
391903845 shirley0228
391904516 45976523 391902731 43677701
391904982 43677701 391904516 45976523
391908470 45976523 391904982 43677701
391909101 43677701 391908470 45976523
391909801 61428865
391909862 shirley0228
391910056 45976523 391909101 43677701
391910304 43677701 391910056 45976523
391913243 shirley0228 391909801 61428865
391913725 43677701 391909862 shirley0228
391916809 shirley0228
391917979 43677701 391916809 shirley0228
391918976 shirley0228 391917979 43677701
391919765 43677701 391918976 shirley0228
391922942 60908910 391291312 shirley0228
391939928 64970446
391949726 44854071
391955794 29642050 391893668 51201568
391968046 49476677
391973125 onlymok
391974731 shirley0228 391922942 60908910
391974986 shirley0228 391973125 onlymok
391975650 shirley0228
391984083 onlymok
391996988 49476677
392000086 33925240
392012566 shirley0228 392000086 33925240
392026952 shanshanna
392032583 shirley0228 392026952 shanshanna
392033944 shirley0228 392026952 shanshanna
392036418 shirley0228 392026952 shanshanna
392045542 33925240
398558185 shirley0228
398558372 shirley0228
398559095 65879349
398565639 shirley0228 398559095 65879349
398566271 38527321
398566859 43677701 398559095 65879349
398578189 shirley0228 398566859 43677701
398583818 35317828
398584321 35317828
398590495 35317828
398612226 AzurePetal
398614155 shirley0228 398584321 35317828
398615508 shirley0228
398616443 shirley0228 398590495 35317828
398622644 AzurePetal 398616443 shirley0228
398626831 shirley0228
398635476 35317828 398616443 shirley0228
398636658 65879349 398565639 shirley0228
398637079 65879349 398566859 43677701
398637574 65879349 398635476 35317828
398637781 65879349
398637935 shirley0228 398635476 35317828
398638061 shirley0228 398636658 65879349
398638753 shirley0228 398637781 65879349
398639450 shirley0228 398637574 65879349
398641645 35317828
398641812 35317828
398644091 2517736
398646744 shirley0228 398644091 2517736
398646897 shirley0228 398641645 35317828
398658410 nemofishhome
398663780 60045270
398668213 43677701 398663780 60045270
398668745 shirley0228
398669317 65879349 398639450 shirley0228
398669925 65879349 398638753 shirley0228
398670001 65879349 398668745 shirley0228
398671892 65879349 398638061 shirley0228
398674166 60045270
398674950 60045270
398676459 65879349 398668213 43677701
398676910 65879349 398644091 2517736
398680360 47094965 398674166 60045270
398680743 43677701 398676459 65879349
398691645 crrrycomet 398558185 shirley0228
398696659 lixiaobai1987
398698694 65879349 398680743 43677701
398702745 43677701
398702826 zhuzhi
398704400 2517736 398676910 65879349
398709472 65879349 398702745 43677701
398709618 65879349 398704400 2517736
398711489 49443491
398720218 43677701
398729978 65879349 398720218 43677701
398730184 65879349
398733618 shirley0228
398735079 shirley0228 398674950 60045270
398735781 shirley0228 398696659 lixiaobai1987
398736311 shirley0228 398702826 zhuzhi
398737228 57111864
398737414 shirley0228 398711489 49443491
398737611 65879349 398733618 shirley0228
398738281 65879349 398737228 57111864
398748082 lixiaobai1987 398735781 shirley0228
398749882 2792075
398754546 60045270
398814307 43677701 398754546 60045270
398815087 foxyfoxyfoxy 391286811 rabbitsheila
398815654 lingoapple 398815087 foxyfoxyfoxy
398840710 shirley0228
398870312 35317828 398646897 shirley0228
398893732 shirley0228 398754546 60045270
398916480 43677701 398893732 shirley0228
398920812 shirley0228
398924033 43677701 398920812 shirley0228
398928298 shirley0228 398924033 43677701
398929175 43677701
398929825 openyour
398936500 49373971
398938848 shirley0228
398939041 shirley0228 398936500 49373971
398940477 43677701
398974723 shirley0228
398991405 43677701 398974723 shirley0228
416924427 67139058
416960546 65775708
392159994 shirley0228 392045542 33925240
392170365 fayeye
392174171 62340736
392183934 shirley0228 392174171 62340736
392187296 45976523
392192323 shirley0228 392187296 45976523
392193304 shirley0228 392174171 62340736
392193337 43677701 392192323 shirley0228
392197819 45976523 392192323 shirley0228
392198863 45976523
392200023 shirley0228
392200310 43677701 392198863 45976523
392200891 43677701 392200023 shirley0228
392202102 2544380
392208181 shirley0228 392202102 2544380
392238603 62340736 392183934 shirley0228
392428937 shirley0228 392238603 62340736
392431049 49476677 392428937 shirley0228
392434201 3098573
392442474 50408775
392630058 shirley0228 392431049 49476677
392631195 shirley0228 392434201 3098573
392632338 shirley0228 392442474 50408775
392687810 3098573 392631195 shirley0228
392694373 hey.brio
392703158 43677701 392694373 hey.brio
392720927 shirley0228 392694373 hey.brio
392721758 shirley0228 392687810 3098573
392725791 hey.brio 392703158 43677701
392726439 hey.brio 392720927 shirley0228
392726557 43677701 392725791 hey.brio
392727091 jiaoyin722
392952150 kexinhaha
392966595 mysweety
393007020 42874903
393038318 shirley0228 392952150 kexinhaha
393040712 shirley0228 393007020 42874903
393041284 22553085
394008390 shirley0228
394323588 65491489
394444210 danni5678
394671643 54534614
395230311 shirley0228 394444210 danni5678
395230467 shirley0228 394444210 danni5678
396094074 3971587
396279581 emilykiyoyo
396286465 54267337
396287968 64875865
396362960 byq 391334350 Mr.China
396367688 lwmm 391284880 shirley0228
396370298 diana_mimi_jl
396383715 2792075
396422576 Mr.China 396362960 byq
397011205 mingnianjiewang
397011245 mingnianjiewang
397179219 54237019
397217640 crrrycomet
397504739 shirley0228 396279581 emilykiyoyo
397505128 shirley0228 396287968 64875865
397505787 shirley0228 396367688 lwmm
397507310 shirley0228
397508688 muyanduoduo
397509517 muyanduoduo
397512144 shirley0228 397011205 mingnianjiewang
397512853 shirley0228 397179219 54237019
397513970 shirley0228 397217640 crrrycomet
397514807 shirley0228 397508688 muyanduoduo
397516392 muyanduoduo 397514807 shirley0228
397524629 shirley0228 397516392 muyanduoduo
397525495 58964015
397539200 muyanduoduo 397524629 shirley0228
398053265 crrrycomet
398072770 45105660
398097458 48046553
398097935 48046553
398097967 61543029
398150383 48046553
398181401 LENG.9
398182514 fengzi777
398198503 shirley0228
398199680 shirley0228 398053265 crrrycomet
398205978 shirley0228 398097458 48046553
398206510 shirley0228 398181401 LENG.9
398207103 shirley0228 398182514 fengzi777
398209145 48046553 398205978 shirley0228
398220319 forever1047
398225435 1321533
398247668 shirley0228
398249116 shirley0228
398250193 shirley0228
398269490 LENG.9 398206510 shirley0228
398273037 43677701 398206510 shirley0228
398299236 48046553 398250193 shirley0228
398306386 1321533 398247668 shirley0228
398327044 65879349
398347916 crrrycomet 398199680 shirley0228
398374664 46952586
398557708 shirley0228 398306386 1321533
398557873 shirley0228 398327044 65879349
398557946 48908135
