392030840 57444189
392031258 ST364838530
392031811 38871170
392032086 50963217 392031258 ST364838530
392032113 51817755
392032310 50963217 392031811 38871170
392032452 mrbii
392032673 50963217 392032113 51817755
392033171 50814790
392033405 50963217 392032452 mrbii
392033570 50814790
392033673 mrbii 392033405 50963217
392033825 51686533
392034000 3520526
392034235 63451103
392034326 53470090
392034557 50963217 392033171 50814790
392034619 35160721
392034938 50814790
392034958 Alisa9185
392035265 50814790
392035290 50963217 392033570 50814790
392035513 qinhour
392035606 50963217 392034938 50814790
392035685 33806597
392035861 57753542
392035893 50963217 392035513 qinhour
392036120 50443634
392036270 50963217 392035861 57753542
392036368 50963217 392036120 50443634
392036472 Alisa9185
392036739 50963217 392034619 35160721
392037017 50963217 392033673 mrbii
392037174 foxtang
392037178 50963217 392036472 Alisa9185
392037474 Alisa9185 392037178 50963217
392037667 50963217
392037895 50963217 392035685 33806597
392038152 50963217 392034326 53470090
392038297 50814790
392038494 foxtang
392038554 huihuiliu
392038784 50963217 392038297 50814790
392039340 50963217
392039569 foxtang 392034619 35160721
392039579 50963217
392039841 50814790
392039935 50814790
392039984 foxtang
392040004 50963217 392039569 foxtang
392040190 foxtang 392039841 50814790
392040256 50963217 392039841 50814790
392041031 foxtang 392039340 50963217
392041258 50814790
392041812 impedance
392041943 impedance
392042203 43042290
392048221 14912025
392135285 57753542 392036270 50963217
392136467 20708008
392136740 tangdou9
392136848 55919949
392266270 50963217 392041812 impedance
392266599 50963217 392136467 20708008
392266713 50963217 392048221 14912025
392266985 50963217 392042203 43042290
392267313 50963217 392041943 impedance
392267803 50963217
392268459 50385019
392338743 impedance 392267313 50963217
392339732 7641365
394567534 50963217 392339732 7641365
396145660 MMOONNOO
396145827 MMOONNOO
396146410 59272939
396271254 MMOONNOO 396146410 59272939
396271443 MMOONNOO 396146410 59272939
396271752 33487671
396272793 57559187
396273420 33487671
396284584 59272939 396271443 MMOONNOO
396682013 ingwerstein
399968092 41117641
415135340 48593530
415135893 shmily517450
