392224245 62800443
392224494 43677701
392224765 2870277
392225941 44854071
392226281 43844474
392226921 l450658260
392227142 amomy
392227282 hao8454
392227418 46995252
392227536 q370495557
392227581 49686450
392228212 summertail1234
392228269 lilith9
392228579 Ville-Valo
392228602 lilith9
392228699 sofaq
392228964 61093120
392229607 jeepers
392230042 54171153
392230365 dadadawang
392231090 tgsbye
392231869 unclevivi
392232100 wii-house
392232241 sumnuis
392236178 ariken
392236782 55842568
392243250 4223798
392258203 51533831
392258802 4257122
392258996 32028449
392260419 5867827
392262859 creamsoda233
392267439 46995252
392269132 jessica210
392269387 54393439
392269548 miuka123
392269768 50002465
392270066 sosoyeah
392270675 solo3313
392323881 46080618
392324063 nainai1
392336065 42394968
392343453 45399372
392346362 46067720
392346692 46067720
392347216 46428850
392347757 33464856
392348714 47729763
392350735 baby119
392351508 56684573
392352040 62138434
392352325 lyl817
392352499 61064884
392352900 3484680
392353181 48516406
392353733 Bloodv1
392355835 3082632
392355852 48955494
392355951 61978750
392355980 65399634
392356223 gossipatupper
392356423 53775869
392356583 52318761
392356950 xusongsong
392365401 53058632
392367921 27947588
392372671 42251589
392386676 yangchengjie
392392390 6279539
392405266 4257122
392405888 1126080
392407033 MISHIDIDAI
392410896 59976143
392411602 34924062
392411827 34896336
392414792 64613003
392447440 3571127
392447681 laceylx
392451229 donotwatchme
392487137 yangchengjie
392487848 52832766
392488948 satoruyamap
392490429 51949652
392490849 3790469
392490940 alashendeng
392493608 62488236
392496642 65339840
392496830 memokun
392496971 64617211
392497121 64617211
392497607 3546475
392498440 mihola
392518332 taozizun
392518889 40095548
392520056 my774880647
392521012 huxiaoxiaoliu
392521236 44289887
392522560 shaoxueying
392523074 sil0417
392523781 lovestvxq
396949755 geekzhuo
396950150 65607083
396979223 yangchengjie
396991684 48176017
397040412 64007283
400403598 avoid
400726415 42575727
400747611 46749636
400757195 1650111
400839801 64944381
400885896 1444854
400889916 ivan99120
401308811 14076781
401351014 43848298
402023634 42850005
404083899 45951014
404084682 liuyu1231
404857799 zhaocong1015
404857929 Sengoku
406487068 deliciaaa
406487364 unico6
413736074 62872424
413739033 namecl
413802812 4691454
418571026 45647349
418571879 54914759
418606413 48152760
418607335 50065824
418616185 53800975
418784240 56506922
418814154 42695973
418823245 3568694
418823935 bokunomirai
418850329 kokealee
418941359 sadmimi
418941681 sadmimi
418942384 34596414
418943339 48761208
418944249 3652778
418970178 65480202
392524480 49055885
392524619 49055885 392524480 49055885
392530812 65422049
392531257 mamamiyaya
392542035 49740692
392542407 51030629
392543385 53542576
392549701 lonelyan_
392552319 4611169
392594734 yakexiiiii
392595108 58091779
392611168 xttlq
392632725 kicker114
392635371 4603657
392635914 47460516
392640339 52466552
392640921 1368781
392641030 47546544
392642580 mmming
392648893 45550943
392649414 44002722
392649676 Mony-connie
392657108 65399383
392657204 65125283
392657263 simpledumb
392657891 54577419
392657908 41512441
392659246 yangchengjie
392670923 mumu_guan
392671008 mumu_guan
392707693 zerus
392708254 Qln9_.
392708665 nanyun
392711188 maanni
392714945 pangbai
392715232 turandot1224
392716297 46519089
392717287 45715498
392719453 pryo
392719597 pryo 392659246 yangchengjie
392720102 yangchengjie 392719597 pryo
392720333 4621244
392720398 pryo 392720102 yangchengjie
392720518 pryo
392720905 58049473
392721270 ashvoice
392736460 pryo 392720102 yangchengjie
392737167 yangcaocao
392741101 yangchengjie 392736460 pryo
392741653 50795581
392742176 29100203
392743208 62735568 392741101 yangchengjie
392743855 4621244 392720518 pryo
392744382 54636287
392918989 61933977
392920106 60342180
392936282 thx4visiting
392936304 thx4visiting
392936348 yangchengjie
392936398 51038082
392936485 sleephere
392937318 cody44
392937545 48377069
392949675 63361907
392952645 63061364
392956883 xianwawa
392957166 belongstokay
392957635 fymqiu
392960118 49911089
392960218 26817398
392988046 49012779
392989128 allfake
392989468 46440928
393036530 lopkino
393036954 wowangle
393039731 45026440
393040637 49273175
393040972 cupandrabbit
393061523 1651633
393066038 50653419
393083005 52473550
393101449 lvy1437
393102736 53431792
393106395 44802698
393187230 dahehe
393198610 goter
393202982 aboutUs
393220112 ning0118
393248768 yangchengjie
393253525 57601145
393577347 48908822
393625633 sadative
393645712 yangchengjie
393647075 4249144
393647330 14562919
393647669 4246173
393666740 64952066
393668144 50675784
393668882 yiyinini
393668988 jiangxiaoxiong
393674720 59392984
393675056 44143064
393686961 yangchengjie
393688359 pink
393689575 61612713
393781112 4249144
393782892 34665454
393879744 24567946
393880590 55656078
393888942 4102868
393929592 yangchengjie
393933439 4670131
393933458 4670131 392659246 yangchengjie
393938256 55808147
394004606 34665454 392659246 yangchengjie
394010646 61963375
394016064 3142687
394037919 Seventeen_M
394038828 taaaan
394050064 yangchengjie
394052112 53211431
394052704 ziziqian
394053322 tina0903
394053377 63983731
394053474 lucy2218890
394054349 56106612
394062728 59976143 392522560 shaoxueying
394062802 59976143
394063365 49695508
394065946 58047761
394066595 zrenata
394069505 cheese_touch
394070189 niconlinecity
394070416 cheese_touch
394086172 56329062
394087062 65302441
394093805 45018229
394137352 dofan
394137618 52548884
394138969 53066514
394139883 52141687
394140306 yellowbananas
394140664 52509654
394144991 yangchengjie
394174362 Wivian
394406286 64043060
394417884 60990658
394421124 2909007
394422788 46764993
394423143 46764993
394492030 51429480
394587816 pink
394590224 60723776
394601683 49095176
394620218 esgape
394624116 jinxlovedouban 394050064 yangchengjie
394624513 59976143
394624727 63903081
394689399 longwenjing
394695621 njxule
394698459 Jason-luv
394699060 muamu
394699466 61105500
394699611 Farewellxxx
394701603 blue12
394701951 yangchengjie
394702306 vincent41 392659246 yangchengjie
394702750 64560272
394703966 41712606
394709022 43605017
394709064 sadative
394709208 gaziqian
394709228 54850970
394747577 64779924
394748900 48214150
394749228 48214150 392659246 yangchengjie
394751164 59077061
394765406 1363549
394804267 53176334
394857049 q312346052
394893724 55330431
394923116 44700593
394924029 NinaNi
394924440 62284706
394933916 Lee_ssang
395141437 yangchengjie
395144704 14025183
395222723 62765020
395223438 unclegao
395765392 liyangxiaotang
395768436 matrix358
395940778 kb_dubhe
396014373 yangchengjie
396064138 easonhoho
396351020 13645692
396355944 toughsistermcc
396543082 60587305
396562749 48171112
396948980 49290418
396949177 lahugo
