392486361 63443452
392486391 gubuyi
392486499 61553213 392486391 gubuyi
392486901 yangchengjie
392487130 63960669 392486361 63443452
392487206 63960669 392486391 gubuyi
392487497 63960669 392486901 yangchengjie
392487565 gubuyi 392487206 63960669
392487885 3546538
392488053 63960669 392487565 gubuyi
392488197 63960669 392487885 3546538
392488361 47040626
392488446 57341520
392488859 49491225
392488975 sil0417 392488197 63960669
392489076 63960669 392488361 47040626
392489193 60713272
392489263 63960669 392488446 57341520
392489352 63960669 392489193 60713272
392489431 moguJ
392489503 59692918
392489507 63960669 392488975 sil0417
392489613 queen_alice
392489740 gubuyi 392488053 63960669
392489800 61290003 392486391 gubuyi
392489850 63960669 392489613 queen_alice
392489860 queen_alice
392489871 47040626 392489076 63960669
392489955 63960669 392489800 61290003
392489964 queen_alice
392490192 63960669
392490280 63960669 392489964 queen_alice
392490375 61290003 392489955 63960669
392490396 63960669 392488859 49491225
392490421 7884263
392490527 63960669 392489431 moguJ
392490536 45191985
392490668 63960669 392489871 47040626
392490708 59692918 392490192 63960669
392491059 63960669 392490375 61290003
392491257 63960669 392490421 7884263
392491260 61290003
392491396 ziliuziliu
392491593 63960669 392490536 45191985
392491595 47040626 392490668 63960669
392491794 63960669 392490536 45191985
392491985 63960669 392490708 59692918
392492119 63960669
392492361 63960669 392491595 47040626
392492932 14260887
392493026 46564815
392493199 63960669 392492932 14260887
392493265 63960669 392493026 46564815
392493557 45191985
392493916 ziliuziliu 392492119 63960669
392494130 58199590
392494155 cchenga
392494205 cchenga 392493916 ziliuziliu
392494708 bliss24
392494895 1770264
392495107 7884263 392492361 63960669
392495705 63960669 392493557 45191985
392495775 63960669 392495107 7884263
392495849 63960669 392494708 bliss24
392495911 poaan
392496346 63960669 392493916 ziliuziliu
392496587 ziliuziliu 392494205 cchenga
392497171 63960669 392494155 cchenga
392497240 63960669
392497489 ziliuziliu 392497240 63960669
392498264 63960669 392497489 ziliuziliu
392498938 63960669 392495911 poaan
392499068 ziliuziliu 392498264 63960669
392499663 55433993
392500039 58051150
392500324 63960669 392499663 55433993
392500349 63960669 392500039 58051150
392501011 chunxiaod
392501610 kicandy
392501943 63960669 392501011 chunxiaod
392501950 stonejane
392501980 63960669 392501610 kicandy
392502029 63960669 392501950 stonejane
392502368 atommy
392502533 last-love-maki
392502590 63960669 392502368 atommy
392502876 52293460
392502937 atommy 392502590 63960669
392503401 63960669 392502876 52293460
392503545 3370532
392504027 63960669 392503545 3370532
392506533 stonejane 392502029 63960669
392506942 63960669 392506533 stonejane
392508103 stonejane 392506942 63960669
392508995 4524470
392509052 leeluu
392509584 47156224
392509843 49491225 392490396 63960669
392510056 14260887
392510253 62997706 392487130 63960669
393164900 leeluu
393165111 leeluu
393185322 63960669 393165111 leeluu
393186014 44815697
393194468 63960669 393186014 44815697
393196828 mimigou
393197150 22100787
393204585 aboutUs
393204868 45786849
393233511 63960669 393197150 22100787
393233670 63960669 393196828 mimigou
393234168 acid
393239170 63960669 393234168 acid
393240165 36510797
393254315 63960669
393256850 12891832
393262173 FuzzySandy
393416886 22100787
393417664 48192793
393419848 nono520
393420851 55979601
393477434 Chenyigee
393477993 1651633
393504139 51335243
393529284 63960669 393477434 Chenyigee
393532249 onlyalice
393540016 nil4
393588076 54099629
393589218 30248442
393667528 63960669 393196828 mimigou
393667607 63960669 393256850 12891832
393701046 57740807
393756153 63960669 393701046 57740807
393757443 49029264
393759926 2870277
393760200 65586954
393763661 44815697 393194468 63960669
393764816 62929531
393854200 63960669 393763661 44815697
393884268 Chenyigee 393529284 63960669
393973236 63960669 393884268 Chenyigee
393977689 63405603
394001345 63185126
394002338 63960669 393977689 63405603
394002383 63960669 394001345 63185126
394015226 63185126 394002383 63960669
394206593 63960669 394015226 63185126
394206814 63960669 393760200 65586954
394208408 csb
394209790 41518887
394229717 65336673
394241429 63960669 394208408 csb
394241487 63960669 394229717 65336673
394241538 63960669 394209790 41518887
394244447 released
394246364 QueenQM
394344334 2870277
394348374 63185126 394206593 63960669
394359351 63960669 394244447 released
394360542 63960669
394362842 2870277
394541169 46009474
394541448 65339688
394558746 63960669 394541169 46009474
394565757 41518887 394241538 63960669
394566374 63960669 394541448 65339688
394566600 63960669 394565757 41518887
394566776 65339688 394566374 63960669
394567930 lullabye1201
394580471 hellodreamer
394709928 4524470 394566600 63960669
394710273 duoran
394711958 vinegrower
394713802 52459455
394761164 63960669 394713802 52459455
394761258 63960669 394711958 vinegrower
394761348 63960669 394710273 duoran
394762918 62359742
394778623 64542180 392489352 63960669
394780652 63960669 394778623 64542180
394780720 63960669 394762918 62359742
394784677 64444919 392488197 63960669
394786626 63960669
394816596 62359742 394780720 63960669
394845629 duoran 394761348 63960669
394852725 39689947
394942867 60891955
394944778 doubanxiaozi
394948861 55603099
394955298 63960669 394948861 55603099
394961774 64444919 394786626 63960669
394963967 63960669 394961774 64444919
394964293 57601145
394965627 43212900
395075318 63960669 394964293 57601145
395075424 63960669 394965627 43212900
395075674 53103908
395076215 1557301
395117722 leeluu
395117898 leeluu
392510404 63960669 392510253 62997706
392510586 63960669 392510056 14260887
392510844 14260887
392510859 65232979
392511123 63960669 392509843 49491225
392511278 63960669 392509584 47156224
392511344 14260887
392512033 63960669 392509052 leeluu
392512087 63960669 392511344 14260887
392512196 63960669 392508103 stonejane
392512435 63960669
392512444 14260887
392513169 44984990
392513844 44281293
392513959 63960669 392513169 44984990
392514004 63960669 392513844 44281293
392514089 63960669 392512444 14260887
392514189 63960669 392510859 65232979
392516915 46026616
392518061 4524470 392512435 63960669
392519113 55386181
392519392 wyjlinz
392519967 65232979 392514189 63960669
392520266 Yue_33
392520546 63960669 392518061 4524470
392520761 63960669 392519113 55386181
392520998 63960669 392519392 wyjlinz
392521065 63960669 392519967 65232979
392521140 63960669 392520266 Yue_33
392526225 63960669
392528542 4524470 392520546 63960669
392531028 43443081
392538230 53254820
392541502 40887176
392542602 65232979 392521065 63960669
392543525 4554851
392543605 65232979
392544598 cchenga
392544762 cchenga 392497171 63960669
392545845 lenka_hq
392549479 ziliuziliu 392544598 cchenga
392550018 56638355
392550306 4019025
392550963 4911862
392561309 63960669 392528542 4524470
392561626 63960669 392541502 40887176
392561872 63960669 392543525 4554851
392562045 63960669 392543605 65232979
392562438 63960669 392544598 cchenga
392562513 63960669 392549479 ziliuziliu
392562774 63960669 392550018 56638355
392562971 63960669 392550306 4019025
392563060 41266824
392563456 ziliuziliu 392562513 63960669
392564575 63960669 392563456 ziliuziliu
392566668 jia0519
392568118 61571897
392568364 59705596 392568118 61571897
392568446 ziliuziliu 392564575 63960669
392569349 cchenga 392549479 ziliuziliu
392569535 cchenga 392562438 63960669
392571133 35594759
392571155 60713272 392489352 63960669
392572321 henyou
392573006 ziliuziliu 392569349 cchenga
392573104 51030629
392574010 4267527
392588456 cchenga 392573006 ziliuziliu
392594559 58214254
392595183 sveenland
392599762 54143037
392600385 40536922
392601219 52481628 392489352 63960669
392602234 wushiqing
392609050 46009474 392562438 63960669
392609380 7884263
392610686 handhandsleep
392611082 sonysong
392611322 54766602 392488197 63960669
392612650 Devin.YOUNG
392613237 aiiii
392621488 63960669 392566668 jia0519
392621691 63960669 392568364 59705596
392621854 saar
392622085 yoyo2010
392623522 63960669 392568446 ziliuziliu
392623728 63960669 392622085 yoyo2010
392623984 63960669 392621854 saar
392624467 twining
392624624 63960669 392611082 sonysong
392624972 63960669 392624467 twining
392625175 63960669 392610686 handhandsleep
392625348 49438625
392625532 63960669 392609380 7884263
392625599 53735796
392625637 63960669 392625348 49438625
392629497 63960669 392625599 53735796
392629935 63960669 392609050 46009474
392630668 47312287
392630701 63960669 392602234 wushiqing
395118035 leeluu
395119587 4706836
395184608 64542180 394780652 63960669
395185728 lyh0202
395299475 59033976
395301553 63960669 395299475 59033976
395305620 tcshine
395470492 57601145 395075318 63960669
395473343 52406594
395548745 3728265
395551208 3728265
395552374 2490497
395553275 41664099
395733130 34424940
395736437 63960669 395553275 41664099
395760083 saralondon
395774640 63960669 395760083 saralondon
395922082 saralondon 395774640 63960669
395993181 Angelachang
396006438 49764363
396011044 km
396011433 neeed
396011470 neeed
396011532 neeed
396011605 neeed
396012260 49753149
396013223 Vittra
396015496 56837111
396026128 63960669 396015496 56837111
396026359 63960669 396013223 Vittra
396034247 56837111 396026128 63960669
396040303 saralondon
396040665 52757969
396057588 4771979
396219734 linvivian
396222008 53978584
396268852 63385849
396269058 63385849 396026359 63960669
396322533 63960669 396269058 63385849
396323806 55368544
397387218 63960669 396323806 55368544
397387685 63960669
397592492 45857378
397639939 60378481
397642386 58345434
397700093 59650262
397807859 aprilguo
397816887 37614458
397817230 60126657
397818661 2744127
397818938 64490560
397819355 62861945
397831464 dreamyworld
397859559 63960669 397831464 dreamyworld
398251930 52858165
398252193 52858165
398253803 65603036 392510253 62997706
398255263 63960669 398253803 65603036
398256936 lunactually
398269826 yadan165
398271271 huiyuyi
398272771 54207870
398315652 47602514
398347961 51526160
398381912 63960669 398347961 51526160
398382069 63960669 398271271 huiyuyi
398398660 51817755
398468225 l0107l
398496777 65879349
398824321 63960669 398398660 51817755
399177839 49022865
399211680 42253754
399212043 50064069
399226113 63960669 399212043 50064069
399235333 siouxsie7
399244518 50064069 399226113 63960669
399253544 UncleLiu
399255364 53891400
400965161 2870277
400993394 babybig
400994361 Vchan
403967195 63960669
404157137 63960669 400993394 babybig
404179578 48856882
404181088 50975400
404235795 63690488
404261485 63960669 404181088 50975400
404261526 63960669 404235795 63690488
404263916 63597304
404267657 50975400 404261485 63960669
404292131 61828672
404533566 babybig 404157137 63960669
405208425 42676298
405209068 63960669 404263916 63597304
405333574 48211130
406872672 41953997
406896595 43060611
392631072 63960669 392630668 47312287
406897739 66720526
392631584 63960669
406912405 qwemnb123
392631800 63960669
392632008 8067119
409758382 63960669 406912405 qwemnb123
392632233 4524470 392631584 63960669
392632395 63960669 392571133 35594759
392633047 63960669 392632233 4524470
392633101 sunian1
392633453 63960669 392571155 60713272
392633574 sunian1
392633608 63960669 392633101 sunian1
392633655 sunian1
392633917 63960669 392574010 4267527
392634156 mideloveqi
392634173 63960669 392594559 58214254
392634292 sunian1
392635797 63960669 392595183 sveenland
392635860 leavesye929
392635988 63960669 392634292 sunian1
392636313 63960669 392600385 40536922
392636582 63960669 392601219 52481628
392636761 63960669
392636981 58465691 392487130 63960669
392637452 leavesye929 392636761 63960669
392638354 liuyingjienho
392638547 alohalxm
392638723 whiten
392639177 64595206 392488197 63960669
392641462 63960669 392639177 64595206
392641511 63960669 392639177 64595206
392641833 63960669 392638547 alohalxm
392642306 63960669 392637452 leavesye929
392642965 love-77
392643554 64456530
392643891 eve_lyons 392488197 63960669
392644367 44675044
392644679 63960669 392643891 eve_lyons
392644721 63960669 392644367 44675044
392645642 eve_lyons
392646637 59627451
392647113 63960669 392645642 eve_lyons
392647352 63960669 392646637 59627451
392647355 caokaiwei
392647412 39091389
392647432 64595206 392641511 63960669
392647518 51534915
392648435 Luzia
392648594 63960669
392648753 59627451 392647352 63960669
392649929 50881339
392651407 janine1956 392648753 59627451
392661133 jjrabbitbaby
392668653 ziliuziliu 392588456 cchenga
392668670 ziliuziliu 392623522 63960669
392669140 oo-vivian
392676410 63960669 392668670 ziliuziliu
392685006 52481628 392636582 63960669
392689168 63960669 392685006 52481628
392689588 63960669 392647412 39091389
392689653 63960669 392661133 jjrabbitbaby
392689742 63960669 392651407 janine1956
392689791 63960669 392649929 50881339
392816210 Luzia
392689895 63960669 392648753 59627451
392816313 Luzia
392822780 46915739
392691711 52481628 392689168 63960669
392828744 52188731
392692793 41933917
392829085 cinyen
392696602 63960669 392647432 64595206
392832535 40571313
392835837 3006905
392696805 63960669 392651407 janine1956
392836783 57478739
392697274 25772045
392699245 48310690
392837058 alohalxm 392641833 63960669
392701270 39091389 392689588 63960669
392837953 63960669 392829085 cinyen
392838304 35769018
392703657 34708293 392488197 63960669
392842740 64161888
392704942 34708293 392493916 ziliuziliu
392884249 49438625 392625637 63960669
392708017 moguJ 392490527 63960669
392891041 49103324
392709146 59627451 392651407 janine1956
392919141 ziliuziliu
392723185 handhandsleep
392920938 46141336
392723494 63960669 392723185 handhandsleep
392926852 63960669
392724163 63960669 392708017 moguJ
392927304 63960669
392927931 63960669
392928215 63960669
392928291 63960669
392724238 63960669 392704942 34708293
392928468 63960669
392725713 handhandsleep 392723494 63960669
392928706 63960669
392928752 4657080
392727540 63960669 392725713 handhandsleep
392727781 meking
392928898 63960669
392729916 janine1956 392689742 63960669
392929096 63960669
392735558 handhandsleep 392727540 63960669
392929290 63960669
392738679 53735796 392629497 63960669
392929371 63960669
392747099 58470943
392929470 63960669
392748642 64595206 392696602 63960669
392929576 63960669 392747099 58470943
392754619 4831018
392929689 63960669 392928752 4657080
392756635 sudajing
392932133 58304383
392765995 34708293 392724238 63960669
392933588 vanessaa
392769936 44644985
392933815 9271819
392772888 cchenga 392668653 ziliuziliu
392934692 4513409
392774475 39689947
392934907 tan55
392940247 52489019
392776383 chiyuki
392948685 62106449
392778227 4633564
392949372 4680481
392949875 58464542
392780710 39689947 392776383 chiyuki
392952199 62440215
392789239 ziliuziliu 392772888 cchenga
392953391 handhandsleep
392789397 ziliuziliu 392776383 chiyuki
392953547 53437160
392789729 61711989
392954175 54068459
392791778 cchenga 392789239 ziliuziliu
392954908 FuzzySandy
392794241 65291296
392955330 zhuxiaoxuan 392489850 63960669
392955413 59651778
392958320 45845062
392959423 51650568
392961014 41393043
392962031 freedancer
392968272 queen_alice 392490280 63960669
392971907 mogushibushi
392974203 lomo0627
392982307 cchenga 392919141 ziliuziliu
392985282 meking 392926852 63960669
392987720 babybig
392994086 9073632 392488197 63960669
393013281 64595206 392929470 63960669
393038294 janine1956 392927304 63960669
393039576 53884924 392488197 63960669
393075343 63960669 393038294 janine1956
393075441 63960669 393039576 53884924
393075561 63960669 393013281 64595206
393075739 63960669 392994086 9073632
393076038 63960669 392987720 babybig
393077176 63960669 392985282 meking
393077377 63960669 392971907 mogushibushi
393077518 65122202
393077566 63960669 392959423 51650568
393077784 63960669 392955330 zhuxiaoxuan
393077894 3355975
393078039 63960669 392958320 45845062
393078179 kimeyowai
393078230 63960669 393077894 3355975
393078315 63960669 393077518 65122202
393078652 63960669 392954908 FuzzySandy
393078821 63960669 392954175 54068459
393079093 63960669 392934692 4513409
393079201 3355975 393078230 63960669
393079399 63960669 392816210 Luzia
393081010 51092263
393081798 65122202 393078315 63960669
393083257 miiya
393090597 39470765
393104590 mogushibushi 393077377 63960669
393105586 62340736
393105981 31523810
393107165 37746546
393107697 mint2009315
393107937 Santa.
393108703 ribbonecho
393124621 53884924 393075441 63960669
393127495 59609504
393130636 Luzia 393079399 63960669
393132440 smileanimal
393149886 64595206 393075561 63960669
393158333 vivien25
393162101 51859626
393164839 leeluu
409758455 63960669 406872672 41953997
409758701 63960669 395553275 41664099
409759346 63960669 404533566 babybig
409759793 63960669 404267657 50975400
409759871 63960669 396011433 neeed
409947257 Xmm-Hcc
409953443 66496624 392497240 63960669
409955619 4898393
409959218 10409542
409959938 28591666
409966445 63960669 409947257 Xmm-Hcc
409966490 63960669 409959938 28591666
409966534 63960669 409959218 10409542
411092166 63960669 409955619 4898393
411092330 63960669 409953443 66496624
411092392 63960669 409953443 66496624
411092475 4898393 411092166 63960669
411093157 30505361 392488197 63960669
411093582 63960669 411093157 30505361
411093608 63960669 411092475 4898393
411093707 4898393 411093608 63960669
411094153 52473550
411094166 prisonoflove
411134994 30505361 411093582 63960669
411523560 ZSDX
411554722 58979932
411844971 jianliang1994
411846653 50056226 392488197 63960669
411898348 kinkiman
418990296 51039032
418991130 56145544
418994808 66895542
418995746 57569944
418997646 49179793
419001556 51226948
419007843 3243878
419018581 EchoGreennn
419343242 48875638
419346152 56952533 392489352 63960669
419609822 OKIMAY
419620789 Jchristmas
419621263 56040270
419622393 losed
419622703 mmming
419777409 4540449
419984978 53001327
420213034 63960669 419984978 53001327
420213289 63960669 419777409 4540449
420214609 63960669 419622393 losed
420214853 63960669 419621263 56040270
420215055 53669812
420216400 63960669 420215055 53669812
420216547 63960669 419620789 Jchristmas
420216828 63960669 419609822 OKIMAY
