392915909 65125283
392916861 dotemma
392917089 49428533 392915909 65125283
392917247 yaoyaocj
392917861 25772045
392917955 49428533 392916861 dotemma
392918519 49428533
392918952 50424224
392923281 kyspace
392927342 49428533 392923281 kyspace
392929333 kyspace 392927342 49428533
392954554 imleon2003
392960426 50585487
392962737 48101216
392965613 dotemma 392917955 49428533
392974722 zuozuoloveyou
392974934 warmgun1983
392975431 shamtoy
392985079 49428533 392954554 imleon2003
392985314 49428533 392975431 shamtoy
392985751 49428533 392960426 50585487
392986031 49428533 392974934 warmgun1983
392986378 49428533 392965613 dotemma
393055695 49428533
393069858 warmgun1983
393071724 33858930
393077349 49428533 393069858 warmgun1983
393077956 49428533 393071724 33858930
393078255 56054696
393081574 2394369
393083037 2394369
393085133 49428533 393078255 56054696
393086563 48206402
393086974 49428533 393081574 2394369
393087787 49428533 393083037 2394369
393089068 49428533 393086563 48206402
393091063 49428533 393089068 49428533
393121058 33858930 393077956 49428533
393122987 LaSe.K 392974722 zuozuoloveyou
393123428 60160445
393123479 Mr__smile
393124133 abyss511
393127709 2394369
393141558 49428533
393144209 ghostshell
393226956 zuozuoloveyou 393122987 LaSe.K
393229068 shuise123
393229090 55998310
393229935 carrieshen
393236037 LaSe.K 393226956 zuozuoloveyou
393246465 45542137
393246794 49428533 393123428 60160445
393247335 49428533
393247708 49428533
393248763 49428533 393121058 33858930
393249297 49428533 393123479 Mr__smile
393250904 49428533 393229935 carrieshen
393305493 warmgun1983 393077349 49428533
393314578 zouyazou
393315521 rinixianren 392986378 49428533
393315693 49428533 393305493 warmgun1983
393315960 49428533 393315521 rinixianren
393315971 rinixianren 393314578 zouyazou
393316550 rinixianren 393315693 49428533
393316862 zouyazou
393317575 rinixianren 393316862 zouyazou
393318041 zouyazou
393318224 rinixianren 393318041 zouyazou
393318865 49428533 393314578 zouyazou
393319883 49428533
393319947 zouyazou 393318865 49428533
393320980 2123930
393325326 49428533 393320980 2123930
393348465 2123930 393325326 49428533
393350363 49428533 393348465 2123930
393350889 2123930 393350363 49428533
393351132 2123930 393350363 49428533
393353045 65454540
393354562 49428533 393351132 2123930
393356327 2123930 393354562 49428533
393369200 49428533 393356327 2123930
393370390 2123930 393369200 49428533
393372525 53449599
393374599 49428533 393372525 53449599
393375309 53449599 393374599 49428533
393376203 35389815
393376958 49428533 393375309 53449599
393377235 49428533 393376203 35389815
393377533 49428533 393376203 35389815
393377749 58219000
393378251 49428533 393121058 33858930
393378593 53449599 393376958 49428533
393379616 49428533 393378593 53449599
393405897 33858930 393378251 49428533
393494966 carrieshen 393372525 53449599
393496010 carrieshen 393250904 49428533
393619934 53449599 393494966 carrieshen
393653955 48101216
393659815 qigan
393663355 foreverland
393928943 49428533 393370390 2123930
393929193 49428533 393496010 carrieshen
393929254 49428533 393659815 qigan
393929288 49428533 393663355 foreverland
394061390 qigan
394062861 yeliya1314
394817566 49428533 394061390 qigan
401083639 49428533
401088620 RAINBOWKEKE
401096712 49166139
418926929 dolffei
418927260 58443583
419177026 49428533
419177608 49428533 418927260 58443583
419195274 dolffei 419177026 49428533
419209557 49428533 419195274 dolffei
419333527 gylLaura
