392831516 xionngmeng
392833871 61422074 392831516 xionngmeng
392879524 28170423
392880635 52509533
392880949 44042980
392881777 61422074
392881910 61422074 392880635 52509533
392882159 61422074 392880949 44042980
392886941 58168623
392887078 61451963
392892376 52509533 392881910 61422074
392893580 61422074 392887078 61451963
392894252 61422074 392892376 52509533
392895352 34691870
392896526 weizi2007
392897086 61422074 392895352 34691870
392897710 SophVeU
392897926 47514656 392896526 weizi2007
392898103 61422074 392896526 weizi2007
392898816 61422074 392897710 SophVeU
392898988 61422074
392899575 anysunshine
392900596 jodiexie
392901064 47514656 392898988 61422074
392902333 61422074 392899575 anysunshine
392902809 ZVLA
392903900 52634462
392903963 onlyalice
392904829 61422074 392902809 ZVLA
392905631 61422074 392903900 52634462
392906111 63361907
392907469 61422074 392906111 63361907
392907973 63361907
392908632 61422074 392907973 63361907
392910952 56068455
392915024 61422074 392910952 56068455
392915859 61610613
392918413 45370827
392985713 42558096
392989112 59392984
393011683 weizi2007
393013289 2106245
393021849 61422074 393011683 weizi2007
393022942 56292958
393027457 50147247
393029739 3892204
393034106 61422074
393036203 28170423 392880635 52509533
393036577 45845062 392898988 61422074
393037258 45845062 393022942 56292958
393037781 cicisun
393040306 36179949
393041430 61422074 393036577 45845062
393041836 catslater
393042496 61422074 393037781 cicisun
393043062 missfate
393043474 54744835
393049209 54896703
393053808 2632722 393037781 cicisun
393053963 2632722 393041430 61422074
393054956 tcm321
393055089 48955494
393055487 65510431
393055714 62681235
393057258 xiao-mian
393058049 21029389
393060033 cicisun 393053808 2632722
393060460 4351268
393061422 61422074 393053963 2632722
393061842 61422074 393054956 tcm321
393062233 61422074 393055089 48955494
393062465 61422074 393055714 62681235
393062856 yeyiyi
393064466 60941834
393064872 Jean4
393066002 53219802
393066412 62681235 393062465 61422074
393068793 52639238
393078260 56292958 393037258 45845062
393078451 61422074 393068793 52639238
393078526 56292958 393042496 61422074
393078600 43259850 392880635 52509533
393078722 61422074 393066412 62681235
393078833 52639238 393078451 61422074
393080145 61422074 393078833 52639238
393082192 54080854
393083198 62681235 393078722 61422074
393083416 62681235
393086633 55787367
393088328 61422074 393082192 54080854
393088729 62681235
393088739 61422074 393083416 62681235
393088966 62681235 393088739 61422074
393089002 61422074 393088729 62681235
393089355 61422074 393078526 56292958
393090211 3638309 393022942 56292958
393092238 wazhixiaojie 393090211 3638309
393096867 47697359
393097512 3042979
393097880 2744127
395646667 49686060
395647859 SophVeU
395651034 61422074 395646667 49686060
395756991 2118403
395765808 63999209
395768465 64746066
395768934 eric-fhc
395790474 cheese_touch
395848499 44691918
396108293 61422074 395790474 cheese_touch
396108660 61422074 395848499 44691918
396109113 cheese_touch 396108293 61422074
396148576 evan8
396156981 41958133
396200426 guidodo
396201709 61422074 396148576 evan8
396201990 61422074 396156981 41958133
396202247 61422074 396200426 guidodo
396202331 61422074 396109113 cheese_touch
396203202 guidodo 396202331 61422074
396204000 evan8 396201709 61422074
396204058 61422074
396205190 guidodo 396204058 61422074
396206787 44350031
396210198 52509533 396201709 61422074
396217219 thecardigans
396227407 47468943
396228200 43795895
396229026 pima_y
396246439 61422074 396229026 pima_y
396298036 skyisblue 392905631 61422074
396310553 2744127
396331055 donna_fang
396397309 61422074 396217219 thecardigans
396397513 61422074 396206787 44350031
396397667 61422074 396298036 skyisblue
396397716 61422074 396310553 2744127
396397764 61422074 396331055 donna_fang
396399502 xiao-wei 396310553 2744127
396399818 61422074 396399502 xiao-wei
396400028 xiao-wei
396400445 38527321
396430516 donna_fang 396397309 61422074
396431929 61422074 396430516 donna_fang
396437700 58408749
396439932 3849972
396441959 donna_fang 396431929 61422074
396442389 45968141
396443822 57922974
396443974 61422074 396437700 58408749
396453119 58408749 396443974 61422074
396463609 pima_y 396246439 61422074
396467413 56638355
396528057 61422074 396467413 56638355
396532198 inssxxxx
396539207 guidodo
396539527 43095070
396629913 61422074 396539207 guidodo
396640826 guidodo
396803918 56638355
396838301 45718557
396883008 61422074 396803918 56638355
396883176 61422074 396640826 guidodo
396907023 guidodo 396883008 61422074
396910496 4119264
396964788 ONLY-mm
396967600 45653094
397016000 61422074 396964788 ONLY-mm
397016439 61422074 396967600 45653094
397237712 52730746 396310553 2744127
397291816 49669044 396310553 2744127
397319962 59368715
397370074 ONLY-mm 397016000 61422074
397382237 4654563
397387552 61422074 397237712 52730746
397387670 61422074 397291816 49669044
397387916 61422074 397319962 59368715
397388209 61422074 397370074 ONLY-mm
397388529 61422074 397382237 4654563
397399020 3643357
397471880 4654563 397388529 61422074
397639747 60378481
397647747 54196296
397658350 4267527
397702073 62208957
397731674 3892204
397751190 48046553
397764177 43667318
397806426 guidodo
397819082 61422074 397639747 60378481
397819211 61422074 397647747 54196296
397819419 61422074 397764177 43667318
397819512 61422074 397806426 guidodo
397832761 45811610
397832869 45811610
397847012 61422074 397832761 45811610
397898727 53116355
397900592 47200600
397927544 60378481 397819082 61422074
397934513 3895372
393099631 56638355
393106351 JNDHY
393110369 48579433
393112928 50101813
393118566 52509533 393036203 28170423
393119817 52509533 392894252 61422074
393140682 anysunshine 392902333 61422074
393142715 lyne521
393156048 48955494 393062233 61422074
393162269 61422074 393156048 48955494
393164295 52639238 393080145 61422074
393165191 48955494 393162269 61422074
393165785 63051980
393165833 63051980
393169311 40847107
393169567 43321538
393172410 54791047
393172576 zhangyibin
393174425 lsc920
393175571 57886274
393229979 56638355
393285384 48396166
393300588 54272216 393119817 52509533
393303332 karenbabyY
393303478 karenbabyY 393119817 52509533
393318621 52509533 393300588 54272216
393319238 52509533 393303478 karenbabyY
393324190 64463926
393334340 54080854
393358097 xianwawa
393410958 tcm321 393061842 61422074
393411730 61422074 393096867 47697359
393411935 61422074 393099631 56638355
393412355 61422074 393112928 50101813
393412954 61422074 393140682 anysunshine
393413320 61422074 393165833 63051980
393413777 64562182
393414214 61422074 393175571 57886274
393414976 61422074 393229979 56638355
393415849 61422074
393416026 61422074 393303332 karenbabyY
393416405 61422074 393324190 64463926
393416733 61422074 393334340 54080854
393417035 61422074 393358097 xianwawa
393417177 61422074 393410958 tcm321
393423535 43621016 392895352 34691870
393423961 43621016 393414976 61422074
393428792 57886274 393414214 61422074
393455732 56638355
393464701 1614749
393467252 lolike
393472298 corneactto
393494357 61422074 393423535 43621016
393494689 61422074 393428792 57886274
393495135 61422074 393455732 56638355
393495343 61422074 393464701 1614749
393495426 61422074 393467252 lolike
393513044 lolike 393495426 61422074
393607354 50218716
393608762 56292958 393090211 3638309
393608765 34691870 393423535 43621016
393608846 56292958 393089355 61422074
393609135 56292958 393061842 61422074
393611150 19718718
393619670 2744127
393620473 61032746
393620875 famoussail7
393627683 48768546
393639576 4548261
393644687 54080854
393687258 61422074 393644687 54080854
393734069 54080854 393687258 61422074
393735054 48955494
393737949 tinyveronica
393768926 32868384
393823673 61422074 393768926 32868384
393824066 61422074 393735054 48955494
393824373 61422074 393734069 54080854
393824926 61422074
393825157 61422074 393627683 48768546
393825399 61422074 393608846 56292958
393826300 4397704
393828892 54313173
397938094 61422074 397934513 3895372
393849380 61422074 393826300 4397704
397958246 61610613
393854513 61422074 393828892 54313173
397982473 bigcoco
397986388 evan8
393855398 4397704 393849380 61422074
398063491 summer_sunrain
393859797 41958133
393861360 65426019 392896526 weizi2007
398149112 51935769
393863756 61422074 393855398 4397704
398230772 61422074 398063491 summer_sunrain
393864835 61422074 393859797 41958133
398232758 hurtsme
393865883 41958133 393864835 61422074
398233301 56357258
398280496 hurtsme
393866038 4397704 393863756 61422074
393866168 10460422
398282138 48057171 398230772 61422074
398282362 52544152
393866831 61422074 393859797 41958133
398294194 61422074 398282138 48057171
393867361 61422074 393865883 41958133
398294815 61422074 398282362 52544152
393868464 41958133 393867361 61422074
398308475 52544152
393868550 61422074 393866038 4397704
398309230 61422074 398308475 52544152
393869053 61422074 393866168 10460422
393871218 cheese_touch
398312252 52544152 398309230 61422074
398312918 3510942
393871817 4397704 393868550 61422074
398313195 mulee09
398317866 61422074 398313195 mulee09
398318013 61422074 398312252 52544152
398318150 mulee09 398317866 61422074
398319111 61422074 398318150 mulee09
398325740 52544152 398318013 61422074
398329152 61422074 398325740 52544152
398330695 52544152
398331544 56627748
398334679 40937641
398335505 ifriends
398340082 61422074 398334679 40937641
398340168 61422074 398335505 ifriends
398452110 40937641 398340082 61422074
398458853 guidodo
398461643 lylvyi
393874501 61422074 393871817 4397704
393875660 39228838
393876359 61422074 393871218 cheese_touch
393876943 61422074 393875660 39228838
393880323 54267337
393881213 39228838 393876943 61422074
393881922 52509533 393855398 4397704
398466083 48396166 398233301 56357258
393888666 46277260
398648246 zl100719214
393890232 3510942
398659626 4672692
393890782 61422074 393888666 46277260
398667668 pinkwon
398788573 piapiade
393963762 4397704 393881922 52509533
398823228 11947763 393037258 45845062
393963925 4397704 393874501 61422074
398825922 37939792
393964786 2106245
393968523 45026440
398841648 50836265 398294194 61422074
393975895 54080854 393768926 32868384
398842034 50836265 398294194 61422074
393976933 54080854 393824373 61422074
398842679 momo.x
398844072 Hemenliar
393997201 32868384 393823673 61422074
398844196 45845062 398823228 11947763
393997564 32868384 393975895 54080854
398845786 61645538
394010663 61422074 393964786 2106245
398868726 61422074 398659626 4672692
394010822 61422074 393976933 54080854
398869025 61422074 398842679 momo.x
398869132 61422074 398844072 Hemenliar
398869484 61422074 398845786 61645538
394014595 2106245 394010663 61422074
394035430 2744127
394044347 61422074 394035430 2744127
394044541 61422074 394014595 2106245
394049885 2744127 394044347 61422074
394063372 62411740
394072950 61422074 394049885 2744127
394163289 46277260 393890782 61422074
398869493 42311768 393036577 45845062
394227974 3000733
398870614 momo.x 398869025 61422074
394235138 weizi2007 393861360 65426019
398898513 Hemenliar 398869493 42311768
394308592 54080854 393997564 32868384
398903042 45845062 398869493 42311768
394317515 61422074 394227974 3000733
398910390 50346068
394445111 61422074
398917822 momoshim
394447399 56007476 393036577 45845062
398917949 42195897 398233301 56357258
394489509 32868384 394308592 54080854
398925939 anubis.ll
394497974 missif
398931792 61422074 398903042 45845062
398943844 60301385
394499229 qianxiaoyang188
398945734 61422074 398943844 60301385
394499812 1899680 393037781 cicisun
398947329 guidodo
394613243 65426019 394235138 weizi2007
398951366 60301385 398945734 61422074
394615037 42195897
398954311 52365801 392905631 61422074
394615771 58408749
398981364 61422074 398951366 60301385
394615834 64972344 393414214 61422074
398984749 58247937
394618372 58965314
399049081 66026007
394636990 61422074 394499229 qianxiaoyang188
399051541 61422074 398984749 58247937
394637076 61422074 394615834 64972344
399082128 4548261
399083209 61307295
394637207 61422074 394618372 58965314
399095271 61422074 399049081 66026007
394637388 61422074 394615037 42195897
399095487 61422074 399082128 4548261
394637545 61422074 394615771 58408749
399097232 yuanbaby9
394652929 emma717
399103430 66026007 399095271 61422074
394702788 58408749 394637545 61422074
394710244 37054815
399141008 61422074 399103430 66026007
394710965 gaziqian
399364709 3357411
394714025 50136254
399438743 flamepulse
394737206 3806842
399438744 flamepulse
394744731 51799164
399453257 qiqi1990c
394749535 miRroRtic
399499895 61422074 399438743 flamepulse
394760863 47795306
399502195 likeni
394794343 61422074 394702788 58408749
399504039 flamepulse 399499895 61422074
394795521 61422074 394737206 3806842
399583664 50365647 399499895 61422074
394837577 3806842 394795521 61422074
399608648 46214685
394878945 48246990
400340218 59368715 397387916 61422074
394890080 4351682
400372624 61422074 399583664 50365647
394892143 45845062 394447399 56007476
394944540 61422074
400372868 61422074 399608648 46214685
395027515 guidodo 392905631 61422074
400378646 46214685 400372868 61422074
395034040 jiangjiang10
400380597 59808957
400399924 lioy
395049165 61422074 395034040 jiangjiang10
400406799 2591093
400413046 3559926
395118582 61422074
400457809 61422074 400399924 lioy
395172503 jiangjiang10 395049165 61422074
400458542 61422074 400406799 2591093
395176417 61422074 395172503 jiangjiang10
400459626 61422074 400413046 3559926
395181876 63636280
400462304 zhenin1986
395192646 61422074
400470639 3559926 400459626 61422074
395201859 63636280 395192646 61422074
400472984 41127151
395213981 guidodo
395214682 1677468
400473491 25612347 400462304 zhenin1986
395226978 4672692
395228515 61422074 395213981 guidodo
395228714 61422074 395226978 4672692
395228991 lullabye1201
395233729 50493194
395242281 4776031
395244065 1554899
395330213 47872758
395330763 52617836
395341294 buttoncc
395363240 2272607
395396498 59821941
395427573 61422074 395330213 47872758
395428036 61422074 395330763 52617836
395428251 61422074 395341294 buttoncc
395429364 61422074 395396498 59821941
395433871 59368715
395434890 64011478
395435016 64011478
395514016 47872758 395427573 61422074
395539399 61422074 395433871 59368715
395592022 betteralle
395620648 61422074
395628755 deysi-chan
395630587 25612347 392897710 SophVeU
400486216 61422074 400470639 3559926
400486803 61422074 400472984 41127151
400493421 41127151 400486803 61422074
400512172 61422074 400493421 41127151
400530964 lioy 400457809 61422074
400545674 guidodo
400548602 Hemenliar
400584784 55643078
400627146 61422074 400584784 55643078
400630911 ChanH
400657913 3559926 400486216 61422074
400664012 61422074 400630911 ChanH
400769750 mmming
400980028 43286468
402489163 yexuetongxing
402497267 64274644
402498278 eilinliu
402515520 40480281
402517288 61422074 402515520 40480281
402517463 61422074
402517615 jiaoyin722
402517643 61422074 400980028 43286468
402544105 50825899
402595525 61422074 402544105 50825899
402602273 49538527
402842494 daffodilfree
403111392 buliaogai
403115508 56609736
403139551 youleeryoule
403147038 39433001
403240675 61422074 403139551 youleeryoule
403240928 61422074 403111392 buliaogai
403363129 50825899 403240928 61422074
403486540 kumacoco 403363129 50825899
403556464 orangelov3r
403616002 39560556 403240928 61422074
403617365 49360720
403645321 60300095
404373171 50585487
405505890 evan8
405519729 4500589
405554884 1415250
405554907 1415250
405569451 happy_yezi
405579910 59236474
405589966 64191265 393861360 65426019
405592608 2440494
405592843 60093251 396310553 2744127
405593383 51716983
405745767 27209167
405749979 29298006
405754113 Leeeegendary
405840688 61422074 405592608 2440494
405841110 61422074 405754113 Leeeegendary
405872739 msstravelpurcse
405884841 57495990
406712577 2440494 405841110 61422074
406730694 61422074 406712577 2440494
406977757 2440494 405841110 61422074
406994409 43621016 393162269 61422074
406997485 48786558
407000452 54008336
407185404 2796824 393861360 65426019
407366705 yeyecrab
407404574 65416773
407404905 Miki0622
407408014 angel888
407411182 angel888 393042496 61422074
407419731 60879959
407420893 angel888 393855398 4397704
407423614 4397704
407431861 angel888 407423614 4397704
407436979 61422074 407419731 60879959
407437039 55478165
407437201 61422074 406977757 2440494
407437570 61422074 407408014 angel888
407445946 4397704 407431861 angel888
407495762 61422074
408646281 53454341
409064579 dayup
409066970 57930867
409091937 guidodo
410529735 67059532
410595680 65796131
410600732 fish218318
410600746 fish218318
410728063 2771612
417655074 61422074
417726425 karrie19901207
417727030 gamma256NNN
417728774 49274670
417732555 3558985
417735432 63526709
417746264 51767312
417748964 61422074 417728774 49274670
417749183 61422074 417735432 63526709
417750901 63526709 417749183 61422074
417751816 42841774
417751892 yangchengjie
