393239677 4824027
393239935 idahoriver
393239941 lvy1437
393240001 qulinzhang
393240468 didipi.1214
393240895 45727227
393241064 38328552
393242424 m1ssfe1
393242687 54062520
393242710 ifeelfine
393243117 51575365
393243339 4824027
393243719 zoelu
393243868 40927845
393244230 4824027
393244470 48897607
393244519 56056844
393245009 1699883
393245295 xiaoqipao
393247220 4824027 393242710 ifeelfine
393247500 changbai
393248083 YYangping
393248418 4824027
393249084 54237019
393249231 sekai
393249452 dreamingdrifter
393249736 Yyq2hqT
393249796 babyfaceY
393250081 Yyq2hqT
393250225 TVfXQ
393250538 48950564
393250835 summerxia527
393251181 SERENALIN
393251413 41138766
393251870 jootera
393252464 4824027 393249231 sekai
393252880 appstore2012
393253875 3558985
393254555 4824027
393255110 hunk00
393256498 hunk00
393257006 njndyx
393257891 panderh
393257914 pepermint
393258007 lemonberry
393258025 3034062
393258060 4824027
393259123 Gzq359719979
393259701 4824027
393260039 3034062
393260760 56079012
393260880 wangellendaren
393261916 28533193
393262312 33777202
393262333 qintiaotiao
393264438 33492476
393267028 alal_clcl
393267296 pixiedust
393267392 65550546
393268203 katherinelau
393268342 schiele
393268809 64150032
393269269 58668900
393271166 longgoodbye
393272861 35087113
393282058 57584625
393282930 zengqianle
393283689 4372739
393285346 44251223
393286225 cheer7ove
393286478 46778358
393286877 zouyazou
393287375 47526491
393288091 amamiya
393289282 u2vicky
393289418 missmarguerite
393289472 61026706
393290756 amamiya 393286877 zouyazou
393291277 54066696
393291545 48806989
393294238 4062159
393297948 leechoulove
393300500 48388911
393306957 46764993
393311629 zouyazou 393290756 amamiya
393313914 49362145
393318137 58315725
393320023 43794677
393320959 53464645
393322333 Aldrberan
393326517 4372651
393326941 forever_smile
393327272 taaaan
393327523 changbai
393329193 zhm25
393329452 61439415
393329507 taaaan
393332063 1614749
393338288 willlogion
393339008 47372895
393781286 4824027
393781960 4824027
393782837 4824027
393783368 4824027
393783374 love-77
393785286 62618687
393790078 Halo_egg
393790678 58459266
393791472 esgape
393791753 46659593
393792978 48667259
393795512 1614749
393796644 47948719
393798453 zhenzhenyui
393799077 65633384
393800115 zhenzhenyui
393800912 4337665
393803299 yeyiyi
393807145 3689765
393809300 59481797
393809621 54182470
393813557 3718534
393818652 liangmiyangguan
393827651 48601577
393835346 missif
393839064 45026440
393853530 xiaozhoushizhu
393855090 54709144
393855392 4824027
393858011 bolijiao
393859682 1614749
393860472 robinfight
393860543 46067720
393862535 34334392
393866864 rabbitbaby
393867761 4188593
393868251 rabbitbaby
393868620 4824027 393862535 34334392
393869708 4824027 393859682 1614749
393870735 keaidesi
393870861 GutenTag
393913800 lee_leya
393914264 40913793
393918037 sophie1214
393929132 ciweiguliang
393933580 zljym
393934391 4147627
393934946 cmysunny 393818652 liangmiyangguan
393935054 cmysunny
393936943 53594701
393937483 52605109
393946158 51163944
393947086 60906253
393947509 57476272
393948248 smalleeeeeeeeee
393948423 joyjoy123
393963268 13242394 393800912 4337665
393973720 warm_fan
393974368 4163003
393985751 58828962
393987291 25896998
393988188 25896998
393988510 50061325
393989082 Otta
393989612 SheenHisa
393992622 Lightcyen
393992674 41700777
394005014 pandalam
394012210 57418523
394015135 zrenata
394019893 49398363
394021578 49398363
394021863 58465419
394026107 2192057
394035792 49476148
394050637 47297173
394078809 41781409
394087639 42370087
394131076 amibachong
394139202 34708293
394140238 nimalegebi
394142624 4824027
394143691 50630521 394142624 4824027
394143770 4824027
394146088 48601577
394148677 4824027 393946158 51163944
394149082 4824027 393947509 57476272
394149564 36739166
394154677 4824027 393929132 ciweiguliang
394155072 4824027 393948423 joyjoy123
394155448 4824027 393974368 4163003
394155968 4824027 393988188 25896998
394156647 4824027 393988510 50061325
394156963 4824027 393992622 Lightcyen
394158271 4824027 394087639 42370087
394158363 chiba49
394159124 4824027 393989612 SheenHisa
394159551 1614749
394162705 4824027 394012210 57418523
394163293 4824027 394159551 1614749
393340394 megaptera
393341109 hide-and-seek
393341966 64144676
393342532 51957558
393342605 47777932
393342844 naihemomo
393343297 nainai1
393343437 bigecko
393343711 20708008
393343772 weixiao321
393345954 20708008
393361631 4824027
393363396 4824027
393365630 4824027 393345954 20708008
393369353 4824027
393370839 ttpig
393371616 ryoyuma
393372709 4824027
393373764 masoeur
393374119 Seven.F
393376778 49156324
393378145 syubuting
393378639 syubuting
393379025 LinaIsHere
393380054 49156324 393289282 u2vicky
393382511 cantydong
393383386 zxcxc
393383642 se7en0220
393385435 blacklynx
393386774 57056647
393391159 52064504
393391397 zuozuoloveyou
393391523 49075879
393392531 34334392
393395334 3310088
393398327 41744790
393398895 54470452
393400740 46043196
393439777 28683638
393475621 Sandraz
393511461 50408775
393520915 43607054
393522908 48601577
393583165 3527056
393588649 62628896
393588901 dielongtime
393684907 4824027
393689334 50472869
393690496 4824027
393693879 4824027 393689334 50472869
393695628 4824027
393696869 4824027
393697841 Dollifie
393700492 45871407
393700722 50049805 393696869 4824027
393700888 4824027 393697841 Dollifie
393701222 65334881
393701574 4824027
393701591 65334881 393700888 4824027
393701986 sewaiwoer
393702454 sewaiwoer
393702484 Dollifie
393702948 65334881 393701574 4824027
393703538 4824027 393701222 65334881
393703905 D962464s
393704653 65334881
393704812 65334881
393704979 4824027 393701591 65334881
393705651 60120022
393705728 1986558
393706106 65334881 393704979 4824027
393706265 4824027
393706558 4824027 393702484 Dollifie
393708087 Dollifie
393708853 4824027 393705651 60120022
393708903 48438982
393710171 ssssssstarry
393711885 4629295
393712251 29603086
393713344 4824027 393708903 48438982
393718447 29603086
393720855 49051881
393722189 65334881 393713344 4824027
393728435 lilim
393735223 52758861
393735722 13242394 393713344 4824027
393741076 51608049
393742756 missif
393746912 astroooooo
393751591 4163003
393754873 50049805 393701574 4824027
393760474 59282746
393761347 6604608
393763073 52749052
393769055 summerdxw
393771592 50128623
393778254 4824027 393735223 52758861
393778519 4824027 393735722 13242394
393778702 4824027
393780612 4824027 393746912 astroooooo
408298309 47820915 393255110 hunk00
409447315 hunk00 408298309 47820915
409447661 57772675
409468579 66190083
409512316 axier 393329507 taaaan
409606860 52855887
409718128 taaaan 409512316 axier
409722156 yuciyuci
409858865 54225522
409894353 51529613
410388057 sleep_ago
410777631 52566898
411615416 56572992
411625596 43679635
412690441 52471140
412744236 4057804
412768288 47708804
412793122 51786004
412814392 2134241
412839504 jiangz
412937171 57538090
413532296 4824027 412937171 57538090
413532798 4824027 412839504 jiangz
413533239 4824027 412814392 2134241
413533359 4824027 412793122 51786004
413535150 4824027 410777631 52566898
413535892 4824027 410388057 sleep_ago
413536012 4824027 409858865 54225522
413537520 huisiumui
413538903 45921646
413541760 4824027 413538903 45921646
413547545 hanzey
413791359 4824027 413547545 hanzey
413800740 tasangmo
413870454 54225522
414136103 34857680
414143526 43177985
414185448 65208081
414326216 14295425
414341117 62166874
414405540 52566898 413535150 4824027
414406215 eve_lyons
414550858 GutenTag
414551252 GutenTag
414551552 63349348
414555648 45106327
415255132 4824027 413800740 tasangmo
415255396 4824027 414143526 43177985
415255918 4824027 414185448 65208081
415256370 4824027 414406215 eve_lyons
415257625 4824027 414555648 45106327
415257881 4824027 414551552 63349348
415284117 eve_lyons
415285281 eve_lyons 409447315 hunk00
415290943 lamefoot 415257625 4824027
415292088 63349348 415257881 4824027
415292659 2457331
415299082 aprilwalnut
415330345 4824027 415290943 lamefoot
415337947 4824027
415344482 2457331
415349828 wolf901125 393989082 Otta
415351436 4824027
415363703 54470430
415366123 57714117
415366124 57714117
415383134 Otta 415349828 wolf901125
415397001 lamefoot 415330345 4824027
415405271 50078805
415433194 2441602
415435086 Anyas
415476750 Anyas
415502487 duoba277
415543337 4824027 415397001 lamefoot
415543602 4824027 415476750 Anyas
415543844 4824027 415502487 duoba277
415636354 xyrh
415637475 37959619
415716462 43177985 415255396 4824027
415901714 39080117
415901787 39080117
415905495 62159923
415919882 39080117
416424275 4824027 415901714 39080117
416424907 4824027
416430905 miaozhi 393702948 65334881
416431403 miaozhi
416442620 57921028
416482778 41776769
416508790 59878350
416601579 1751338
416604980 zgymzmn
416628861 4824027 416508790 59878350
416630564 4824027
416632745 52069017
416640214 54282744
419025148 anlens
419133021 59399805
419137643 dolffei
419142949 love1626
395064592 36293260
395070503 57750668
395072940 36293260
395074020 ihaihr
395098602 39470765
395127788 47034094
395130766 38853463
395131608 31099048
395147699 46814073
395169215 onlybelove
395169915 daisylikeu
395173013 qbear
395185902 37110938
395187337 xfting007
395207328 runrunrabbit
395317716 47057887
395352969 tasangmo
395353090 tasangmo 395173013 qbear
395353241 3894225
395358515 always3minutes
395360832 41929968
395364502 1614749
395381537 lamouryzj 395364502 1614749
395383405 ruruka
395433966 4824027 395064592 36293260
395434883 syounashin
395435567 4824027 395070503 57750668
395436152 4824027
395436739 4824027 395434883 syounashin
395438462 4824027
395438894 4824027 395169215 onlybelove
395439002 4824027 395169915 daisylikeu
395439282 liangshuhua
395439379 4824027 395185902 37110938
395440188 4824027 395187337 xfting007
395440576 4824027 395207328 runrunrabbit
395441490 4824027 395352969 tasangmo
395441848 4824027 395358515 always3minutes
395442411 4824027 395383405 ruruka
395443039 4824027
395443329 tasangmo 395441490 4824027
395455584 49082687
395467871 36859370
395486139 4824027
395505915 daisylikeu 395439002 4824027
395507197 lovnd
395523454 60133191
395678325 sil0417
395708598 42140098
395736414 4824027
395737239 4386029 395443039 4824027
395738366 4824027 395523454 60133191
395738693 4824027
395738962 4824027 395708598 42140098
395739096 fuckyoua
395739355 4824027 395737239 4386029
395739777 4824027 395739096 fuckyoua
395742419 superwe
395743773 4386029 395739355 4824027
395745647 lovnd
395761368 42140098 395738962 4824027
395763853 4824027 395743773 4386029
395765063 4824027 395742419 superwe
395765162 4824027 395745647 lovnd
395765271 4824027 395761368 42140098
395774036 4693055
395782638 26659176 395774036 4693055
395783699 54204356
395803202 sil0417 395738693 4824027
395806939 weixun16
395822491 42387673 393318137 58315725
395822719 48579433
395822942 42387673 393340394 megaptera
395824368 4824027
395826331 52617836
395826733 50456327
395827188 47514656 393244230 4824027
395827270 47514656 393244230 4824027
395831062 46172705
395831913 mengsia
395855262 c2ccc 393700888 4824027
395883871 sil0417
395904301 superwe
396065757 fuckyoua 395739777 4824027
396066509 63572476
396067640 3665819
396094840 4693055 395782638 26659176
396100589 26659176 396094840 4693055
396118504 4824027
396119227 4824027
396128201 37110938 395439379 4824027
396190389 47847827
396212866 sil0417
396250589 zzzzaogao 393713344 4824027
396259976 47533910
396361946 zzzzaogao
396441772 4824027
396442785 4824027
396443448 foxwaitprice 393369353 4824027
396444857 2717255
394167123 4824027
394171115 4824027
394173655 4824027
394174670 42140098
394177413 4024435
394354750 63118686
394364550 evelyn6025
394370418 RitaJUN
394372318 thesource
394373834 pandaslove
394434030 57071949
394484222 60157324
394486078 1752402
394490449 4509709
394501027 waiwai7
394536513 4824027 394174670 42140098
394536946 4824027 394354750 63118686
394537405 4824027 394373834 pandaslove
394537924 4824027 394434030 57071949
394538900 4824027 394484222 60157324
394539457 4824027 394501027 waiwai7
394539803 4824027
394540171 37643916
394540751 50293575
394546997 4629295 394370418 RitaJUN
394547919 4824027
394549485 4824027
394552462 3568886 394549485 4824027
394554106 48601577
394554984 39449970
394556864 57639078
394560764 44008231
394565489 2096887
394567527 alicttino
394570348 49398363
394571067 4824027 394556864 57639078
394571990 4824027 394570348 49398363
394572393 54267337
394572432 43380485
394574272 60157324 394538900 4824027
394575018 hellodreamer
394608369 guilan
394634094 54001235
394657650 andabao
394662647 4824027
394663678 lllacrimosa
394688208 57898044
394823137 waiwai7 394539457 4824027
394829462 ElJuli
394830541 morning22
394830964 41790978 393257891 panderh
394831004 20561500
394831351 moooly_
394833039 maymay527
394835242 54347311
394836600 breakvow
394837723 mimo525
394838249 littleqie
394839160 47510702
394839960 63627619
394843329 hongtaoheitao
394843363 hongtaoheitao
394843908 onlybelove
394845120 yeliya1314
394845184 43357611
394846440 Seven.F
394846589 sosilkke
394847504 1496224
394847749 48366203
394848190 34441384
394848935 GinTonic 393369353 4824027
394850083 Chier-
394854957 bluefish.
394855843 48491879
394856937 fengheju
394857872 ciciraulcsu 393713344 4824027
394857919 Carol14
394858179 26659176
394858423 26659176
394859509 qingyang7893
394860574 60319808
394860876 48541605
394860880 daisylikeu
394862336 41661230
394862465 58354336
394864626 betteralle
394867714 garass
394870364 57671609
394870808 50623802
394871215 halloanran
394871678 52849938
394872862 smylldon
394876252 45529315
394878020 wuzhuan105
394879111 51547085
394879112 mmming
394881573 10245252
394882652 47873796
394886721 amethyst1218
394886725 amethyst1218
394886729 amethyst1218
394887303 56438543
394893756 2634388
394895871 lamouryzj
394895971 15608235
394895994 wangdale
394896152 goodboyyu
394898123 miracle312
394901758 48296666
394905216 bluesickhui
394906144 52940511
394906719 28089687
394907285 smile-always
394909138 11606922
394909184 39127886
394911425 42140098 394536513 4824027
394917027 47685213
394917070 47685213
394928601 27280185
394928819 50049805 394860876 48541605
394930768 48844918
394931823 4824027 394838249 littleqie
394932088 4824027 394843908 onlybelove
394932314 4824027 394845184 43357611
394932542 4824027 394846440 Seven.F
394934595 48541605 394928819 50049805
394938725 52281061
394939466 4824027 394848935 GinTonic
394940040 4824027 394856937 fengheju
394940406 4824027 394857872 ciciraulcsu
394941240 4824027
394941382 4824027 394860574 60319808
394941762 4824027 394862336 41661230
394942226 4824027 394870808 50623802
394942392 4824027 394871678 52849938
394942634 ihaihr
394942791 4824027
394942948 4824027 394881573 10245252
394943212 4824027 394893756 2634388
394943513 4824027 394895994 wangdale
394943863 50049805 394934595 48541605
394944013 4824027 394901758 48296666
394944144 4824027 394906144 52940511
394944352 4824027 394909138 11606922
394944711 4824027 394909184 39127886
394944911 54001235 394830964 41790978
394944914 4824027 394911425 42140098
394945062 4824027 394917027 47685213
394945510 26659176
394945576 4824027
394945638 54001235 394944711 4824027
394945767 i.am.xuan
394945877 4824027 394938725 52281061
394946628 48844918 394945576 4824027
394946864 4824027 394942634 ihaihr
394946978 47034094
394947178 4824027
394947521 4824027 394945510 26659176
394947745 4824027 394946628 48844918
394948067 4824027 394946978 47034094
394948187 48844918 394947745 4824027
394951414 4824027
394951770 n5021 394860880 daisylikeu
394952155 n5021
394952451 47034094 394948067 4824027
394952454 happy_yezi 394171115 4824027
394952484 4824027
394952791 happy_yezi
394953133 4824027 394952451 47034094
394953631 tiffanyYUYI
394953812 4824027 394952791 happy_yezi
394954008 happy_yezi
394954256 tiffanyYUYI
394954342 2146697 394942634 ihaihr
394955313 2146697
394956846 tasangmo
394956998 happy_yezi
394957968 2634388 394943212 4824027
394962027 41790978
394973258 54001235 394954008 happy_yezi
394973631 54001235 394962027 41790978
394974127 happy_yezi 394973258 54001235
394979103 4824027 394955313 2146697
394979932 4824027
394980222 4824027 394957968 2634388
394981034 tasangmo
394981384 4824027 394981034 tasangmo
394982065 tasangmo 394981384 4824027
394983666 Never_quit
394987264 26659176 394947521 4824027
394987282 52940511 394944144 4824027
394987406 48296666 394944013 4824027
394987962 24501251
394989975 wangdale
394993691 39127886
395025834 4824027 394987264 26659176
395026866 4824027 394987282 52940511
395026948 4824027 394987406 48296666
395027384 4824027 394989975 wangdale
395027813 4824027 394993691 39127886
419165976 64239785
396445097 2717255
396445898 foxwaitprice 394549485 4824027
396447864 56394821
396450010 2681758
396688864 4824027 395822491 42387673
396689829 4824027 395831913 mengsia
396690324 4824027 395904301 superwe
396690938 4824027
396691693 4824027 396065757 fuckyoua
396691890 4824027 396066509 63572476
396692349 4824027 396250589 zzzzaogao
396692640 4824027 396259976 47533910
396693713 4824027
396694110 4824027
396695780 4824027 396445898 foxwaitprice
396697919 47514656 396690938 4824027
396716321 51080824
396717874 51617869
396756561 mengsia 396689829 4824027
396758624 4824027 396716321 51080824
396758903 4824027 396756561 mengsia
396768570 47533910 396692640 4824027
396802436 51080824
396947654 dan-s
396948412 mingnianjiewang
396948965 mingnianjiewang
396953144 12023503
397023602 42387673 396688864 4824027
397026425 4824027 396947654 dan-s
397026657 4824027 396948965 mingnianjiewang
397030307 4824027 397023602 42387673
397050034 pelham
397099536 48856882
397105858 2075743
397108637 13736379
397413023 wljsosodagreen
397456340 dan-s 397026425 4824027
397643514 4824027 397050034 pelham
397643688 4824027 397105858 2075743
397643886 4824027
397644074 4824027 397456340 dan-s
398067717 53237220
398090078 58916658
398096653 52756099
398126041 dan-s 397644074 4824027
398195988 ElsieFive
398250834 58916658
398261295 38229743 393329507 taaaan
398344499 51526160
398390326 38229743 395435567 4824027
398391506 38229743
398392959 38229743
398414857 48372993
398526015 sil0417 398392959 38229743
398539484 sil0417 398391506 38229743
398549427 2778562 394856937 fengheju
398551855 2778562
398566176 41825015
398577271 sil0417 398551855 2778562
398723874 47697397 396693713 4824027
398746726 38229743
399140419 pelham
399165803 65879349
399171750 65879349
400124259 63572476
400564138 46605535
403723888 66481223
403724801 wozhongjiuaini
403731914 61679858 393260880 wangellendaren
403769445 wangellendaren 403731914 61679858
404723295 4275202
404734500 3370532
404748118 sil0417 404734500 3370532
404805181 yangcaocao
404806054 xsci
405275764 55976697
405277773 4483146
407534781 4824027
407535431 4824027
407535945 4824027
407536259 dljr
407537364 missorz
407539748 4824027
407540140 4824027
407540839 62625348
407541690 4824027 407536259 dljr
407543868 51356420
407545853 49422997
407548278 mechelle05
407551263 usuallybaba
407555754 4824027 407545853 49422997
407581504 49422997
407583064 happyhappyhappy
407584859 14295425
407622553 61299389
407627439 61299389
407629092 annobaby
407645801 bbaobber
407839507 14260555
407927781 51787936
