393324093 48060442
393324206 greepchen
393324222 littleer
393324355 littleer 393324206 greepchen
393324705 48060442 393324355 littleer
393324941 Midoriccc
393324955 61679858
393325371 50531557
393327283 littleer 393324705 48060442
393328795 52304643
393329338 catslater
393329747 50424224
393329937 50424224
393343090 43932480
393344071 46778358
393346464 jessminmin
393347085 topato
393348899 3592524
393349171 sodasky
393349337 ray2ray 393347085 topato
393353226 65454540
393356281 icykwok 393324355 littleer
393357030 topato 393349337 ray2ray
393361991 55910146
393370411 radio66
393372196 miss6177 393370411 radio66
393372363 juju2will
393372631 darrown
393372954 minicatss
393374719 61793517
393376029 ps617
393377620 yarina
393378222 64320493 393324941 Midoriccc
393378341 46043196
393378348 HouseM.D
393378391 64320493 393328795 52304643
393378507 fatbook 393372363 juju2will
393378978 HouseM.D
393379811 50276514
393423550 50531557 393379811 50276514
393423833 50531557 393378978 HouseM.D
393427742 51186887
393427906 HouseM.D 393423833 50531557
393429527 52498098
393429909 50664424
393430437 yangcaocao
393431626 58826916
393435600 51909946
393437544 59817654
393438155 61561192
393438749 61561192
393444392 50531557 393427742 51186887
393444595 50531557 393348899 3592524
393444731 50531557 393347085 topato
393444951 50531557 393435600 51909946
393445897 6443193
393446468 Aldrberan
393458293 topato
393458465 59817654
393463327 3612971
393480737 3592524 393444595 50531557
393535838 50531557 393463327 3612971
393546219 dahehe
393547989 chongfu
395095626 50531557 393547989 chongfu
395096779 46119823
395100221 chongfu 395095626 50531557
395112928 50531557 395100221 chongfu
395114005 62078941
395114870 64975820
395115533 57536464
395117038 chongfu 395112928 50531557
395117516 58484129 393325371 50531557
395120399 eleennana
395120857 purepale
395121729 yallen
395121910 1318045
395158101 nan1014
395158224 howcafe
395234184 50531557
395239068 goter
395354204 50531557 395239068 goter
395359537 homelesspanda
396409314 47514656
397182359 50531557
397187286 41394631
397341609 47514656 397182359 50531557
397343116 47183129
397589380 44291042
398931060 50531557 397187286 41394631
405752917 50531557
405754704 princessbany
405758242 64859542
405785100 toughlene
405785453 59334462 393324355 littleer
405787312 littleer 405785453 59334462
405787912 36473201 405787312 littleer
405788020 Megan1218
405789148 1388485
405789579 3678005
405789873 30255537
405792032 59334462 405787312 littleer
405800714 littleer 405787912 36473201
405800854 littleer 405792032 59334462
405801679 hello_Lil
405804288 x550xt
405804455 missif
405805046 64463679
405805065 casolove 405785453 59334462
405806153 64463679
405812284 61758034
405948518 41172647
405949111 61817631
405985802 59773422
405999853 65325624 393444951 50531557
406001819 35127708
406004496 65679813
406005502 seven1016 405754704 princessbany
406005780 65679813
406006657 seven1016 393427742 51186887
406010164 65679813
406147960 54652692
406149407 2592792
406150383 prettyzhen
406167058 39626107
406168707 2510124
406170914 49121190
406178029 4012417 393329937 50424224
406192484 36473201 405800854 littleer
406218040 x550xt
406308001 littleer 406192484 36473201
406308498 jiaowodaxia
406515751 39554513
406517235 58687229
406517254 fuckyoua
413761119 50531557
419451310 51799206
419452195 stellakim
419452855 LV2020
419802533 50531557 419452195 stellakim
419802909 50531557 419451310 51799206
