393506555 3484680
393508281 63613886
393509391 3484680 393508281 63613886
393638812 3484680
393641117 53163135
393641341 fatiaomuou
393643301 53281495
393655440 3484680 393643301 53281495
393676868 65445921
393998446 48579433
394004836 3484680 393998446 48579433
394017075 LLB4
394043709 3484680 394017075 LLB4
395550085 3484680
395553613 1376461
395562492 3484680 395553613 1376461
395564542 1376461 395562492 3484680
395565795 3484680
395775021 1376461 395565795 3484680
395804091 3484680 395775021 1376461
395805120 64113707
395832509 1376461 395805120 64113707
395872947 punkin
395883677 3484680 395872947 punkin
395884573 3484680 395805120 64113707
397044122 57892290
397046676 3484680 397044122 57892290
397214557 57892290
398139128 50798252 395884573 3484680
398162951 3484680 398139128 50798252
416456356 51863100
417014430 shirleyxuqian
