393573884 thx4visiting
393577157 huanglianmao
393578325 edwardgreen
393644374 52219518
393701080 56724171
393701526 Dollifie
393709732 56724171
393745618 56724171
393746450 64102866
393747344 56724171 393746450 64102866
393750144 Ian-Cheung
393750490 64102866
393750642 61006968
393752338 56724171 393750144 Ian-Cheung
393752427 56724171 393750490 64102866
393752551 56724171 393750642 61006968
393763096 56724171
393765693 yzysy
393769566 yan-fay
393772307 56724171 393769566 yan-fay
393774139 56724171
393774164 64838439
393774189 64838439
393774558 56724171 393774164 64838439
393775358 64838439
393775920 56724171 393775358 64838439
393776177 64198194
393776722 56724171 393776177 64198194
393782517 56724171
393828104 51435492 393774164 64838439
393952472 64838439
393952653 hanxiaopang
393953036 MOTHER-FUKERRRR
393976636 Ian-Cheung 393952472 64838439
393981762 64838439 393976636 Ian-Cheung
393981851 64838439 393976636 Ian-Cheung
393982067 64838439 393828104 51435492
393988757 Ian-Cheung 393981851 64838439
393991871 51435492 393982067 64838439
393994426 63185126
394007577 64838439 393994426 63185126
394008394 1496062
394015021 63185126 394007577 64838439
394016985 53532061
394051640 51435492 394008394 1496062
394054829 2744127
394125563 highlove 394007577 64838439
394127707 xxx19911218 394125563 highlove
394129580 highlove
394130011 xxx19911218 394129580 highlove
394134680 48808520
394134982 ariesnanako
394159243 56724171
394160572 56724171
394161021 27462750
394161294 60688971
394161973 56724171 394161294 60688971
394162190 56724171 394161021 27462750
394180937 Lying799730051
394204590 63185126 394130011 xxx19911218
394205375 xxx19911218 394204590 63185126
394791024 56724171
413010077 64838439
413946737 41266824
