394177881 64255336
394179691 54914759
394179926 54914759
394180819 54914759
394181056 54914759
394181470 54914759
394182604 54914759
394191326 54914759
394192266 54914759
394192649 54914759
394194742 54914759
394199390 medea1231
394207065 54914759
394207841 54914759
394249969 42114496
394251827 64122462
394453276 jinwater196
394747873 54914759
394748009 54914759
394750215 2439371
394766616 weixiao321 394179926 54914759
394808809 54914759
394810157 54914759
394846068 54914759
394846897 54914759
394914655 54914759
394915977 54914759
394919179 54914759
394920117 46838989
394922093 54914759
394924238 54914759
394926089 62086276
394930584 54914759
394932115 53493994
394932740 rickilee
394932952 54914759
394934178 54914759
394934437 54914759
395059674 48269105
395071269 zzmanbaby
395098206 48601577
395137100 54914759
395139722 54914759
395143563 54914759
395144901 54914759
395153296 65757595
395153640 65757595
395170348 61933234
395174341 54914759
395184602 44365477
395204936 54914759
395209287 61648733 394810157 54914759
395210579 61648733 395137100 54914759
395250902 61812404
395280978 2907610
395473236 54914759
395473368 54914759
395476106 54914759
395479720 4024435
395613566 51125957
395658454 jiangz
395683468 54914759
395684515 54914759
395690430 54914759
395739006 54914759
395742342 54914759
395749671 54914759
397122930 3319078
397129679 40580049
397133070 51059118
397143849 jianyi
398234789 52154496
398258431 fanmengya
399076589 psyco
401623890 54914759
401624025 54914759 398258431 fanmengya
401624265 54914759 399076589 psyco
401625675 57534656
401641369 44303018
401647138 50858759
401652420 yoyo621725
401653099 45550943
401653247 53219802
401655084 65765378
401657444 4077090
401658119 49398509
401663081 fanmengya
401665907 59370437
401672993 yellooooow
401677954 58644913
401679168 24567946
401684301 aline.
401687102 42958785
401689484 aitiaowudemeng
401690078 level2012
401690472 6223552
401744117 sweetcandy
401763123 65898002
401764108 45311771
401769104 59967851
401769307 tangtanghl
401774982 4599697
401776992 53080027
401783015 61770734
401783647 4712594
401783998 DecoE
401784760 hooibe
401785841 46072992
401786512 2198396
401787635 47888750
401788618 gracepuer
401788810 iloveicecream
401789063 60703396
401790698 amoxillin
401790974 65208164
401792570 kandysweety
401793247 49302081
401793310 loveless5547
401794978 46224963
401798860 42564552
401937477 45311771 401788618 gracepuer
401971456 gracepuer 401937477 45311771
402018469 14267528
402032868 51739641
402037102 jodiexie
402039706 52756099
402040662 mysweety
402056519 iloveglottal
402112275 60164114
402121262 38696331
402140037 tou0306
402147412 chihuahuaD
402148999 3414543
402152475 50324391
402154861 woaimama0526
402162856 43357600
402177161 53381496
402182236 lollollollol
402186100 52292268
402189897 57910971
402194935 lemonbaby
402197311 52589858
402201927 48786558
402205896 layneeee
402210012 zouyazou
402225080 samantha61272
402242531 mickeyonly1118
402248833 51298263
402256511 26858285
402274997 40954310 401623890 54914759
402278481 45311771
402278601 45311771 402194935 lemonbaby
402281013 41749055
402281053 50229395 402278601 45311771
402285685 imluckyholly
402295010 61685120
402296553 49511968
402300424 49120245
402305470 46259980
402309337 2403309
402321411 47967729
402327578 49012779
402330907 12581276
402332499 somesun
402341501 45657471
402347754 40666184
402348636 48718770
402370498 lee906
402374396 48466477 401623890 54914759
402512169 onlyalice
402556104 54914759
402571718 49371277
402597197 59650262
402601794 miaomiao0607
402650990 56997684
402758001 54914759
402953580 mrs.LIU
402956203 49851009
402961855 kklljji
402967633 34880263
402969919 qiyueyujian
402972788 13863020
402976571 2724235
402978688 37324646 394810157 54914759
402992198 39272280
403131737 chieny
403142937 48579433
403146868 3202781
403149197 56844349
403156261 57601145
403404384 48578279
403856223 Nissa
403861332 KOKO
403864044 55442703
403870680 58199590
403877743 56844740 401623890 54914759
403887585 54914759
403894162 4651610
403902501 51916546
403975591 aprilwalnut
404064984 xiaofei0720
404067329 Curecure
404085211 xiaomo901017
404088812 3619211
404091075 58556967 394810157 54914759
404091452 cuixinyi
404127106 52646099
404137418 63633742
404189076 53949232
404197356 3289529
404256894 62612632
404324149 4202007
404330172 59529260
404331665 56322812 394191326 54914759
404333204 56322812 402976571 2724235
404339891 4398171
404397926 aliasr
404405990 43025689
404413418 jiangmuyan
404442158 Suro-
404442162 Suro-
404447577 63450348
404506868 44135220
404511471 lulu0109
404556620 gxy711
404667730 zhaotq
404833263 49762339
405091994 66368407
405223690 64191265
405224520 14137580
405226828 4188593
405228357 xiaojiuser
405263473 51953403
405284645 weixiaojun
405297584 48962009
405300948 61150359
405303148 53489720
405309828 57986074
405451256 44350031
405457070 47074004
405460592 ladynnn
405463327 beibei5558
405464281 47859558 394810157 54914759
405479895 64161888
405505819 daQ
405512780 kailuoge
405535899 hyy3
405539161 2457981
405617064 xiaofei_guigui
405621382 64241266
405623536 hawaiiwu
405624686 60379865 394914655 54914759
405627199 54740080
405628070 Kanakubo 394810157 54914759
405630742 xiaoer13a
405689524 saoirse
405749102 53940613
405904167 66720526
405908661 OYANGLING
405932924 50507587
405932953 50507587
405933069 50507587
405937560 47327978
405938777 53095932
405941675 65336688
405942117 middleyou
405945401 emilyqiaoqiao
405948252 homeboa
406019107 40729127
406093062 63738178
407469721 54914759 405932924 50507587
407471939 58066077
407481002 vvjimi
407588665 APRILKA
407588953 52731360
408020998 jamie_xu
408029994 50680625
408032662 4523412
408038580 43300276
408057034 45831112 405942117 middleyou
408062262 52393266
408067249 48180071
408077467 57341520
408078227 57341520
408082657 55298771
408088062 m92626
408199763 59028619
408200166 54914759 407471939 58066077
408200442 suyunlong 404189076 53949232
408200511 54914759 407481002 vvjimi
408201281 suyunlong
408227433 66233791
408237792 robin-fei
408239562 59031242
408251099 4294514
408254664 cherish0913
408285795 53454341
408305096 27583852 402556104 54914759
408305408 27583852 408254664 cherish0913
408307238 14295425
414369246 52718881
414370762 fine_water
414449678 54914759
414935637 aprilyummy
414994719 57572824
415065482 59156459
415092901 sygzs 401623890 54914759
415122212 53732553
415141816 61189039
415154647 jaejoong52
415160386 meihuoss
415911564 54914759
408308555 49438685
408310005 CANCAN198787
408363409 50240033
408533518 53949232 408200442 suyunlong
408547320 45311771 408363409 50240033
408552568 3740293
408629996 suyunlong 408533518 53949232
408635399 43621016
408711572 53949232 408629996 suyunlong
408736062 cherish0913 408305408 27583852
408802178 3510942
408888516 maobai521
408891698 muxiasishui
408958395 3601184
408960433 65370041
408961951 49603677
408968247 62091699 402330907 12581276
409038478 65020686 408968247 62091699
409038785 suyunlong 408711572 53949232
409043088 56384949
409081803 60586682
409104000 59464102
409104136 59464102
410143066 chou77 394914655 54914759
410143657 57739335
410148023 66020765
410163536 3116289
410171536 49716993
410173208 54968086
410178035 51463651
410354088 4212971
410516757 34862986
410517284 56168117
410517774 57994781
410528527 60224307
410540224 54914759 410528527 60224307
410545403 PANNINI
410548675 64870164
410554183 baekseul
410554348 60224307 410540224 54914759
410675445 67083903
410675795 48677000
410680018 Sleve
410680766 54914759 410680018 Sleve
410692069 66601792
410701316 44825088
410703446 arch13 394810157 54914759
410705224 shannoopy
410709634 56646725
410711813 44825088
410714636 54914759
410715470 41647402
410715472 lookdesire
410734090 beibei3128858 395144901 54914759
410735773 65329531
410775583 48235366
410892229 54914759 410711813 44825088
410922474 44825088 410892229 54914759
410936299 imsunflower
410950981 64594907
410952822 52566898
410957863 41273867
410962534 66073458
411072404 61384536
411072407 61384536
411080781 baby119
411083974 43120849
411119116 52053478 394914655 54914759
411124084 suemang
411126164 36616266
411154770 40459945
411209285 38796831
411231035 55321400
411275020 64182909
411276125 58174737
411277691 4440660
411905427 66437670 402248833 51298263
411929847 55387304
411963021 catandjay
411992093 tuntunTT
412049994 52507108
412054460 3887721
412721176 50274923
412721786 50274923
412740023 58457381
413012963 54914759
413251282 54914759
413255326 3500792
413971785 52471140
413990217 missonefan
414051921 MsHsu
414060750 Lsuallen
414061424 huisiumui
414071809 52150243
414193851 liwenting
414202097 50841940
414317817 day_day_dream
414355981 zengli
414358196 57676086
414361126 41522133
