394522292 64852485
394522606 58168623 394522292 64852485
394523576 Meow_cy
394524243 64852485 394522606 58168623
394524312 61874703
394524733 58168623
394525011 58168623 394524312 61874703
394525095 48231268
394525343 wondrous
394526007 58168623 394524243 64852485
394526430 38234423
394526938 58168623 394525095 48231268
394527344 58168623 394526430 38234423
394528002 hudu310
394529640 58168623 394528002 hudu310
394530392 54858107
394531139 58168623 394530392 54858107
394532504 58168623
394536965 54858107 394531139 58168623
394538404 58168623 394536965 54858107
394541459 na222222
394541663 54858107 394538404 58168623
394542261 58168623 394541459 na222222
394542374 xianwawa
394542672 58168623 394541663 54858107
394542869 2394369
394543620 hildazhang
394543744 58168623 394542869 2394369
394543751 anthony34
394544026 54858107 394542672 58168623
394544055 sarahGH
394544067 60713272
394544166 58168623 394543620 hildazhang
394545427 58168623 394544026 54858107
394546056 58168623 394544067 60713272
394546564 54858107 394545427 58168623
394546605 60713272 394546056 58168623
394548323 58168623 394546605 60713272
394548566 58168623 394546564 54858107
394548860 april429
394549303 fymqiu
394550233 60160445
394550505 60713272 394548323 58168623
394550663 MAX-LEE
394550785 44003813
394550816 54858107 394548566 58168623
394550898 58916029
394551472 26605722
394551934 30228288
394552766 60103956
394553006 april429
394554313 58168623 394550785 44003813
394554353 realsonw
394555564 63519542
394555872 58168623 394551472 26605722
394557598 hellodreamer
394557870 2394369 394543744 58168623
394558142 58168623 394557870 2394369
394559627 miantuaner
394560663 xiaoqiyidai
394565219 yuwenhe
394566756 58168623 394565219 yuwenhe
394567219 sor1
394568386 lyhh1023
394569806 58168623 394568386 lyhh1023
394573680 60713272
394574614 14827915 394573680 60713272
394574789 58168623 394573680 60713272
394575119 14827915
394575614 54501104
394576794 2897863
394576883 60420717
394577117 60713272 394574614 14827915
394577130 40870746
394577306 58168623 394576794 2897863
394577322 60713272 394574789 58168623
394577677 50746559
394578739 58168623 394577322 60713272
394578951 58168623 394576883 60420717
394579444 54053207
394579540 45485829
394580003 rice_cx
394580115 57455967
394580137 60713272
394580173 58168623 394579540 45485829
394580441 50746559
394581203 4622717
394581390 xionngmeng
394581974 41958133
394582038 zyzyiyi
394582216 lyhh1023 394569806 58168623
394582219 duobiyeye
394582355 mushroom1988
394582521 58168623 394582219 duobiyeye
394583062 cecilialovelife
394584185 adai1122
394584222 chenzhaozhao
394584232 qiaozhi1014
394584272 adai1122
394584413 45485829 394580173 58168623
394584473 duobiyeye
394584888 58168623 394584272 adai1122
394584946 58168623 394584413 45485829
394585505 58168623 394584473 duobiyeye
394585587 58168623 394584473 duobiyeye
394594526 2897863 394577306 58168623
394672948 fymqiu
394690862 51446581
394691409 pianziyatou
394691788 45718557
394695237 migushiwoo 394580115 57455967
394697917 kiwi0923
394699474 magicuknow
394699691 48101216
394725180 TonyTonyChopp
394790506 58168623
394793021 41824325
394831156 50144618
394831794 58168623 394831156 50144618
394836069 50144618 394831794 58168623
394836979 iyding
394837511 46298461
394839800 58168623 394836069 50144618
394886478 magicuknow
394887204 LaSe.K
394887321 45164776
394887501 bazingaa
394901472 60247342
394902182 4684824
394903067 ssy1986
394906078 55470481
394907824 2978777
394907985 hildazhang
394908113 58966212
394908834 58465419
394910729 2410201
394927462 41824325
395006228 58168623 394907985 hildazhang
395006687 58168623 394908113 58966212
395008557 mmayy555
395008694 58168623 394927462 41824325
395009207 51340796
395010105 45653094
395012262 34444386
395033982 50144618 394839800 58168623
395041101 65128030
395042145 65128030
395054028 65375143
395055998 manling
395061164 overwork
395063358 59950289
395073936 50972565
395074383 50972565
395075821 36853493 394524733 58168623
395076572 MolinCheung
395077808 yangxianwen001
395078529 MolinCheung
395081667 58966212 395006687 58168623
395084900 1376461
395085924 weizi2007
395107493 58168623
395109850 58168623
395111165 58168623 395078529 MolinCheung
395111789 sunnystar
395111988 58168623 395081667 58966212
395114355 58168623
395114863 58168623 395085924 weizi2007
395114958 47303577
395115458 58168623 395114958 47303577
395116066 49398363
395118055 58168623 395116066 49398363
395118283 58168623 395116066 49398363
395119107 mahya
395119369 54858107
395121292 49398363 395118283 58168623
395123137 60147014
395123209 49398363
395123932 mahya 395123209 49398363
395124313 49398363 395123932 mahya
395124499 59998833
395126520 49398363
395127624 mahya 395126520 49398363
395128678 49398363 395127624 mahya
395129316 shesleep
395129872 40722884
395130969 58168623 395121292 49398363
395131262 miyocyan
395131513 49398363 395130969 58168623
395131759 58168623 395131513 49398363
395131877 58168623 395131513 49398363
395131988 49398363 395131759 58168623
395132130 58168623 395119107 mahya
395132261 58168623 395131988 49398363
395132795 49398363 395132261 58168623
395133033 2450600
395133369 58168623 395131262 miyocyan
395133762 58168623 395132795 49398363
395133823 65596942
395135128 JoanDevil
395135283 58168623 395135128 JoanDevil
395137371 3083490
395138175 weizi2007 395114863 58168623
395139310 47777932
395139624 51055324
395140190 58168623 395138175 weizi2007
395143665 56969004
395153064 miyocyan 395133369 58168623
395154138 48709534 394542672 58168623
395155141 2403309 394546564 54858107
395166367 58168623
395210851 53774950
395242226 57750477
395267604 MISHIDIDAI 394691409 pianziyatou
395269984 MISHIDIDAI
395270565 1489801
395274325 MISHIDIDAI
395275658 vegin
395278442 51534915
395279290 62479836
395281170 4414113
395283424 harjol
395284012 Joeluk1987
395284787 2907610
395285524 taoyao6929 394594526 2897863
395286768 pinkycon
395288123 51534888
395288524 62239376
395290996 1491678
395294393 63905381
395303351 50756908
395304922 55007908
395331254 49240709
395334060 miyocyan
395336207 rinka01
395345668 2897863 395285524 taoyao6929
395349893 58168623
395351332 42855756
395352442 58168623
395352718 52984821
395352764 M-makeup
395352791 58168623 395286768 pinkycon
395353405 54220671
395354191 58168623 395275658 vegin
395354319 xxx19911218 395354191 58168623
395357031 58168623 395294393 63905381
395357902 47935617
395357996 58168623 395304922 55007908
395359545 61106462
395360713 58168623 395359545 61106462
395366008 58168623
395371594 15663448
395372487 58168623 395371594 15663448
395372657 stylelll
395373727 64113627
395373769 64113627
395376270 lollollollol
395382721 pinkycon 395352791 58168623
395388554 63905381 395357031 58168623
395390323 58168623 395373727 64113627
395390715 58168623 395388554 63905381
395390969 58168623 395382721 pinkycon
395399486 pinkycon 395390969 58168623
395402333 serenalovetony
395404529 4703476
395408121 58168623 395399486 pinkycon
395408283 58168623 395404529 4703476
395408355 58168623 395402333 serenalovetony
395408463 55351216
395410733 58750322
395423353 58168623 395410733 58750322
395429180 58750322 395423353 58168623
395440025 53353023
395487614 56151968
395544590 RaFromJing
395548268 62528142
395552561 islk
395574653 49538527
395583605 51156095
395603083 58168623 395487614 56151968
395666255 58168623
395674060 48579433
395676676 58168623 395674060 48579433
395708184 56151968 395603083 58168623
395708622 4374538
395710795 Gzq359719979
395720787 43907587
395721642 65598056
395724384 dearmm
395724818 Bunny_m0
395726848 freshsunflower
395732225 58168623 395726848 freshsunflower
395732309 58168623 395724818 Bunny_m0
395734064 ccmorning
395742578 etern1ty
395755636 49082687
395755654 49082687
395756519 passingplmm
395757654 65777331 394582521 58168623
395766153 freshsunflower 395732225 58168623
395766805 65014026
395778927 58168623 395755636 49082687
395779048 58168623 395756519 passingplmm
395779592 58168623 395766153 freshsunflower
395779754 58168623 395757654 65777331
395785938 52193120
395788252 mengyoumomo
395790190 48579433
395790280 64113707 394522606 58168623
395792136 64113707
395794559 44240274
395797098 mars9
395801452 57322754
395803245 miRroRtic
395804166 64113707
395840657 53453038
395842459 chenlo1989
395842749 36779917
395843410 cosmoke
395844125 51763986
395844553 liruixueoo 394542869 2394369
395880702 58168623 395790190 48579433
395881272 58168623 395790280 64113707
395882783 Megan1218
395882899 31232473
395884652 58168623 395794559 44240274
395884948 58168623 395801452 57322754
395885357 58168623 395801452 57322754
395886058 58168623 395842459 chenlo1989
395886172 52075575
395886203 58168623 395842749 36779917
395886745 37797431
395887326 58168623
395887429 58168623 395886745 37797431
395894808 mars9
395895801 49447253
395897733 betteralle
395898997 37255247
395901389 sugarmore
395904041 39642916
395905074 59708392
395907551 42755090 394554313 58168623
395909126 34302554
395913220 58168623 395909126 34302554
395913291 58168623 395907551 42755090
395915118 manlikeEva
395921104 whisperd666
395921667 43783322
395928333 58168623
395939737 4486266
395961816 whisperd666 395928333 58168623
395992762 47002411
395996282 41976205
396000363 onlyalice
396027870 freshsunflower 395779592 58168623
396093442 62895921
396096608 58168623
396097047 fre_
396131507 58168623
396137536 53461960
396143159 zombieJ
396144912 2643404
396154210 9271819
396176462 58168623
396176473 58168623
396266857 freshsunflower 396131507 58168623
396267756 47303577 395115458 58168623
396272383 51037768
396276236 agonyshishi
396279171 61988311
396303972 XIAOHUOER
396304200 58168623 396303972 XIAOHUOER
396305966 XIAOHUOER 396304200 58168623
396323877 39195981
396373513 freshsunflower
396385087 zxcxc
396442656 58168623 396305966 XIAOHUOER
396459423 XIAOHUOER 396442656 58168623
396478950 58168623 396459423 XIAOHUOER
396515261 58168623
396516987 52285300
396517370 nail-bite-amy
396542366 4246029
396577013 misspaoxiao
396588914 XIAOHUOER 396478950 58168623
396595582 58168623 396516987 52285300
396595640 58168623 396517370 nail-bite-amy
396656156 sicau_march
396715315 58168623 396656156 sicau_march
396724960 58168623
396745150 sicau_march 396715315 58168623
396753220 wandefu0804
396786649 58168623 396753220 wandefu0804
396828056 33206989
397119026 56808256
397190331 58168623
397334231 58168623
397337509 51125731
397344884 56055792
397352744 64606899
397379191 58168623
417469935 58168623
417477290 44424275
418949065 58168623
418952249 geziguaiguai
418954039 58168623 418952249 geziguaiguai
419013441 geziguaiguai 418954039 58168623
419017155 58168623 419013441 geziguaiguai
419030075 geziguaiguai 418952249 geziguaiguai
419336526 58168623 419030075 geziguaiguai
419348249 geziguaiguai 419336526 58168623
419349577 51039032
419350290 58105226
419821381 58168623
397402503 61261674
397414327 loveariel
397689546 58168623
397690890 4124559
397695038 51727694
397743816 61329354
397744016 57564572
397855305 hahehahe
397856836 freckles112
397857980 3690169
397865294 xianuannuan
397890263 62359742
397898440 58168623 397890263 62359742
397898850 58168623
397899057 58168623
397999605 c-c7
398065540 50798252
398150971 58168623 398065540 50798252
398155187 46952789
398378542 58168623
398379163 4911862
398384447 3531317
398386233 klonaBubles
398396454 64518259
398400182 42484601
398497156 58168623 398386233 klonaBubles
398544881 58168623 398386233 klonaBubles
398545702 58168623
398546495 mocunterry
398562993 58168623 398546495 mocunterry
398693636 58168623
398703424 isshk
398973881 58168623 398703424 isshk
398979614 isshk 398973881 58168623
398993781 58168623 398979614 isshk
399255933 58168623
399297100 58168623
399299400 44260417 394554313 58168623
399457568 isshk 398993781 58168623
399600304 58168623 399457568 isshk
399859483 isshk 399600304 58168623
399862921 cutmark
399866064 58168623 399859483 isshk
399869827 41738440
399888819 50153573
399942565 58168623 399888819 50153573
399946404 62768143
400191297 58168623 399946404 62768143
400195420 2771157
400224405 58168623 400195420 2771157
400227449 2771157 400224405 58168623
400262787 58168623 400227449 2771157
400263552 53631123
400277780 3831805
400277996 yeeting
400323434 2771157 400262787 58168623
400324399 28940091
400324647 miwuning
400325636 62479836
400439006 58168623 400277996 yeeting
400439147 58168623 400324647 miwuning
400439334 58168623 400277780 3831805
400439391 58168623 400323434 2771157
400474669 47533910
400483001 yeeting 400439006 58168623
400485513 45175354
400521274 50707125
400541681 58168623 400483001 yeeting
400541976 58168623 400485513 45175354
400542189 58168623 400483001 yeeting
400585226 62745893
400725835 yeeting 400542189 58168623
400728418 58168623 400725835 yeeting
400728781 58168623 400585226 62745893
400734087 everlastinglove
400755562 yeeting 400728781 58168623
400913462 58168623 400755562 yeeting
400970907 oo-vivian
400974796 2715415
401036196 58168623 400970907 oo-vivian
401837365 58168623
401856723 53623580
401898725 53080027 401837365 58168623
401934325 58168623 401898725 53080027
401935994 49404236
401936035 49404236
401936433 angst
401953005 58168623
402001280 49404236 401953005 58168623
402010034 yoo3
402018910 4247447
402066869 53080027 401934325 58168623
402067743 XIADAN4
402068513 hulunana
402068801 zhiyu2011
402069632 3453247
402070844 65208081
402102365 58168623 402001280 49404236
402102825 58168623 402070844 65208081
402103072 58168623 402010034 yoo3
402103985 58168623 402066869 53080027
402104578 XIADAN4
402135130 65208081 402102825 58168623
402144307 34659477
402146348 61013450
402155523 3370532
402159546 3847305
402162678 52292268
402224998 yoo3 402103072 58168623
402229246 58168623 402135130 65208081
402230260 58168623
402231142 55757623
402231239 58168623 402224998 yoo3
402232827 58168623
402233012 34659477
402234791 58168623 402233012 34659477
402235074 52292268
402235214 52756099
402235867 34659477 402234791 58168623
402237407 65208081 402229246 58168623
402237815 58168623 402237407 65208081
402238165 58168623 402235214 52756099
402238529 34659477
402238945 58168623 402238529 34659477
402240009 34659477
402241917 65208081 402237815 58168623
402242901 pieceslife
402251053 yexuetongxing
402251438 58168623 402251053 yexuetongxing
402262749 52756099 402238165 58168623
402263677 53562893
402265412 58168623 402262749 52756099
402265759 58168623 402263677 53562893
402265834 58168623 402263677 53562893
402266271 4712594
402266367 58168623 402241917 65208081
402266521 61009684
402267144 58168623 402266521 61009684
402268115 61009684 402267144 58168623
402268183 53562893 402265834 58168623
402268249 61009684 402267144 58168623
402268467 52756099 402265412 58168623
402270563 58168623 402268183 53562893
402270937 58168623 402268467 52756099
402274078 52756099 402270937 58168623
402274818 58168623 402274078 52756099
402274920 58168623 402274078 52756099
402275057 24567946
402277726 inssxxxx
402278048 inssxxxx
402282381 58168623 402275057 24567946
402282643 58168623 402278048 inssxxxx
402283182 65208081 402266367 58168623
402283567 58168623 402283182 65208081
402287924 61685120
402288286 goodboyyu
402288803 58168623 402288286 goodboyyu
402289353 goodboyyu 402288803 58168623
402289613 58168623 402289353 goodboyyu
402290272 goodboyyu 402289613 58168623
402293453 58168623 402290272 goodboyyu
402296182 inssxxxx 402282643 58168623
402302753 inssxxxx
402305509 58168623 402302753 inssxxxx
402314857 inssxxxx 402305509 58168623
402320619 58168623 402314857 inssxxxx
402322679 66272609 394524733 58168623
402329419 58168623 402322679 66272609
402334709 3370532
402335389 3370532
402337069 40792146
402340124 58168623 402335389 3370532
402341241 62599649
402342218 58168623 402341241 62599649
402347744 65208081 402283567 58168623
402349798 3370532
402349954 58168623 402347744 65208081
402350593 65208081 402349954 58168623
402351951 49120245
402356754 51650568
402366866 64584193
402371012 66272609 402329419 58168623
402417598 58168623 402366866 64584193
402479788 41574257
402483709 66272609
402505365 58168623
402505517 58168623
402540557 41574257 402505517 58168623
402546596 51274410
402567140 46224963
402567543 58168623 402567140 46224963
402594790 47099873
402595229 3370532 402567543 58168623
402595747 3370532
402599117 48746441
402616191 59650262
402618691 27209167
402641381 xixiting
402659680 54213878
402681870 58168623 402659680 54213878
402815662 54213878 402681870 58168623
402825615 58168623 402815662 54213878
402834136 54213878 402825615 58168623
402834959 58168623 402834136 54213878
402839670 54213878
402842179 58168623 402839670 54213878
402866781 54213878 402842179 58168623
402875597 58168623 402866781 54213878
402875683 58168623 402866781 54213878
402877296 54213878 402875683 58168623
402926011 Amymy
402927114 64663672
402993827 58168623 402926011 Amymy
402995202 MolinCheung 402875683 58168623
402995397 juicy_jia
403008816 58168623 402995202 MolinCheung
403096562 65753171
403142648 youleeryoule
403181382 31254332
403210936 MolinCheung 403008816 58168623
403233397 47156224
403257583 58168623
403267380 58168623 403096562 65753171
403274159 pbchen
403276098 58168623 403274159 pbchen
403276775 58168623 403233397 47156224
403277437 pbchen 403276098 58168623
403278104 58168623 403096562 65753171
403279320 58168623 403277437 pbchen
403280347 pbchen
403282012 50063928
403299758 54213878
403314252 47156224 403276775 58168623
403372254 41393043
403476936 58168623 403314252 47156224
403477947 jiangyuhua
403485570 Leeeegendary
403646132 delilah1019
403686179 51975451
403689064 yehuajie
403808531 58168623
403809277 58168623 403485570 Leeeegendary
403833353 jiangyuhua 403808531 58168623
403834537 58049473
403944753 Leeeegendary
404017333 58168623
404085951 58168623
404105998 Leeeegendary 404085951 58168623
404108158 shushushu
404280178 58168623
404280259 58168623 404108158 shushushu
404293691 41393043
404301581 58007487
404301821 47073220
404440290 58168623 404293691 41393043
404440540 58168623 404301581 58007487
404677891 52756099 404440540 58168623
405030361 58168623 404677891 52756099
405052252 44028022
405080365 58168623 405052252 44028022
405133263 58168623
405135007 54908736
405162489 58168623 405135007 54908736
405163022 54908736 405162489 58168623
405187328 deaRyyy
405276754 53759444
405321593 58168623 405187328 deaRyyy
405321871 58168623 405276754 53759444
405323190 4868040
405329242 58168623
405342926 53759444 405321871 58168623
405375892 deaRyyy 405321593 58168623
405441807 ruoxeijimo
405447680 g-purety
405464690 54213878
405471842 lily-H
408403594 58168623
408404428 SANGPI
408405338 59769031
408407646 23519482
408408828 60518748 408403594 58168623
408725000 58168623
408725157 58168623
408850468 4172257
408959549 ideepbreath
408961709 qryousity
409211710 58168623 408959549 ideepbreath
409274311 33193303
409364792 wiwi.
409468217 45305355
409491157 fufu447
409586502 niyanwen
409591454 57745036
410298881 58168623
410407905 62806189
410467406 58168623
410486431 4517313
410599069 58168623 410486431 4517313
410606109 58168623 410486431 4517313
410626118 4517313 410606109 58168623
410626852 55301066
410628318 59003572 394524733 58168623
410655147 59795998
410665110 58168623 410655147 59795998
410666444 58168623 410626118 4517313
410667961 1284591
410669151 antelopeljl
410669661 58168623 410669151 antelopeljl
410672519 antelopeljl 410669661 58168623
410676906 58168623 410672519 antelopeljl
410693828 43105151
410885620 58168623 410693828 43105151
410903136 43105151 410885620 58168623
410952437 58168623 410903136 43105151
411045173 ninemo
411118052 27599052
411218294 58168623
411240291 38228503
411261252 58711305
411269007 SERENALIN
411278897 pu122
411377814 58168623
411501854 43145010
411505826 58168623 411501854 43145010
411615331 Ariovistus
411659995 48386665
411740991 48928555
411747940 littlehail
412003370 58168623
412006610 xiangnile83
412142884 58711305
412295078 58168623 412142884 58711305
412357594 58168623
412359431 52655417
412477718 littlehail
412478460 43201163
412498987 52471140
412500366 elfishness77
412689052 59795998
412690239 43435251
413138455 saoirse
413270246 58168623
413281746 35435117
413282068 35435117
413283405 thosethings
413761156 angel888
414304069 58168623
414312342 4398171
414314866 xaviersou
414377433 52921577
414422274 4314122
414592142 58168623
414592237 58168623 414377433 52921577
416015548 67643999
416016242 iamokay
416017032 67643999
416373462 58168623 412477718 littlehail
416374504 58168623 412689052 59795998
416374557 58168623 412690239 43435251
416374685 58168623 413138455 saoirse
416376839 58168623
416377453 58168623 414377433 52921577
416389996 lianjianling
416395996 60735046
416397247 42468522
416440678 67643999
416441731 67643999
416444111 67643999
416468941 32269412
416671915 58168623 416440678 67643999
416672046 58168623 416468941 32269412
416672236 58168623 416444111 67643999
416697976 58168623
416712835 52872697
416713497 58168623 416712835 52872697
416751434 50215155
416752866 64389508
416755786 67643999
416757513 67643999
416763174 1463587
416765637 67643999
416767420 67643999
416779900 H.C.
416884252 58168623
416884602 58168623 416755786 67643999
416885350 58168623 416765637 67643999
417085358 67643999
417087932 57819091
417174351 63769266
417244217 59645224
417267854 58168623 417087932 57819091
417267926 58168623 417174351 63769266
417279444 57819091 417267854 58168623
417338364 58168623
417357299 ideepbreath 416376839 58168623
417359700 ideepbreath
417379994 58168623 417359700 ideepbreath
417380238 58168623 417357299 ideepbreath
417467783 58168623
417469076 53594112
