394652107 9692337
394652145 46224963
394652231 weixiao321
394652261 eric-fhc
394652452 zhouchouchou 394652231 weixiao321
394652460 laurel1030
394652673 zhouchouchou 394652460 laurel1030
394652873 Eva502
394653083 seven430
394653377 zhouchouchou 394653083 seven430
394653463 52212700
394653562 hongxx
394653715 51412736 394653463 52212700
394653964 laurel1030 394652673 zhouchouchou
394654661 cemily
394654877 iamw1s
394655536 55865461 394652231 weixiao321
394655774 55865461 394652452 zhouchouchou
394655910 62800443
394656017 46224963 394653715 51412736
394657924 BEILUWA
394658448 parischen 394653715 51412736
394659693 supercao
394659909 winnie_lawiel
394665084 zhouchouchou 394654877 iamw1s
394665763 52212700 394653715 51412736
394665811 34871546
394666554 mbaoqin_1124
394667133 heizigege
394674967 51412736 394658448 parischen
394678272 57898044
394679033 2112898
394681718 weixiao321 394655536 55865461
394682313 acupo1
394683014 liangwanjin
394683543 sequel
394684389 mingnianjiewang
394685136 54926235
394685359 49114869
394686246 MolinCheung
394854099 64617166
394856091 64617166
394856393 t-a-ta
394870318 59644267
412751649 48176017
412752121 63769266
412752597 51544905
412754169 bucun
412754680 57475712
412755051 43528367
412757107 jiatianyu1
412757493 satan1113
412757597 41172647
412758570 65745657
412779311 tenten1031
412794843 zhouchouchou
412799793 55009291
412820046 nico_jiang
412827376 41838524
412831113 zhouchouchou 412827376 41838524
412832646 38862896
412833458 43377128 394653715 51412736
412834841 54893856
412835438 61038001
412836068 ha.ha
412837761 zhouchouchou 412836068 ha.ha
412852702 4202007
413051962 Scaredzeng
413103544 luvsherry
413105201 anubis.ll
413167235 ONLY-mm
413172038 63051980
413181907 66550051
413182417 toughlene
413203165 zhouchouchou 412757597 41172647
413203401 zhouchouchou 413181907 66550051
413204361 64405131
413205341 zhouchouchou 413204361 64405131
413205847 MsLulu
413206924 42136852
413279459 41172647 413203165 zhouchouchou
413280744 64536000
413287398 56866002
413753489 57839059
413755127 2521947 394856091 64617166
