394608374 moneyboy
394608394 thomas173
394608400 unromantic
394608443 62550293 394608374 moneyboy
394608459 K_ni9ht
394608466 62550293 394608394 thomas173
394608489 62550293 394608459 K_ni9ht
394608516 4270313
394608541 62550293 394608516 4270313
394608559 K_ni9ht 394608489 62550293
394608630 62550293 394608559 K_ni9ht
394610712 lastminute03
394612714 memokun
394612917 4523981
394613678 65217615
394614979 48014888
394615376 49371830
394624322 memokun 394613678 65217615
394624412 memokun 394615376 49371830
394625408 liuemei
394625792 51956994
394630691 memokun 394625408 liuemei
394633206 AMANDA723
394637597 62550293 394614979 48014888
394637827 62550293 394625408 liuemei
394638013 62550293 394633206 AMANDA723
394638372 liuemei 394630691 memokun
394638612 liuemei 394637827 62550293
394638967 48014888 394637597 62550293
394640031 57824721
394640947 tannin
394641450 tannin
394641472 liuemei 394640031 57824721
394642484 57824721
394642869 tannin
394643017 57824721 394641450 tannin
394643238 shinji923
394643842 tannin 394643238 shinji923
394644679 shinji923 394643842 tannin
394647915 62550293
394648844 cloudia-yin
394679687 tannin 394647915 62550293
394713516 62550293 394679687 tannin
394769002 64237559
394825980 tannin 394713516 62550293
394830119 49143678
394830489 49143678
394839124 65217615 394624322 memokun
394840020 33905186
394841518 lotusleelee
394846808 47220886
394855398 tannin 394840020 33905186
394855588 memokun
394856182 memokun
394856558 tannin 394856182 memokun
394856770 HouseM.D
394856925 memokun 394830489 49143678
394857393 memokun 394856558 tannin
394858067 24025697
394858111 44921603
394858191 tannin 394857393 memokun
394858233 64255336
394858963 43295853
394859055 58354336 394647915 62550293
394859303 HouseM.D 394625408 liuemei
394859427 56308219
394861398 HouseM.D
394861644 49143432
394862985 HouseM.D 394861644 49143432
394867175 mysweety
394894145 33905186 394855398 tannin
394896533 liuemei 394859303 HouseM.D
394944241 65217615 394855588 memokun
394947788 49143432 394862985 HouseM.D
394949573 memokun
394952318 bairu
394952910 K_ni9ht
394953967 K_ni9ht
394955496 Luna777
394967828 liuemei 394952318 bairu
394973000 HouseM.D
394978940 40382843
394989799 65217615 394949573 memokun
394993901 44208340
394999711 47840663
395059205 bairu 394967828 liuemei
395132792 liuemei 395059205 bairu
395135437 mao.mao.
395138278 Unknown_One
395318376 3883741
395463748 bairu 395132792 liuemei
395510037 51633445 394608516 4270313
395511618 xwpugongying
395513668 47563199
395514906 sisi-in
395517774 46603705
395524368 liuemei 395463748 bairu
395525978 65777331
395526700 65777331
395599491 bairu 395524368 liuemei
395602028 51187256 395526700 65777331
395822213 61715256 394625792 51956994
396166427 60027317
396167230 LorenaYuen
396167304 LorenaYuen
396787025 41108964
396787744 41108964
396788143 56903794
397034715 LorenaYuen 396787744 41108964
397037248 LorenaYuen
397040422 youliu
397045730 64612431
397161107 sateay
415549892 60294346
415572656 62550293 415549892 60294346
415670145 60294346 415572656 62550293
415671402 49069878
415674028 micr
