394700284 rickilee
394700451 62078222 394700284 rickilee
394700555 2123930
394700755 51150602
394700836 62078222 394700555 2123930
394700970 62078222 394700755 51150602
394701253 papalizi
394701378 59339557
394701461 60187828
394701579 62078222 394701253 papalizi
394701808 62078222 394701461 60187828
394701974 njxule
394702162 62078222 394701461 60187828
394702465 62078222 394701974 njxule
394702622 59339557
394702893 62078222 394702622 59339557
394703234 59339557 394702893 62078222
394703463 53281495
394703508 62078222 394703234 59339557
394703576 61229785
394703681 9611209
394703738 62078222 394703463 53281495
394703851 Lily-C
394703978 62078222 394703576 61229785
394704408 62078222 394703681 9611209
394704537 62078222 394703851 Lily-C
394704658 emmybinh
394705062 9611209
394705581 62078222 394704658 emmybinh
394705667 50896162
394706003 50781623
394706062 62078222 394705062 9611209
394706297 62078222 394705667 50896162
394706689 62078222 394706003 50781623
394706896 papalizi
394707274 63462666
394707609 62078222 394706896 papalizi
394707761 62078222 394707274 63462666
394707785 gaziqian
394708335 62078222 394707785 gaziqian
394708518 63462666 394707761 62078222
394708780 Rebeccabibi
394710577 62078222 394708780 Rebeccabibi
394711501 gaziqian 394708335 62078222
397369647 38984015
397375372 43683570
397391739 44035954
397402734 61422074
398539080 65879349
398632981 53126610
398634174 66076419
398634467 64064346
398635725 chenxiaodan
398678454 4296707 394708518 63462666
398680662 klose_y
410140383 63758196 398634467 64064346
410140741 63758196 398680662 klose_y
410140812 livelybaby 394702622 59339557
410141233 63758196 397402734 61422074
410141706 3191661
410142100 kinnie-y
410142155 63758196 398632981 53126610
410142883 62078222 397402734 61422074
410143932 62078222 398632981 53126610
410144331 62078222 394706896 papalizi
410145724 MomoBaobao
410146362 66106823
410146617 3161142
410150719 64064346 410140383 63758196
410152332 lenasang
410154519 62983048
410156610 mlittlebei
410158957 62078222 410146617 3161142
410159524 62078222
410159698 62078222 410152332 lenasang
410159856 62078222 410145724 MomoBaobao
410159979 mlittlebei 410159524 62078222
410172772 53126610 410142155 63758196
410172843 53126610 410143932 62078222
410175031 l-vicky
410179341 55688077
410195618 61422074 410141233 63758196
410196264 61422074 410141233 63758196
410196701 61422074 410142883 62078222
410196930 aamz
410197160 61422074 410175031 l-vicky
410197990 61422074 410154519 62983048
410199662 emptying
410200164 cyhing
410381701 62078222 410196701 61422074
410381898 62078222 410175031 l-vicky
410382655 62078222
410382698 l-vicky 410381898 62078222
410383103 62078222 410195618 61422074
410383270 62078222 410382698 l-vicky
410383643 52207338
410383983 54470430
410384152 62078222 410383643 52207338
410384331 62078222 410383983 54470430
410385005 62078222 410200164 cyhing
419832876 lan215
419832961 lan215
420088202 62078222 419832876 lan215
420095393 59028619
420101375 47733314
420103042 skaka
420115818 62078222 420101375 47733314
420116742 62078222 420095393 59028619
420125603 57360195
420128327 sevenmore
420141522 62078222 420125603 57360195
420142113 62078222 420128327 sevenmore
420150147 sevenmore 420142113 62078222
420150468 46482368
410385872 Yi_June
410398393 62078222 410385872 Yi_June
410398889 61422074 410381701 62078222
410399738 61422074 410383103 62078222
410403327 62078222 410399738 61422074
410403643 62078222 410398889 61422074
410403903 62519473
410404405 sunxiaonao
410405159 62078222 410399738 61422074
410405473 54470430 410384331 62078222
410405671 62078222 410403903 62519473
410405966 54470430 410405473 54470430
410406035 62078222 410404405 sunxiaonao
410406696 62078222 410405966 54470430
410407344 Yi_June 410406696 62078222
410408380 62078222 410407344 Yi_June
410411506 62519473 410405671 62078222
410415751 62078222 410411506 62519473
410417448 62519473 410415751 62078222
410419344 23051737
410421073 62078222 410419344 23051737
410421965 46274191
410423341 48211130
410424275 62078222 410421965 46274191
410425018 62078222 410423341 48211130
410428316 46274191 410424275 62078222
410440541 54470430 410406696 62078222
410440958 54470430 410440541 54470430
410441869 3161142
410442132 62078222 410428316 46274191
410442163 mini1989
410442419 62078222 410441869 3161142
410442966 62078222 410442163 mini1989
410443004 2789991
410443239 62078222 410440958 54470430
410443911 62078222 410440541 54470430
410443926 mini1989 410442966 62078222
410444181 4336349
410444238 mini1989
410445032 51433747
410445308 62078222
410445523 62078222 410444181 4336349
410445926 mini1989
410446455 4336349 410445523 62078222
410448532 62078222 410446455 4336349
410450202 23051737 410421073 62078222
410451519 54470430 410443239 62078222
410452150 62078222 410451519 54470430
410452363 54470430 410443911 62078222
410452862 4336349 410448532 62078222
410452892 62078222 410450202 23051737
410453069 46274191 410442132 62078222
410473682 62078222 410452363 54470430
410473953 62078222 410453069 46274191
410474615 62078222 410452862 4336349
410478394 jdx
410486268 4336349 410474615 62078222
410493137 60963297
410544273 62078222 410493137 60963297
410545488 naver
410555906 46274191 410473953 62078222
410581572 54470430 410473682 62078222
410640743 4619450
410654519 58954966
410708525 34090878
410746545 47236377
410764714 62078222 410708525 34090878
410764943 62078222 410654519 58954966
410791306 66086957
410796337 62078222 410791306 66086957
410796343 62078222 410791306 66086957
410807478 3161142
410916685 muyoushenme
410944851 34090878 410764714 62078222
411665863 43521189
413901485 48248460 410425018 62078222
413940687 huisiumui
414194482 65208081
414198885 anan2348
414200239 54568558
414449537 62078222 414198885 anan2348
414449850 62078222 414200239 54568558
414455546 shas
414463387 54568558 414449850 62078222
414463898 54184414
419575825 Julian56
419665951 62078222 419575825 Julian56
419666288 62078222 414463898 54184414
419667146 lan215
419667544 53096505
419667550 crow0329
419668425 flamemaster
419670812 59228548
419678347 suian
419712121 Julian56 419665951 62078222
419714387 3370532
419807115 62078222 419667146 lan215
419807780 62078222 419670812 59228548
419808263 62078222 419667544 53096505
419808670 62078222 419712121 Julian56
