395376267 51318065
395376350 51318065
395376628 61196243 395376350 51318065
395377226 s1014
395377817 2853028 395377226 s1014
395377836 61196243 395377226 s1014
395377929 61196243 395377226 s1014
395377974 ithinkin
395378039 2853028 395377226 s1014
395378523 61196243 395378039 2853028
395378742 41556247
395378782 61196243 395377974 ithinkin
395378805 2853028 395378523 61196243
395378854 2722263
395379123 61196243 395378742 41556247
395379479 61196243 395378805 2853028
395379581 61196243 395378854 2722263
395379704 2853028 395379479 61196243
395380598 51318065 395376628 61196243
395380854 61196243 395379704 2853028
395381175 2853028 395380854 61196243
395381461 61196243 395380598 51318065
395381759 61196243 395381175 2853028
395381943 2722263 395379581 61196243
395382368 2853028 395381759 61196243
395382417 61196243 395381943 2722263
395382989 11868565
395383126 61196243 395382368 2853028
395383384 51318065 395381461 61196243
395383434 61196243 395382989 11868565
395383446 2853028 395383126 61196243
395383456 3577784
395383732 61196243 395383456 3577784
395384125 61196243 395383384 51318065
395384357 61196243 395383446 2853028
395384875 rumo
395384966 2853028 395384357 61196243
395386009 61196243 395384966 2853028
395386523 61196243 395384875 rumo
395386604 2853028 395386009 61196243
395387428 61196243 395386604 2853028
395388576 R5433
395388808 rumo 395386523 61196243
395388985 61196243 395388576 R5433
395389259 61196243 395388808 rumo
395389267 2853028 395387428 61196243
395389864 61196243 395389267 2853028
395391671 47145910
395397146 61196243 395391671 47145910
395397505 genie37
395399643 48091138
395400420 61196243 395399643 48091138
395400530 48091138
395401761 48091138 395400420 61196243
395401787 61196243 395400530 48091138
395402045 helloaka 395377226 s1014
395402177 61196243 395401761 48091138
395402315 61196243 395402045 helloaka
395404967 52151812
395405791 61196243 395404967 52151812
395406745 52151812 395405791 61196243
395406855 number7z
395408721 61196243
395418162 48091138 395402177 61196243
395419184 61196243 395418162 48091138
395427486 48091138 395419184 61196243
395432057 s1014 395377929 61196243
395432671 59368715
395433644 Santa.
395434555 dpx
395435025 61422074
395437149 61196243 395435025 61422074
395437349 61196243
395437857 61196243 395433644 Santa.
395438335 61196243 395432671 59368715
395438872 61196243
395442033 PercyNi
395442154 s1014 395438872 61196243
395447717 61196243 395442033 PercyNi
395476620 53792239
395496134 2470708
395500998 50569361
395501112 64746066
395540116 dpx 395437349 61196243
395540854 serendipity0718
395553057 PercyNi 395447717 61196243
395565274 61196243 395476620 53792239
395565341 61196243 395553057 PercyNi
395565774 61196243 395540854 serendipity0718
395566162 61196243 395501112 64746066
395566439 61196243 395496134 2470708
395566621 61196243 395500998 50569361
395568818 49585908
395569108 61196243 395568818 49585908
395569427 55886444
395570280 61315567
395570308 61196243 395569427 55886444
395570398 61196243 395570280 61315567
395571548 1441718
395572185 61196243 395571548 1441718
395573087 PercyNi 395565341 61196243
395574115 34178295
395574908 61196243 395573087 PercyNi
395575171 61196243 395574115 34178295
395575946 doriablue
395576967 sunnystella
395580011 ellerywen
395584424 pima_y
395584754 61196243
395584918 61196243 395584424 pima_y
395585235 61196243 395576967 sunnystella
395585504 61196243 395575946 doriablue
395593657 ellerywen 395585504 61196243
395597325 61196243 395593657 ellerywen
395602054 ellerywen 395597325 61196243
395604570 doriablue 395585504 61196243
395610353 61196243 395602054 ellerywen
395611032 61196243 395604570 doriablue
395611794 doriablue 395611032 61196243
395614560 61196243 395611794 doriablue
395614784 mousehunter
395615114 61196243 395614784 mousehunter
395619969 mousehunter 395615114 61196243
395623185 61196243 395619969 mousehunter
395625193 mousehunter 395623185 61196243
395632391 tcshine
395634071 61196243 395632391 tcshine
395639270 tcshine 395634071 61196243
395639815 61196243 395639270 tcshine
395656742 cheerwei
395658110 61196243 395656742 cheerwei
395680961 PercyNi 395574908 61196243
395707384 cheerwei 395658110 61196243
395707602 cheerwei
395748742 61196243 395707384 cheerwei
395749029 61196243 395680961 PercyNi
395749869 Santa. 395437857 61196243
395750599 piziwang
395750909 61196243 395749869 Santa.
395751057 piziwang
395753009 61196243 395750599 piziwang
395760576 Santa. 395750909 61196243
395761294 Santa. 395750909 61196243
395762061 61196243 395761294 Santa.
396010513 64875865
396011892 kiddo.
396012308 61196243 396010513 64875865
396012722 61196243 396011892 kiddo.
396014148 kiddo. 396012722 61196243
396017770 lenasang
396020205 yansuan
396027498 young-lazy
396028380 4191862
396029431 young-lazy
396030006 young-lazy 396028380 4191862
396030009 61196243
396030485 61196243 396020205 yansuan
396030808 61196243 396028380 4191862
396031475 young-lazy 396020205 yansuan
396031802 young-lazy 396030485 61196243
396032052 young-lazy 396030009 61196243
396032460 61196243
396032684 61196243
396032883 young-lazy 396014148 kiddo.
396032938 61196243 396014148 kiddo.
396032979 young-lazy 396032684 61196243
396033478 61196243 396032883 young-lazy
396033633 61196243 396032979 young-lazy
396033930 young-lazy 396032460 61196243
396033994 young-lazy
396034181 55589828
396034340 4296707
396035209 jinghongyipie00
396036042 61196243 396034181 55589828
396036195 61196243 396034340 4296707
396036656 4296707 396036195 61196243
396037125 61196243 396036656 4296707
396037963 4296707 396037125 61196243
396038318 61196243 396037963 4296707
396039396 4296707 396038318 61196243
396039408 55589828 396036042 61196243
396039609 3935589
396039900 61196243 396039396 4296707
396040052 61196243 396039609 3935589
396040819 61196243 396039408 55589828
396042707 55589828 396040819 61196243
396043710 4296707 396039900 61196243
396043810 daisy_xie 395378742 41556247
396073809 jinwater196
396094162 pima_y 395584918 61196243
396118713 61315567 395570398 61196243
396123749 jjm
396150700 41742957
396151908 36847010
396193515 4191862
396195846 young-lazy 396193515 4191862
396197831 4191862 396030808 61196243
396311643 3731839
396416916 61196243 396150700 41742957
396417141 61196243 396197831 4191862
396417683 61196243 396311643 3731839
396417892 61196243 396118713 61315567
396424604 gracepuer
396425515 61196243 396424604 gracepuer
396427214 gracepuer 396425515 61196243
396686882 59459149
396694975 61196243 396686882 59459149
396800751 56638355
396922286 48031356
397035636 61196243 396800751 56638355
397035860 61196243 396922286 48031356
397086620 56638355
397091984 61196243 397086620 56638355
397115004 z999999
397119172 62774806
397180998 justhfn
397328796 61196243 397180998 justhfn
397330058 61196243 397115004 z999999
397332058 38984015
397334563 61196243 397332058 38984015
397396275 z999999 397330058 61196243
397401735 61196243 397396275 z999999
397473647 37939792
398035348 61196243
398036363 naoko40
398040285 52605109 398035348 61196243
398040549 49447253
398042853 61196243 398040549 49447253
398044195 sunny_ye
398045078 61196243 398040285 52605109
398045453 61196243
398294403 52605109 398045078 61196243
398341017 61196243
399907642 66112883
399908748 1927466
399908988 Orange_Nation
399914041 XC911
399961594 yoyozy-JANE
400060747 naver
400062780 48552628
400064647 lrimbaud
400144991 61196243 399908748 1927466
400145462 61196243 400062780 48552628
400146020 61196243 399961594 yoyozy-JANE
400147037 61196243 399907642 66112883
400147382 61196243 400060747 naver
400150415 naver 400147382 61196243
400155589 wmas
400166262 lilian_T
400168032 w44
400169567 mccartvon
400283254 61196243 400155589 wmas
400283542 61196243 400166262 lilian_T
400283936 61196243 400169567 mccartvon
400389789 Irin320
400555636 hizai
400754428 mccartvon 400283936 61196243
400968075 61196243 400754428 mccartvon
401032819 LiH
401186935 66112883 400147037 61196243
401360834 61196243
401670197 66364178
401873125 4246749
401921408 61196243 401873125 4246749
402119737 61196243 401670197 66364178
402293456 62555715
402400063 50367982
402413226 fi_fi
402485499 61196243 402413226 fi_fi
402486988 59891066
402490583 61196243 402486988 59891066
402505179 paradise2U
402645895 61196243 402505179 paradise2U
402880588 1927466
402903608 61196243 402400063 50367982
402903930 61196243 402880588 1927466
402949890 37704201
402995901 blindcat1989
403043138 61196243 402995901 blindcat1989
403106175 50367982 402903608 61196243
403129030 62973806
403130555 37082824
403139579 cherrybang
403279770 61196243 403129030 62973806
403280942 62973806 403279770 61196243
403282609 61196243 403280942 62973806
403300380 37704201
403301341 4495581
403301591 yarina
403313134 61196243 403301591 yarina
403317804 62973806 403282609 61196243
403318970 longkai
403319690 61196243
403320401 61196243 403318970 longkai
403320767 61196243 402949890 37704201
403336153 37009216
403352834 61196243 403139579 cherrybang
403429625 61196243 402293456 62555715
403487960 39982496
403727080 62555715 403429625 61196243
417706279 61196243
417712143 66725722
417712545 66725722
417722073 feifeicq
417728360 newkimiboom
417739311 amuletvander
417776647 58533781
417830913 61196243 417739311 amuletvander
417831236 61196243 417776647 58533781
418199496 67823662
418200555 chenmingm
418200887 TOYOFF
418231714 57687603
418426317 61196243 418199496 67823662
418426618 61196243
418428745 64056693
418429872 61196243 417712143 66725722
418430117 61196243 417712545 66725722
418527703 57687603 418426618 61196243
418550374 62441318
418552933 61196243 418527703 57687603
418553905 35487256
418554447 51463651
418554845 61196243 418550374 62441318
418560280 62441318
418560797 26605722
418561794 angusfox
418562631 4898393
418581758 61196243 418560797 26605722
418582771 61196243 418560280 62441318
418583351 64468976
418583598 61196243 418561794 angusfox
418584533 angusfox 418583598 61196243
418587018 61196243 418584533 angusfox
418588633 angusfox 418587018 61196243
418595627 63553426
418601401 njsunjing
418601862 limseulong
418604163 49423198
418612323 61196243 418595627 63553426
418612598 61196243 418601401 njsunjing
418612709 61196243 418601862 limseulong
418613027 61196243 418604163 49423198
418687491 26605722 418581758 61196243
418690897 61196243 418687491 26605722
418695299 26605722 418690897 61196243
418697630 63553426 418612323 61196243
418697702 63553426 418612323 61196243
418721641 37082824
419093574 61196243
419094254 11479055
419101878 61196243 419093574 61196243
419108291 61196243
419117067 61196243
419119159 57475818
419138769 58699256 395402045 helloaka
419140857 lqbin
419140889 52982320
419145696 61196243 419119159 57475818
419146264 61196243 419140889 52982320
419146522 61196243
419153789 61196243
419163021 61196243 419153789 61196243
419174100 61196243
419175374 61196243
419178298 61196243 419119159 57475818
419179051 imsunflower
419247994 hansonleeh
419249009 rickrojer
419256949 51799206
419258229 52544152
419286562 61196243 419247994 hansonleeh
419287384 61196243 419249009 rickrojer
419287429 hansonleeh 419286562 61196243
419287588 61196243 419256949 51799206
419288008 61196243 419287429 hansonleeh
419302462 veii
419302865 ivylazy
419305382 50316207
419306562 37351157
419317769 mousehunter
419347926 52982320 419175374 61196243
419552028 rickrojer
419676210 57539499
419749085 61196243 419317769 mousehunter
419749523 61196243 419676210 57539499
419751171 mousehunter 419749523 61196243
419751605 yumengfei
419753335 67931271
419762691 56230767
419763781 44112284
419843784 61196243 419751171 mousehunter
419844248 61196243 419751605 yumengfei
419844784 61196243 419763781 44112284
419887005 61196243
419889568 61196243
419891715 61196243
419921382 59842653
420021397 mousehunter 419843784 61196243
403752030 61585370
403753434 cherrybang 403352834 61196243
403802427 61196243
404070098 61196243 403752030 61585370
404092119 paradise2U 402645895 61196243
404112836 61196243 404092119 paradise2U
404281387 Ndaisy
404418929 61196243 403753434 cherrybang
404422753 40745737
404547609 61196243 404422753 40745737
404607253 cherrybang 404418929 61196243
404621567 yuengleg
404628431 52356806
404714632 40745737 404547609 61196243
404739801 61196243 404714632 40745737
404952788 61196243 404621567 yuengleg
405061665 60817341
405321785 2291843
405345434 missYF
405376069 61196243 405345434 missYF
405381301 missYF 405376069 61196243
405383483 njsunjing
405455585 61196243 405381301 missYF
405484255 missYF 405455585 61196243
405509468 61196243 405484255 missYF
405616578 missYF 405509468 61196243
405659946 2291843
405698327 61196243 405659946 2291843
405700481 lynnchan
405702886 1802336
405703695 54115134
405709173 njsunjing
405724406 2291843 405698327 61196243
405729914 annobaby
405731528 61196243
405741229 jsyn
405754725 3034062 405741229 jsyn
405759398 chachaissherry
405796397 61196243 405759398 chachaissherry
405796830 zhouyurui
405797407 61196243
405798270 61196243 405709173 njsunjing
405798634 61196243 405700481 lynnchan
405799253 64319613
407467954 61196243
405800016 61196243 405724406 2291843
407468283 61196243
405800429 61196243 405799253 64319613
407476734 61299389 407468283 61196243
405800520 61196243 405799253 64319613
407484579 47252823
407502083 57253792
405801942 64319613 405800429 61196243
407522013 61497133
405837774 annobaby 405797407 61196243
407642500 61196243 407476734 61299389
405864430 61196243 405801942 64319613
407642877 61196243 407484579 47252823
405865742 61196243
407646833 61299389 407642500 61196243
405868060 61196243 405741229 jsyn
407680235 smallwater 407467954 61196243
405969178 ykvs
407688220 2984167
405969703 juno1990
407747491 61196243 407680235 smallwater
405977993 annobaby 405865742 61196243
407749626 61196243 407688220 2984167
406042471 lynnchan
406070906 stonejane
407756858 2984167 407749626 61196243
406071346 65498410
407810373 61196243 407756858 2984167
406078509 61196243 406071346 65498410
407836755 4294514
406078786 61196243 406070906 stonejane
407901100 2984167 407810373 61196243
407922090 4296707
406079382 61196243 406042471 lynnchan
408037412 61196243 407901100 2984167
406079970 61196243 405977993 annobaby
408037496 61196243 407922090 4296707
406126612 2291843 405800016 61196243
406132060 27291789
408039661 2984167 407901100 2984167
406150001 61196243
408045966 xawa
408059556 QQ214
406230761 61196243
408062172 memorize1996
406237188 61196243
408143334 4296707 408037496 61196243
406307207 ykvs 406230761 61196243
408259478 61883396
406309752 57475818
406310219 Jeuty1130
408278135 47252823 408259478 61883396
406398339 annobaby 406079970 61196243
408505460 61196243 408259478 61883396
406482176 61196243
408583190 4449704
408617627 dynforever
406482401 61196243 406309752 57475818
408646010 vikomm
406483053 61196243
408655624 61276908
406483686 61196243 406398339 annobaby
408823692 61196243 408583190 4449704
406485500 57475818 406482401 61196243
408823783 61196243 408655624 61276908
406547647 hebiguake
408824451 61196243
406575336 Jeuty1130
406575725 jiajiacute
408932264 vikomm 408824451 61196243
406705824 mousehunter 406230761 61196243
409171058 61196243
406769119 61196243 406547647 hebiguake
409172830 vikomm 409171058 61196243
406769368 61196243 406705824 mousehunter
409179063 61196243
406831061 58376342
409181618 61443441
406834369 3512759
409183525 vikomm 409179063 61196243
406834392 3512759
406871655 4449704
409186104 61196243
406871737 4449704
409186756 61196243 409181618 61443441
406921101 61196243 406871737 4449704
409187709 vikomm
406932046 4449704 406921101 61196243
409189463 61196243
407255691 45793226
409194161 43357600
407320122 yeyiyi
409285492 Yvett3
407387981 47252823
409293809 zzztl
407410775 62666304
410444453 61196243
407410970 62666304
410563176 61196243
407414618 smallwater
410565080 61196243
407415534 61299389
410566986 61196243
410567519 61196243
407467266 61196243 407255691 45793226
410684384 64471122
407467485 61196243 407320122 yeyiyi
411225252 58048729
407467690 61196243 407387981 47252823
411235666 mousehunter
407467856 61196243 407410775 62666304
411272869 61196243 411235666 mousehunter
411273015 61196243 411225252 58048729
411614781 61196243
411616718 61196243
411618672 61196243
411620149 61196243
411620715 61196243
411621341 61196243
411621606 legendforever 411621341 61196243
411624101 2858674
411631966 61196243 411624101 2858674
411632983 32598966
411652798 48831191
411665140 61196243 411652798 48831191
411905181 61196243
411908285 61196243
411911232 61196243
411915737 61196243
411926981 twining
411950639 50390909
412031816 61196243 411926981 twining
412156201 40722728
412280444 61196243 412156201 40722728
412311511 61196243
412313158 61196243
412313826 61196243
412612288 vampiretree
412616532 64056693
412788959 61196243 412612288 vampiretree
412916112 luxin881024
412940098 okiasa
413235944 61196243 412940098 okiasa
413237781 okiasa 413235944 61196243
413693062 49474396
413736132 61196243 413693062 49474396
413742022 49474396 413736132 61196243
413743173 xuexiaoxiaowa
413745799 67056620
413748904 Lyisheng
413749237 55393439
413781017 57687603
413911979 61196243 413781017 57687603
413928733 matilda789
413930319 61196243 413928733 matilda789
413931582 43410746
413932531 matilda789 413930319 61196243
413932607 49178543
413935526 61196243 413932531 matilda789
413936146 61196243 413931582 43410746
413936513 56715213
413937255 4654933
413944684 matilda789 413935526 61196243
414006331 62153248
414022011 3034062 414006331 62153248
414079548 xoxxooxxoxxxxox
414215089 61196243
414215750 3034062 414215089 61196243
414215873 61196243
414216316 61196243 414215750 3034062
414221743 53618022
414256892 3034062 414216316 61196243
414271869 60817341
414277446 61196243 414256892 3034062
414279093 veracl
414312839 3034062 414277446 61196243
414398211 61196243 414271869 60817341
414398737 61196243 414312839 3034062
414402839 53274632
414411070 3034062 414398737 61196243
414411641 60943273
414421298 61196243 414411070 3034062
414421447 61196243 414402839 53274632
414421520 61196243 414411641 60943273
414422743 3034062 414421298 61196243
414422841 sixteen16
414423067 61196243 414422841 sixteen16
416572840 62153248
416630026 61196243 416572840 62153248
416631989 61196243 414422743 3034062
416632362 47862747
416645382 51415509
416647636 49705971
416653528 3034062 416631989 61196243
416655038 travelingpanda
416687444 61196243 416653528 3034062
416687640 61196243 416655038 travelingpanda
416687984 61196243 416645382 51415509
416688416 61196243 416647636 49705971
416696251 3034062 416687444 61196243
416700351 49705971 416688416 61196243
416709939 61196243 416696251 3034062
416726138 3034062 416709939 61196243
416730373 3034062
416732972 echo_magic
416739126 61196243
416745301 travelingpanda 416687640 61196243
416746950 61196243
416757761 51415509
416757787 51415509
416777101 3034062 416739126 61196243
416779887 11479055
416849424 61196243 416777101 3034062
416853668 3034062 416849424 61196243
416865495 61196243 416853668 3034062
417152496 shounanhai
417192279 63049988
417296641 61196243 416757761 51415509
417297436 61196243
417297610 61196243 417192279 63049988
417298983 59661042
417451408 64056693
417545686 52965583
417556491 4439887
417586029 51415509
417586226 49036261
417586479 66573909
417597040 61196243 417586479 66573909
417597446 61196243 417586226 49036261
417599135 59676260 404547609 61196243
417602056 61196243 417599135 59676260
417610433 59676260 417602056 61196243
417633717 61196243 417610433 59676260
417636061 58533781
417637622 59676260 417633717 61196243
417639558 dj0823
417685718 61196243 417639558 dj0823
417685833 warmsu
417686184 56867363
417687076 61196243 417636061 58533781
417687433 61196243 417686184 56867363
417687564 dj0823 417685718 61196243
417688112 56867363 417687433 61196243
417688641 61196243 417685833 warmsu
417689923 26659176
417689965 61196243 417687564 dj0823
417690216 61196243 417689923 26659176
417690599 61196243 417688112 56867363
417691543 56867363 417690599 61196243
417692511 dj0823 417689965 61196243
417692638 61196243 417691543 56867363
417692893 66725722
417692915 50037573
417693715 56867363 417692638 61196243
417706101 61196243 417692893 66725722
