396177594 50511976
396177712 61808231 396177594 50511976
396177798 47051770
396177846 33487671
396177954 61808231 396177798 47051770
396178206 47051770
396178555 61808231 396178206 47051770
396179341 50511976
396179734 61808231 396179341 50511976
396181779 61808231
396206912 joyjoy123
396207142 3796092
396208145 61808231 396206912 joyjoy123
396208246 61808231 396207142 3796092
396212768 3796092
396214193 61808231 396212768 3796092
396217522 3796092 396214193 61808231
396218284 LiH
396219043 61808231 396217522 3796092
396220443 3796092 396219043 61808231
396220539 61808231 396218284 LiH
396222475 61808231 396220443 3796092
396223486 3796092 396222475 61808231
396225133 61808231 396223486 3796092
396227302 3796092 396225133 61808231
396228399 61808231 396227302 3796092
396235375 2276601 396177954 61808231
396237903 61808231 396235375 2276601
396241073 61808231 396235375 2276601
396243011 44268858
396243856 61808231 396243011 44268858
396248207 61808231 396235375 2276601
396249897 4223889
396251905 zuoeyi
396256198 61808231
396256258 61808231 396251905 zuoeyi
396257332 zuoeyi 396256258 61808231
396258109 amyjet
396259270 61808231 396258109 amyjet
396262618 2276601 396237903 61808231
396262856 amyjet
396264909 decstar
396265285 liujing52076
396293991 cindyrabbit
396313344 61808231 396262856 amyjet
396313654 61808231 396264909 decstar
396314018 61808231 396265285 liujing52076
396314317 61808231 396293991 cindyrabbit
396342400 decstar 396313654 61808231
396350367 4528070
396353712 rosita0816
396385452 34090878
396385852 61808231 396342400 decstar
396385976 sunny_ye
396386380 61808231 396350367 4528070
396387553 61808231 396353712 rosita0816
396388137 61808231 396385452 34090878
396388703 61808231
396389770 43201163
396389786 sunny_ye 396388703 61808231
396391574 61808231 396389770 43201163
396392109 61808231
396393545 47132959
396394280 61808231 396393545 47132959
396410561 22035892
396412484 4140334
396416883 61808231
396417130 61808231 396412484 4140334
396422941 decstar 396385852 61808231
396425109 61808231 396422941 decstar
396429938 decstar 396425109 61808231
396431457 61808231 396429938 decstar
396485333 cindyrabbit 396425109 61808231
396499579 crystalyxin
396531310 53666285
396532461 babyshang
396552651 azinelady
396564199 lemonV
396701343 rosita0816 396387553 61808231
396712944 Bonjour-Bee
396714616 56914776
396715413 acid
397035390 61808231 396499579 crystalyxin
397036000 61808231 396532461 babyshang
397036191 61808231 396564199 lemonV
397036438 61808231 396712944 Bonjour-Bee
397044994 lemonV 396212768 3796092
397045693 lemonV 397036191 61808231
397053582 51412089
397062890 crystalyxin 397035390 61808231
397068988 Machobabe347
397074907 61808231 397045693 lemonV
397075315 61808231 397053582 51412089
397075557 61808231 397062890 crystalyxin
397075671 65614405
397075841 61808231 397068988 Machobabe347
397076000 61808231 397075671 65614405
397076030 luyu_beauty_mua
397076878 65614405 397076000 61808231
397077322 61808231 397076030 luyu_beauty_mua
417597941 20708008
417599021 nicetomeetyou
417599953 67038090
417693807 55756844
417809079 61808231
417809362 61808231
417809894 61808231
417810030 61808231
417810494 61808231 417599021 nicetomeetyou
417810571 61808231 417599953 67038090
417810655 61808231 417693807 55756844
418105270 yuanbaby9
418348086 61808231 418105270 yuanbaby9
418440962 yuanbaby9 418348086 61808231
418441273 yuanbaby9 418348086 61808231
418457904 monica87
418459272 50299886
418459749 yellowice
418461147 54872336
418468892 2805947
418470039 51140782 396177954 61808231
418474328 elven.ma
418475043 zwzwzwzw
418476266 65165890
418476722 bonigoni
397077408 MENG19
397077512 MENG19
397077571 61808231 397076878 65614405
397078120 61808231 397077512 MENG19
397078137 65614405 397077571 61808231
397078474 46916417
397079893 61808231 397078137 65614405
397080028 61808231 397078474 46916417
397083745 65614405 397079893 61808231
397091923 61808231 397083745 65614405
397105860 46916417 397080028 61808231
397122101 65614405 397091923 61808231
397166412 61808231 397105860 46916417
397166539 61808231 397122101 65614405
397277486 61808231 397105860 46916417
397280933 miyaviyuan
397299465 61808231 397280933 miyaviyuan
397305102 miyaviyuan 397299465 61808231
397310613 3230390
397339529 61808231 397310613 3230390
397375965 4351268 396177954 61808231
397380107 48904819
397380619 48904819
397451162 61808231 397375965 4351268
397451293 61808231 397380107 48904819
397451359 61808231 397380619 48904819
397459983 48310690
397472176 61808231 397459983 48310690
397475473 48310690
397486388 61808231 397475473 48310690
397487414 48310690
397487827 54795411
397639211 61808231 397487414 48310690
397639588 61808231 397487827 54795411
397713569 54795411 397639588 61808231
397795716 61808231 397713569 54795411
397875075 61808231
399301171 61808231
400464562 2441602
400466104 2441602
400468782 50459588
400487523 acid
400492551 61808231 400466104 2441602
400493022 61808231 400468782 50459588
400493299 61808231 400487523 acid
400508883 50459588 400493022 61808231
400512141 acid 400493299 61808231
400546324 2441602 400492551 61808231
400604976 42940452 400466104 2441602
400839348 61808231 400508883 50459588
400839655 61808231 400512141 acid
400850883 acid 400839655 61808231
400885016 50459588 400839348 61808231
400906870 48557449
400909812 48557449
400915528 2441602 399301171 61808231
400923829 65232430
400987125 61808231
400987427 61808231 400850883 acid
400988158 61808231 400909812 48557449
400988790 61808231 400923829 65232430
400989950 61808231
400992911 susberry
400994365 61808231 400992911 susberry
401013278 65232430 400988790 61808231
401014193 47514656 396177954 61808231
401022750 hr1121
401082409 2441602 400987125 61808231
401084776 33940482
401829837 61808231 401013278 65232430
401830213 61808231
401830466 61808231 401084776 33940482
401845426 47514656 401830213 61808231
416007434 61808231
416014301 61664732
416075512 16678998
416532536 48260381 396208145 61808231
416532853 48260381 396243011 44268858
416533743 shmilyamber
416534435 Neptune7
416858992 61808231 416532536 48260381
416859358 61808231 416534435 Neptune7
416901427 Neptune7 416859358 61808231
416901803 camelliacoco7
416966653 34167353
417025131 61808231 416901427 Neptune7
417025389 61808231 416966653 34167353
417025996 nikita_ng
417026364 61808231 417025996 nikita_ng
417035426 nikita_ng 417026364 61808231
417484354 61808231 417035426 nikita_ng
417510459 55756844
417513432 48310690
417517056 huwei076
417517333 61808231 417510459 55756844
417517967 61808231 417513432 48310690
417520667 61808231 417517056 huwei076
417553007 41571545
417577241 wangxiangbaituo
417594943 59588009
