396295793 genie1003
396295976 56011185
396296326 40475424
396296545 38729240
396296812 ifeelfine
396297091 47013608
396297697 no_future
396297749 56011185
396298054 57900284 396297697 no_future
396298396 58467581
396298467 57900284
396298536 29950811
396298540 64916261
396298779 28119175 396297749 56011185
396299254 56322812
396299291 53601233
396299634 senses058
396299938 ohiyo
396300015 44925854
396300267 lxy19890315
396300521 61364433
396302071 61364433 396300267 lxy19890315
396303267 sylviassan7
396303277 lxy19890315 396302071 61364433
396303363 XIAOHUOER
396306081 no_future 396298054 57900284
396316783 51156095
396317386 54116071
396317427 55437191
396321950 43059214
396326716 52509533 396295976 56011185
396327591 52509533 396299634 senses058
396328434 senses058 396327591 52509533
396329254 baekseul
396329521 NewYorkFION
396330210 52509533
396331474 52509533 396329521 NewYorkFION
396335689 64932773
396335944 48109718
396337099 NewYorkFION 396331474 52509533
396341533 52509533 396297697 no_future
396349824 kristinacat
396351316 MolinCheung
396352605 58984560
396353716 47450556
396354154 52509533 396351316 MolinCheung
396355927 MolinCheung 396354154 52509533
396361413 Leeeegendary
396364112 49941655
396368694 64559292 396295793 genie1003
396369350 misslllgreen
396373327 52509533 396355927 MolinCheung
396392140 52330493
396400997 52509533
396459331 52509533
396476061 64370758
396477716 54422291
396480461 luice3222
396519991 kristinacat 396459331 52509533
396534004 lilipishuang
396534608 52509533 396361413 Leeeegendary
396535110 52509533 396534004 lilipishuang
396535660 44938079
396536147 54908736
396536556 lingoapple
396536742 58014650
396538683 52509533
396539280 54908736 396538683 52509533
396539395 54908736 396536556 lingoapple
396539693 pql295882844
396541350 52509533 396536556 lingoapple
396543404 MolinCheung 396373327 52509533
396550859 lingoapple 396541350 52509533
396559964 52509533 396550859 lingoapple
396564126 lingoapple 396559964 52509533
396585937 52509533 396564126 lingoapple
396592797 34334392
396605723 58537187 396585937 52509533
396609784 58978571
396615148 lingoapple 396585937 52509533
396617562 52509533 396605723 58537187
396618958 52509533 396609784 58978571
396619171 43595713
396619400 missmarguerite
396621340 hanrhelen
396621511 36828312
396622952 52509533 396619400 missmarguerite
396623749 52509533 396621511 36828312
396624663 28084762
396625219 28084762
396626666 sinky1020
396627011 jiangqiong1314
396627714 49270432
396638078 52509533 396627714 49270432
396646257 58978571 396618958 52509533
396646820 pennythxdd
396648471 plum77
396650387 58537187
396653080 51067317
396655634 52509533 396646820 pennythxdd
402938665 64370758
402940429 xiaoxiaoshuo
403100669 ning0118
403101211 ning0118
403102160 50956457
403103781 44813131
403104239 Curecure
404033053 52509533 403104239 Curecure
404646477 27597762
404713506 64370758
404752763 64370758
404786706 tina0807
404788111 6979660
404817900 54051715
404820332 54051715
404821121 54051715 396296812 ifeelfine
404821737 54051715 396300267 lxy19890315
404822600 27597762
404823146 48498643
404823147 54051715 396621340 hanrhelen
404825302 54051715
404826832 27597762
404935466 kyoyasama
404937982 smallhand
405158031 54051715 396353716 47450556
405159951 slimchoi
405163438 54051715 396369350 misslllgreen
405173801 54051715 396648471 plum77
409548116 33431944
410212794 just..for..U..
410906736 52509533 404713506 64370758
410907541 52509533 404937982 smallhand
410907873 52509533 405173801 54051715
410948267 1388485
411476892 54006154 396326716 52509533
411525272 59606768
417252329 61156012
417255710 54470430 411476892 54006154
396658246 pennythxdd 396655634 52509533
396686670 61364433 396303277 lxy19890315
396696709 faycong
396700699 52509533 396696709 faycong
396705119 faycong 396700699 52509533
396722878 yemao5
396768723 52509533
396776844 faycong
396935356 52509533 396353716 47450556
396945255 BIACKCAT
397007267 52509533 396945255 BIACKCAT
397008771 khuntoriahg
397011071 60984709
397015434 52509533 397008771 khuntoriahg
397044608 annett
397045538 52509533 397044608 annett
397046394 dercat 396295793 genie1003
397066380 khuntoriahg 397015434 52509533
397090761 62702293
397362352 52509533 397090761 62702293
397396538 55806222
397404374 homelesspanda
397418129 yysunnyy
397533252 52509533 397396538 55806222
397542754 3034062
397547756 shirley0228
397554709 49270432
397556756 52509533 397554709 49270432
397560596 3293007
397860385 46337000
397863310 52509533 397560596 3293007
397863465 52509533 397860385 46337000
397866884 46337000 397863465 52509533
398255119 36478287
398290295 54267337
398305855 52509533 398290295 54267337
398524162 eden1009
398677937 52509533 398524162 eden1009
398711361 eden1009 398677937 52509533
398727370 48954969
398752108 59201471
400475259 52509533 398752108 59201471
400475511 52509533 398727370 48954969
400647882 35884251
400757153 wendy320
400760244 OTT
400766798 ccccccca
400767998 Beeineman
400768223 Beeineman 398752108 59201471
400791917 52509533 400760244 OTT
400793483 52044923
400793649 52044923 398752108 59201471
400794751 48187313
400796535 59739967
400849873 52509533 400796535 59739967
400850331 52509533 400793649 52044923
400881645 52044923 400850331 52509533
401214668 55859894
401259378 A_may
401262396 Beeineman
401263160 46519089
401268435 41574257
401315928 42695973
401335192 saoirse
401339572 59722090
401340342 siruxiafeng
401340798 59722090
401368623 52509533 401263160 46519089
401431099 52509533 401268435 41574257
401431866 52509533 401339572 59722090
401431988 52509533 401340342 siruxiafeng
401433175 Beeineman
401440527 miRroRtic
401445266 59722090 401431866 52509533
401448895 42192600
401450298 56693492
401463567 yyy7y
401535092 her0
401565366 47546102
401574084 immisspan
401698478 59201471
401788998 zljym
401918323 3807911
401994554 42695973 401698478 59201471
402224394 63729006 401698478 59201471
402462503 58493008
402544934 63251453
402570657 ryoyuma
402571115 42997050
402573993 49209855
402574761 4898393 396298779 28119175
402575656 6041204
402583103 54422291 401788998 zljym
402584912 zljym 402583103 54422291
402587016 54422291 402584912 zljym
402692760 52509533 402575656 6041204
402694555 52509533 402587016 54422291
402915105 Beeineman
402918474 Lizyjs
402925358 foolishcat
