396561257 LuuuuC
396561829 ochung
396563315 1614749
396563452 4296249
396563927 starryjune
396565486 shanshan-pig
396573016 53349787
396574906 fatbook
396578426 ochung 396563315 1614749
396586163 6058611 396561257 LuuuuC
396587201 6058611 396561829 ochung
396587902 3045209
396588191 36360632
396588743 49275406
396588966 6058611 396563315 1614749
396589316 49275406
396589386 6058611 396563452 4296249
396589988 6058611 396589316 49275406
396590141 ochung 396587201 6058611
396590248 6058611 396563927 starryjune
396590754 ochung 396587201 6058611
396590805 45494498
396591003 6058611 396590141 ochung
396591341 6058611 396565486 shanshan-pig
396591727 Eve0048
396592004 42582349
396592330 ochung 396590805 45494498
396592491 6058611 396574906 fatbook
396593552 6058611 396587902 3045209
396594078 3045209 396593552 6058611
396594888 weiganqu
396595190 6058611 396588191 36360632
396595206 sukata
396595672 6058611 396590805 45494498
396596150 6058611 396591727 Eve0048
396596324 6058611 396594888 weiganqu
396596340 45494498 396595672 6058611
396596884 6058611 396592004 42582349
396597504 6058611 396595206 sukata
396604047 LuuuuC
396605817 62485062
396607886 49592761
396607946 sukata 396597504 6058611
396609154 46078314
396610616 53940110
396611480 6058611
396612286 6058611 396607946 sukata
396612557 6058611 396609154 46078314
396612642 Never_quit 396589386 6058611
396612683 47870697
396612930 6058611 396610616 53940110
396612973 62485062 396611480 6058611
396613180 48546043 396561257 LuuuuC
396613212 6058611 396612683 47870697
396613480 sukata 396612286 6058611
396614206 6058611 396612642 Never_quit
396614594 6058611 396604047 LuuuuC
396614878 Never_quit 396614206 6058611
396615116 6058611 396613480 sukata
396616238 6058611 396612973 62485062
396626826 LuuuuC 396613180 48546043
396627183 LuuuuC 396614594 6058611
396671765 6058611 396627183 LuuuuC
396674822 applesyz
396696285 cheer22
396698531 sui_time
396698989 deamissrcherry 396592004 42582349
396709564 zyzsunny
396710553 37645073
396711665 4743765
396852685 LuuuuC
396853721 HouseM.D
396854403 ukavw
396873026 54614054
396873331 63545414 396588966 6058611
396876391 57071325
396879131 yy126
396935579 6058611 396696285 cheer22
396936614 6058611
396936971 6058611 396710553 37645073
396939619 6058611 396873331 63545414
396939960 6058611 396876391 57071325
396940147 6058611 396879131 yy126
396949888 yooozoh
396950653 47583619
396951442 yooozoh
396951839 echo915 396939619 6058611
396951937 echo915 396951442 yooozoh
396957486 63545414 396939619 6058611
396977201 yy126 396957486 63545414
397002646 63545414 396977201 yy126
397002897 darlinfish
397014941 60984709 396853721 HouseM.D
397015274 46214297
397016004 someu
397044721 6058611 396957486 63545414
397047631 6058611
397047869 6058611 397014941 60984709
397048336 6058611 397015274 46214297
397048764 gracebella
397049059 6058611 397002897 darlinfish
397055039 qingjiaowonezha
397057783 darlinfish 397049059 6058611
397066277 63545414 397044721 6058611
397121771 amomomo
397200287 54363965 396876391 57071325
397211029 57071325
397214148 6058611 397048764 gracebella
397214335 amomomo
397215042 64327096
397215067 6058611 397121771 amomomo
397215079 64327096 397215042 64327096
397215449 6058611 397214335 amomomo
397215626 58580929
397216349 6058611 397055039 qingjiaowonezha
397216656 6058611 397066277 63545414
397217214 36609620 396949888 yooozoh
397217352 6058611 397211029 57071325
397218043 6058611 397057783 darlinfish
397218240 6058611 397215626 58580929
397218408 58580929 397218240 6058611
397218786 58580929 397218240 6058611
397219800 qingjiaowonezha 397216349 6058611
397222197 63545414 397216656 6058611
397241977 34090878
397388487 amomomo 397215067 6058611
397396352 49709582
397415622 54026920
397418432 HelloassF
397423187 62535204
397425675 65944794
397491829 6058611 397219800 qingjiaowonezha
397495384 6058611 397222197 63545414
397497412 xzcswan
397499863 6058611 397241977 34090878
397501888 6058611 397388487 amomomo
397502046 6058611 397396352 49709582
397503059 6058611 397415622 54026920
397503801 6058611 397423187 62535204
397505317 6058611 397497412 xzcswan
397505524 6058611 397425675 65944794
397519490 49709582 397502046 6058611
397522363 amomomo
397567261 63545414 397495384 6058611
397571923 63545414 397495384 6058611
397574521 Alicelovewang
398252030 50395720 396977201 yy126
398263364 6058611 397519490 49709582
398265124 6058611 397522363 amomomo
398273233 4296707
398291073 6058611 397567261 63545414
398292144 6058611 398273233 4296707
398293098 6058611 398252030 50395720
398313064 63545414 398291073 6058611
398317653 6058611 398313064 63545414
398322667 63545414 398291073 6058611
398325566 63545414 398317653 6058611
398326999 48171112
398327883 57755518
398328259 chenmugou
398492253 6058611 398326999 48171112
398501745 41929968
398503804 6058611
398506156 6058611 398327883 57755518
398617919 63545414
399022333 62535204 397503801 6058611
399165712 6058611 398617919 63545414
399168669 2778562 399165712 6058611
399342062 53266686
399344965 45792521
419973375 37645073
419974819 37645073
419980543 6058611 399344965 45792521
419986270 6058611 419973375 37645073
419990456 43849492
419992727 43849492
