396942792 60127860
396943500 Dai.
396943824 smylldon
396944217 yyshoes
396944477 33642320
396951323 64799329 396943500 Dai.
396951513 echosana
396951547 64799329 396944217 yyshoes
396951691 64799329 396944477 33642320
396951847 64799329 396951513 echosana
396951989 64799329
396952080 foreversuer
396952441 naoko40
396952655 48508592
396953190 64799329
396953346 64799329 396952441 naoko40
396953367 64799329 396952655 48508592
396953405 SophVeU
396953866 sho_chiu
396953950 SophVeU
396954226 naoko40
396954227 64799329 396953405 SophVeU
396954334 64799329 396953866 sho_chiu
396954555 64799329 396954226 naoko40
396954740 64799329 396953950 SophVeU
396965492 sho_chiu 396954334 64799329
396966655 64799329 396965492 sho_chiu
396967526 smylldon 396966655 64799329
396967574 sho_chiu 396966655 64799329
396968418 40230203
396968536 64799329 396968418 40230203
396968690 64799329 396967574 sho_chiu
396976215 shaonvaaa
396976956 64799329 396976215 shaonvaaa
396977009 shaonvaaa
396977052 64799329 396967526 smylldon
396977490 42114006
396977704 65672441
396977893 64799329
396978395 65672441 396977893 64799329
396979818 jibudeyouxiang
396979989 64799329
396980048 64799329 396979818 jibudeyouxiang
396980104 64799329 396977490 42114006
396983318 XRan
396983636 xiaohuangwen
396984284 64799329 396983318 XRan
396985502 58436709
396986340 64799329
396989482 23511082
396991375 50796255
396991962 Aquarius_J
396994277 fover
397001356 64799329 396989482 23511082
397001416 64799329 396991375 50796255
397001532 64799329 396994277 fover
397001628 64799329 396991962 Aquarius_J
397002663 foreversuer 396953190 64799329
397002694 49272687
397003224 xianggujiang
397003511 64799329
397003583 64799329 397002694 49272687
397003718 64799329
397004495 xianggujiang 397003718 64799329
397004834 4169973
397005246 64799329 397004834 4169973
397005369 64799329 397004495 xianggujiang
397017055 50796255 397001532 64799329
397018748 hillsun
397018857 63497410
397019001 63497410
397024988 64799329 397019001 63497410
397025242 64799329 397018748 hillsun
397025359 3721989
397025512 hillsun 397025242 64799329
397026172 64799329 397025359 3721989
397026616 64799329 397025512 hillsun
397027938 hillsun 397026616 64799329
397028491 MeMeLT
397028548 huangagou
397030309 huangagou
397030502 64799329 397028548 huangagou
397030608 50408775
397030836 64799329 397030309 huangagou
397030883 64799329 397030608 50408775
397031064 64799329 397027938 hillsun
397032609 panda_prada
397035402 64799329 397032609 panda_prada
397037286 52183929
397038257 64799329 397037286 52183929
397039419 sweet_olivia
397040794 63497410 397024988 64799329
397043855 panda_prada
397045586 64799329 397039419 sweet_olivia
397045828 64799329 397040794 63497410
397045917 64799329 397043855 panda_prada
397049366 naoko40
397050925 64799329 397049366 naoko40
397051370 gracebella
397052838 42114006 396980104 64799329
398935294 nala-sheng
398943455 49373971
398944586 kikomilio
398946163 misrbb
398949194 lalola
398950222 64799329
398950483 64799329
398951073 64799329 398935294 nala-sheng
398951311 64799329 398943455 49373971
398951401 64799329 398944586 kikomilio
398951537 64799329 398946163 misrbb
398951645 64799329 398949194 lalola
398951722 fatbook
398951932 kikomilio 398951401 64799329
398953588 E-Yum 398950222 64799329
398954400 E-Yum 398950222 64799329
398955808 64799329 398951722 fatbook
398956092 64799329
398956378 64799329 398954400 E-Yum
398957976 32899293
398959973 Nikonikodo
398961458 64799329 398959973 Nikonikodo
398961665 64799329 398957976 32899293
398962373 Nikonikodo 398961458 64799329
398962628 64799329 398962373 Nikonikodo
398963976 Nikonikodo 398962628 64799329
398964913 Kayicat
398964920 zhangdadaner
398966133 3045209
398966257 64799329 398964920 zhangdadaner
398966993 64799329 398966133 3045209
398967282 64799329 398964913 Kayicat
398967323 49948633
398968067 64799329 398967323 49948633
398968360 jackyzcd
398968852 E-Yum 398956378 64799329
398969285 42569411
398970238 64799329 398968360 jackyzcd
398970327 64799329 398968852 E-Yum
398970556 64799329 398969285 42569411
398973784 Kayicat 398967282 64799329
398976340 64799329
398976661 Kayicat 398976340 64799329
398977888 lilian_T
398983402 64799329 398976661 Kayicat
398983585 64799329 398977888 lilian_T
398984018 Kayicat 398983402 64799329
398984715 64799329 398984018 Kayicat
399002627 3045209 398966993 64799329
399007223 64799329 399002627 3045209
399008506 3045209 399007223 64799329
399009861 50147247
399010071 4834126
399012744 64799329 399009861 50147247
399012885 jackyzcd 398970238 64799329
399012934 64799329 399010071 4834126
399013498 64799329 399012885 jackyzcd
399016269 50147247 399012744 64799329
399019944 4834126 399012934 64799329
399019957 64799329 399016269 50147247
399020072 64799329 399019944 4834126
399024065 4834126 399020072 64799329
399026026 64799329 399024065 4834126
399031941 64799329
399033677 58978571
399034463 52711249
399035387 eamonsin
399036576 huahuayaojianfe
399038699 51139583
399043812 doublejean
399044471 doublejean
399044531 jackyzcd 399013498 64799329
399044940 64799329 399044531 jackyzcd
399045256 64799329
399045656 64799329 399034463 52711249
399045673 61616788
399045857 64799329 399035387 eamonsin
399046148 64799329 399036576 huahuayaojianfe
399046258 61616788
399046924 64799329 399038699 51139583
399046989 61616788
399047171 64799329 399046258 61616788
399047352 64799329 399043812 doublejean
399047516 64799329 399045673 61616788
399047551 61616788
399047783 52711249 399045656 64799329
399048040 64799329 399046989 61616788
399048182 64799329 399047551 61616788
399048360 64799329 399047783 52711249
399050292 51139583 399046924 64799329
399050378 58978571 399045256 64799329
399050782 jackyzcd 399044940 64799329
399051575 shell0622
399052319 52711249 399048360 64799329
399052351 minagawa
399052456 nala-sheng 398951073 64799329
399052465 64799329 399050292 51139583
399052682 64799329 399050378 58978571
399052857 64799329 399050782 jackyzcd
399053101 64799329 399051575 shell0622
397259087 gracebella
397259570 64799329
397260120 64799329 397259087 gracebella
397260810 dreamseaworld
397260960 gracebella 397260120 64799329
397263227 meowmeowmeow 397259570 64799329
397263239 vanilla.ching
397264266 vanilla.ching 397260120 64799329
397264294 wangyinqiu
397265928 64799329 397263239 vanilla.ching
397266030 64799329
397266212 64799329 397264294 wangyinqiu
397268665 foreversuer
397271009 50667273
397272223 64721117
397281066 64799329 397272223 64721117
397281183 64799329 397271009 50667273
397282932 50851768
397292183 62180819
397310814 50667273 397281183 64799329
397312602 64799329
397317409 YanZi-LBX
397320645 64799329 397317409 YanZi-LBX
397321457 Raysum
397324493 YanZi-LBX
397326668 64799329 397321457 Raysum
397326788 64799329 397324493 YanZi-LBX
397327470 49125515
397327728 YanZi-LBX
397328356 64161888
397329856 iamsilky
397334415 64799329 397327470 49125515
397335091 64799329 397328356 64161888
397335441 64799329 397329856 iamsilky
397335990 64799329 397327728 YanZi-LBX
397338254 iamsilky
397341955 64799329 397338254 iamsilky
397342687 YanZi-LBX
397349564 64799329 397342687 YanZi-LBX
397422744 61204997
397423015 wenandting
397424361 phenanthy
397427740 37295025
397428245 wangyinqiu 397266212 64799329
397479059 64799329 397423015 wenandting
397479215 64799329 397428245 wangyinqiu
397479404 64799329 397427740 37295025
397479613 64799329 397422744 61204997
397479789 lilith9
397480540 zy181198
397483085 danfan84
397483753 3742072
397486459 64799329 397479789 lilith9
397486777 64799329 397483085 danfan84
397486888 64799329
397486978 64799329 397483753 3742072
397487085 64799329 397424361 phenanthy
397488331 danfan84 397486777 64799329
397488647 zy181198 397486888 64799329
397491812 64799329 397488647 zy181198
397491937 64799329 397488331 danfan84
397500026 zy181198 397491812 64799329
397529890 wangyinqiu 397479215 64799329
397532044 64799329 397529890 wangyinqiu
397532665 MeMeLT
397540564 wangyinqiu 397532044 64799329
397544399 61204997 397479613 64799329
397551059 64799329 397544399 61204997
397611985 64799329
397857204 52135556
397860931 Ricas_ 396968536 64799329
397878073 64799329 397860931 Ricas_
397878206 64799329 397532665 MeMeLT
397965601 61204997 397551059 64799329
397975395 64799329 397965601 61204997
397981759 45834106
397991034 64799329 397981759 45834106
398053137 45834106 397991034 64799329
398141237 64799329 398053137 45834106
398141446 53697273
398144563 64799329 398141446 53697273
398145457 53697273 398144563 64799329
398159424 64799329 398145457 53697273
398194929 61204997 397975395 64799329
398197824 55759493
398201456 64799329 398197824 55759493
398201603 64799329 398194929 61204997
398661790 64799329
398866201 61204997 398201603 64799329
398866847 64799329 398866201 61204997
398868466 47343352
398872202 64799329 398868466 47343352
398875643 47343352 398872202 64799329
398878379 dualpersonality
398880282 64799329
398884227 64799329 398875643 47343352
398885503 49948633
398889208 64799329 398885503 49948633
398903224 E-Yum
398934035 woaimama0526
397054274 48669000
397056956 naoko40
397058555 64799329 397051370 gracebella
397060330 50796255
397061086 55573178
397063233 foreversuer 397003511 64799329
397066212 gracebella 397058555 64799329
397067200 64799329 397066212 gracebella
397067495 64799329 397060330 50796255
397067668 64799329 397063233 foreversuer
397068308 xueeeeee
397068874 shaonvaaa 396976956 64799329
397070302 64799329 397068308 xueeeeee
397070552 64799329 397068874 shaonvaaa
397070609 50796255 397067495 64799329
397070731 51037203
397073807 gracebella 397067200 64799329
397077234 64799329 397073807 gracebella
397077460 64799329 397070731 51037203
397077687 64799329 397070609 50796255
397078422 47445090
397080213 22258354
397080993 harujuku
397085571 64799329 397080993 harujuku
397085716 64799329 397078422 47445090
397086957 53438067
397087393 64799329 397086957 53438067
397088629 47445090 397085716 64799329
397090113 foreversuer 397067668 64799329
397091049 35450021
397091153 ttpig
397101963 fover 397001532 64799329
397101987 yooozoh
397102468 fover 397101963 fover
397103253 sure8090
397104018 delilah1019
397105335 2879168
397106016 MonaTellig
397112954 leahui
397113974 leahui
397125224 bokunomirai
397128673 32240831
397165005 57667810 397128673 32240831
397166460 33326513
397220626 64799329 397101987 yooozoh
397220801 64799329 397088629 47445090
397220845 64799329
397220923 64799329 397090113 foreversuer
397220992 64799329 397106016 MonaTellig
397221354 64799329 397166460 33326513
397221984 64799329
397222078 64799329 397103253 sure8090
397222300 64799329 397101963 fover
397222390 59580786
397222442 64799329
397222517 64799329 397125224 bokunomirai
397222599 64799329 397222390 59580786
397222778 64799329 397128673 32240831
397222983 64799329 397104018 delilah1019
397223154 64799329 397052838 42114006
397223247 64799329 397054274 48669000
397223320 64799329 397056956 naoko40
397223523 anjen12
397224985 62623864
397225376 veenf
397226058 rzs
397234593 64799329 397224985 62623864
397234626 64799329 397225376 veenf
397234654 64799329 397226058 rzs
397234843 64799329 397223523 anjen12
397236617 50667273
397236683 foreversuer 397220923 64799329
397236950 PM2330
397237284 64799329 397236950 PM2330
397237624 64799329
397237896 64799329 397236617 50667273
397238817 wyp231
397239473 64799329 396943500 Dai.
397240298 foreversuer 397237624 64799329
397240981 4910855
397241459 gracebella 397077234 64799329
397241534 meowmeowmeow
397241744 64799329
397242158 62180819
397242912 64799329
397243371 64799329 397240981 4910855
397243607 64799329 397241459 gracebella
397243707 64799329 397242158 62180819
397246627 yooozoh 397220626 64799329
397249345 meowmeowmeow
397249902 kikomilio
397250918 64799329
397251013 64799329 397246627 yooozoh
397251277 vanilla.ching 397250918 64799329
397251422 zuoxiaobao
397252412 62623864 397234593 64799329
397253018 64799329
397253483 64799329 397252412 62623864
397253783 64799329 397251422 zuoxiaobao
397254674 meowmeowmeow
399053435 64799329 399052351 minagawa
399053611 64799329 399052456 nala-sheng
399054270 nala-sheng 399053611 64799329
399055648 minagawa 399053435 64799329
399055894 64799329 399055648 minagawa
399056230 4834126 399031941 64799329
399056467 minagawa 399055894 64799329
399075399 blackt
399091343 jackyzcd 399052857 64799329
399153575 64799329 399056230 4834126
399153959 64799329 399056467 minagawa
399154162 64799329 399075399 blackt
399156280 cyan109
399162658 momothinking
399163542 64799329 399156280 cyan109
399163682 64799329 399162658 momothinking
399170110 minagawa 399153959 64799329
399172942 64799329 399170110 minagawa
399175132 64799329
399175461 mrbii
399176186 cyan109 399163542 64799329
399177104 minagawa 399172942 64799329
399177270 64799329 399175461 mrbii
399177520 64799329 399176186 cyan109
399177656 64799329 399177104 minagawa
399184956 43001536
399187933 cyan109 399177520 64799329
399195252 64799329 399187933 cyan109
399195641 4728940
399195959 64799329 399184956 43001536
399196119 64799329 399195641 4728940
399198879 casablanca86
399203230 64799329 399198879 casablanca86
399207913 43001536 399195959 64799329
399208999 64799329 399207913 43001536
399532794 64799329
399534017 superaya
399542899 64799329 399534017 superaya
399545924 62777513
399546208 51139583 399052465 64799329
399547478 64799329 399546208 51139583
399582003 gracepeach
399597088 64799329 399582003 gracepeach
399604773 gracepeach
399605208 64799329 399604773 gracepeach
399649227 64799329
399650657 46806031
399655468 52248610
399655628 52248610
399656001 64799329 399650657 46806031
399656166 64799329 399655468 52248610
399660132 66076419
399663339 52248610 399656166 64799329
399664321 64799329 399660132 66076419
399664587 64799329 399663339 52248610
399665554 52248610 399664587 64799329
399665694 csssss
399666364 64799329 399665694 csssss
399668256 huangiqngyu
399668881 64799329
399672990 snowy710
399675108 snowy710
399677037 66076419 399664321 64799329
399677498 64799329
399677660 64799329 399677037 66076419
399677904 64799329
399681892 snowy710
399682320 snowy710
399684669 snowy710
399751810 pokharaism
399755341 4795723
399755371 65601402
399770457 huangiqngyu 399668881 64799329
399770822 64799329
399770963 64799329 399755341 4795723
399771014 64799329 399751810 pokharaism
399771133 64799329 399755371 65601402
399771255 64799329 399770457 huangiqngyu
399772666 huangiqngyu 399771255 64799329
399787565 Eamonn
399788327 Eamonn
399788388 64799329
399789588 64799329
399797651 Eamonn 399789588 64799329
399798142 yellowice
399799389 heli940613
399805359 64799329
399805444 64799329 399798142 yellowice
399805647 64799329 399799389 heli940613
399807850 yellowice 399805444 64799329
399808493 58758166
399809185 64799329 399807850 yellowice
399809474 64799329 399808493 58758166
399815439 Eamonn 399805359 64799329
399818219 64799329
399821024 dream-in-here
399826700 keelolo
399828300 64799329 399821024 dream-in-here
399828567 MJ-Z 397005246 64799329
399828977 64799329 399826700 keelolo
400287243 csssss
400298847 64799329
400299038 64799329
400301407 maybe4ever
400312334 64799329 400301407 maybe4ever
400313022 maybe4ever 400312334 64799329
400313238 maybe4ever 400312334 64799329
400315054 64799329 400313238 maybe4ever
400315201 64799329 400313022 maybe4ever
400315888 jaee
400317354 maybe4ever 400315201 64799329
400318857 64799329 400317354 maybe4ever
400319171 64799329 400315888 jaee
400319674 maybe4ever 400318857 64799329
400322606 64799329 400319674 maybe4ever
400322890 maybe4ever 400322606 64799329
400326614 64799329 400322890 maybe4ever
400327639 maybe4ever 400326614 64799329
400424543 jaee 400319171 64799329
400424929 stacey3gg
400430181 53966317
400430311 53966317
400434255 kuangyedexin 400319171 64799329
400488030 9073632
400488055 J.727
400492076 2978777
400494671 64799329 400424543 jaee
400494833 64799329 400424929 stacey3gg
400495043 64799329 400430311 53966317
400495183 64799329 400434255 kuangyedexin
400495345 64799329 400488055 J.727
400495495 64799329 400492076 2978777
400503142 xiaopenpen
400506931 40384661
400506985 64799329 400503142 xiaopenpen
400507162 64799329 400506931 40384661
400509895 xiaopenpen 400506985 64799329
400510955 64799329 400509895 xiaopenpen
400513335 65710565
400561309 64799329 400513335 65710565
400586998 65710565 400561309 64799329
400590872 guilixu402
400591961 64799329
400592164 64799329 400586998 65710565
400607125 1099682
400624654 64799329 400607125 1099682
400690364 guilixu402 400591961 64799329
400690986 64799329
400692104 guilixu402 400690986 64799329
400693147 64799329 400692104 guilixu402
400693660 guilixu402 400693147 64799329
400695917 64799329
400698607 guilixu402 400695917 64799329
400858031 64799329
400860552 darlinfish
400876533 1099682 400624654 64799329
400882157 64799329 400860552 darlinfish
400882821 64799329 400876533 1099682
400885099 1099682 400882821 64799329
400886904 64799329 400885099 1099682
400887987 1099682 396994277 fover
400889801 1099682 397479613 64799329
400909384 64799329 400889801 1099682
400912367 miaomiaomiao612
400927372 1099682 400909384 64799329
400932053 64799329 400912367 miaomiaomiao612
400939217 miaomiaomiao612 400932053 64799329
400943099 64799329 400939217 miaomiaomiao612
400945151 miaomiaomiao612 400943099 64799329
400954949 56677624
400982476 64799329 400945151 miaomiaomiao612
400982576 64799329 400954949 56677624
400989619 56677624 400982576 64799329
401044160 csssss
401053887 45297261
401119643 deaRyyy
401188365 miaomiaomiao612 400982476 64799329
401229461 64799329 401044160 csssss
401229742 64799329 401053887 45297261
401229951 64799329 401119643 deaRyyy
401230011 64799329 401188365 miaomiaomiao612
401230182 64799329 400989619 56677624
401237205 45297261
401237563 miaomiaomiao612 401230011 64799329
401237856 59722090
401238001 64799329 401237563 miaomiaomiao612
401238523 64799329 401237205 45297261
401238799 64799329 401237856 59722090
401260900 64799329 397054274 48669000
401264380 53066514
401264707 53066514
401271819 64799329 401264707 53066514
401273269 56677624 401230182 64799329
401281560 64799329 401273269 56677624
401283493 56677624 401281560 64799329
401297356 64799329
401310395 OttoBanana
401312561 csssss 401229461 64799329
401313847 64799329 401310395 OttoBanana
401314542 64799329 401312561 csssss
399829256 64799329 399828567 MJ-Z
399829741 dream-in-here 399828300 64799329
399831947 60079264
399832933 MJ-Z 399829256 64799329
399834685 keelolo 399828977 64799329
399834863 64799329 399831947 60079264
399835061 64799329 399832933 MJ-Z
399835167 64799329 399829741 dream-in-here
399835339 64799329 399834685 keelolo
399835721 60079264 399834863 64799329
399838617 dream-in-here 399835167 64799329
399840661 csssss 399666364 64799329
399843515 3644628
399846878 64799329 399835721 60079264
399847294 64799329 399838617 dream-in-here
399848591 64799329
399848778 64799329
399849579 60882601 397253783 64799329
399849779 54109088
399852012 shijiemocha
399853757 64799329 399849579 60882601
399854052 64799329 399849779 54109088
399854445 64799329 399852012 shijiemocha
399855360 hanhanHH
399855969 So.so.Mo.
399861090 54109088 399854052 64799329
399863292 Breily
399863300 64799329 399855360 hanhanHH
399863501 64799329 399855969 So.so.Mo.
399863631 64799329 399861090 54109088
399863671 64799329 399863292 Breily
399864398 Breily 399863671 64799329
399865867 hanhanHH 399863300 64799329
399870085 3644628 399848778 64799329
399870924 64799329 399864398 Breily
399871052 64799329
399871179 64799329 399865867 hanhanHH
399873481 3644628 399871052 64799329
399873975 unbelieve
399874664 Breily 399870924 64799329
399875451 45119625
399876783 64799329 399873481 3644628
399877539 3644628 399876783 64799329
399877582 64799329 399875451 45119625
399877778 64799329
399878127 54674743
399878151 45119625 399877582 64799329
399878392 3644628 399877778 64799329
399879336 64113627
399881442 64799329 399878127 54674743
399881647 64799329 399878151 45119625
399881743 64799329 399878392 3644628
399881813 64799329 399879336 64113627
399914659 Breily 399863671 64799329
399936321 64799329 399914659 Breily
399938670 64799329
399939545 3921385
399941175 panzda 396984284 64799329
399942103 64799329
399942377 64799329 399941175 panzda
399954170 panzda 399942377 64799329
399954414 46418662
399955808 panzda 399942377 64799329
399955929 panzda 399878392 3644628
399956582 64799329 399955808 panzda
399956741 64799329 399954414 46418662
399957565 panzda 399956582 64799329
399964533 64799329 399957565 panzda
399967765 46701347
399972826 64799329 399967765 46701347
400011969 3644628 399955929 panzda
400084069 65601402 399771133 64799329
400111089 64799329
400111144 64799329 400084069 65601402
400111457 65601402 400111144 64799329
400113341 64799329 400111457 65601402
400114929 65601402 400113341 64799329
400124637 Yuan.XM
400143681 So.so.Mo. 399863501 64799329
400145009 64799329 400124637 Yuan.XM
400145171 64799329 400143681 So.so.Mo.
400147415 So.so.Mo. 400145171 64799329
400149556 26874629
400150429 64799329
400151625 2766610
400159343 csssss 399848591 64799329
400160260 64799329 400147415 So.so.Mo.
400160731 64799329 400149556 26874629
400160931 64799329 400159343 csssss
400161080 64799329 400151625 2766610
400165852 26874629 400160731 64799329
400175248 64799329 400165852 26874629
400217349 64799329
400252645 tianshengmeie
400270809 64799329 400252645 tianshengmeie
400271758 snowy710
400272941 snowy710
400275060 64799329 400272941 snowy710
400280151 snowy710 400275060 64799329
400280840 46418662 399956741 64799329
401317654 OttoBanana 401313847 64799329
401324071 64799329 401317654 OttoBanana
401325981 jiaoge
401344226 64799329 401325981 jiaoge
401372510 60488271
401397490 64799329 401372510 60488271
401407992 60488271 401397490 64799329
401415506 yanniyanni
401417134 64799329 401407992 60488271
401417277 64799329 401415506 yanniyanni
401418989 46755556
401419347 60079264
401424517 64799329 401419347 60079264
401424567 64799329 401418989 46755556
401428374 60079264 401424517 64799329
401429052 60079264
401432987 64799329 401428374 60079264
401451763 17615748
401460917 yysunnyy
401538045 64799329 401451763 17615748
401546130 xi1228
401554559 64799329 401546130 xi1228
401571494 45894172
401590160 64799329 401571494 45894172
401591497 xi1228 401554559 64799329
401604881 64799329 401591497 xi1228
401622014 xi1228 401604881 64799329
401628294 shuangrenyu
401630430 64799329 401628294 shuangrenyu
401630476 64799329 401622014 xi1228
413056435 64799329
401631174 eclipseongoing
413056873 64799329
401633169 lascaux 397223320 64799329
413057143 64799329
401633297 64799329 401631174 eclipseongoing
413057256 64799329
401633532 64799329 401633169 lascaux
413058670 dizzydive
401641104 lascaux 401633532 64799329
413061319 64799329
413062704 51763986
401651711 eclipseongoing 401633297 64799329
413073735 57451690 413057143 64799329
401815127 64799329 401651711 eclipseongoing
413090209 64799329 413062704 51763986
401815738 64799329 401641104 lascaux
413090362 64799329 413073735 57451690
401826497 eclipseongoing 401815127 64799329
401844035 64799329 401826497 eclipseongoing
413176784 57451690 413090362 64799329
401927407 64799329
413176794 57451690 413090362 64799329
402206350 64799329
402211702 Just1Joker
413182380 64799329 413176784 57451690
402332377 1421197
413398976 62186166 413056873 64799329
402875281 64799329
413485178 64799329 413398976 62186166
402875350 64799329
413485725 daimon925
402875427 64799329 402211702 Just1Joker
413868778 62186166 413485178 64799329
403135505 17615748 401538045 64799329
403173238 ziliuziliu
413875408 64799329 413868778 62186166
403173709 cmysunny
413877017 amo0201
403260110 64799329 403173709 cmysunny
413904677 64799329 413877017 amo0201
403260420 64799329 403173238 ziliuziliu
413906370 amo0201 413904677 64799329
413906965 hellodxy1018
403318946 ziliuziliu 403260420 64799329
413907522 64799329 413906370 amo0201
403327315 64799329 403318946 ziliuziliu
413907617 64799329 413906965 hellodxy1018
403390623 cmysunny 403260110 64799329
413912859 amo0201 413907522 64799329
403553474 UmiNami
413913236 64799329 413912859 amo0201
403647878 delilah1019
413916562 49808652
403792289 64799329 403553474 UmiNami
413916682 yutiti1321
413917095 yutiti1321 413916562 49808652
403792524 64799329 403647878 delilah1019
413918544 49808652 413917095 yutiti1321
403793930 46150709
413918816 goodboyyu
403798712 delilah1019 403792524 64799329
413918823 64799329 413917095 yutiti1321
403948764 64799329 403793930 46150709
403950297 64799329 403798712 delilah1019
413918999 64799329 413918544 49808652
413919203 yutiti1321 413918544 49808652
403969878 delilah1019 403950297 64799329
413919663 yutiti1321 413918823 64799329
403971669 64799329 403969878 delilah1019
404101936 cody44
413919931 amo0201 413913236 64799329
404139567 50685777
413919935 64799329 413919203 yutiti1321
404187469 53949232
413920406 66662769
413920793 yutiti1321 413919935 64799329
404410867 54635636
404656062 64799329 404139567 50685777
413922439 49808652 413918999 64799329
413922795 59272939
413922842 64799329
404656186 64799329 404187469 53949232
413922921 49808652 413919935 64799329
404656300 64799329 404410867 54635636
404676152 haomy
413922930 64799329 413922795 59272939
404734539 53949232
404762666 farewellmy7
413923019 64799329 413920406 66662769
404801520 mushroom0210
413923242 64799329 413922921 49808652
404950164 64799329 404734539 53949232
413925103 yutiti1321 413922842 64799329
404950254 64799329 404762666 farewellmy7
404951698 64799329 404676152 haomy
413927020 64799329 413925103 yutiti1321
414483951 64799329
404951853 64799329 404801520 mushroom0210
414485883 65878271
414488826 59304439
404969853 haomy
404970668 48920065
414498886 64799329
404971304 41653428
415974889 64799329
405014040 64799329 404971304 41653428
417107953 64799329
405014423 64799329 404969853 haomy
417835525 blue.T
417850864 62054362
405014635 64799329 404970668 48920065
417865383 57739335
405014867 41653428 405014040 64799329
417889565 64799329 417850864 62054362
405018245 haomy
417919398 62054362 417889565 64799329
405024781 64799329 405018245 haomy
417968541 64799329 417919398 62054362
405671738 fymqiu
418195055 62054362 417968541 64799329
405789307 qwemnb123
418256126 64799329
418257113 angelvera
405799427 64799329 405789307 qwemnb123
418281603 yummyzhan
418315738 lidak47
405867912 51346304
405879918 64799329 405867912 51346304
418331031 zwzwzwzw
405988104 MsYx
406066133 48920065
418332252 64799329 418331031 zwzwzwzw
418332985 ivylazy
418418464 angelvera
406152179 64799329 406066133 48920065
418530763 64799329 418418464 angelvera
406152375 64799329 405988104 MsYx
420045498 nqw1031
406190661 MsYx 406152375 64799329
406205751 64799329 406190661 MsYx
406213733 43844127
406228309 64799329 406213733 43844127
406517390 2936817
406768675 64799329 406517390 2936817
406791788 yatwahlee
406890493 2936817 406768675 64799329
406944997 64799329
406945113 64799329 406890493 2936817
406945661 52127116
406950470 2936817 406945113 64799329
406980185 64799329 406950470 2936817
406980386 64799329
406997917 52127116 406980386 64799329
406999591 64799329 406997917 52127116
407420772 64799329
407470688 34090878
407529971 yatwahlee 406944997 64799329
407696146 64799329 407470688 34090878
407696581 64799329 407529971 yatwahlee
407698221 47536960
407704403 deaRyyy
407704827 57177327
407733811 59028619
407737051 yuyear
407789561 64799329 407704827 57177327
407789831 64799329 407733811 59028619
407790341 59028619 407737051 yuyear
407790754 64799329 407704403 deaRyyy
407791042 64799329 407737051 yuyear
407795502 deaRyyy 407790754 64799329
407799853 57177327 407789561 64799329
407800824 kelltey
407802882 64799329 407799853 57177327
407802949 64799329 407800824 kelltey
407803095 64799329 407795502 deaRyyy
407808569 zuojiaoheimao
407809732 57177327 407802882 64799329
407810708 64799329 407809732 57177327
407810851 64799329 407808569 zuojiaoheimao
407821316 zuojiaoheimao 407810851 64799329
407822677 57177327 407810708 64799329
407823468 64799329 407821316 zuojiaoheimao
407930522 yuyear 407791042 64799329
407961713 yatwahlee 407696581 64799329
407988174 zuojiaoheimao 407823468 64799329
408019542 64799329 407988174 zuojiaoheimao
408019938 64799329 407961713 yatwahlee
408020113 64799329 407930522 yuyear
408075998 59028619 407789831 64799329
408077418 59028619
408084633 64799329 408075998 59028619
408084803 64799329 408077418 59028619
408088907 lonelyforever
408102885 leonzen
408103726 42533659
408156545 64799329 408088907 lonelyforever
408156807 64799329 408102885 leonzen
408157041 64799329 408103726 42533659
408194083 42533659 408157041 64799329
408197845 64799329 408194083 42533659
408208497 42533659 408197845 64799329
408211370 64799329 408208497 42533659
408218591 42533659 408211370 64799329
408222099 64799329 408218591 42533659
408320696 3327307
408439963 64799329 408320696 3327307
408466693 3327307 408439963 64799329
408481987 64799329
409057920 64799329
409219671 61443441 397001416 64799329
409357900 onlyme1996
409369734 64799329 409219671 61443441
409369800 64799329 409357900 onlyme1996
410308574 samemood
410315116 62485062
410497725 64799329 410315116 62485062
410497917 64799329 410308574 samemood
410503925 samemood
410562093 64799329
410562187 64799329 410503925 samemood
410582688 2225514
410583788 64799329 410582688 2225514
410722407 49199131
410850901 64799329 410722407 49199131
412357342 64799329
412406632 51673291
412406806 51673291
412415215 64799329 412406806 51673291
412423364 65946034
412456440 64799329 412423364 65946034
412500429 52471140
412940729 57538090
412972325 62186166
412975667 62186166
412978840 60011840
412980000 57451690
412981489 57451690 397035402 64799329
412982357 65370041
413056273 64799329 412978840 60011840
413056370 64799329 412940729 57538090
