396976675 HouseM.D
396978131 52097555
396978140 65879349 396976675 HouseM.D
396978534 HouseM.D
396978539 65879349 396978131 52097555
396979440 24567946
396980794 65879349 396978534 HouseM.D
396981327 65879349
396984372 HouseM.D
397008058 xiaohongdou
397011618 50408775
397015067 56055792
397021898 65879349 397008058 xiaohongdou
397023527 claire77mayday
397024885 65879349 397011618 50408775
397026124 wenshy
397026193 65879349 397015067 56055792
397027258 imluckyholly
397028837 65879349 397023527 claire77mayday
397029270 50408775
397032680 65879349 397026124 wenshy
397033413 65879349 397027258 imluckyholly
397034403 xiaohongdou
397034438 65879349 397029270 50408775
397034638 64963227
397036137 65879349 397034403 xiaohongdou
397037535 xiaohongdou
397037994 65879349 397034638 64963227
397038792 65879349 397037535 xiaohongdou
397040462 45311771
397041280 65879349 397040462 45311771
397042132 xiaohongdou 397038792 65879349
397043011 MENG19
397044752 65879349
397055468 65879349 397043011 MENG19
397056808 65879349 397042132 xiaohongdou
397062873 56055792
397067050 48214150
397075768 MENG19
397081410 worldfever
397099203 HouseM.D 397067050 48214150
397099440 65879349 397062873 56055792
397103502 65879349 397067050 48214150
397104675 sil0417
397104856 65879349 397075768 MENG19
397108580 29224443
397109150 29224443
397109509 65879349 397075768 MENG19
397109768 65879349
397111345 65879349 397081410 worldfever
397113123 48214150
397113451 48214150
397114426 65879349
397114878 48824915
397116710 65879349 397108580 29224443
397117384 65879349 397114878 48824915
397117605 65879349 397113123 48214150
397119179 65879349 397113451 48214150
397128952 MENG19 397109509 65879349
397131024 65879349 397128952 MENG19
397131377 HouseM.D 397113123 48214150
397134118 65879349 397131377 HouseM.D
397158197 xmilk
397158380 59881230
397158953 51193236
397160455 jayee_
397182963 65879349 397158380 59881230
397183109 65879349 397160455 jayee_
397183312 65879349
397199085 jayee_
397206393 48206402
397266576 2410532
397268492 59881230
397275688 luoposhusheng
397288612 claire77mayday
397293036 tiffanyYUYI
397293584 4300165
397294774 53630155
397315473 48214150 397131377 HouseM.D
397365672 dudu3220
397366970 48824915
397409271 59182877
397414071 kkxavier
397535955 58341010
397541788 61250041
397611363 65879349 397535955 58341010
397611924 65879349 397199085 jayee_
397642416 65879349
397644694 65879349 397268492 59881230
397689736 15840469
397689766 youlideqinglizi
397691471 15840469
397706019 59881230
397886081 65879349
397886297 65879349 397293036 tiffanyYUYI
397888817 65879349 397365672 dudu3220
397889623 65879349 397275688 luoposhusheng
397891140 65879349 397266576 2410532
397900923 62078222
397951394 dudu3220
397953268 yao12
397954920 51699958
397966870 16676680
397967665 16676680
397977198 benbenunhappy
398001843 3109744
398064909 50798252
398096373 4130275
398186248 65879349 397900923 62078222
398186346 65879349 398064909 50798252
398186454 65879349 398096373 4130275
398186811 saintsjl
398187538 65879349 397953268 yao12
398188018 65879349 398186811 saintsjl
398190217 65879349 397954920 51699958
398191749 65879349 397691471 15840469
398192084 65879349 397541788 61250041
398194816 65879349 397689736 15840469
398195384 65879349 397158953 51193236
398195922 65879349 397414071 kkxavier
398196284 65879349 397409271 59182877
398197288 65879349 397706019 59881230
398197681 65879349 397951394 dudu3220
398198431 65879349
398199492 65879349
398200106 57071325
398200323 47794891
398203239 65879349 397966870 16676680
398206774 65879349 397967665 16676680
398207304 65879349
398208316 65879349 398096373 4130275
398208583 65879349
398209048 47794891
398209063 yao12
398211588 65879349 398200106 57071325
398211829 34383624
398212022 57948423
398217153 65879349 398001843 3109744
398218510 3109744
398219582 65879349 398200323 47794891
398220153 65879349 398218510 3109744
398222879 65879349
398223884 65879349 398209048 47794891
398224305 65879349 398209063 yao12
398224884 65879349 398200323 47794891
398225123 babilong
398225292 65879349 398212022 57948423
398226154 65879349 398225123 babilong
398226547 57948423 398225292 65879349
398227435 babilong
398227910 65879349 398227435 babilong
398228504 65879349 398226547 57948423
398228551 65879349 398226547 57948423
398240230 51193236
398263675 65879349 398211829 34383624
398263827 65879349 398240230 51193236
398265304 49447253
398276789 65879349 398265304 49447253
398282187 42021581
398282667 49447253
398289075 babilong
398290816 65879349
398291560 65879349 398282187 42021581
398292389 65879349 398282667 49447253
398297989 49447253
398308455 57948423
398325432 65879349
398325712 65879349 398308455 57948423
398325868 65879349 398297989 49447253
398358411 57948423 398325712 65879349
398362777 65879349 398358411 57948423
398365425 57948423
398376192 37957904
398398491 65879349
398398661 65879349 398365425 57948423
398399125 65879349
398399421 youlideqinglizi 397691471 15840469
398400451 15840469
398400931 youlideqinglizi
398413850 52157777
398419681 1476924
398467888 34383624
398469111 65879349 398400931 youlideqinglizi
398470716 65879349 397206393 48206402
398470844 65879349 398467888 34383624
398471958 37957904
398474162 65879349 398413850 52157777
398474732 65879349 398419681 1476924
398475363 65879349 398400451 15840469
398475457 65879349
398477652 65879349
398478099 65879349
398481518 65879349 398399421 youlideqinglizi
398490565 eden1009
398492661 65879349 398490565 eden1009
398499409 chenxiaodan
398502021 youlideqinglizi
398508856 65879349 398502021 youlideqinglizi
398510363 65879349 398499409 chenxiaodan
398510483 65879349
398510658 65879349
398510765 65879349
398511068 57750477
398514400 3045209
398515740 65879349 398511068 57750477
398517741 57750477
398520205 65879349 398517741 57750477
398520331 65879349
398521217 65879349 398514400 3045209
398521439 65879349
398522984 2517736
398523065 62078222
398523945 2517736
398525239 65879349 398522984 2517736
398525819 65879349 398523065 62078222
398526171 lilian_T
398526213 65879349 398523945 2517736
398526490 2517736 398525239 65879349
398527318 57750477
398527396 65879349 398526490 2517736
398528869 2517736
398529273 2517736
398533989 65879349 398526171 lilian_T
398534451 65879349 398527318 57750477
398535042 65879349 398529273 2517736
398535948 2517736 398535042 65879349
398536488 lilian_T
398540331 65879349
398540803 65879349 398535948 2517736
398545461 53590420
398548282 65879349 398536488 lilian_T
398553366 lilian_T
398553750 65879349 398545461 53590420
398554289 65879349
398562800 lilian_T
398564855 42539119
398582309 dljr
398592487 52157777
398638014 65879349 398562800 lilian_T
398639283 lilian_T 398638014 65879349
398639410 65879349 398564855 42539119
398641020 65879349 398582309 dljr
398641500 65879349 398592487 52157777
398643030 65879349 398639283 lilian_T
398662867 luoposhusheng 397889623 65879349
398678696 3045209
398679144 65879349 398662867 luoposhusheng
398680591 65879349 398678696 3045209
398695278 dljr
398702994 55998310
398728245 65879349 398695278 dljr
398728538 65879349 398702994 55998310
398848107 65879349
398877065 65879349
398897309 65879349
398897347 65879349
398978948 65879349
399239332 65879349
400228560 1046956
400289842 wwwlucky
400290177 65879349 400228560 1046956
400299237 duqiong112
400299781 duqiong112
400299871 GutenTag
400300513 duqiong112
400302066 53723668
400302312 65879349 400302066 53723668
400302445 65879349
400305548 duqiong112
400305796 65879349
400307380 65879349 400299781 duqiong112
400310302 65879349 400299871 GutenTag
400310623 65879349 400305548 duqiong112
400313925 duqiong112
400315634 32802482
400318035 65879349
400319248 65879349 400315634 32802482
400320440 32802482
400324396 GutenTag
400324774 GutenTag
400324955 wwwlucky
400326759 65879349
400327166 65879349 400324955 wwwlucky
400328715 65879349
400329055 65879349 400324774 GutenTag
400329273 65879349 400320440 32802482
400331690 32802482 400329273 65879349
400333380 53723668 400302312 65879349
400335036 panzda 397706019 59881230
400335259 65879349
400336192 lodysun
400337396 chengyihang
400337841 65879349
400337991 65879349
400343041 65879349 400305548 duqiong112
400343222 65879349 400336192 lodysun
400343886 65879349 400331690 32802482
400344706 65879349 400337396 chengyihang
400345403 65879349 400333380 53723668
400345703 65879349 400335036 panzda
400347311 65012135
400354925 65879349 400347311 65012135
400355674 65879349 400347311 65012135
400357431 34527048
400358446 62058886
400370701 40114709
400379721 37097251
400389171 65670463
400391636 chengyihang 400344706 65879349
400395187 65879349 400391636 chengyihang
400395290 65879349 400389171 65670463
400395434 65879349 400379721 37097251
400395621 65879349 400370701 40114709
400395969 65879349 400358446 62058886
400396295 lodysun 400343222 65879349
400396313 65879349 400357431 34527048
400396506 65879349 400396295 lodysun
400397467 FreeSee
400397539 cici1223s
400399212 65879349
400399635 65879349 400397539 cici1223s
400400581 FreeSee
400404039 yysunnyy
400404043 3806842
400404190 3806842
400405081 65879349
400405202 65879349 400404190 3806842
400405754 3150738
400406260 65879349 400404190 3806842
400406671 65879349 400404039 yysunnyy
400407224 65879349 400404043 3806842
400407368 65879349
400407985 3150738
400408087 wilhelmli
400408339 65879349
400408377 65879349 400408087 wilhelmli
400408438 3150738
400408845 65879349
400409049 3150738
400409521 65879349
400411871 lodysun
400421345 phoenixfff
400423173 3806842
400424792 QiuzhenLIN
400430592 bettycat
400433076 aka327
400446328 37097251 400395434 65879349
400447716 pinkycon
400452818 48659986
400461847 62058886
400461946 65879349 400411871 lodysun
400462145 65879349 400421345 phoenixfff
400462518 65879349
400464089 65879349 400423173 3806842
400464512 65879349 400461847 62058886
400464872 65879349 400424792 QiuzhenLIN
400464989 65879349 400430592 bettycat
400465440 65879349 400433076 aka327
400467168 nickelxie
400470800 65879349 400446328 37097251
400471062 65879349 400447716 pinkycon
400472673 65879349 400452818 48659986
400472917 2861743
400473008 luomiaomi
400477089 1046956
400479221 65879349
400479343 65879349 400472917 2861743
400479404 65879349 400473008 luomiaomi
400479542 65879349 400477089 1046956
400483186 47870697
400514493 65879349 400483186 47870697
400521518 mydragon
400523165 2861743
400526402 47118653
400538644 62058886
400550800 35317828
400556027 64320475
400558390 61758034
400560326 4373250
400563772 60688971
400575291 52372854
400600667 FreeSee 400421345 phoenixfff
400602245 64487300
400603231 phoenixfff
400603828 FreeSee 400603231 phoenixfff
400620069 mydragon 400556027 64320475
400719470 lodysun 400461946 65879349
400786729 35317828
400791006 pinkycon
400806656 isfool
400837882 PhilippLahm1111
400837911 52967821
400845653 64375890
400866220 65879349
400867788 65879349 400521518 mydragon
400871683 65879349 400523165 2861743
400871911 65879349 400526402 47118653
400872029 65879349 400538644 62058886
400872241 65879349 400550800 35317828
400878576 2861743
400881671 65879349 400550800 35317828
400881799 65879349
400882376 65879349 400556027 64320475
400882667 65879349
400882920 3144773
400883167 65826853
400883820 65879349 400560326 4373250
400884045 65879349 400563772 60688971
400884377 4373250
400884629 65879349 400575291 52372854
400885680 65879349 400602245 64487300
400886013 65879349 400603828 FreeSee
400886458 65879349 400620069 mydragon
400886596 65879349 400786729 35317828
400889491 65879349 400791006 pinkycon
400890268 42212735
400891875 65879349
400893324 57772675
400894827 65879349 400837882 PhilippLahm1111
400895532 PhilippLahm1111
400895874 65879349 400845653 64375890
400896573 65879349 400837911 52967821
400896922 65879349 400878576 2861743
400897848 65879349 400882920 3144773
400898307 65879349 400883167 65826853
400898685 65879349 400884377 4373250
400899038 65879349 400890268 42212735
400899429 65879349 400893324 57772675
400900069 65879349 400895532 PhilippLahm1111
400901505 4373250
400904175 35317828
400906602 65879349 400901505 4373250
400906914 65879349 400904175 35317828
400908054 53353023
400908746 35317828
400910582 isfool
400911231 isfool
400912186 60160445
400924237 65879349 400912186 60160445
400925196 65879349
400925557 65879349 400908746 35317828
400934548 65232430
400941821 somerby
400971631 65879349 400941821 somerby
400973835 54323163
400984538 62058886 400872029 65879349
400984919 somerby
400998527 65879349 400984919 somerby
401000288 43607054
401000465 52372854
401000954 isfool
401001091 65879349 400934548 65232430
401001258 66225037
401001581 65879349 401000954 isfool
401002020 65879349 400973835 54323163
401002125 65879349 400984538 62058886
401002237 65879349 401000288 43607054
401002422 65879349 401000465 52372854
401006573 klose_y
401014204 65879349 401006573 klose_y
401016003 58978571
401017310 65232430
401031538 65879349 401016003 58978571
401032260 65879349 401017310 65232430
401036675 53353023 400908054 53353023
401037251 48206402
401055522 54323163
401093796 65879349 401036675 53353023
401186574 mydragon
401251047 65879349 401186574 mydragon
401252097 onlybelove
401300927 65879349 401055522 54323163
401333612 65879349 400908054 53353023
401334113 65879349 401037251 48206402
401336378 65879349
401337337 56558559
401340034 65879349 401337337 56558559
401507143 65879349
401564949 47546102
401568278 curator
401576218 40540859
401592736 65879349
401592920 65879349 401564949 47546102
401593122 14076781
401593416 4275202
401593606 4275202 401593122 14076781
401594000 14076781 401593606 4275202
401594420 65879349 401568278 curator
401596396 65879349 401593416 4275202
401598550 65879349 401593122 14076781
401599136 14076781
401599748 4275202
401599984 65879349 401599136 14076781
401600285 65879349 401599748 4275202
401600344 astroooooo
401601175 4275202
401602412 65879349 401600344 astroooooo
401602561 65879349 401601175 4275202
401604120 14076781
401605332 41951262 396978534 HouseM.D
403320049 65879349
403320279 65879349
403320990 65879349
403321091 mydragon
403322017 onlybelove 403321091 mydragon
403323219 Jessica-129
403323506 65879349
403323601 65879349 403323219 Jessica-129
403324041 65879349 403321091 mydragon
403324999 onlybelove
403325437 isfool
403349057 66225037
403350536 65879349 403324999 onlybelove
403350628 onlybelove 403350536 65879349
403351397 65879349 403325437 isfool
403351951 65879349 403350628 onlybelove
403352147 onlybelove 403351951 65879349
403353654 65879349 403352147 onlybelove
403353926 onlybelove
403356480 65879349 403353926 onlybelove
403361504 onlybelove
403370488 65879349 403361504 onlybelove
403376518 mydragon
403377925 lulusheep
403378269 mydragon
403380831 65879349 403376518 mydragon
403381108 65879349 403377925 lulusheep
403382197 65879349 403378269 mydragon
403619953 3914407
403630727 64405131
403691344 mydragon 403382197 65879349
403693526 pbchen
403693941 yekeliang
403742037 65879349 403691344 mydragon
403742574 65879349
403743379 65879349 403619953 3914407
403743897 6223552
403746218 65879349 403693526 pbchen
403746741 65879349 403693941 yekeliang
403747620 65879349 403743897 6223552
403748394 pbchen
403754007 6223552
403761147 48957874
403763072 46912177
403763476 14025183
403769482 yekeliang 403746741 65879349
403795691 64405131
404015164 48957874
404015177 48957874
404015222 48957874
404048310 kklljji
404051072 mydragon 403742037 65879349
404051156 mydragon 404048310 kklljji
404054524 mydragon 403748394 pbchen
404056732 twista
404058582 48875638
404058809 mydragon 404058582 48875638
404065162 pbchen 404054524 mydragon
404074598 mydragon 404065162 pbchen
404088339 35249091
404363170 53759444
404371956 coldvoilet
404408055 37097251
404549910 4188593
404559426 54267337
404562452 37025309
404579553 53534676
404580178 53534676
404581081 53534676
404583217 58219000
405378275 65879349
405382074 65879349 403761147 48957874
405383113 LLdeodorant
405384382 65879349 403763072 46912177
405385820 65879349 405383113 LLdeodorant
405385877 65879349 404583217 58219000
405387258 65879349 403748394 pbchen
405387514 65879349 403754007 6223552
405387809 babyneonsay
405411515 48353679
405411855 42820662
405449667 66428529
405462132 66620723
405552166 59182877
406139311 48957874
406304108 1171705
406797734 50798252
406802621 vi_c_
408276919 59182877
408388851 rushiwangyou
408390629 50545152
412697653 52471140
401606165 48218002
401606434 14076781 401605332 41951262
401607147 4275202 401594000 14076781
401623904 65879349 401604120 14076781
401624393 65879349 401606165 48218002
401625597 65879349 401607147 4275202
401626167 curator
401628974 65879349 401605332 41951262
401629299 65879349 401626167 curator
401633291 curator 401629299 65879349
401634582 astroooooo
401646478 54388795
401662151 56151968
401663000 56151968
401663248 HouseM.D 401605332 41951262
401666197 xmilk
401668233 59370437
401715494 onlybelove
401754518 65879349
402138156 65879349 401715494 onlybelove
402138472 65879349 401668233 59370437
402138833 65879349 401666197 xmilk
402139078 65879349 401663000 56151968
402139425 65879349 401633291 curator
402139654 65879349 401634582 astroooooo
402140125 65879349 401662151 56151968
402140919 65879349 401646478 54388795
402142019 61873362
402186517 38256333
402199580 3700514
402215334 mydragon 401251047 65879349
402216113 mydragon 402139078 65879349
402219673 mydragon
402220054 43940371
402220084 mydragon 402186517 38256333
402221821 mydragon
402226071 fish7s
402237780 nickelxie 402221821 mydragon
402241107 41951262 401606434 14076781
402242629 14076781 402241107 41951262
402243393 2796590
402445368 mydragon 402243393 2796590
402446649 mydragon 402241107 41951262
402464668 41951262 402446649 mydragon
402494144 mydragon 402464668 41951262
402505150 2796590 402445368 mydragon
402533189 mydragon 402505150 2796590
402544210 HerbaVisci
402544809 HerbaVisci 402446649 mydragon
402557107 41951262 402494144 mydragon
402644198 54388795
402674146 65879349 402215334 mydragon
402675926 65879349 402216113 mydragon
402676245 65879349 402226071 fish7s
402676573 65879349 402219673 mydragon
402676645 65879349 402220054 43940371
402677409 ziyoudouban
402678425 65879349 402544210 HerbaVisci
402678495 65879349 402677409 ziyoudouban
402678830 65879349 402644198 54388795
402683424 elaine1024
402685764 65879349 402142019 61873362
402685872 65879349 402683424 elaine1024
402686383 65879349 402186517 38256333
402687465 65879349 402199580 3700514
402688215 65879349 402219673 mydragon
402689895 65879349 402243393 2796590
402690598 65879349 402533189 mydragon
402720370 65879349
402720514 mydragon
402721036 mydragon 402674146 65879349
402723858 65879349 402720514 mydragon
402724079 53280984
402725455 65879349 402721036 mydragon
402725566 65879349 402724079 53280984
402727529 53280984 402725566 65879349
402731688 65879349 402727529 53280984
402735835 56111667
402819698 isfool 402139078 65879349
402851037 61249197
403060124 65879349 402735835 56111667
403060682 65879349 402819698 isfool
403061498 65879349
403065347 57486573
403076956 56111667
403109357 65879349 403076956 56111667
403110292 65879349 403065347 57486573
403119633 w44
403184865 isfool
403190890 42273412
403250706 mydragon
403254469 Jessica-129
403256890 57486573
403292139 onlybelove
403315709 65879349 403292139 onlybelove
403315875 65879349 403256890 57486573
403317020 65879349 403254469 Jessica-129
403317653 onlybelove 403315709 65879349
403318100 65879349 403250706 mydragon
403319598 65879349 403190890 42273412
