396988584 47604751
396988771 Machobabe347
396989281 47423748
396989426 43182548
396990070 d1aoyq
396990320 47583619
396990958 48601577
396990970 daisy_said
396991832 51763986
396993790 asuka321
396994271 niki0414
396997034 breadwalk
396997176 58549160
396997207 qiansdyh
397000119 56055792
397000584 47990710
397001527 flamepulse
397004094 4182448
397004604 52220627
397004920 54829025
397006158 x-13
397006607 noret
397007905 55368544
397008400 4157067
397008650 mingnianjiewang
397009179 45059404
397016893 45164776
397023547 aboutUs
397024180 dayday301
397024855 53479104
397034575 31716665
397037829 57601145
397040291 isuncye 397034575 31716665
397052406 46270821
397125586 48579433
397126896 LiH
397127699 40580049
397129038 enjoyYClee
397131856 45657471
397132859 tou0306
397134205 fenbixiaoxin
397135707 zigzagcheer
397138031 3558985
397138906 41633901
397148804 mayday_lu
397154428 26499920
397154527 57940081
397154621 daisy_cheung
397154664 62641296
397155145 24331080
397155378 4505256
397155565 choey
397155677 Yuu920118
397155756 syubuting
397155816 tongtongxdrl
397156922 46026616
397156935 misssong
397157026 4024435
397158451 51965246
397159459 52640941
397159914 4157067
397160897 xionngmeng
397161037 xionngmeng 397159914 4157067
397161221 ellenguan19
397161539 2201090
397161724 willowshaw
397164763 48363266
397166582 jiangjiang10
397167067 gemmaprincess
397168780 aimar 397040291 isuncye
397169014 55756813
397169949 18392648
397170756 15840469
397172580 60765094
397176886 65934152
397178107 Conjugalbed
397179399 foreverxh
397196598 Ms_Right
397234247 1117514
397234803 65153576
397235505 haroro
397236563 54829025
397238268 miRroRtic
397240167 2907610
397247936 61792936
397253176 isuncye
397253982 4600174
397254163 58468257
397255295 51511166
397255432 49452669
397441304 isuncye 396989281 47423748
397441341 isuncye 397125586 48579433
397441363 isuncye 397158451 51965246
397441435 isuncye 397159914 4157067
397441535 isuncye 397161037 xionngmeng
397441547 isuncye 397167067 gemmaprincess
397441564 isuncye 397168780 aimar
397441577 isuncye 397169949 18392648
397441605 isuncye 397196598 Ms_Right
397441660 isuncye 397240167 2907610
397441676 ilovewallace
397441792 isuncye 397253982 4600174
397442230 51030629
397442352 pima_y
397442827 50260997
397444281 48173279
397444743 Diana332
397444985 mizuki11
397445025 toxic717
397445252 49308722
397445263 momo-w
397445804 manch456
397446228 51736868
397446236 twining
397446396 48264542
397446613 48856882
397447119 42664760
397447307 sisless
397449766 3413910
397452856 34659477
397456096 47987897
397456359 Seven.F
397456594 2691509
397456941 59792062
397457829 52840010
397458842 Love-myself
397459329 63910968
397460187 44350031
397461660 57667810
397462277 58315725
397463882 48780748
397463978 47716157
397464758 52886261
397465700 9387368
397466168 realsugar
397466531 4157067
397467276 oyeahheroin
397468106 50680625
397468846 45267441
397468914 onlyalice
397468952 3750792
397470649 49147485
397472556 33925240
397473420 isuncye
397474034 51649235
397476090 3495505
397482045 sorrow_fan 397159914 4157067
397482279 sorrow_fan
397484714 50062390
397498192 34334392
397499436 4080316
397520566 isuncye 397482279 sorrow_fan
397521882 sisless
397522685 sisless
397524900 cheer7ove
397526223 rathers
397530728 44291042
397536254 xiaomangren
397538844 enchanter0606
397539109 euphemiax
397544155 57424128
397547440 49104735
397547861 50612216
397548212 53569681
397548897 52465424
397549198 49104735
397551914 1883132
397555655 youngforu
397577254 mermaidinjeans
397579449 62032115
397579961 4267527
397580340 54080854
397581740 babyneonsay
397587392 58828962
397592632 40960005
397594740 2870277
397603650 59368715
397604168 49797412
397612191 59650262
397616126 kafish
397618450 fenbixiaoxin
397620414 3068858
397620795 33661821
397767656 6776629
397789619 willowshaw
397621245 superdxx
397790393 57682067
397622135 alanailan
397791837 joicezhu
397626547 Angelachang 397159914 4157067
397793160 34621046
397629311 43225254
397793256 34621046
397655329 47533910
397793549 57667810 397441341 isuncye
397657471 x__________i
397797423 45198163
397659533 32001865
397798755 pettyfer_3
397672603 48192793
397832868 62861945
397679226 47514656
397835631 Emina
397685373 54890458
397837793 14260887
397753376 50565376
397877694 49851009
397754928 Christine_zi
397897203 53116355
397757552 56079012
397989428 densirenji
397757871 65631288
398002304 clorismile
397758526 45666588
397759756 19475324
398060797 50798252 397989428 densirenji
397761495 suffering0
398078925 yizki
398080780 rhy-
398089667 58935775
398090323 46755556
398090971 44149116
398092252 59600451
398093703 foolishcat
398094319 32925184
398096084 56693492
398111210 49304504
398112356 46026616
398114130 59175312
398114434 36775249
398123186 murmur19
398148967 2630199
398226986 50086535
398227326 50086535
398280699 64932773
398484532 3750792
398486769 41336999
398505238 37342864
398575720 sisless
398577838 esgape
398580233 isuncye
398594250 3484680
398663484 eden1009 397159914 4157067
398681876 sawakoluvian
398710537 pbchen
398713217 2543166
398714417 3923443
398735381 27411621
398738853 youfengtang
398746913 65062380
398842476 4600174 397441792 isuncye
398844421 3968865
398846588 54674743
398846594 54674743
398872456 39011288
398886062 46302537
398886149 xpsxps
398886157 xpsxps
398908631 46206709
398927558 64663672
399054763 44888358
399073809 40789862
399115326 48425804
399115471 mimo525
399121396 41933917
399123631 hala123
399128871 4866658
399130342 51364808
399135945 48817288
399139528 25966885
399147517 linamo
400343957 isuncye
400347130 3293007
400363006 4622933
400366436 50571924
400367388 46097846
400370641 62612632
400372736 54855397
400373480 2135144
400373895 matilda789
400375637 57601145
400377894 29211262
400395489 1825508
400395917 lsc920
400398004 april429
400399018 fireaida
402374592 foolishcat
402497332 64584193
402549326 bluefish.
402962041 xwhite
403901166 shenyiqianmian
403921934 isuncye 403901166 shenyiqianmian
403932891 60300095
403938006 58493008
403975219 hyeaeo
403975372 54247166
404243038 shenyiqianmian 403921934 isuncye
404246849 yeyiyi
404250998 pinklove0922
404253111 46522940
404254968 4015151
404257257 54267337
404270143 isuncye 404243038 shenyiqianmian
404610408 isuncye
404627933 53940110
404716543 47847286
404771202 FSRMD
404802912 Leeeegendary
404807922 44691918
404845043 47847286
404849064 dudubean
404965705 64454830
410363899 40382843
410363901 40382843
410366096 baby--fat
410367227 vivianteng
410545058 yezi23
411744927 zxl111
411748913 64313394
411752711 hooiphone
411790644 29262650
411792713 44392892
411814147 3890396
411827845 52507108
