397633839 SHITTT
397633920 65748185
397633982 64699773
397634039 46980358
397634054 57513114
397634238 2728555 397633839 SHITTT
397634245 dbxiaozhu
397634593 2728555 397633920 65748185
397634732 2728555 397634054 57513114
397634823 41816182
397634999 2728555 397634245 dbxiaozhu
397635016 yuanlaiyaai 397633982 64699773
397635175 2728555 397634823 41816182
397635235 yuanlaiyaai 397634039 46980358
397635279 2728555 397635016 yuanlaiyaai
397635361 cheese_touch
397635368 yuanlaiyaai 397634245 dbxiaozhu
397635424 2728555 397635235 yuanlaiyaai
397635730 2728555 397635361 cheese_touch
397635731 yuanlaiyaai 397635424 2728555
397635734 57513114 397634732 2728555
397635868 dbxiaozhu 397635368 yuanlaiyaai
397635944 2728555 397635731 yuanlaiyaai
397636054 yuanlaiyaai
397636422 2728555
397636564 57513114 397636422 2728555
397636626 59139980
397636973 yuanlaiyaai 397636626 59139980
397637646 52481628
397637816 2728555 397636973 yuanlaiyaai
397637817 55888853
397638136 64699773 397635016 yuanlaiyaai
397638495 carrotlong
397638870 49125515
397638944 2728555 397638136 64699773
397639124 2728555 397638495 carrotlong
397639203 46980358 397635235 yuanlaiyaai
397639335 2728555 397638870 49125515
397639498 connic
397639613 yuanlaiyaai 397638136 64699773
397639647 64699773 397638944 2728555
397639879 64699773 397639613 yuanlaiyaai
397640000 yuanlaiyaai 397639647 64699773
397640341 2728555 397640000 yuanlaiyaai
397640527 missmagicalmomt 397639498 connic
397640779 2728555 397639498 connic
397640844 64699773 397640000 yuanlaiyaai
397641097 64699773 397639498 connic
397641278 yuanlaiyaai 397640844 64699773
397641974 sunny810
397642017 64699773 397641278 yuanlaiyaai
397642097 connic 397640527 missmagicalmomt
397642404 38460478
397644689 midanta
397645164 2728555 397640844 64699773
397645504 2728555 397641974 sunny810
397645730 2728555 397642404 38460478
397645783 2728555 397644689 midanta
397646312 2728555
397646718 sunny810 397645504 2728555
397647209 56040270
397647250 2728555 397646718 sunny810
397648545 53319552
397648666 sunny810 397647250 2728555
397649005 2728555 397648666 sunny810
397649084 2728555 397649005 2728555
397649336 sunny810 397649005 2728555
397649545 2728555 397649336 sunny810
397649852 2728555
397650615 2728555
397651332 2728555
397652239 65980512
397653646 2728555 397652239 65980512
397654078 2728555 397652239 65980512
397654930 65980512 397654078 2728555
397655429 sunny1006
397655794 34349413
397656698 2728555 397654930 65980512
397657158 2728555 397655794 34349413
397657337 2728555 397655429 sunny1006
397657880 65980512 397657158 2728555
397657963 64699773 397645164 2728555
397657978 65570320
397658538 53219802
397658756 65980512
397658784 youlideqinglizi
397658871 helloldq
397659172 65980512 397657963 64699773
397659644 64699773 397659172 65980512
397660191 2728555 397658756 65980512
397660307 2728555 397659172 65980512
397660460 65980512 397659644 64699773
397660692 2728555 397657963 64699773
397661199 2728555 397660460 65980512
397661492 65980512 397660307 2728555
397661603 2728555
397661847 2728555 397661492 65980512
397661931 2728555 397661492 65980512
397662333 peiling0515
397662851 2728555 397661492 65980512
397663289 2728555 397662333 peiling0515
397663690 64699773 397660460 65980512
397664366 2728555 397663690 64699773
397665372 64699773 397664366 2728555
397665503 jesx
397666801 65980512
397666931 64932773
397667225 peiling0515 397663289 2728555
397667530 65980512
397667877 2728555
397668197 3983104
397668358 61501651 397656698 2728555
397668372 2728555 397667530 65980512
397668899 2728555 397668358 61501651
397669120 64699773 397666801 65980512
397669534 2728555 397668197 3983104
397670056 2728555 397669120 64699773
397670874 64699773 397670056 2728555
397672026 jiangjiang10
397672368 61501651 397668899 2728555
397673300 2728555 397672026 jiangjiang10
397673338 65980512 397672368 61501651
397673628 jesx 397667530 65980512
397673688 2728555 397672368 61501651
397674133 2728555 397673338 65980512
397674602 2728555 397672368 61501651
397674936 2728555
397675298 61501651 397674602 2728555
397675872 2728555 397674936 2728555
397675917 65980512 397674133 2728555
397676133 SSQBS
397677972 sunny1006 397657337 2728555
397678130 2728555 397675917 65980512
397678526 53219802
397678745 2728555 397677972 sunny1006
397679464 2728555 397678526 53219802
397680401 2728555
397682366 65980512
397682593 64557021
397682697 2728555
397683022 2728555 397682593 64557021
397684799 2728555
397688972 2728555 397666931 64932773
397694293 53562893 397642404 38460478
397698808 2728555 397694293 53562893
397700411 Sibelline
397700861 pima_y
397705281 38460478 397694293 53562893
397708212 2728555 397700861 pima_y
397709129 48578279
397715841 52396881
397722107 2728555 397715841 52396881
397728329 52396881 397722107 2728555
397728657 56645977
397729649 53562893 397705281 38460478
397733253 4080316 397636422 2728555
397733280 2728555 397728657 56645977
397734715 xxh-
397745115 2728555 397728329 52396881
397753217 56645977 397733280 2728555
397754127 34090878
397757465 pima_y 397708212 2728555
397765534 appstore2012
397768595 sbluefish
397768783 43946650
397772611 2728555 397733253 4080316
397773268 2728555 397765534 appstore2012
397774305 2728555
397774488 2728555
397774616 46026616
397782710 jiangjiang10 397673300 2728555
397786023 53253118
397840729 felicitouslife
397841266 hellosugar
397841950 hellosugar
397852873 62861945
397876872 SSQBS 397841950 hellosugar
397964212 50825899 397639498 connic
397965925 50825899
397980722 lexiaolan
398040554 sunny1006 397678745 2728555
398042283 xiaokaca
398099289 53159802
398099554 53159802
398104147 tashuai 397634732 2728555
398104674 cheero
398107127 enjoy199x
398108686 rabbitzfl
398115542 50798252
398310040 sunshine__wang
398398583 52396881 397745115 2728555
398402245 39561069
398405653 52396881
398411200 64188835
398434086 mingmingzhen
398452692 ZillahTiptoe
398452755 59391081 398115542 50798252
398453402 59391081
398454197 wangpeng218x 398452692 ZillahTiptoe
398457475 48264542
398463411 keke729
398465186 jo9o
398487310 65879349
398501634 ZillahTiptoe
398501865 1420395
398509362 65251366
398510730 wangpeng218x 398501634 ZillahTiptoe
398512261 ZillahTiptoe
398515837 wangpeng218x 398512261 ZillahTiptoe
403030909 58758166
403051308 3280775
403068330 sxhbaby
404675777 46830074
404679784 44998949
409772127 2720541
415438298 allabout_y 397639498 connic
415451507 58610246
418515046 samansa0087
418825097 66835372
418827427 58636427
418827903 bokunomirai
418828997 45543265
418833228 61229785
418833315 56871464 403068330 sxhbaby
418836579 carolzjw
418919194 62904067 397634039 46980358
418920487 VVcook
419071276 3883741
419231567 happeness
419233981 51946702
419234022 41172647
