397680205 yuhsi
397680396 65980512
397680911 65980512 397680205 yuhsi
397682252 yuhsi 397680911 65980512
397682699 yuhsi 397680911 65980512
397683492 65980512 397682252 yuhsi
397683665 luv_ljpp
397684228 65980512 397683665 luv_ljpp
397687362 47623216
397687710 65980512 397687362 47623216
397688424 47337766
397688538 2837245
397689757 65980512 397688424 47337766
397690014 65980512 397688538 2837245
397690696 47623216 397687710 65980512
397690827 changin
397690915 shoudao80
397691275 youlideqinglizi
397693644 65980512 397690915 shoudao80
397694061 65980512 397691275 youlideqinglizi
397695736 60906253
397697111 54812191
397697762 65980512 397695736 60906253
397698001 65980512 397697111 54812191
397702107 39804632
397704359 54812191 397698001 65980512
397704958 Ansyu
397705857 dai0709
397706028 65980512 397705857 dai0709
397706238 65980512 397704958 Ansyu
397734547 youlideqinglizi 397694061 65980512
397736691 holliow
397738396 64482815
397753309 Christine_zi
397755241 21000355
397755560 54812191 397755241 21000355
397968924 65980512 397736691 holliow
397969955 65980512 397738396 64482815
397970291 ciwei1994
397970383 65980512 397755241 21000355
397970561 xiai999
397970693 65980512 397755560 54812191
397971093 migaor
397972013 4020549
397973220 Mokulove
397973934 65980512
397974106 65980512 397971093 migaor
397974222 65980512 397972013 4020549
397975001 65980512
397975264 migaor 397974106 65980512
397975699 caosiying
398001112 65980512 397975264 migaor
398001417 65980512 397975699 caosiying
398001798 kill_the_man
398002334 65980512 397970561 xiai999
398002465 65980512 398001798 kill_the_man
398003044 65980512 398001798 kill_the_man
398004039 ll1219
398004520 migaor 398001112 65980512
398005010 currygo
398005383 65980512 398004039 ll1219
398005722 65980512 398004520 migaor
398006654 65980512 398005010 currygo
398006981 39804632 397970561 xiai999
398007594 currygo 398006654 65980512
398008877 migaor 398005722 65980512
398009297 65980512 398006981 39804632
398009817 xiai999 398006981 39804632
398009871 65980512 398008877 migaor
398010248 65980512 398009817 xiai999
398010324 37865374
398010916 migaor 398009871 65980512
398011104 65980512 398010324 37865374
398012017 65980512 398010916 migaor
398012612 6041204
398012882 migaor 398012017 65980512
398013899 39804632 398009297 65980512
398014044 37865374 398011104 65980512
398014426 39804632 398009817 xiai999
398014542 65980512
398014647 65980512 398012882 migaor
398014667 SuperDora
398015218 obagannastlye
398015235 65980512 398014426 39804632
398015326 39804632 398011104 65980512
398016201 65980512 398014667 SuperDora
398016341 39804632 398015235 65980512
398017156 65980512 398015326 39804632
398018518 65980512
398018680 39804632 398017156 65980512
398019225 65980512 398016341 39804632
398019417 65980512 398018680 39804632
398019721 a371623866
398020081 65980512 398007594 currygo
398020545 migaor 398014542 65980512
398021205 65980512
398021738 65980512 398020545 migaor
398021784 61422074
398022017 yo_ly1989
398022023 a371623866 398021205 65980512
412384726 bilibalaboom
412390666 57285327
412397818 52979961
412405055 55954197
412412375 61078001
412451420 66715233
412524194 mmdmdd
412531669 1504505
412533078 hananqi
412919941 53980531
412931582 57538090
412938163 41882343 398009297 65980512
414453070 3883741 397684228 65980512
414455779 60751791
414462688 kitty_jing 397689757 65980512
414468236 49069878
414563659 asui_cx
414584864 2201636
414586910 48230145
414589668 Michelle_Han
414591439 48372993
414593213 44463439
414603759 41882343 414453070 3883741
414638010 shadowlui
414641986 3883741 414603759 41882343
416307802 2720541
416466791 63246871
417795579 60300095
417797293 Victoria.
417800962 3209634
417802940 wangpeng218x
417815402 wangpeng218x
417987004 49745566
418077204 31613594
398022267 65980512 398021784 61422074
398022663 migaor 398021738 65980512
398022689 65980512
398022767 61422074
398022900 65980512 398022663 migaor
398022924 jiangjiang10
398023169 65980512 398021784 61422074
398023855 65980512 398022924 jiangjiang10
398024038 SuperDora 398016201 65980512
398024711 65980512 398024038 SuperDora
398025333 a371623866 398022689 65980512
398026914 46172705
398027675 migaor 398022900 65980512
398028073 52363007
398028447 SuperDora 398024711 65980512
398028602 65980512 398025333 a371623866
398028755 obagannastlye 398018518 65980512
398028920 65980512 398028447 SuperDora
398029400 65980512 398028073 52363007
398029479 52687974
398029947 65980512 398026914 46172705
398030211 65980512 398027675 migaor
398030614 migaor 398030211 65980512
398031892 a371623866 398028602 65980512
398032617 65980512
398033126 65980512 398030614 migaor
398033270 jessica210
398033341 65980512 398031892 a371623866
398033730 65980512 398033270 jessica210
398034083 a371623866 398033341 65980512
398034473 jessica210
398035345 jessica210 398033730 65980512
398036067 65980512
398037210 47526491
398039974 mvwmwvm
398040744 64113707
398042889 xiaokaca
398053243 65980512 398037210 47526491
398053605 65980512 398039974 mvwmwvm
398054733 65980512 398040744 64113707
398055935 65980512 398042889 xiaokaca
398056649 65980512 398042889 xiaokaca
398057424 65980512 398040744 64113707
398069944 65980512
398074659 64113707 398054733 65980512
398075763 64113707 398057424 65980512
398083222 obagannastlye 398032617 65980512
398111712 47526491
398111880 47526491
398117932 2201090 397970693 65980512
398197858 65980512 398074659 64113707
398280003 xiaokaca 398055935 65980512
398294637 45343772
400897577 48686017
401181633 Nancypaopao
410295807 50274923
410414620 48676004
410419991 qigan
410421271 52912755
411693680 62525705
411697198 65980512 398111880 47526491
411697534 creeppin
411697683 creeppin
411698602 jelly1990
411728623 31957021
411731128 39181661
411742510 39766341
411750247 mizuu
411754514 49968605
411763534 da-xiong-mao 397690014 65980512
411803983 3883741
411809038 26920808 411697198 65980512
411810511 26920808 398030211 65980512
411816918 nemofishhome
411962652 duoduoyu1223
411969171 lenasang
411971496 missif
411975497 zrenata
411978052 62782004
411987054 willowshaw
412041672 tianzhueyesonme
412049793 61409575
412061495 55482911
412191932 duoba277
412233795 27536773
412252657 lareinaliv
412253831 53091490
412255796 44639329
412283459 imluckyholly
412298122 orangelov3r
412299462 49166139
412311716 44581340
412317925 duoba277
412339465 61038001
412341205 50274923
412347323 huisiumui
412376243 44581340
412380601 55713818
412382964 asui_cx
412384645 gxy711
