398009990 hxr313
398011669 6041204
398011700 chuanlace
398012311 obagannastlye
398016104 48601577
398051202 40849414
398060330 wangellendaren
398093656 45917791
398094006 58037396
398094103 45917791
398095916 47220886
398096095 2081443
398096749 wangellendaren
398097655 3034062
398108384 wangying9018
398108757 45917791
398109122 45917791
398109237 45152845
398136053 45917791 398011700 chuanlace
398136147 45917791 398109237 45152845
398136300 45917791 398009990 hxr313
398136714 warmgun1983
398137633 jujo
398137980 ausdauer
398139028 45917791
398139152 45917791 398137633 jujo
398139397 45917791 398136714 warmgun1983
398139603 fsds
398139653 45917791 398137980 ausdauer
398140263 loveshe
398140642 60723787
398140697 60723787 398140642 60723787
398140715 45917791 398108384 wangying9018
398141030 xawa
398141236 45917791 398140263 loveshe
398141443 45917791 398141030 xawa
398141724 ultraboy
398142074 45917791 398140697 60723787
398142234 45917791 398141724 ultraboy
398143571 45917791
398143750 45917791 398139603 fsds
398144117 xawa 398141443 45917791
398144701 20708008
398145767 60300096
398145969 20708008
398146141 45917791 398144701 20708008
398146447 45917791 398144117 xawa
398146722 45917791 398145767 60300096
398147021 45917791 398145969 20708008
398147548 64359662
398147779 45917791
398147896 53698079
398148163 45917791 398147548 64359662
398148638 45917791 398147896 53698079
398149119 53698079
398151861 45917791 398149119 53698079
398152656 loveshe
398152659 nemofishhome
398153358 45917791 398152656 loveshe
398153808 loveshe 398153358 45917791
398153814 45917791 398152659 nemofishhome
398154106 45917791 398153808 loveshe
398154305 20708008 398146141 45917791
398154943 mruu
398155212 45917791 398154305 20708008
398156404 54274620
398156596 4409680
398156840 54274620
398157498 45917791 398156840 54274620
398157851 45917791 398156596 4409680
398157957 54274620
398158250 cheer7ove
398158255 45917791 398156404 54274620
398158387 54274620
398158739 45917791 398157957 54274620
398159028 54274620
398159346 54274620
398159422 45917791 398158387 54274620
398160266 45917791
398160927 45917791 398158250 cheer7ove
398160995 54274620
398161541 45917791 398160995 54274620
398162447 49584292
398163481 cheer7ove 398160927 45917791
398164075 44606357
398164674 45917791 398162447 49584292
398166807 45917791 398164075 44606357
398166827 57804928
398167313 45917791 398166827 57804928
398167913 wybo8888
398168307 sopadepollo
398168747 49584292 398164674 45917791
398169500 58318348
398173216 57804928 398167313 45917791
398182674 45917791
398183407 45917791 398169500 58318348
398183632 45917791 398183407 45917791
398183700 nemofishhome 398153814 45917791
398183929 57713939
398184209 45917791 398183700 nemofishhome
414589170 anada0630
415045935 63250685
415524483 45917791
415524563 45917791 414589170 anada0630
415525023 45917791 415045935 63250685
415532322 sateay 415524483 45917791
415793753 63250685
415798915 Kcelia17
416693406 45917791 415798915 Kcelia17
416694119 66276937
416695018 3921385
416717613 x550xt 398141236 45917791
416727488 sisi-in
398808199 MolinCheung
398808346 nonojefferson
398833447 45917791
398833580 45917791 398808346 nonojefferson
398834650 45917791 398808199 MolinCheung
398835245 45917791
398838599 MolinCheung 398834650 45917791
398879769 45917791
398880029 45917791 398838599 MolinCheung
398944528 45917791
398979463 47733314
398979721 47733314
398980086 29894747
399002118 64774625
399027486 2318830 398980086 29894747
399305018 45917791 398979721 47733314
399306048 45917791 399002118 64774625
399306331 45917791 398980086 29894747
399306566 45917791 398979463 47733314
399311420 29894747 399306331 45917791
399955031 45917791 399311420 29894747
399997302 64613819
399999278 4585200
400008454 49919817
400011587 littlewing
400013474 tastemyfeels
400016792 45917791 399997302 64613819
400018789 45917791 399999278 4585200
400019059 45917791 400008454 49919817
400019368 45917791 400011587 littlewing
400020307 45917791 400013474 tastemyfeels
400020492 49928144
400021351 45917791 400020492 49928144
400022867 49928144
400061404 45917791 400022867 49928144
400147284 64613819 400016792 45917791
400186415 45917791 400147284 64613819
400187062 45917791 400147284 64613819
400220352 1835400
400222257 1835400
400226302 39738049
400243988 dreamx
400280908 45917791 400220352 1835400
400281110 45917791 400222257 1835400
400281251 45917791 400226302 39738049
400281748 45917791 400243988 dreamx
400303228 32747546
400304317 59691712 398095916 47220886
400336078 47220886 400304317 59691712
400666925 59691712 400336078 47220886
400667566 4585200 400018789 45917791
401076707 45917791 400667566 4585200
401076861 45917791 400303228 32747546
402386295 45917791
402387176 ruru1117
402389239 48854602
402610939 45917791
402611362 45917791 402389239 48854602
404069877 45917791
404093312 48529866
404517655 57802578
404517878 63597304
404754407 45917791 404517655 57802578
404754537 45917791 404517878 63597304
404755118 63621017
404758626 63597304 404754537 45917791
404761136 34322497
406714975 45917791 404761136 34322497
406727081 50493398
406763091 34322497 406714975 45917791
408575529 45917791 406727081 50493398
408577218 45917791 406763091 34322497
408578571 34322497 408577218 45917791
408889603 45917791 408578571 34322497
408891884 MartinLane
409442293 43733206 408889603 45917791
409446519 3289644
410638900 45917791 409442293 43733206
410639111 45917791 408891884 MartinLane
410639656 45917791 409446519 3289644
410640975 asdzhounan
410641218 30029218
410641438 Ariovistus
410738654 MartinLane 410639111 45917791
410743310 43733206
410836249 45917791 410640975 asdzhounan
410836624 45917791 410641218 30029218
410838351 57824721
410838984 45917791 410838351 57824721
410839882 57824721 410838984 45917791
410840991 61719332
410861480 30029218 410836624 45917791
410980165 45917791 410839882 57824721
410980490 45917791 410840991 61719332
410981449 cherrybomb.
410984153 sateay
414571761 45917791 410981449 cherrybomb.
414571914 45917791
414575679 cherrybomb. 414571761 45917791
414588117 sateay 414571914 45917791
398418846 50978745
398420184 sharronli
398420353 sharronli
398472346 37957904
398472726 fengqingwei
398475827 57713939
398479489 yoyika
398481511 annonymous
398482383 58318348
398482932 58318348
398485330 58318348
398496507 59708392 398420184 sharronli
398501215 65766511
398559267 47457505 398475827 57713939
398559754 47457505 398482383 58318348
398560750 47457505 398482932 58318348
398564901 44731373
398587463 6041204 398472346 37957904
398587851 6041204
398587985 6041204
398601428 51282785
398609347 47220886
398610314 64613819
398631067 58318348 398559754 47457505
398633822 49722090
398635767 47457505 398631067 58318348
398670144 45917791 398501215 65766511
398670378 45917791 398587985 6041204
398670453 45917791 398633822 49722090
398670709 45917791 398610314 64613819
398670976 45917791 398418846 50978745
398671533 2318830
398671665 50978745 398670976 45917791
398671810 45917791 398559267 47457505
398672241 2318830 398481511 annonymous
398673851 2318830 398601428 51282785
398674502 2318830 398420184 sharronli
398676654 45917791 398671533 2318830
398677022 45917791 398601428 51282785
398679256 50814790
398679822 45917791 398472726 fengqingwei
398681711 SSQBS
398682408 deadcry
398682926 fengqingwei 398679822 45917791
398685393 45917791 398679256 50814790
398685900 45917791 398673851 2318830
398686007 2318830 398682408 deadcry
398686145 2318830 398685900 45917791
398686663 50814790 398686007 2318830
398686870 45917791 398682408 deadcry
398687212 2318830 398677022 45917791
398687379 45917791 398686663 50814790
398687969 45917791 398687212 2318830
398688714 50814790 398687379 45917791
398689177 2318830 398687379 45917791
398689465 2318830 398688714 50814790
398690071 52373038
398690087 45917791 398689177 2318830
398690753 2318830 398690087 45917791
398691117 2318830 398690071 52373038
398691730 45917791 398690753 2318830
398692082 45917791 398691117 2318830
398693624 deadcry 398686870 45917791
398694970 2318830 398692082 45917791
398695143 2318830 398691730 45917791
398697374 52373038 398691117 2318830
398697555 45917791 398695143 2318830
398697601 56951568
398698202 2318830 398697374 52373038
398698980 52373038 398698202 2318830
398698999 2318830 398697555 45917791
398699076 2318830 398698980 52373038
398699889 45917791 398698999 2318830
398700684 supa_heart
398702382 2318830 398699889 45917791
398703543 45917791 398702382 2318830
398704841 2318830 398703543 45917791
398705777 D0203
398707754 47457505 398671810 45917791
398714057 45917791 398704841 2318830
398714381 45917791 398705777 D0203
398714547 ivliaoyou
398715813 45917791
398725617 3085350 398699889 45917791
398734931 sharronli
398738863 sharronli 398674502 2318830
398747593 45917791 398738863 sharronli
398760680 AI____Jin
398765966 sharronli 398747593 45917791
398779520 45917791 398760680 AI____Jin
398779901 45917791
398782241 4712594
398788901 annonymous 398672241 2318830
398793146 2318830 398738863 sharronli
398793310 2318830 398714381 45917791
398794264 2318830 398779901 45917791
398794567 2318830 398782241 4712594
398794761 handhandsleep
398184345 45917791 398183929 57713939
398800150 released
398807983 3559898
398191134 58318348 398183407 45917791
398191845 1267390
398195486 chuanlace 398136053 45917791
398218702 45917791 398191134 58318348
398219676 45917791 398191845 1267390
398220109 45917791 398195486 chuanlace
398220915 45917791 398012311 obagannastlye
398221562 62662744
398222263 jennifer-nj
398222602 taoyao6929
398223471 45917791 398221562 62662744
398223814 45917791 398222263 jennifer-nj
398224172 45917791 398222602 taoyao6929
398225423 nemofishhome 398184209 45917791
398227134 45917791 398225423 nemofishhome
398227605 2453656
398228934 jennifer-nj 398223814 45917791
398228981 45917791 398227605 2453656
398233028 czcmzdd1990
398238777 45917791
398238778 45917791
398241332 believeingod
398245946 2453656 398228981 45917791
398247119 47457505 398152656 loveshe
398248428 cherryin9
398249740 47733314
398250492 47457505 398169500 58318348
398260425 nemofishhome 398227134 45917791
398277827 45917791 398247119 47457505
398278249 45917791 398249740 47733314
398278371 45917791 398250492 47457505
398279171 45917791 398241332 believeingod
398279355 45917791 398248428 cherryin9
398280289 45917791 398249740 47733314
398282259 58318348 398218702 45917791
398282997 45917791 398282259 58318348
398283380 58318348 398250492 47457505
398283726 58318348 398282997 45917791
398291170 47457505 398283380 58318348
398293322 45917791 398291170 47457505
398294286 45917791 398283380 58318348
398296103 50041973
398296707 50041973
398306630 47457505 398293322 45917791
398307052 47457505 398294286 45917791
398307715 47457505 398294286 45917791
398308001 45917791 398296103 50041973
398308676 45917791 398307715 47457505
398308850 61108017
398309058 45917791 398308850 61108017
398309895 47457505 398308676 45917791
398310988 45917791 398309895 47457505
398311205 47457505 398308850 61108017
398311386 47457505 398310988 45917791
398311447 59708392
398311677 45917791 398233028 czcmzdd1990
398312929 45917791
398313743 windyyy
398314246 45917791 398313743 windyyy
398315666 windyyy 398314246 45917791
398318512 45917791
398318827 45917791
398320053 windyyy 398318827 45917791
398354882 45917791
398356916 oliviachenchen
398362393 37957904
398365277 54196296
398365508 6041204 398139028 45917791
398366148 6041204 398362393 37957904
398367386 6041204 398095916 47220886
398369228 6041204
398389516 45917791 398356916 oliviachenchen
398390513 49428533
398390568 45917791 398362393 37957904
398390852 49428533
398391692 45917791 398369228 6041204
398392574 45917791 398390852 49428533
398393341 48529866
398393847 45917791 398390852 49428533
398394070 45917791 398393341 48529866
398394968 aleylee
398396062 45917791 398394968 aleylee
398396875 45917791
398397541 47220886 398367386 6041204
398397626 dearnn 398283726 58318348
398397632 aleylee 398396062 45917791
398397813 Budweiser
398400633 60045270
398401605 45917791 398397632 aleylee
398402458 45917791 398397813 Budweiser
398404262 15840469
398404415 54196296
398407003 45917791 398404262 15840469
398407378 catforest
398409859 45917791 398407378 catforest
398412326 brown-birds
398413363 2997325
398415360 45917791
398415583 45917791
