398588224 57331875
398588237 49128378
398588273 64745353
398588284 trisa1984
398588942 39352490
398589330 62407083
398589375 6041204
398589433 53207399 398588942 39352490
398589498 42533659 398588224 57331875
398589810 64660604
398590606 42533659 398588237 49128378
398590948 49398363
398591033 42533659 398589810 64660604
398591371 42533659 398590948 49398363
398591384 2263101
398591655 59142384
398591661 hibernator
398591760 42533659 398591384 2263101
398592169 42533659 398591661 hibernator
398592369 42533659 398588284 trisa1984
398592414 cinderalla2046
398592605 42533659 398588273 64745353
398592709 hibernator 398592169 42533659
398592796 35887845 398591760 42533659
398593152 mocunterry
398593171 42533659 398592709 hibernator
398593260 35887845
398594146 50808565
398594216 qianqianxiaoyu
398594545 qianqianxiaoyu 398593260 35887845
398594583 55596008 398588942 39352490
398594715 42533659 398592414 cinderalla2046
398594879 55596008 398589433 53207399
398595025 42533659 398594146 50808565
398595148 2280250
398595377 42533659 398593260 35887845
398595785 42533659 398594216 qianqianxiaoyu
398595953 42533659 398595148 2280250
398596217 39352490 398594583 55596008
398596375 42533659 398588942 39352490
398597269 50808565 398595025 42533659
398597477 2744127 398588942 39352490
398597708 42533659 398597269 50808565
398597744 35887845 398594545 qianqianxiaoyu
398598086 35887845 398595377 42533659
398598172 hibernator
398598178 42533659 398597477 2744127
398598212 53207399 398594583 55596008
398598939 42533659 398598086 35887845
398599238 42533659 398598172 hibernator
398599338 hibernator 398588942 39352490
398600641 51282785
398601560 42533659 398600641 51282785
398604205 47762365
398604461 51814726
398607440 zhufeimo
398661793 nemofishhome
398710330 peijin115
398739280 agonyshishi
398741334 62366336
398752976 42533659
398753183 42533659 398739280 agonyshishi
398753324 42533659 398710330 peijin115
398753413 42533659 398661793 nemofishhome
398753628 42533659 398607440 zhufeimo
398753633 65041050
398753763 42533659 398604461 51814726
398753844 42533659 398753633 65041050
398754122 42533659 398604205 47762365
398755374 liyangxiaotang
398756447 42533659 398755374 liyangxiaotang
398758925 52363007
398759514 iceya 398589433 53207399
398759754 3547622
398802766 47762365 398754122 42533659
398803953 60116030
398804459 fonyoga 398589375 6041204
398804517 60116030
398807716 42533659 398758925 52363007
398807953 42533659 398803953 60116030
398808164 42533659 398759754 3547622
398808413 42533659 398802766 47762365
398811316 57090165
398820787 42533659 398811316 57090165
398834672 57090165 398820787 42533659
398853959 blindfish
398854150 blindfish
398880391 66041856
399017408 42533659 398880391 66041856
399017722 42533659 398853959 blindfish
399017816 42533659 398834672 57090165
399018589 57918756
399028433 57090165 399017816 42533659
399045763 42533659 399018589 57918756
399047527 43723167 398591661 hibernator
399047622 40956518
399048133 Xyingying 398756447 42533659
399052955 42533659 399047622 40956518
399053177 42533659 399048133 Xyingying
399053810 42533659 399047527 43723167
399054165 yexiaogou
399210264 57918756 399045763 42533659
399219205 chenxiangnan
399230075 42533659 399210264 57918756
399230204 42533659 399219205 chenxiangnan
399230846 leavingmehere
399231928 57918756 399230075 42533659
399238316 44240274
399242821 42533659 399238316 44240274
399243337 42533659 399231928 57918756
399243879 42533659 399230846 leavingmehere
399261586 chenxiangnan
399263828 Explosion
399371207 42533659 399261586 chenxiangnan
399373436 misslllgreen 399243879 42533659
399374124 42533659 399373436 misslllgreen
399374724 mootin
399378584 53110223
399380865 zzmanbaby
399380952 zzmanbaby
399381496 62658944
399394108 42533659 399374724 mootin
399394316 42533659 399381496 62658944
399394407 42533659 399380952 zzmanbaby
399394948 42533659 399378584 53110223
399395800 54328252
399397467 43707075
399399063 mootin 399394108 42533659
399400453 echo_echo_echo
399400677 47081649
399401324 2860582 398588942 39352490
399403161 42533659 399400677 47081649
399403731 42533659 399397467 43707075
399403832 42533659 399400453 echo_echo_echo
399501855 47081649
399663365 42533659 399501855 47081649
399664282 65559479 398588224 57331875
399664995 65559479 398590948 49398363
399665599 65559479 398592414 cinderalla2046
399667495 NEARGO
399668094 4088111
399668370 liruixueoo
399700039 42533659 399668094 4088111
399700215 42533659 399667495 NEARGO
399870362 38853463 399668094 4088111
399872795 38853463 399400453 echo_echo_echo
399876561 echo_echo_echo 399872795 38853463
400050163 4088111
400307975 62658944
400324632 38853463 400307975 62658944
400324799 38853463 399876561 echo_echo_echo
400326252 oceanq
400329171 47514656 398759514 iceya
400385734 42533659 400326252 oceanq
401083368 50507587
402808937 42533659 401083368 50507587
402816872 54779476 398594715 42533659
402817690 64475525
402829775 sammy_sxm 402817690 64475525
402831820 64475525 402829775 sammy_sxm
402832493 61648733
402850008 x_mishi 402832493 61648733
402851057 x_mishi
402857662 aliceone
402858993 iamrighthere
402889454 61648733 402850008 x_mishi
402893204 sammy_sxm 402831820 64475525
402893529 2907610 398588942 39352490
402894423 64475525 402893204 sammy_sxm
402896305 sammy_sxm 402851057 x_mishi
403083085 42533659 402851057 x_mishi
403083722 42533659 402816872 54779476
403087844 61040248
403091811 PoooZz
403148495 42533659 403087844 61040248
403148821 42533659 403087844 61040248
403148983 42533659 403091811 PoooZz
403410544 64315982
403412406 oottfe
403659134 42533659 403412406 oottfe
403659390 42533659 403410544 64315982
403659642 china77
403669439 64315982 403659390 42533659
403689322 oottfe 403659134 42533659
403689897 47754097 403659642 china77
403693004 3921385
403963369 42533659 403693004 3921385
403963554 42533659 403689322 oottfe
403966207 3921385 403963369 42533659
404023929 52872907
404550539 54970911
404550790 42533659 404023929 52872907
404626161 52872907 404550790 42533659
404898566 42533659 404626161 52872907
404904558 52757969
406477374 42533659 404904558 52757969
406482238 linnuoya0406
406491312 4071065
406493973 hellosugar
406495869 hellosugar
406497263 35906862
406498147 akira2789
406502747 hellosugar
406663582 3004664
406752194 50798252 406497263 35906862
406752811 54932813
406759111 54000290
406772483 35906862 406752194 50798252
408019413 in710
408105137 42533659 406482238 linnuoya0406
408105293 42533659 406491312 4071065
408105554 42533659 406493973 hellosugar
408105592 47095750
408105740 42533659 406752811 54932813
408105906 42533659 406752194 50798252
408106185 42533659 406663582 3004664
408106465 42533659 406663582 3004664
408106832 42533659 408019413 in710
408106929 42533659 408105592 47095750
408108907 kklljji 406663582 3004664
408110830 46180334 406498147 akira2789
408112265 Evagarden
408113897 kklljji 408112265 Evagarden
408114404 36647250
408114703 kklljji 406493973 hellosugar
408118655 42582349
408123125 shinji923
408162494 in710 408106832 42533659
408193421 42533659 408162494 in710
408292672 45894834 402858993 iamrighthere
408293655 45894834 408193421 42533659
408358921 iamrighthere 408292672 45894834
408379321 42533659 408293655 45894834
408396888 dommer
408460812 42533659 408118655 42582349
408460932 42533659 408123125 shinji923
408461112 42533659 408396888 dommer
410176337 ruoranhehe
410178286 30162846
410182427 GGGGGly
410270778 42533659 410182427 GGGGGly
410270914 42533659 410176337 ruoranhehe
410274373 49199455 398759514 iceya
410275381 ruoranhehe 410182427 GGGGGly
410275620 ruoranhehe 410270914 42533659
410277854 lawenda-hx
410278306 lawenda-hx 398592605 42533659
410281634 lawenda-hx 398759514 iceya
410288665 42533659 410275620 ruoranhehe
410288792 42533659 410277854 lawenda-hx
410289502 dommer 408461112 42533659
410289872 ruoranhehe 410288665 42533659
410293223 lawenda-hx 398808413 42533659
410293978 lawenda-hx 410288792 42533659
410317384 36258489
410318935 bunnyjoyce
410377641 iceya 410274373 49199455
410391332 41573010
410392800 36457443
410392818 62762175
410392907 62762175
410393182 tanoshiku 398591760 42533659
410615879 42533659 410393182 tanoshiku
410616083 42533659 410392907 62762175
410616773 42533659 410391332 41573010
410617007 42533659 410318935 bunnyjoyce
410617609 42533659 410293978 lawenda-hx
410617689 62363506 398591655 59142384
410618385 SURIA1 398597744 35887845
410618549 42533659 410289872 ruoranhehe
410618977 42533659 410618385 SURIA1
410619747 sherrytown
410621128 42533659 406493973 hellosugar
410621956 42533659 410619747 sherrytown
410623008 42533659 408112265 Evagarden
410623012 62363506 410619747 sherrytown
410623742 42533659 408114404 36647250
410624234 62363506
410624923 62363506 410623742 42533659
410625161 42533659 410624923 62363506
410627258 62363506 410625161 42533659
410628105 42533659 410627258 62363506
410630829 62363506 410628105 42533659
410647525 lawenda-hx 410617609 42533659
410649233 42533659 410647525 lawenda-hx
410649427 42533659 410630829 62363506
410649934 kfcmoumou
410650873 42533659 410649934 kfcmoumou
410655637 kfcmoumou 410650873 42533659
410658313 42533659 410655637 kfcmoumou
410659460 summerr01
410684609 62363506 408162494 in710
410720671 35887845 410621128 42533659
410728474 caihx 410624923 62363506
410733052 48843090
410733669 35998620 403091811 PoooZz
410734606 elephantwoman2b
410756171 SURIA1 410734606 elephantwoman2b
410756555 SURIA1 410733052 48843090
410757098 lvgy
410766832 54200347
410767752 knnnn
410790645 guihuayuanzi 410293223 lawenda-hx
410875208 42533659 410767752 knnnn
410897250 lawenda-hx 410790645 guihuayuanzi
410930929 sherrytown 410621956 42533659
410931065 guihuayuanzi 410897250 lawenda-hx
410939070 tt120
410939765 usuallybaba
410940673 66701012 398589330 62407083
410967578 62407083 410940673 66701012
410972818 suiminori
411069197 59142384 410617689 62363506
411163687 62363506 411069197 59142384
411166725 62366336 408358921 iamrighthere
411169240 41882343
411173707 iamrighthere
411183187 62366336 411173707 iamrighthere
411185069 iamrighthere 411183187 62366336
411185811 42766417
411189124 42533659 410972818 suiminori
411189329 42533659 410939070 tt120
411189807 suicidepact 398588224 57331875
411191050 62366336 411185069 iamrighthere
411211952 iamrighthere 411191050 62366336
411228071 suiminori 411189124 42533659
411236075 42533659 411228071 suiminori
411239563 66954920
411245177 42533659 411239563 66954920
411600851 bunnyjoyce 410617007 42533659
411603913 35127708 398588284 trisa1984
411625342 43679635
411633876 49125515
411647652 62566309
411664431 42533659 411647652 62566309
411667056 in710 411211952 iamrighthere
411702336 59142384 411163687 62363506
411708476 45894834 411633876 49125515
412686674 41573010
412933898 49125515 411708476 45894834
412948876 53814933 399048133 Xyingying
412950052 67413262
412959935 62416194
412993829 61113270
414375510 45894834 412933898 49125515
415477792 49125515 414375510 45894834
