398993076 47040626
398993197 53352632
398995107 52853458 398993076 47040626
399022769 2600403
399043907 yuhsi
399043965 48601577
399051238 VIS_BANN
399051413 VIS_BANN 399022769 2600403
399052801 4548261
399055495 52853458 399052801 4548261
399055637 52853458 399043965 48601577
399056586 52853458 399043907 yuhsi
399057675 65616619
399057936 4548261 399055495 52853458
399058245 49680310
399061297 52853458 399057936 4548261
399063686 51287016
399075628 4548261
399075833 4548261 399063686 51287016
399076847 52853458 399075628 4548261
399077251 52853458
399082658 51287016
399082770 51287016
399120489 48601577 399055637 52853458
399120535 sugargreen
399120925 zizhao
399121344 46917013
399123875 53266686
399132017 52853458 399120535 sugargreen
399132120 52853458 399120925 zizhao
399132168 52853458 399123875 53266686
399155976 sugargreen 399132017 52853458
399164633 65879349
399745957 zizhao 399132120 52853458
399746149 51325905 399745957 zizhao
399751423 56295843
418996043 51039032
418997756 mr-hug 399058245 49680310
418998139 mr-hug 399063686 51287016
418998433 mr-hug 399155976 sugargreen
418999534 mr-hug 399164633 65879349
419000280 mr-hug 399132120 52853458
419000877 mr-hug
419000960 49147274
419001330 35510577
419002025 mr-hug 399751423 56295843
419002328 mr-hug 419000960 49147274
419002410 2728929
419002543 mr-hug 419001330 35510577
419002976 mr-hug 419002410 2728929
419005028 stillwannab
419006752 mr-hug
419034952 51287016 418998139 mr-hug
419037279 laureate2011 418998139 mr-hug
419038775 63454357
419041950 67588894
419042833 63454357 419041950 67588894
419044820 67588894 419042833 63454357
419052507 63454357 419044820 67588894
419052988 1885218
419054700 67588894 419052507 63454357
419057470 63454357 419052988 1885218
419057569 36421209
419057875 63454357 419054700 67588894
419058545 63454357 419057569 36421209
419060492 67588894 419057875 63454357
419060514 turandot1224
419060601 67588894 419058545 63454357
419062605 63454357 419060492 67588894
419062807 36421209
419062839 63454357 419060601 67588894
419063563 63454357 419062807 36421209
419085250 mr-hug 419034952 51287016
419085934 mr-hug 419037279 laureate2011
419086387 mr-hug 419058545 63454357
419086844 36421209
419087031 46364111
419089964 63454357 419086387 mr-hug
419090124 63454357 419087031 46364111
419092586 63454357 419086844 36421209
419096979 48601577
419097482 53083409
419098123 pbchen
419099663 36421209
419100041 Li_sT
419127031 mr-hug 419089964 63454357
419133155 63454357 419096979 48601577
419133543 63454357 419098123 pbchen
419134242 63454357 419127031 mr-hug
419134666 pbchen 399082770 51287016
419135248 pbchen 419034952 51287016
419151985 51287016 419135248 pbchen
419152888 pbchen 419151985 51287016
419156297 43363461 419034952 51287016
419157952 51287016 419156297 43363461
419159641 43363461 419157952 51287016
419160282 37597767 399751423 56295843
419161186 51287016 419159641 43363461
419163013 mr-hug 419134242 63454357
419163489 43363461 419161186 51287016
419166554 51287016 419163489 43363461
419166973 43363461 419166554 51287016
419171938 51287016 419166973 43363461
419174554 43363461 419171938 51287016
419176586 4612038 399057936 4548261
419177348 4612038 399751423 56295843
419178451 51287016 419174554 43363461
419201486 63454357 419163013 mr-hug
419206326 sweetlalalove
419255835 mr-hug 419171938 51287016
419339532 48601577 419133155 63454357
419344887 52853458 419176586 4612038
419345302 52853458 418996043 51039032
419345985 52853458
419347135 51039032 419345302 52853458
419351401 4612038 419344887 52853458
419365403 52853458 419351401 4612038
419365709 52853458 419347135 51039032
419386088 51039032 419365709 52853458
419389194 51287016 419255835 mr-hug
419390540 52853458 419386088 51039032
419392036 51039032 419390540 52853458
419392146 Ga-K
419398720 mr-hug 419392146 Ga-K
419399037 mr-hug 419389194 51287016
419402664 52853458 419392146 Ga-K
419404548 jy89
419408120 4612038 419365403 52853458
419463452 52853458 419404548 jy89
419463631 52853458 419408120 4612038
419473730 4612038
419479931 52853458 419473730 4612038
419480745 60224307
419483950 67744097
419485487 66209389
419488748 52853458 419480745 60224307
419488852 52853458 419485487 66209389
419488947 52853458 419483950 67744097
419502246 67744097 419488947 52853458
419518441 52853458 419502246 67744097
