399046570 sweetlml
399046858 53352632 399046570 sweetlml
399048366 sweetlml
399048935 44626404
399049093 xinxueerlovejay
399049319 53352632
399049653 53352632 399048366 sweetlml
399049815 34250560
399049828 53352632 399049093 xinxueerlovejay
399050131 53352632 399049815 34250560
399050173 woshidatuzi
399050594 56308219
399051204 53352632 399050594 56308219
399052170 luzern 399049828 53352632
399052257 4889451
399052810 53352632 399052170 luzern
399053105 ymmymm
399053285 53352632
399053451 57478739
399053520 53352632 399053105 ymmymm
399053563 evey42
399054882 rockbabycat
399054928 53352632
399055251 53352632 399054882 rockbabycat
399060730 44626404 399053285 53352632
399061765 53352632
399062220 rockbabycat
399063075 jingjingmeimei
399063483 53352632 399063075 jingjingmeimei
399064056 evey42
399064158 HysteriaAoi
399064459 43788000
399066663 jingjingmeimei
399068560 luzern
399068691 53352632
399068936 53352632 399064158 HysteriaAoi
399069171 53352632 399068560 luzern
399069580 53352632 399066663 jingjingmeimei
399070286 blackt
399070764 53352632 399070286 blackt
399070895 felizfelize
399071663 fortian
399071805 53352632 399070895 felizfelize
399071913 53352632 399071663 fortian
399072220 yajgnij
399072891 52250940 399064158 HysteriaAoi
399073038 7884263
399073613 59572113
399074047 64332103
399079467 piabalr
399080456 47867126
399084692 zzzzzn
399123628 49205647
399123903 54757994
399127990 53352632 399084692 zzzzzn
399128496 53352632
399128895 zuozuoloveyou
399140518 60941930
399142816 46881075
399143829 53697273
399247178 maigge
399248285 d1453
399249722 48728672
399312516 56308219
399505762 59627608
399505845 ciacia7621
399509723 54899239
399929816 53352632 399505845 ciacia7621
399930045 53352632 399249722 48728672
399931036 53352632 399248285 d1453
399931232 53352632 399143829 53697273
399931727 53352632 399142816 46881075
399934317 53352632
399935647 6041204
399940451 36861367 399048366 sweetlml
399946525 4024435
399958958 53352632 399940451 36861367
399959599 53352632 399935647 6041204
399960436 36861367
399961421 53352632 399960436 36861367
399967898 47514656
399972119 turandot1224 399143829 53697273
399973399 turandot1224
399974836 mswallflower
399977300 yoyo621725
399978428 yoyo621725
399982508 53352632 399972119 turandot1224
399982779 53352632 399973399 turandot1224
399983251 53352632 399977300 yoyo621725
399984367 53352632 399974836 mswallflower
399991680 turandot1224
399991703 sweetlml 399940451 36861367
399992035 turandot1224
400001101 dearyoyo
400001634 36861367 399961421 53352632
400002656 uno1234567
400002798 rabbitmm
400005694 2796590
400096023 3118893
400097083 gloryyyy
400097448 pima_y
400119263 53352632 400097448 pima_y
400122089 53352632 400002798 rabbitmm
400124541 53352632
400129498 rabbitmm
400143629 pima_y 400119263 53352632
400144455 53352632 400143629 pima_y
400145671 pima_y 400144455 53352632
400206684 34581037
400228545 xwhite
400235428 56225666
400248844 62400451
400269551 huxiaoxiaoliu 400235428 56225666
400334732 53352632 400248844 62400451
400334897 53352632 400235428 56225666
400335128 53352632 400145671 pima_y
400336157 53352632 400129498 rabbitmm
400336679 42114496
400473190 53352632 400336679 42114496
400479888 48114118
400480863 4711381
400481154 4008911
400481775 53080027
400483344 annnnnny
400616029 pima_y 400335128 53352632
400620132 53352632 400480863 4711381
400620307 53352632 400481154 4008911
400620588 53352632 400481775 53080027
400717891 53352632
400719253 49274670
400751465 43000180
400787235 61571897
400790774 53080027
400851572 53352632 400719253 49274670
400872467 4008911
400950378 57166310
401027272 48258839
401587322 48728672 399930045 53352632
402319311 53352632 401587322 48728672
402319694 53352632 401027272 48258839
402321087 55531230
403424539 zhaoxiaodian001
403439391 mengyoumomo
405616537 53352632
405617128 52864963
405713431 61422762
405714027 3921385
405802328 48728672
405826041 53352632 405713431 61422762
405826421 53352632 405802328 48728672
405829249 57601145
405830270 LuckyStrikeF
405833110 53352632 405829249 57601145
405939559 57601145 405833110 53352632
406998848 61422762
407190906 46663151
407192587 4703476
407290499 53352632 406998848 61422762
407292311 46867082
407294488 bakaemono
407900948 lidaye
408208478 53352632 407900948 lidaye
408251290 lidaye
409787488 48728672 405826421 53352632
414028165 58642317
414051096 MsHsu
414087319 3883741
414415153 59873011
