398996109 shaoxueying
398996332 4249144
398996589 60737810
398996970 semiss
398997006 34755221
398997188 Huminii
399129194 4875441 398996332 4249144
399129236 4875441 398996970 semiss
399130900 zuozuoloveyou
399131734 50408775
399133803 BIACKCAT
399135342 4712594
399136400 46492177
399137859 63051980
399142175 nibet
399143858 51430774
399144303 51256423
399144399 notworry
399146281 55660234
399147126 Maysky.
399147678 27291789
399179242 jiangxiaoxiong
399179551 kaede_1223
399185075 38689213
399199280 4875441 399130900 zuozuoloveyou
399199570 4875441 399133803 BIACKCAT
399199598 60125196 399135342 4712594
399199626 4875441 399135342 4712594
399199722 4875441 399142175 nibet
399199903 4875441 399147126 Maysky.
399200020 4875441 399147678 27291789
399200231 leavingmehere
399200335 toShare 398996970 semiss
399200412 why_ly 399146281 55660234
399200986 eric-fhc
399201124 toShare 399147678 27291789
399201353 eric-fhc 399147678 27291789
399203074 cupandrabbit
399205451 3721989
399205959 27291789 399201353 eric-fhc
399206496 eric-fhc 399205959 27291789
399209604 4712594 399199722 4875441
399220737 zuozuoloveyou 399199280 4875441
399222472 4875441 399200986 eric-fhc
399222841 4875441 399209604 4712594
399223080 4875441 399220737 zuozuoloveyou
399225855 4249144 399129194 4875441
399227694 applesyz 399223080 4875441
399228684 64636485
399229704 jesse.tian
399236276 upday 398996332 4249144
399240327 4712594 399222841 4875441
399240522 ccguodong
399240752 rocklife1989
399241859 silencer32
399241984 semiss 399200335 toShare
399243534 chenge1235
399244644 60688971
399244830 4875441 399225855 4249144
399245212 4875441 399227694 applesyz
399245307 4875441 399228684 64636485
399245526 4875441 399241859 silencer32
399247544 zuozuoloveyou 399223080 4875441
399252351 silencer32 399245526 4875441
399255403 xawa
399255845 summerlk
399258343 57542917
399260405 mrs.LIU
399261998 mrs.LIU 399245526 4875441
399262636 62036801
399285115 toShare
399287771 56514343
399309572 eric-fhc 399222472 4875441
399336567 pumann
399342233 60653621
399385695 irenewang
399506765 Maysky. 399199903 4875441
399508100 peiyifei0622
399509081 peiyifei0622
399512145 lhy_alba 399220737 zuozuoloveyou
399649912 48001116
399651904 SsoOs
399652116 64799329
399654665 mushroomjerk
399676800 3469671
399677292 49274670
399677522 m13560238176 399135342 4712594
399677998 m13560238176 399649912 48001116
399678471 6596090
399678586 6596090
399678946 38298927
399679305 43788000
399679465 4703476
399679649 62248346
399680835 weixiaoyijiu
399681988 48001116
399696349 44876974
399696983 wangpeng218x 399144399 notworry
399697276 wangpeng218x 399144399 notworry
399699916 Stella-CC
399701521 58047761
399701663 58047761
399703072 50260997
399705655 han8513 399222472 4875441
399785496 4875441 399705655 han8513
399785653 4875441
399785786 6443193
399787892 51534915 399135342 4712594
399789610 cheer7ove
399789999 46907365
400002776 SsoOs 399785653 4875441
400033077 1707225
400034817 1707225
400036802 47135241
400040570 64975820
400134676 4875441 399785786 6443193
400312880 54782401
400382375 44748891
400382691 54926235
400386034 hakutyou
400389997 colorjiang
400399250 3606720
400578285 chloel
400872101 54943949
401206737 4875441 400872101 54943949
401301915 54943949 401206737 4875441
402081015 52967821 400872101 54943949
402084295 54943949 402081015 52967821
402087444 kongyifei
402088283 zoelu
402554323 4875441 402087444 kongyifei
402740357 kongyifei 402554323 4875441
402742067 50520627
402742206 50520627
402742263 gracepuer
402742744 gracepuer 402087444 kongyifei
402743831 yysunnyy
402747861 46795561
402906881 64949374
414879205 4875441 402906881 64949374
414886365 sweethara
415081684 10840775
415081847 LuvYyc 398997006 34755221
415082558 62771708
415084116 16487568
415084283 16487568 399789610 cheer7ove
415085475 48557449
415088525 cheer7ove 415084283 16487568
415099112 mizuki-mizuki
415118662 2826366
415119079 abbabaab
415119200 3453595
415119651 42484601
