399256750 polarisblue
399258139 wjiabin
399280910 64866741 399258139 wjiabin
399282774 65879349
399284695 1116375
399299310 64866741 399284695 1116375
399317035 1116375 399299310 64866741
399332783 64866741 399317035 1116375
399356608 31792419
399555287 49983730
399789088 59663144
399789514 duskwisdom
399879137 64866741
399881327 50670038
399883164 56983975
399927184 64866741 399881327 50670038
399968206 64866741 399789514 duskwisdom
399974365 2048541
411486520 weisskreuz
411487705 60673463
411516996 55003457
