399809594 xueeeeee
399809730 2713334 399809594 xueeeeee
399809898 xueeeeee
399810333 wellrock
399810456 yo_ly1989
399811011 5570903
399811462 swbl
399811505 2713334
399811768 tatam
399811940 54775830
399813347 xueeeeee 399811505 2713334
399813678 3551447
399818914 64516987
399819340 1993399
399820147 66076419
399821807 angel.er
399852167 45805748
399870979 2713334 399813347 xueeeeee
399927027 duobiyeye
400181086 xcusme
402477415 Weatherman
402478709 zhouchouchou
402479317 42905884 399927027 duobiyeye
402501386 duobiyeye 402479317 42905884
402609618 42905884 402501386 duobiyeye
402617284 duobiyeye 402609618 42905884
402621140 finoh
402736745 twoyu
402737368 4662503
402739444 66117580
402741101 26659176
402741974 57466918
404665793 menglimin
404667896 shixuedemayi
404745598 66629278
404746031 66629278 404667896 shixuedemayi
404749204 zussamen
415127774 Miss.Jane
415128021 andrecrcx
415130376 57687603
415134269 51517544
415139241 4314122
415142138 gigijia13
415143976 4898393
415159949 63315584
415204924 60285051
415465442 serpentv
415466090 angusfox
415467006 55372643
415467402 govsux
415467586 49584292
415470918 vsbohu 415467006 55372643
415481702 55372643 415470918 vsbohu
415483075 xiaozhuo02
415483238 51075825
415765369 vsbohu 415481702 55372643
415794493 41414585
415795378 zhangyxiao
