399952934 darrown
399952993 jasonwar
399953018 darrown
399953076 darrown
399953101 43788000
399953123 64684012
399953134 darrown
399953151 46980358
399953179 darrown
399953190 61834425
399953233 jianjiabailu
399953239 XXXzzzz
399953357 Tse-H
399953381 tk920730
399953405 50551930
399953426 darrown
399953477 52444965
399953582 64776265 399953381 tk920730
399953604 hana0527
399953744 57536464
399953791 57113380
399953860 41929968
399953931 54255838
399953938 59554243
399954004 66201736 399953076 darrown
399954112 mjjeje6002
399954144 66201736 399953101 43788000
399954236 66201736 399953134 darrown
399954355 hurtsme
399954379 heavyline
399954474 48471906
399954491 66201736 399953477 52444965
399954523 sunday731 399953190 61834425
399954568 WilliamSchue
399954579 66201736 399953604 hana0527
399954627 darrown 399954236 66201736
399954628 darrown 399954236 66201736
399954687 3523693
399954764 50973005
399954781 66201736 399953744 57536464
399954813 54456760
399954943 66201736 399954764 50973005
399954993 rocream
399955105 66201736 399954687 3523693
399955200 66201736 399954568 WilliamSchue
399955269 66201736 399954993 rocream
399955305 duola402
399955431 46397277
399955465 erina_4every
399955590 zyxmk
399955682 tk920730
399955817 50973005 399954943 66201736
399955818 maxine0923
399955864 3677230
399955914 66201736 399955305 duola402
399956003 66201736 399955864 3677230
399956234 63886077
399956321 42141884
399956347 66201736 399955817 50973005
399956403 50453146
399956492 58349644
399956551 43917205
399956681 42141884
399956755 keruisitao
399956768 66201736
399957198 44148460 399954568 WilliamSchue
399957236 64386196
399957294 63361907
399957447 59546107
399957679 hexiecn
399957746 1861425
399957750 jerrywan
399957902 66201736 399956755 keruisitao
399958146 baimeiqiu
399958239 sleephere
399958307 baimeiqiu
399958323 62699327
399958375 66201736
399958413 remon 399953931 54255838
399958585 61305960
399958586 arthurjxn_lol
399958819 66201736 399957236 64386196
399958935 2910168
399959021 57440670
399959117 66201736 399958935 2910168
399959435 hexiecn 399958375 66201736
399959474 61195907
399959496 66201736 399959021 57440670
399959617 2910168 399959117 66201736
399959676 66201736
399959744 66201736 399959617 2910168
399959767 libraleo
399959837 47514656
399959934 51328702
399959981 57910971
399960024 unclegao
399960130 9256961
399960567 2713334
399960658 66201736 399960130 9256961
399960724 53532061
399982947 xxdoubanxx
399982953 66201736
399983258 renyuzh
399983470 66201736
399983964 4244237
399984449 66201736 399983964 4244237
399984479 44148460
399984685 xxdoubanxx
399984778 miuka123
399984852 ihower
399984947 ihower
399984951 44148460
399985176 66201736 399984479 44148460
399985258 MolinCheung
399985382 42854148
399985423 louder
399985689 66201736 399984778 miuka123
399985929 renyuzh 399984778 miuka123
399985951 66201736 399985382 42854148
399986138 55574405 399956492 58349644
399986181 xxdoubanxx 399985423 louder
399986235 X446210125
399986345 miuka123
399986346 42854148
399986842 lvz
399986991 rockstar1990
399987223 66201736 399986181 xxdoubanxx
399987474 55574405 399986346 42854148
399987702 66201736 399986991 rockstar1990
399987973 42854148 399987474 55574405
399988117 xxdoubanxx 399987223 66201736
399988332 66201736 399986346 42854148
399988484 mayo524
399988519 66201736 399987973 42854148
399988543 55574405 399987973 42854148
399988716 42854148
399988729 66201736 399988484 mayo524
399988768 64852485
399988790 48954969
399989134 66201736 399988716 42854148
399989157 42854148 399988543 55574405
399960776 66201736 399960567 2713334
399989272 44148460
399961012 45801327
399961042 66201736 399960724 53532061
399989385 43917205 399986346 42854148
399989444 42854148
399961167 66201736 399961012 45801327
399989455 minicatss
399961212 xionngmeng
399961465 6432573
399989468 66201736
399962093 freeman7236
399962123 keruisitao
399989627 66201736 399989455 minicatss
399962136 VOV-baby 399955269 66201736
399989844 42854148 399989385 43917205
399962361 30030399
399990186 Creators
399962403 35510577
399990509 too-rex
399962926 xionngmeng 399959117 66201736
399990512 63886077
399990685 45280422
399963044 1173901
399990765 55574405
399963235 4130275
399990829 66201736
399963298 2713334
399991019 2394369 399989627 66201736
399963593 64386196 399958819 66201736
399991499 PrincessAlice
399963636 WilliamSchue 399958375 66201736
399991652 66201736
399963903 2713334 399963593 64386196
399991848 66201736 399991019 2394369
399964154 xionngmeng
399992001 66201736 399990509 too-rex
399964287 xionngmeng 399959767 libraleo
399992042 49979956
399964379 jinwater196
399992048 creencia 399961465 6432573
399964589 hmily20
399992112 66201736
399964652 63491718
399992415 66201736 399992042 49979956
399964686 58431505
399992491 2394369 399991848 66201736
399964736 46701347
399964820 eningma
399992605 63886077
399992632 66201736 399992048 creencia
399965130 64386196 399963903 2713334
399992874 joey0608
399965207 41889878
399965245 eningma
399992908 46935379
399965818 2713334
399965819 xxdoubanxx
399993028 44148460 399988484 mayo524
399966123 60490078
399993085 64932773
399966214 64386196 399961012 45801327
399993429 66201736 399992491 2394369
399966494 65659838 399953190 61834425
399966506 52923871
399993477 63886077 399990685 45280422
399966642 abvmeng
399967045 4137821
399993566 creencia 399992415 66201736
399993810 49979956
399967063 sunrise115
399994050 66201736 399992874 joey0608
399967658 4639857
399994066 64386196
399967974 sunrise115
399968545 Gzq359719979
399994373 66201736 399993085 64932773
399968560 Gzq359719979
399994441 creencia 399992632 66201736
399969231 45801327 399966214 64386196
399969341 14305300
399994662 51464787
399994691 60490078
399970046 57536464 399954781 66201736
399994823 49979956
399970076 vimint 399958323 62699327
399995006 61786916
399970209 misrbb
399970864 1211711
399995010 64386196
399970942 66201736
399995451 44148460 399991848 66201736
399971018 63886077 399965130 64386196
399995495 creencia 399994823 49979956
399971254 66201736 399970864 1211711
399995972 66201736 399994662 51464787
399971333 66201736
399996094 63886077
399971491 sommee
399971511 47145910
399996124 michaelYeb
399971753 VOV-baby 399970942 66201736
399996263 missstar
399972039 VOV-baby 399971511 47145910
399996278 66201736
399996410 49979956
399972552 54792124 399953190 61834425
399996712 51464787
399972670 66201736 399968545 Gzq359719979
399996738 66201736
399972671 xionngmeng 399972039 VOV-baby
399996838 63886077
399973010 qingyunian
399997019 54899239 399983964 4244237
399973074 42141884 399970076 vimint
399997024 66201736 399996263 missstar
399973096 66201736 399972671 xionngmeng
399997182 michaelYeb
399973315 66201736 399971511 47145910
399997204 54393439 399994373 66201736
399973654 44148460
399997327 66201736 399997019 54899239
399974647 44148460
399997394 meshy
399974747 Y0307
399974795 66201736 399974647 44148460
399974869 66201736 399974747 Y0307
399975020 44148460
399975057 42968250
399975138 49979956
399975148 2161866
399975423 49979956
399975798 42854148 399956551 43917205
399976140 15840469
399976204 tangjun119119
399976245 49979956 399968545 Gzq359719979
399976944 66201736 399975020 44148460
399977632 66201736 399975798 42854148
399977780 63886077 399976245 49979956
399978106 eric-fhc
399978130 66201736 399976140 15840469
399978351 54088426
399978361 eric-fhc
399978457 bairu
399978716 smile85
399978719 47343352
399979076 4334354
399979253 mayo524
399980334 msnn 399959117 66201736
399980344 misspaoxiao
399980501 30306879
399980863 42854148 399977632 66201736
399981002 62699327 399970076 vimint
399981957 3097821
399982163 49238707 399980863 42854148
399982317 zhangkunclot
399982345 Y0307 399974869 66201736
399982666 49238707
399982720 xxdoubanxx 399978351 54088426
400039290 66201736
400039455 44148460
400039481 60331523
400039497 66201736
400039498 63886077
400039505 55961364
400039994 57076296
400040063 57076296 400039455 44148460
400040237 1710985
400040282 66201736
400040447 32748837
400040482 66201736 400039498 63886077
400040634 63886077
400041064 66201736 400040237 1710985
400041204 liangjinmeizi
400041302 49017998
400041333 zhoushisan
400041351 66201736 400039994 57076296
400041464 56083576
400041535 49017998
400041614 63886077
400041617 66201736 400041204 liangjinmeizi
400041929 59284869
400042044 57076296 400041351 66201736
400042055 66201736 400041464 56083576
400042216 66209389
400042327 66201736 400041302 49017998
400042399 60631869
400042530 66201736 400042216 66209389
400042612 66201736 400042399 60631869
400042770 4703476 399992874 joey0608
400042836 66201736 400041929 59284869
400042889 1710985 400041064 66201736
400042949 66201736 400042044 57076296
400042984 66209389 400042530 66201736
400043049 hellodreamer
400043119 49017998
400043242 66201736 400042889 1710985
400043256 57076296 400042949 66201736
400043395 66201736 400043119 49017998
400043583 aaakey
400043721 66201736 400043256 57076296
400043774 49017998
400043806 2904263
400043889 66201736 400042984 66209389
400043933 chenchen3036
400044032 66201736 400043774 49017998
400044269 66201736 400043806 2904263
400044333 53597719
400044334 49017998
400044445 chenchen3036 399975138 49979956
400044961 37691659
400045007 66201736 400044334 49017998
400045076 66201736 400044333 53597719
400045226 66201736 400044445 chenchen3036
400045407 DYX861792877
400045805 62321113
400045841 49017998
400045906 44148460
400046128 66201736 400044961 37691659
400046131 49017998
400046279 66201736 400045841 49017998
400046477 2904263
400046647 vivi.d
400046701 49017998
400046784 66201736 400046477 2904263
400046834 66201736 400046647 vivi.d
400047029 66201736 400046701 49017998
400047231 49017998
400047276 57076296 400043721 66201736
400047390 49017998
400047421 66201736 400047276 57076296
400047577 66201736 400047390 49017998
400047778 49017998
400047892 44148460 400047421 66201736
400047896 57076296 400042399 60631869
400047915 66201736 400047778 49017998
400048049 57076296 400047421 66201736
400014448 dzyg
400048087 66201736 400047892 44148460
400014462 48363787
400048097 49017998
400048281 66201736
400014878 48845159
400048428 49017998
400016117 44148460 400014448 dzyg
400048442 66201736 400048049 57076296
400048645 49017998
400016696 dzyg 400016117 44148460
400048700 57076296 400048442 66201736
400017502 58345434
400048702 xfting007
400017636 ermaomao
400018295 Alage
400048715 tong382-myv 399980863 42854148
400018311 44148460
400018545 Alage
400048755 66201736 400048428 49017998
400020068 49306722
400048966 66201736 400048700 57076296
400049125 49017998
400020526 63886077
400021621 51059118
400049146 66201736 400048715 tong382-myv
400022543 michaelYeb
400049281 tong382-myv
400022743 SantiagoY
400023016 JiaTengHeDaJiBa
400023044 1707225
400049395 chenchen3036
400023048 52074006 399982720 xxdoubanxx
400023799 47636857
400049478 tong382-myv
400049594 66201736 400049125 49017998
400024388 41751653
400025006 56988333
400049700 66209389
400025282 Alage
400025629 60490078
400026166 57910971
400026372 60331523
400027747 44148460 400023016 JiaTengHeDaJiBa
400028484 shakalonger
400049918 66201736 400049281 tong382-myv
400028670 57076296
400028981 57076296
400050109 63886077 399978719 47343352
400029115 JiaTengHeDaJiBa 400027747 44148460
400050241 tong382-myv
400050277 latexfreak
400030076 63886077 400026372 60331523
400030208 56501913 399962123 keruisitao
400030512 KK-burial
400031003 isabella.cullen
400031113 63886077
400031412 66201736 400031003 isabella.cullen
400031488 37691659
400031491 sunday.07_07
400031568 66201736
400031780 63886077
400031953 66201736 400025006 56988333
400032239 66201736 400014448 dzyg
400032346 Alage
400032395 bairu 400022543 michaelYeb
400032612 michaelYeb 400032395 bairu
400032679 66201736 400028484 shakalonger
400032795 41647476
400032810 57486573
400032835 jjm
400033489 60331523
400033494 66201736 400032810 57486573
400033612 66201736 400032835 jjm
400033708 JiaTengHeDaJiBa
400033845 44148460 400032835 jjm
400033897 66201736 400033489 60331523
400033977 63886077
400034168 57076296 400031568 66201736
400034380 44148460
400034395 66201736 400034168 57076296
400034669 66201736
400034715 57076296 400034395 66201736
400034824 66201736 400017502 58345434
400034884 44148460 400034168 57076296
400034981 66201736 400034715 57076296
400035058 66201736 400034884 44148460
400035176 57076296 400034884 44148460
400035295 bairu 400032612 michaelYeb
400035385 57076296 400034981 66201736
400035550 66201736 400035176 57076296
400035725 66201736 400035295 bairu
400035773 52816854
400035794 44148460 400034669 66201736
400036210 57076296
400036243 Queenie.Emika
400036437 66201736 400035385 57076296
400036786 2959440
400036919 51681695
400037001 65598056
400037098 dzyg 400032239 66201736
400037163 66201736 400036243 Queenie.Emika
400037312 57076296 400035058 66201736
400037341 66201736 400036786 2959440
400037390 24118189
400037459 66201736 400037098 dzyg
400037624 66201736 400037390 24118189
400037717 66201736 400037312 57076296
400037842 44148460
400037977 49752980
400038191 66201736 400037842 44148460
400038195 57076296 400037717 66201736
400038397 66209389
400038519 66201736 400038195 57076296
400038743 3387354
400038853 44148460 400038195 57076296
400038943 66201736 400038397 66209389
400039085 63886077 400033708 JiaTengHeDaJiBa
400039182 66201736 400038195 57076296
400039205 64975820
400039221 jjm
400039288 cat-cat-ii
399997448 missstar 399997024 66201736
399997527 66201736
399997596 michaelYeb
399997666 66201736 399997394 meshy
399997787 66201736 399997448 missstar
399998342 michaelYeb 399983964 4244237
399998570 creencia 399996410 49979956
399999053 66201736 399998342 michaelYeb
399999083 63886077 399995010 64386196
399999085 creencia 399996738 66201736
399999200 44148460 399997327 66201736
399999686 66201736 399999200 44148460
399999767 44148460
399999996 xxdoubanxx 399999085 creencia
400000596 michaelYeb
400000642 xionngmeng
400001427 michaelYeb
400001567 xionngmeng 399997527 66201736
400001805 nicoleyue
400001873 66201736 400001427 michaelYeb
400001891 49064899
400002086 66201736 400001567 xionngmeng
400002098 creencia 399999996 xxdoubanxx
400002313 creencia 400000596 michaelYeb
400002341 66201736 400001805 nicoleyue
400002444 lovekrystalall
400002453 bicthA 399982666 49238707
400002729 50990652
400002738 creencia 400002086 66201736
400003134 66201736 400002444 lovekrystalall
400003334 66201736 400001805 nicoleyue
400003384 Taurus_y 399953426 darrown
400003472 xionngmeng 400002086 66201736
400003483 53486091 399999085 creencia
400003946 66201736 400003472 xionngmeng
400004254 55683480
400004280 melodykaka
400004319 66201736 400003384 Taurus_y
400004565 63886077 400002444 lovekrystalall
400004891 66201736 400004254 55683480
400004926 creencia 400003483 53486091
400005120 66201736 400004280 melodykaka
400005178 lovekrystalall
400006248 39684033
400006384 bairu 399997182 michaelYeb
400006794 22251803
400006830 xxdoubanxx
400006881 xionngmeng 400003946 66201736
400007214 44148460 400005178 lovekrystalall
400007315 58315725 399953426 darrown
400007639 66201736 400005178 lovekrystalall
400007859 55683480 400004891 66201736
400007871 66201736
400008091 Alage
400008270 dzyg
400008283 44148460
400008501 robinchenjiang
400008592 66201736 400008283 44148460
400008814 66201736 400007859 55683480
400008890 xxdoubanxx
400009106 66201736 400008890 xxdoubanxx
400009134 creencia 400008270 dzyg
400009222 xxdoubanxx 400008283 44148460
400009571 dzyg 400009134 creencia
400009596 rocream
400009951 66201736 400009596 rocream
400010090 54393439
400010181 51193236
400010254 59691712
400010256 creencia 400004280 melodykaka
400010457 xxdoubanxx
400010527 63886077
400010717 creencia 400009571 dzyg
400010819 xxdoubanxx 400010256 creencia
400011020 66201736
400011162 55502416
400011221 Taurus_y
400011246 66201736 400010457 xxdoubanxx
400011582 66201736 400010181 51193236
400011701 xxdoubanxx
400011718 creencia
400011936 55683480 400008814 66201736
400012032 63122613
400012048 66201736 400011221 Taurus_y
400012143 creencia 400010819 xxdoubanxx
400012161 66201736 400012032 63122613
400012237 kk234mm 400009134 creencia
400012249 63886077 400008091 Alage
400012392 66201736 400011701 xxdoubanxx
400012394 dzyg 400010717 creencia
400012401 creencia 400010527 63886077
400012517 creencia 400012394 dzyg
400012625 creencia 400012237 kk234mm
400012792 66201736 400012394 dzyg
400012944 55502416
400012991 66201736 400011701 xxdoubanxx
400013029 63886077 400006830 xxdoubanxx
400013451 63886077 400012944 55502416
400013542 66201736 400012944 55502416
400013703 60072857
400050452 66201736 400049700 66209389
400050493 66209389
400050558 66209389 400050452 66201736
400050818 chenchen3036 400042399 60631869
400050832 1256486
400050990 66201736 400050558 66209389
400051124 chenchen3036 400044333 53597719
400051181 66201736 400050832 1256486
400051332 baobaofish
400051407 chenchen3036 400044961 37691659
400051417 2169667
400051514 chenchen3036 400045226 66201736
400051560 38917781
400051609 66201736 400051124 chenchen3036
400051842 66201736 400051332 baobaofish
400051981 66201736 400051514 chenchen3036
400052197 66209389
400052339 60331523
400052409 66201736 400051560 38917781
400052485 66201736 400052197 66209389
400052597 63886077
400052973 66209389 400052485 66201736
400053065 66201736 400052973 66209389
400053674 chadesiel
400053732 66209389
400053749 chadesiel
400053796 chadesiel
400053901 66201736 400053732 66209389
400054152 46795561
400054436 46795561
400054495 robinfight
400054556 sophy499
400054668 66201736 400054436 46795561
400055078 46795561 400054668 66201736
400055168 66201736 400055078 46795561
400055443 46795561 400055168 66201736
400056062 baobaofish 399984479 44148460
400056124 aaxxiu
400056130 42900747 399953101 43788000
400056194 66201736 400055443 46795561
400056299 43788000 400056130 42900747
400056792 61952834
400056920 ffyuan
400057091 66201736 400056920 ffyuan
400057116 66201736 400056792 61952834
400057130 liu773780263
400057375 bagamss
400057523 ffyuan 400057091 66201736
400057917 dzyg 400037459 66201736
400057918 cpy92
400058563 x64
400058719 FRANCE.z
400059266 moli801
400059961 1346715
400060217 27462924
400061304 lulalala
400061310 lulalala
400061757 cherrybomb.
400062836 diunama 399959117 66201736
400063409 gunso
400063865 63878184
400067591 kevin7363
400067738 pp0702 400051124 chenchen3036
400068314 xiehuayingxhy
400068881 joycechengli
400069802 keruisitao 400030208 56501913
400079417 54818409
400081125 creencia 400040237 1710985
400081202 creencia 400067738 pp0702
400081347 creencia 400056792 61952834
400082494 60547194
400084029 cmaol
400085024 48367073
400085533 healthyharmless
400085888 52422164 399997527 66201736
400085905 49528362 400067738 pp0702
400086333 1673921
400087929 56384949
400090678 42648272
400091129 saiyajun
400091606 mualifeo0
400093217 weixiaozuimeili
400095240 jiangmuyan
400096568 PANNINI
400097862 alice_nano 399959117 66201736
400102675 too-rex 399992001 66201736
400105808 30709304
400105836 onceforeverever
400106588 31837817
400106655 60805557
400107007 2529287
400107731 zhouxiaoguang 400050558 66209389
400107975 45414932 400106655 60805557
400109102 62474582
400109590 4500589
400110236 44925029
400111035 66201736 400091606 mualifeo0
400111501 66201736 400106655 60805557
400113085 xgxw_xiao
400113130 goo1007
400113972 chinaren0123
400115836 53723668
400115911 66201736 400113972 chinaren0123
400116692 49447253
400116843 66201736 400115836 53723668
400117506 47876482
400117739 46669091
400118507 1728348 399953381 tk920730
400118983 66201736 400116692 49447253
400119282 66201736 400117739 46669091
400119380 53723668
400119486 14405187
400119595 damnhalley
400119778 66201736 400119380 53723668
400119871 66201736 400119486 14405187
400120276 66201736 400085888 52422164
400120490 chinaren0123
400121273 66201736 400120490 chinaren0123
400121410 66201736
400122068 4082683
400122361 49017998
400122808 66201736
400123557 53139739
400123572 66201736 400122068 4082683
400123666 66201736 400122361 49017998
400123745 66201736 400123557 53139739
400123838 48369524
400124507 wishingdd
400125151 damnhalley
400125737 Yoica
400125905 damnhalley
400126255 43436204
400126432 37142432
400126812 aiyixiaxia
400126925 44925029
400126985 58635530
400127288 61584258
400127956 57991426
400129529 xipoliya
400130320 9081729
400131614 emanthcin
400132145 38510846
400133227 38786494
400134193 3413910
400134679 45834106
400138961 shakalonger 400035176 57076296
400139128 cheerfulyou
400146615 64288376
400147663 2028624
400150466 66209389
400150529 66209389
400152569 eliler
400153299 54881083
400153438 63661606
400154454 xionngmeng 400042399 60631869
400157570 ganbulin
400159129 61928962
400160683 49590405
400162322 57076296 400138961 shakalonger
400162400 66201736 400126985 58635530
400162609 66201736 400150466 66209389
400162806 66201736 400132145 38510846
400163153 66201736
400163428 66201736 400126812 aiyixiaxia
400163677 66201736 400124507 wishingdd
400164160 chenjianan411 400115836 53723668
400164328 60331523
400164655 66201736
400165286 60331523
400166829 wlrz
400167323 66201736 400165286 60331523
400167970 Bi_ll 400154454 xionngmeng
400169849 66201736 400166829 wlrz
400171412 63886077 400153299 54881083
400171697 66201736
400172856 63886077 400116692 49447253
400173340 1969797
400174746 1969797 399985258 MolinCheung
400175323 64439265
400175733 1969797 399986991 rockstar1990
400176782 60331523
400176813 66201736
400176816 sfnt
400177031 50324391
400177060 66201736 400176782 60331523
400177091 sfnt
400177133 66201736 400177031 50324391
400177220 66201736 400176816 sfnt
400177284 50598230
400177312 66201736
400177841 66201736 400177284 50598230
400178187 purrverse
400178354 50896162
400178461 50324391 400177133 66201736
400178557 66201736 400178187 purrverse
400178570 50598230 400177841 66201736
400178722 66201736 400178354 50896162
400179073 66201736 400178461 50324391
400179405 66201736 400178570 50598230
400180014 sfnt
400180047 xionngmeng
400180265 huxiaoxiaoliu
400180287 Liangliang162
400180311 50598230
400180440 sfnt
400180584 darlinfish
400180810 xionngmeng 400180014 sfnt
400180950 66201736 400180311 50598230
400181060 66201736 400180287 Liangliang162
400181139 sfnt
400181365 66201736 400180584 darlinfish
400181539 50324391
400181544 66201736
400182824 65343823 400008283 44148460
400182914 xionngmeng 400181544 66201736
400182921 55575169
400183484 66201736 400182824 65343823
400183552 66201736 400182914 xionngmeng
400183995 sfnt
400184031 mayo524
400184120 xionngmeng 400183552 66201736
400184176 66201736 400183995 sfnt
400184221 65343823
400184299 66201736 400184120 xionngmeng
400184447 66201736 400184221 65343823
400184719 65343823
400184862 66201736 400184719 65343823
400184923 sfnt
400184948 65343823 400020068 49306722
400185012 1969797 400002444 lovekrystalall
400185182 66201736 400184923 sfnt
400185706 66201736
400186017 65343823
400186259 darlinfish
400186399 creencia
400186482 1876211
400186720 creencia 400186259 darlinfish
400186862 RockDMao
400187241 65343823 400033897 66201736
400187540 darlinfish
400187548 50896162
400187781 neko33
400187979 55575169
400188151 xionngmeng 400184299 66201736
400188687 54881083
400189025 62484201
400189051 55575169
400189172 55575169
400189465 54881083 400188687 54881083
400190308 65197474
400190672 45718557
400190830 still_iLluSioN
400191221 49017998
400191515 66201736 400191221 49017998
400191685 66201736 400190672 45718557
400191730 53879790
400192215 55796207 399964736 46701347
400192618 x__________i
400193248 yy2yoko 399974747 Y0307
400193600 55796207 399964736 46701347
400194420 eningma
400194596 chenchen3036 400067738 pp0702
400194728 65343823
400195702 63122613 400012161 66201736
400195748 2919567
400198213 60699581 400054152 46795561
400198281 54886750
400199785 doublejean
400199838 55321155
400203136 chenchen3036
400205191 1969797 400203136 chenchen3036
400205427 66201736 400203136 chenchen3036
400205574 66201736 400199838 55321155
400206042 60331523 400203136 chenchen3036
400206345 60331523
400206786 66201736
400206949 1969797
400207243 42066452
400207461 46573294
400207507 1969797 400206345 60331523
400207915 66201736
400208028 60331523
400208075 66201736 400207461 46573294
400208377 49017998
400209085 60331523
400210306 46573294 400208075 66201736
400211976 46795561 400056194 66201736
400212006 1969797 400209085 60331523
400213211 darlinfish
400213891 arthurjxn_lol
400216362 41647476
400216650 60331523
400216656 darlinfish
400216876 wmd_mmg
400216912 arthurjxn_lol 400023016 JiaTengHeDaJiBa
400217051 42900747 400056299 43788000
400218088 49447253
400218546 49447253
400219600 54886750
400219880 1969797
400282218 43788000
400285018 49179347
400285967 58436709
400286047 BABJ 400282218 43788000
400286182 3009027
400287566 49956323 399960658 66201736
400288196 46701347 400192215 55796207
400288558 46701347 400193600 55796207
400289253 64463679
400292473 chenchen3036
400292653 45834106
400293240 55531230
400293635 BABJ
400294575 56322812
400294582 april26
400294646 xionngmeng
400294839 blacklynx
400295867 april26
400296298 april26
400296869 gcdnmb 400203136 chenchen3036
400297087 1665424 399988484 mayo524
400297486 april26 400296869 gcdnmb
400298807 gcdnmb 400297486 april26
400298986 april26
400300699 soongdi
400302028 april26 400298807 gcdnmb
400304220 66201736
400304708 60331523 400302028 april26
400305309 blacklynx
400306587 45834106
400306666 gcdnmb 400302028 april26
400306914 3559898
400308851 gcdnmb
400310108 60331523 400308851 gcdnmb
400310237 49196465
400310666 57440670 399959496 66201736
400311296 32802482
400311491 1969797
400312381 1969797
400312674 64327096
400313332 2897863
400313604 luanma1977
400314410 55574405
400314622 54886750
400314694 april26
400315687 1969797
400316718 63886077 400285967 58436709
400316913 april26
400317762 1969797
400320398 welcom 399982163 49238707
400320841 arkanax 400317762 1969797
400320923 april26 400317762 1969797
400321367 arkanax
400322889 1969797 400320841 arkanax
400324280 CONGJIAWANER
400324800 1969797 400320923 april26
400324913 HUANGHUI17BAN
400325402 1969797
400325852 2036843
400327219 1969797 400325852 2036843
400327389 60917567
400327462 CONGJIAWANER
400328414 61571897
400328959 plasticme
400329239 1969797
400329394 58436709 400316718 63886077
400329553 59755052 400306587 45834106
400330449 yunaxu
400332591 CONGJIAWANER
400332776 59755052
400333729 59755052
400335106 1969797
400335481 CONGJIAWANER 400296869 gcdnmb
400336338 1969797 400333729 59755052
400337397 1969797 400335481 CONGJIAWANER
400340963 59755052
400343065 1969797 400340963 59755052
400343606 CONGJIAWANER
400346425 1969797
400346486 gcdnmb 400335481 CONGJIAWANER
400347473 59755052
400347880 48218002 400314410 55574405
400348240 55332058
400348863 1969797 400347473 59755052
400349617 CONGJIAWANER
400351393 59755052
400352198 april26
400352621 RUOYUN88
400352687 1969797
400353202 1969797 400352198 april26
400353707 66201736
400353902 RUOYUN88
400354289 66201736 400348240 55332058
400354688 CONGJIAWANER
400355753 CONGJIAWANER
400357149 1969797
400357261 VOV-baby 400354289 66201736
400357877 1969797 400355753 CONGJIAWANER
400358408 66202140 399994373 66201736
400359352 CONGJIAWANER
400599915 42940452 399954004 66201736
400603259 JiaTengHeDaJiBa
400603935 1969797
400610647 63888666 399982163 49238707
400616547 63714144 400603259 JiaTengHeDaJiBa
400618546 Mealie
400618676 cindyrabbit
400620785 49404236
400621432 CONGJIAWANER 400618676 cindyrabbit
400628511 arkanax
400631633 jinwater196
400634779 1969797 400628511 arkanax
400636731 November_Rain
400638794 ZSY0119ZSY 399953101 43788000
400639940 ZeroCloud
400640002 47514656 400636731 November_Rain
400640234 woyaochirou
400653731 53431792
400662778 7641365
400671076 63714144
400674098 51277593 400671076 63714144
400677656 63714144
400678035 cappucino
400680601 63714144 400674098 51277593
400704927 49423198
400705710 28842156
400708156 cindyrabbit
400712514 xionngmeng
400722754 CONGJIAWANER 400708156 cindyrabbit
400723028 54456133
400723356 51277593 400680601 63714144
400729035 annnnnny
400735353 63886077
400737272 evapiece
400755085 cindyrabbit
400761730 jeffies
400762954 2708291
400763378 4686527
400783920 onceforeverever
400786317 guguge52
400792109 3179687
400805420 ivan99120 399978457 bairu
400819246 63714144 400723356 51277593
400828007 anlens
400907015 51222575
400907961 24118189
400909947 42766417
400911869 66083596
400924698 lulusheep
400926265 viicolor
400935504 63714144
400946913 faxiluer 400219880 1969797
400952309 suncx0310
400955809 57385534
400957855 63714144
400959820 64454830
400969115 missstar
400978461 29290250 400034168 57076296
400980934 50714566
400981637 64375890
400982540 23576310
400983157 57076296 400978461 29290250
400983949 50714566
400985534 47862747
401004825 57204323
401007063 april26
401007993 pussy0pu
401011719 47689006
401020485 panjingno1
401021959 1969797 400985534 47862747
401025189 A.mosquito.
401027445 66201736
401051773 trigonz
401051798 trigonz
401054516 woyaochirou
401059758 57204323
401060547 1969797 401059758 57204323
401061987 57204323
401064258 43979529
401064930 61303048
401066397 66307391
401073025 alashendeng
401089182 kiwiiiii 399959117 66201736
401093846 66201736
401097856 mans
401099343 48060150
401100515 60158567
401100691 60158567 401099343 48060150
401155050 48060150 401100691 60158567
401236572 47862747
401247278 lovefang
401281113 4038200
401311214 FUCKCN
401325000 ishama 399997666 66201736
401352751 arkanax
401367221 1969797
401443550 meshy 399997666 66201736
401472496 23637478
401507415 48218002
401507486 48218002
400245172 1969797
400245597 1969797
400246099 cmaol
400246367 48218002 399975798 42854148
400246493 48880582
400246562 49456186
400246978 pussy0pu
400247201 chenchen3036
400247516 1969797 400246562 49456186
400248155 chenchen3036
400248306 xxdoubanxx
400248435 63886077
400248572 1969797 400247201 chenchen3036
400249027 iwillchange 399953239 XXXzzzz
400249348 xxdoubanxx 400249027 iwillchange
400249473 mualifeo0 400111035 66201736
400249484 lianjianling
400249824 63886077 400113972 chinaren0123
400249991 66201736
400250698 chenrr1106
400250721 1969797
400251246 chenchen3036
400251407 66201736
400251921 wlrz
400253114 chenchen3036
400253514 14912700
400254043 1969797 400251246 chenchen3036
400254225 47762365
400254654 42141884
400255969 55581523
400256349 huazhashooin
400257441 57488107
400258051 42854148
400258333 42854148
400258527 chenchen3036
400259023 48218002 399990765 55574405
400259339 tanyuhong
400259691 48218002 399992048 creencia
400259773 1499111
400260311 shushushu 399958375 66201736
400260394 66201736 400259773 1499111
400261269 zhaodiya
400261579 48218002 399994662 51464787
400261819 creencia 400259691 48218002
400262320 46827237
400263224 xxdoubanxx 400254225 47762365
400263928 xxdoubanxx 400259339 tanyuhong
400263933 66201736 400263224 xxdoubanxx
400264196 yuki0-0
400264434 CONGJIAWANER
400265516 shushushu 400042399 60631869
400265903 xxdoubanxx 400263933 66201736
400266222 66201736 400265903 xxdoubanxx
400266231 xxdoubanxx
400266397 50787331
400266602 zhaocong1015
400267006 jiyakimijun
400267196 chenchen3036 400259773 1499111
400267470 xxdoubanxx 400267006 jiyakimijun
400267840 xxdoubanxx 400266222 66201736
400269022 xxdoubanxx
400269085 49179347
400269193 chenchen3036
400269930 1969797
400270212 1969797 400259773 1499111
400270424 49179347 400002086 66201736
400271586 xxdoubanxx 400270424 49179347
400271906 59755052
400272108 chenchen3036 400270212 1969797
400272367 saintsjl
400272884 66201736 400267840 xxdoubanxx
400272950 xxdoubanxx 400272108 chenchen3036
400273019 chenchen3036 400271906 59755052
400273045 1969797 400272108 chenchen3036
400273220 xxdoubanxx
400273369 MolinCheung
400273422 xxdoubanxx
400273522 chenchen3036
400273779 chenchen3036
400274344 1969797 400273522 chenchen3036
400274479 ginako
400274495 1969797 400273779 chenchen3036
400275097 hihuhu
400275130 chenchen3036 400274495 1969797
400275710 BABJ 399990685 45280422
400275949 yunaxu
400276017 chenchen3036
400276310 1969797 400275130 chenchen3036
400276361 purplefish
400276643 chenchen3036
400276948 chenchen3036
400277480 48908135
400277542 1969797 400276643 chenchen3036
400277932 livesusan
400281185 48218002
400281636 BABJ 400056299 43788000
400281853 xxdoubanxx
400281904 xxdoubanxx
400281942 xxdoubanxx
400282050 xxdoubanxx
400359524 66201736
400360917 1969797
400361401 66201736
400361475 49925030
400361488 66202140
400362092 CONGJIAWANER
400362394 51743535
400362475 44562777
400362585 55796207 400288196 46701347
400362763 66201736 400362475 44562777
400363311 1969797
400363445 cheese_touch
400364138 CONGJIAWANER
400364393 cheese_touch
400366056 binfenai
400366331 1969797
400367220 supermiao
400367762 43211803
400367792 45770813
400369029 1969797
400369608 2779478
400369768 xionngmeng 400367792 45770813
400369984 66201736 400369608 2779478
400371009 kidnapperzhang
400371797 qhzr
400371802 66201736 400371009 kidnapperzhang
400372040 63886077 400352621 RUOYUN88
400372086 CONGJIAWANER
400373454 darlinfish
400374430 darlinfish
400374885 23783847
400376071 23783847
400376155 45834106
400376457 61228218
400377107 55852438
400377872 DYX861792877
400380019 47005054 400376155 45834106
400385496 54456133 399977780 63886077
400386782 cindyrabbit
400387025 63886077 400385496 54456133
400387529 cindyrabbit 400376155 45834106
400388092 54456133
400388844 54456133
400389492 62656441
400390353 yuuuuuuuuu
400390425 4619450
400392990 CONGJIAWANER 400386782 cindyrabbit
400393605 hanzong
400395423 38555351
400396088 xxdoubanxx
400396232 xxdoubanxx 400395423 38555351
400404214 shiny1007
400405758 cindyrabbit
400407132 63886077
400407404 jeffies
400407933 38217380
400409143 pinkygiraffe
400429924 FuLanKe 399959767 libraleo
400430828 50424224 399953134 darrown
400430829 4447450
400432930 48367073
400434862 alaskan
400436317 UFOFLY
400438555 famoussail7
400439805 lilingmo
400441100 purplefish 400294646 xionngmeng
400441718 49398509
400446001 3092910
400446091 3092910 400441718 49398509
400447525 38510846
400450963 49214416
400453730 4744464
400454650 c4127
400466753 CONGJIAWANER 400405758 cindyrabbit
400468687 49199455
400480061 pegasus
400480366 2761502
400480980 49238707 400320398 welcom
400481579 smile4082478
400484837 63886077 400430829 4447450
400485956 blacklynx
400486169 56032742
400495523 icareu
400495904 45718557
400501924 62448649
400510100 tielishu
400517737 VOV-baby
400519667 grizzlybears
400520274 44035954
400520743 44035954
400530866 60100751
400554786 63714144 400023016 JiaTengHeDaJiBa
400556936 4447450 400484837 63886077
400569318 37553589
400574311 shushushu 400367792 45770813
400578123 SAMMININO
400580027 51277593
400580378 su-hou
400581042 su-hou
400585891 2036843
400220020 66201736 400216362 41647476
400220426 66201736
400221376 66201736
400221486 xxdoubanxx
400222298 huanhuanv
400222902 beilaxiaoxiong
400223599 50246906
400223704 66201736 400221486 xxdoubanxx
400224000 41647476
400224350 66201736 400222902 beilaxiaoxiong
400224450 66201736 400224000 41647476
400225053 beilaxiaoxiong
400225418 66201736
400225541 66201736 400225053 beilaxiaoxiong
400225640 66201736 400225053 beilaxiaoxiong
400226682 50246906
400226857 xxdoubanxx
400227461 66201736 400226682 50246906
400227569 50246906
400227626 66201736 400226857 xxdoubanxx
400227806 66201736
400227979 64444919
400228082 50246906 400227806 66201736
400228084 xxdoubanxx
400228499 66201736
400228780 66201736 400228084 xxdoubanxx
400229596 46430004
400229682 lynnchan
400229750 47005054
400229761 66201736
400230186 66201736 400229596 46430004
400230287 66201736 400229750 47005054
400230323 57795927
400230411 66201736 400229682 lynnchan
400230533 66201736 400230323 57795927
400230562 loveshe 400008283 44148460
400230832 24118189
400231414 xxdoubanxx 400229761 66201736
400231639 66201736 400230832 24118189
400232031 57795927 400230533 66201736
400232163 loveshe
400232346 xxdoubanxx
400232497 63886077 400218088 49447253
400232571 darlinfish
400232793 lynnchan 400230411 66201736
400232863 dg4ever
400232914 aiyixiaxia
400233241 54886750
400233466 66201736 400232571 darlinfish
400233500 47005054 400230287 66201736
400233989 63886077 400188687 54881083
400234078 49306990
400234502 64799329
400234736 darlinfish
400234882 66201736
400234957 63886077 400184719 65343823
400235539 66201736 400234736 darlinfish
400235638 66201736 400234957 63886077
400236107 xxdoubanxx
400236326 pussy0pu
400236501 JiaTengHeDaJiBa
400236595 haaaaaaaa 399953101 43788000
400236766 66201736 400236326 pussy0pu
400236828 66201736 400236501 JiaTengHeDaJiBa
400237106 pussy0pu
400237198 JiaTengHeDaJiBa 400236828 66201736
400237504 66201736 400237106 pussy0pu
400237697 xxdoubanxx 400235638 66201736
400238133 wiss
400238237 49456186
400238604 66201736 400238237 49456186
400238742 xxdoubanxx 400238237 49456186
400238937 chenchen3036
400239187 haaaaaaaa 400238604 66201736
400239406 chenchen3036
400239502 1969797 400232571 darlinfish
400239777 63886077 400235638 66201736
400239887 15609113 399988716 42854148
400239996 66201736 400239406 chenchen3036
400240456 chenchen3036
400240635 pp0702
400240681 63886077 400184719 65343823
400240743 xxdoubanxx
400240893 66201736 400239502 1969797
400241611 Show-_- 400237106 pussy0pu
400241840 chenchen3036
400242230 zemoban
400242698 43788000 400236595 haaaaaaaa
400242762 49456186 400238937 chenchen3036
400242872 chenchen3036
400242890 xxdoubanxx 400241840 chenchen3036
400242961 63886077 400085024 48367073
400243536 1969797 400241840 chenchen3036
400243616 darlinfish
400243713 Linxiaoya
400243753 Linxiaoya
400243840 63886077 400219880 1969797
400244124 xxdoubanxx 400242872 chenchen3036
400244358 chenchen3036 400242762 49456186
400244417 haaaaaaaa 400242698 43788000
405746565 saintsjl
405752842 35287664
405923676 54090760
405929679 65336688
405944836 kfcmoumou
406006760 xiarilin
406163908 66201736 406006760 xiarilin
406203005 yu1221
406205113 yu1221 399980863 42854148
406207781 yu1221
406207855 xxdoubanxx
406209458 yu1221 400034168 57076296
406209554 yu1221 400034168 57076296
406221269 xxdoubanxx
407590479 handjob
407595306 3714589
407680663 handjob 407595306 3714589
407805332 65281554
407807615 2112382
407847045 1686029
407849312 46304872
409627399 aotuman1
409952017 62805644
409987793 56548750
413385028 45247574 400005178 lovekrystalall
413386120 43231526 413385028 45247574
413386566 43231526 413385028 45247574
413393816 67056620 399984479 44148460
420186305 4540449 400041204 liangjinmeizi
420189554 56738136
420194449 1028158
420194457 1028158
420194606 4540449
420194782 4540449
420194798 4827021
420198414 65939767
420199543 grizzlybears
401518824 3289183
401545626 ziyanwin
401562837 46633485 399991848 66201736
401676725 66201736 401562837 46633485
401677015 66201736 401443550 meshy
401677160 66201736 401325000 ishama
401688539 Mellin
401701885 ishama 401677160 66201736
401734340 meshy 401677015 66201736
401734817 66201736 401701885 ishama
401734971 66201736 401734340 meshy
401735105 66201736
401736323 woyaochirou
401742401 meshy 401734971 66201736
401744381 66201736 401742401 meshy
401748018 66201736
401797473 48715160
401825887 40927845 400040282 66201736
401833483 ishama
401837802 redsteel
401839637 redsteel
401847787 66201736
401848135 66201736
401850897 64512321
401852124 Vivien0318
401853204 guidodo
401908582 66201736 401833483 ishama
401910259 chenjianan411
401919571 april26
401920301 april26
401923258 redsteel 401919571 april26
401924663 april26
401929722 april26
401932502 april26
401937411 april26
401938371 Mary-Ann
401939268 66201736
401939426 66201736
401939532 66201736
401954870 dpx
401973554 51412089
401975445 otherbolinggirl
402032112 66201736 401973554 51412089
402032294 66201736 401975445 otherbolinggirl
402064931 laoyuan
402125344 58579857
402334691 48418316
402738456 nectar
402742080 50896331
403155666 Raymondsexy
403161209 shawx
403231534 66201736 403161209 shawx
403231662 66201736 402738456 nectar
403231826 66201736 403155666 Raymondsexy
403362418 ayilacanoe
403434807 50598230
403448705 flxzz
403449262 1504758
403727570 Sanctushh
403906629 43649691
403911087 saintsjl
403913025 ihaveafever
403913703 elven.ma
404044898 54006330
404367219 66201736 404044898 54006330
404532905 strander
404540863 zhaokaka
404662514 varalas
404667455 58691477
404713385 37257038
404767461 Raymondsexy
404767661 Raymondsexy
404768132 xiangnile83
404781415 xxdoubanxx
404790266 penpeney
404790732 Wickedchild
404807818 38226385 400246099 cmaol
404810058 38226385 400674098 51277593
404811150 51277593 404810058 38226385
404815182 38226385 404811150 51277593
404828471 55321400
405093111 EveNotended
405218670 jiajiacute 399985951 66201736
405218908 jiajiacute
405273954 66201736
405280582 newcecilia
405284417 66201736
405284972 newcecilia
405286062 66201736 405284972 newcecilia
405301286 60522233
405311436 PUPUP
405340175 30096827
405424944 xxdoubanxx
405425751 xxdoubanxx 405284972 newcecilia
405449415 3415186
405672073 4104534
405697795 63610680
405697983 51778838
405699010 3702912
405739063 63597304
