400022300 32067717
400023193 51134142
400023583 3769583
400026245 1707225
400026436 rosemar1nus
400026571 Looooooooo
400026739 lainj
400050561 monstercici
400053028 52756099
400053535 51171592
400053586 51171592
400053735 12453373
400053775 shmiky
400444551 52145439
400444573 44149841 400022300 32067717
400444654 44149841 400026739 lainj
400444780 44149841 400023193 51134142
400445162 44149841
400445402 chinaren0123
400445424 44149841 400023583 3769583
400445567 3475967 400445162 44149841
400445766 44149841 400026245 1707225
400445800 darlinfish
400445967 mxianxun
400446049 QueenQqiaoqiao 400445567 3475967
400446448 44149841 400445967 mxianxun
400446924 44149841
400450669 43827303
400582273 41581614
400697554 59529260
400732696 44149841 400697554 59529260
400734297 59529260
400740617 51134142
400742070 xbei119
400742952 LaSe.K 400446924 44149841
400743816 LaSe.K
400777168 53467872
400783065 62675224
400985272 65144437
400985360 52181266
401162874 44149841 400985272 65144437
401163511 45811610 400445162 44149841
401164183 47630662
401164489 44149841 400743816 LaSe.K
401164986 44149841 401164183 47630662
401165161 44149841 401163511 45811610
401165340 44149841 400783065 62675224
401165936 50301231
401166144 44149841 400740617 51134142
401166303 44149841 401165936 50301231
401166655 50301231 401166303 44149841
401167077 45811610 401165161 44149841
401167344 44149841 401167077 45811610
401167450 wsadcs
401167723 65144437 401162874 44149841
401168003 DarkFire 401167077 45811610
401168238 bandages
401168455 45811610 401168003 DarkFire
401168592 38675416
401168693 44149841 401168238 bandages
401168890 44149841 401168592 38675416
401169167 DarkFire 401168455 45811610
401169198 44149841 401168455 45811610
401169319 63915708
401169424 44149841 401169198 44149841
401169726 65144437 401167723 65144437
401169789 44149841 401169319 63915708
401169940 44149841 401169726 65144437
401170288 63915708 401169789 44149841
401170580 44149841 401169167 DarkFire
401170986 44149841 401170288 63915708
401171198 64454830
401171433 63915708 401170986 44149841
401172024 44149841 401167450 wsadcs
401172298 44149841 401171433 63915708
401172603 wzjojzw
401172767 rockbabycat
401173189 44149841 401171198 64454830
401174215 44149841 401172603 wzjojzw
401174337 44149841 401172767 rockbabycat
401176916 45811610
401177463 44149841 401176916 45811610
401178273 bandages 401168693 44149841
401178663 52967821
401179378 yieying 401178663 52967821
401182985 44149841 401178663 52967821
401184339 puba
401185633 44292345
401186641 47514656 400732696 44149841
401186878 47514656
401186913 50814790
401187923 14779122 400445766 44149841
401188177 14779122 401186913 50814790
401189172 50814790 401188177 14779122
401189804 44867020
401190568 44867020
401192942 65765252
401193687 2808055
401193735 65765252 401173189 44149841
401198263 50814790
401214582 65144437 401167723 65144437
401217865 xiaobmadrid
401219441 42219679
401255861 rockbabycat 401174337 44149841
401276027 51134142 401166144 44149841
401276070 51134142 401166144 44149841
401369890 44149841 401186913 50814790
401370269 44149841 401189804 44867020
401370416 44149841 401276027 51134142
401370789 44149841 401190568 44867020
401372443 Jakenen 401193687 2808055
401374010 alashendeng
401374198 shao1900
401374237 alashendeng 401372443 Jakenen
401374659 Jakenen 401374237 alashendeng
401375266 50814790 401369890 44149841
401376100 44149841 401219441 42219679
401376965 liulimark
401377335 44150747
401377590 alashendeng 401374659 Jakenen
401380005 44149841 401377335 44150747
401380081 42219679 401376100 44149841
401381555 44150747 401380005 44149841
401383678 44149841 401381555 44150747
401383903 50128829
401387004 44149841 401383903 50128829
401388990 50128829 401387004 44149841
401389498 44149841 401388990 50128829
401391238 50128829 401389498 44149841
401393442 44867020
401396411 evapiece
401401002 monicajoy
401423051 53606952
401436593 44149841 401423051 53606952
401436797 44149841 401393442 44867020
401437414 44149841 401391238 50128829
401442658 2713334 401393442 44867020
401444388 51134142 401370416 44149841
401446192 44149841 401442658 2713334
401526300 51178853 400445162 44149841
401527747 wendy1de
401531272 44149841 401526300 51178853
401615824 3115643
401698088 50035464
401836259 59005076
401837558 52942524 400446049 QueenQqiaoqiao
401838028 QueenQqiaoqiao 401837558 52942524
401840443 52942524 401838028 QueenQqiaoqiao
401841595 QueenQqiaoqiao 401840443 52942524
401842801 cyj.19ang
401844192 demo
401846747 52942524 401841595 QueenQqiaoqiao
401847107 52942524
401848327 QueenQqiaoqiao 401846747 52942524
402016300 44149841 401847107 52942524
402017084 44149841 401615824 3115643
402017965 61809507
402329154 64454830 401173189 44149841
410008406 lordlin 402017084 44149841
413260398 44149841 410008406 lordlin
413329153 50250168
413482475 45790778
413485649 65779294 401387004 44149841
413486431 AV_VA
