400196701 61671498
400197640 44446872
400199187 64932773
400200261 51362864
400200297 11035726
400200496 49306011
400203547 3789261
400206071 3034062 400199187 64932773
400207007 Manta
400212159 63004570 400200496 49306011
400212410 64932773 400206071 3034062
400212438 maxpage
400213880 60420672
400214088 EskimoFriend
400214155 53625576 400212410 64932773
400214340 53625576 400212438 maxpage
400214577 2796590
400215573 53625576 400214577 2796590
400215891 maxpage 400214340 53625576
400216252 maxpage
400219657 64932773 400214340 53625576
400232148 64866741
400239336 64866741 400214340 53625576
400239706 2796590 400215573 53625576
400241426 sewaiwoer
400242505 64866741
400245506 62550293
400247509 64866741
400249364 63293218
400250150 53625576 400239706 2796590
400251038 2796590 400250150 53625576
400251981 x__________i
400252233 64866741 400213880 60420672
400252335 66022519 400242505 64866741
400254199 64866741 400252335 66022519
400254262 cikamomo
400254563 58968121
400254793 64866741 400250150 53625576
400256007 Eamonn
400258690 4639857
400259132 64866741
400259710 whereMonica
400262243 Eamonn 400259132 64866741
400262992 64866741 400258690 4639857
400263106 Eamonn 400259710 whereMonica
400263287 stayhappy
400263887 whereMonica 400263106 Eamonn
400264421 64866741 400251981 x__________i
400266987 64866741
400267354 35143216
400268117 fred25
400268874 60079264
400268986 60079264
400269257 heavenyang
400270461 44675044
400270527 64866741 400269257 heavenyang
400272391 heavenyang 400270527 64866741
400272629 HeLeNNeLeH
400275468 49306011 400212159 63004570
400275616 64866741
400296052 64866741 400272629 HeLeNNeLeH
400296463 HeLeNNeLeH 400296052 64866741
400297887 milcm
400297930 64866741 400296463 HeLeNNeLeH
400300606 64866741
400302278 64866741 400200496 49306011
400327117 fred25
400337992 Bonjour-Bee 400242505 64866741
400340293 64866741 400337992 Bonjour-Bee
400345498 Bonjour-Bee 400340293 64866741
400347697 64866741 400345498 Bonjour-Bee
400348201 Bonjour-Bee 400347697 64866741
400349136 1925789 400214577 2796590
400349277 x__________i 400264421 64866741
400349602 6492746
400351687 64866741 400349602 6492746
400355101 40424011
400355697 X_daphne
400356088 64866741 400349277 x__________i
400377879 kklljji
400379310 1700254
400380776 1700254
400381001 1700254 400349136 1925789
400382821 1700254 400263887 whereMonica
400384402 kklljji 400382821 1700254
400384642 autumn_sep
400385696 1700254 400384402 kklljji
400385890 Kanakubo
400386047 kklljji 400385696 1700254
400386937 kklljji 400385696 1700254
400387845 1700254 400385890 Kanakubo
400387909 1700254 400386937 kklljji
400389562 mrscorwin
400390006 61402031
400391499 siwer
400392249 1700254 400390006 61402031
400397016 58635530
400400663 64866741 400397016 58635530
400403296 juno1990
400404157 64971124
400404667 64866741 400404157 64971124
400405050 xiehuayingxhy
400406251 43080272
400406283 wishingdd
400406333 xiehuayingxhy 400242505 64866741
400406812 chenchen3036
400407509 41784827 400400663 64866741
400448750 64866741
400450304 64866741 400406333 xiehuayingxhy
400463829 64866741
400465632 64866741
400466950 36185352
400477945 64866741 400466950 36185352
400478542 36185352 400477945 64866741
400484852 64866741 400390006 61402031
400485464 saralondon
400486457 H2OME
400488915 59300055
400538810 64866741 400485464 saralondon
400542414 MolinCheung
400550359 41784827
400554826 qiyueyujian
400556441 64866741 400554826 qiyueyujian
400557918 64866741 400550359 41784827
400561163 qiyueyujian 400556441 64866741
400601195 45268246
400674351 64866741 400601195 45268246
400675208 45268246 400674351 64866741
400680215 49044832 400463829 64866741
400681558 49044832 400601195 45268246
400682814 xiehuayingxhy
400685689 64866741 400682814 xiehuayingxhy
400686483 xiehuayingxhy 400685689 64866741
400688169 purelive 400212438 maxpage
400689635 64866741 400686483 xiehuayingxhy
400690375 xiehuayingxhy 400689635 64866741
400692253 CATRINAHASEGAWA
400692504 64866741 400690375 xiehuayingxhy
400693206 xiehuayingxhy 400692504 64866741
400697705 48498521
400698372 63774033
400698863 xiehuayingxhy 400697705 48498521
400699414 49044832 400689635 64866741
400706908 bokunomirai
400718983 43440430
400722853 sunto
400726420 64866741 400697705 48498521
400727617 64866741 400722853 sunto
400731597 64866741 400706908 bokunomirai
400744213 49044832
400745452 59300055
400770572 xiehuayingxhy 400251981 x__________i
400821862 2326921
400822541 64866741 400699414 49044832
400833040 49044832
400835274 64866741 400821862 2326921
400837380 64866741 400745452 59300055
400846563 49044832
400847419 HouseM.D 400214577 2796590
400850141 64866741 400406251 43080272
400867007 sunto 400727617 64866741
400889944 64866741 400245506 62550293
400903781 64866741 400355697 X_daphne
400911961 64866741 400833040 49044832
400914765 49044832 400911961 64866741
400921713 huangdouxingzhe
400922246 64866741 400377879 kklljji
400923336 bluevmoon
400924024 64866741 400921713 huangdouxingzhe
400925804 64866741
400928912 54291569
400932603 kklljji 400922246 64866741
400937755 64866741 400928912 54291569
400944003 2254087
400944212 64866741 400932603 kklljji
400944588 46976644
400945375 kklljji 400944212 64866741
400947335 64866741 400944588 46976644
400947829 reneryu
400947886 64866741 400945375 kklljji
400949937 kklljji 400947886 64866741
400957552 2254087
400959637 64866741 400947829 reneryu
400963600 2254087
400964540 64866741 400957552 2254087
400965713 caitong
400973238 amylxy
400984590 2254087 400964540 64866741
400989780 3000733
400996826 54291569
400999696 abbeyabibi
401003496 32831813
401012658 64866741 400999696 abbeyabibi
401013016 47888750
401013554 66058126
401014666 62762175
401015547 49399464
401018627 64866741 401014666 62762175
401020116 62762175 401018627 64866741
401066263 x__________i
401719597 64866741 401003496 32831813
401734733 64866741
401736786 61402031
401739459 61402031 401736786 61402031
401773414 cmysunny
401849631 64866741 401739459 61402031
401851757 64866741 401739459 61402031
401894160 61402031 401851757 64866741
401985640 64866741 401894160 61402031
402134097 57485310
402151378 64866741 402134097 57485310
402167915 57485310
402179485 64866741 402167915 57485310
402268443 57485310 402179485 64866741
402356775 61402031 401985640 64866741
402357956 64866741 402356775 61402031
402359021 pima_y
402363595 50529936
402366267 zanwei
402369658 64866741 402363595 50529936
402501072 61402031 402357956 64866741
402507125 amorsmap
402509558 64866741
402512256 57004485
402515725 64866741 402512256 57004485
402518961 64866741
402521237 54709144
402521726 54709144
402522492 54709144
402524892 64866741 402521237 54709144
402525323 kaihong
402525744 66059590
402527784 64866741
402530040 3921385 400254262 cikamomo
402540827 64866741 402530040 3921385
402544136 45058554 400206071 3034062
402544402 3034062 402544136 45058554
402547321 64866741 402544136 45058554
402548837 45058554 402547321 64866741
402554126 64866741
402555835 64866741 402548837 45058554
402556923 45058554 402555835 64866741
402557929 45058554 402554126 64866741
402558956 samstar
402559956 48529866
402560854 coco.nut
402564569 43833539
402564675 4270578
402581768 48625367
402583978 2180953
402585349 59316993 400206071 3034062
402586987 64866741 402581768 48625367
402590513 3034062 402585349 59316993
402591132 64866741 402583978 2180953
402593189 3387354
402594878 64866741 402564675 4270578
402597262 sewaiwoer 402564569 43833539
402597890 47911245
402597953 65957836
402598691 65957836 402597890 47911245
402600872 54709144
402604421 xhpiano 400203547 3789261
402605222 64866741 402597890 47911245
402605605 66059590 402557929 45058554
402607852 64866741 402600872 54709144
402609065 GutenTag
402609642 47911245 402605222 64866741
402610930 64866741 402597953 65957836
402614676 45058554 402605605 66059590
402620748 64866741 402614676 45058554
402621280 kkkkk 400247509 64866741
402621764 64866741 402609642 47911245
402630373 64866741 402621280 kkkkk
402632195 64866741 402559956 48529866
402643849 kkkkk 402630373 64866741
402646497 64866741 402643849 kkkkk
402665361 3921385 402540827 64866741
402691570 65957836 402610930 64866741
402714875 64866741 402609065 GutenTag
402721221 64866741 402604421 xhpiano
402743462 kamfan
402746739 62356481
402860707 GutenTag 402714875 64866741
402920049 66009056
402923865 6042256
402929320 66009056
402929321 66009056
402950533 64866741 402746739 62356481
402950844 64866741 402929320 66009056
402954056 64866741 402743462 kamfan
402964970 64866741
402973139 64866741 402585349 59316993
403151930 kamfan
403154730 OAOAsaosao
403370804 64866741 403154730 OAOAsaosao
403371115 64866741 403151930 kamfan
403371372 dionysian
403371424 dionysian
403371612 65497302
403371633 64866741
413904731 64866741
413909771 49205647
413912268 64866741 413909771 49205647
413914317 3979352 400213880 60420672
413917686 49205647
413923915 64866741 413917686 49205647
413926712 xiahsoul
413927389 54968086
413941572 60737559
413959015 64866741 413926712 xiahsoul
413959232 64866741
413970370 49205647 413923915 64866741
414006834 bacteria628
414052197 MsHsu
414060201 2147300
414066806 3453595
414074057 xiahsoul 413959015 64866741
414085847 64866741 414052197 MsHsu
414106032 64866741 414066806 3453595
414108047 3453595 414106032 64866741
414128498 poool
414138300 64866741 414128498 poool
414148513 poool 414138300 64866741
414161542 64866741
414164308 poool 414161542 64866741
414175442 44507908
414202459 64866741 414164308 poool
414205905 poool 414202459 64866741
414208422 64866741 414205905 poool
414260582 41694306 413904731 64866741
414589388 poool
414593559 16702629
414606503 64866741 414589388 poool
414669962 2147300
414670939 GutenTag
414672652 50184076
414673412 2147300 402594878 64866741
414675534 52911696
414685678 2147300
414688940 2147300 414128498 poool
414718659 poool 414688940 2147300
414718790 poool 414672652 50184076
414719309 poool 414606503 64866741
414723123 2147300 414718659 poool
414728071 poool 414723123 2147300
414744658 39269938 414685678 2147300
414745527 43219836
414754083 2147300 414728071 poool
414770891 50184076 414718790 poool
414771296 miaomiaomiao612
414775998 64866741 414771296 miaomiaomiao612
414777301 miaomiaomiao612 414775998 64866741
414777851 64866741 414777301 miaomiaomiao612
414778919 miaomiaomiao612 414777851 64866741
414779327 64866741 414675534 52911696
414780579 64866741 414778919 miaomiaomiao612
414783327 64866741 413914317 3979352
414783574 mojianlv
414786256 64866741 414783574 mojianlv
414788361 64866741 414670939 GutenTag
414812992 GutenTag 414788361 64866741
414813439 lickerwang
414814985 61161640 403371633 64866741
414819164 61161640
414820731 64866741 414814985 61161640
414822685 64866741 414812992 GutenTag
414823071 61161640 414820731 64866741
414832027 64866741 414823071 61161640
414836029 61161640 414832027 64866741
414838055 64866741 414669962 2147300
414844277 64866741 414836029 61161640
414849508 61161640 414844277 64866741
414854340 poool 414770891 50184076
414856739 64866741 414719309 poool
414863905 poool
414914958 50184076 414854340 poool
414918469 mib1985
414937714 3979352 414783327 64866741
414950022 64866741 414937714 3979352
414962880 64866741 414918469 mib1985
414969842 3979352 414950022 64866741
414977113 64866741 414969842 3979352
414981987 3979352 414977113 64866741
414984941 64866741 414981987 3979352
415032034 52911696 414779327 64866741
415208117 64866741 415032034 52911696
415298333 52911696 415208117 64866741
415300174 2904199
416281109 selavi
417066817 64866741 416281109 selavi
417477110 wonderful_ones
418805067 mm-miaomiao
401068333 64866741 401015547 49399464
401081637 64866741 401066263 x__________i
401085212 48346557
401089885 x__________i 401081637 64866741
401090972 64866741 401085212 48346557
401093456 64866741 401089885 x__________i
401094719 Xylon.Yu
401115132 64866741 401013554 66058126
401134774 49044832 400944003 2254087
401134850 49044832 401085212 48346557
401134998 49044832 401020116 62762175
401135037 60958017
401135140 60958017
401135724 49044832 400601195 45268246
401136047 49044832 401013554 66058126
401136249 49044832 401135037 60958017
401136524 59941041
401136772 60958017 401136249 49044832
401137088 49044832 401136772 60958017
401137731 49044832 401136772 60958017
401137887 59941041 401137731 49044832
401138659 49044832 401137887 59941041
401138784 YinG421
401138813 59941041 401138659 49044832
401138870 mmming
401139405 49044832
401144410 cmysunny
401144610 xiehuayingxhy 401144410 cmysunny
401145000 cmysunny 401144610 xiehuayingxhy
401145143 cmysunny 401135140 60958017
401167515 1925789
401178338 59300055 400837380 64866741
401203551 64866741
401205209 64866741 401135140 60958017
401206326 41172647
401210822 64866741 401206326 41172647
401211462 4820603
401211544 41172647 401210822 64866741
401214677 53083409
401214803 64866741 401138784 YinG421
401216109 64866741 401211462 4820603
401216679 4820603 401216109 64866741
401216705 amylxy
401217381 1129788 400272391 heavenyang
401218849 64866741 401216705 amylxy
401222143 xiaobmadrid
401223811 49399464
401224470 35955375
401225274 63402858
401226378 49044832
401269762 64866741 401226378 49044832
401270803 64866741 401225274 63402858
401276691 64866741 401217381 1129788
401278689 48891670
401280584 1129788 401276691 64866741
401280925 1129788
401320359 64866741 401280925 1129788
401321376 64866741 401278689 48891670
401326549 heavenyang 401217381 1129788
401333541 49044832 401205209 64866741
401336194 64866741 401333541 49044832
401340775 49044832 401336194 64866741
401342659 64866741 401224470 35955375
401359548 49306011 400302278 64866741
401367231 1129788 401320359 64866741
401368860 1129788 401326549 heavenyang
401375796 48891670
401391822 64866741 401375796 48891670
401396184 greenmuzi
401401446 64866741 401396184 greenmuzi
401403771 45268246 401135724 49044832
401405355 49044832 401403771 45268246
401411682 60958017 401145143 cmysunny
401421590 64866741
401424418 49044832
401425839 49044832 401269762 64866741
401426424 viced
401427486 jesse.tian
401427966 64866741 401425839 49044832
401429627 s52437953
401430149 s52437953
401431973 cmysunny 401411682 60958017
401443288 smile4082478
401445907 smile4082478
401446778 61402031 400484852 64866741
401466513 60958017 401431973 cmysunny
401467884 ceciliaycx
401468809 23637478
401469350 YinG421
401485345 cmysunny 401466513 60958017
401485529 SalanC
401496216 64866741 401485529 SalanC
401506885 48891670 401391822 64866741
401512657 48218002
401512672 48218002
401512703 48218002
401518673 greenmuzi
401686086 64866741 401485345 cmysunny
401692568 64866741 401445907 smile4082478
401714330 64866741 401518673 greenmuzi
403371884 duskwisdom
403374920 65765252
403380806 64866741 403374920 65765252
403381291 64866741 403371884 duskwisdom
403382404 65765252 403380806 64866741
403383300 64866741 403382404 65765252
403385032 65765252
403385945 64866741 403385032 65765252
403387092 65765252 403385945 64866741
403388859 OAOAsaosao
403414731 64866741 403387092 65765252
403528505 kamfan
403528763 kamfan
403529049 3578632
403529442 liu6liu6
403533504 46168939
403600851 64866741 402923865 6042256
403603312 64866741 403529049 3578632
403741730 3578632 403603312 64866741
403831018 64866741 403528763 kamfan
403958769 64866741 403741730 3578632
403967943 3578632
403971016 64866741 403967943 3578632
403996053 kamfan
403998417 1354907
404011165 64866741 403998417 1354907
404095093 48529866 402632195 64866741
404098417 58808993 400213880 60420672
404115795 3387354
404117046 3387354
404127457 33863236 403371633 64866741
404136345 4513409 400242505 64866741
404219908 61874703
404224585 55876251
404266941 64866741 404224585 55876251
404267540 41172647
404274919 64866741
404277950 64866741 400385890 Kanakubo
404280768 3514525 400206071 3034062
404287220 1354907 404011165 64866741
404298990 64866741
404303272 64866741 404136345 4513409
404321413 evapiece
404322409 64866741 400379310 1700254
407251416 40013768
404323493 hana_rexxar
407419136 Lud_wig
404335572 56322812
407419994 Lud_wig
407438698 53940613
404346810 64866741 404335572 56322812
407440496 64866741
404489902 4513409 404303272 64866741
407441017 64866741 407251416 40013768
404571036 hana_rexxar 404346810 64866741
407474734 52860561
404571229 64866741 404489902 4513409
407564992 messiah42
407603971 49044832
404574548 33863236 404298990 64866741
407610780 54415439
404576333 64866741 404323493 hana_rexxar
407646453 37302296
404589376 naeo
407732659 64866741 407564992 messiah42
404592460 1700254 404323493 hana_rexxar
407833524 MrsTWAIN 407603971 49044832
404592821 1700254 404323493 hana_rexxar
407840390 49044832 407833524 MrsTWAIN
404615586 64866741 404589376 naeo
407842842 46881075
407856134 66589593
404633418 64866741 404592821 1700254
407857285 yugugu
404822096 1700254 404633418 64866741
407863580 caitong
404845702 4513409 404571229 64866741
407865818 44893340 407856134 66589593
404969750 43039569
407866796 44893340 407842842 46881075
405166557 64866741
407876928 MrsTWAIN 407840390 49044832
405262545 43039569 405166557 64866741
407900700 49044832 407876928 MrsTWAIN
405416156 64866741
405427675 sun-forget
407967122 46881075 407866796 44893340
405439663 Mrs_YiYi
408124805 64866741 407474734 52860561
405494841 64866741
408420379 43833539
405496340 40013768
408447183 36457443
408452162 39507662
405510634 64866741 405496340 40013768
408457680 64866741 408452162 39507662
405513744 64866741 405427675 sun-forget
405516763 3501487
408468347 39507662 408457680 64866741
405518258 4348412
408492417 33206989
408497120 poool
405559764 Mrs_YiYi 405494841 64866741
408501678 4638013
405561590 Mrs_YiYi 405494841 64866741
408568664 64866741
405815551 40013768 405510634 64866741
408575233 64866741 408501678 4638013
405826064 last_year_waltz
408630813 64866741 408497120 poool
405826796 last_year_waltz
408678542 rickrojer
405827373 39269938
408779851 64866741 408447183 36457443
405828278 1354907
405892292 minagawa
408782717 36457443 408779851 64866741
405973126 ihower
408791302 2849559
405973492 double2bao
406052449 52061282
408791838 lawenda-hx 400206071 3034062
406174436 64866741 405827373 39269938
408795055 64866741 408791302 2849559
406175164 64866741 405516763 3501487
408796937 aloyou19
408798664 jbren
406179259 MADAY 400214577 2796590
408861566 64866741 408798664 jbren
406193810 64866741 405561590 Mrs_YiYi
408885458 2849559 408795055 64866741
408913741 ahere
406206632 Mrs_YiYi 406193810 64866741
408920720 64866741 408885458 2849559
406240105 3501487 406175164 64866741
408940379 64866741 408913741 ahere
406422381 64866741
409136245 64866741 408782717 36457443
406427689 64866741 406240105 3501487
409164262 A.mosquito.
406534863 64866741 405815551 40013768
409164818 2921399
406599436 3758353
409475421 64866741 409164262 A.mosquito.
406630285 64866741 406599436 3758353
409680987 46976644 407866796 44893340
406630939 64866741 404095093 48529866
409681179 46976644 409475421 64866741
406635334 minco-..
406637467 BlossomBlue
409837764 64866741 409681179 46976644
406639631 64866741 406635334 minco-..
409913077 46976644 409837764 64866741
406640386 dionysian
409914251 SalanC
406652465 MrsTWAIN
409924805 4525999
409999843 knnnn
406703094 minco-.. 406639631 64866741
410059716 44893340 409680987 46976644
410062809 64866741
410067688 44893340 410062809 64866741
410073645 64866741 410067688 44893340
410104452 64866741 409913077 46976644
410148293 64866741 409999843 knnnn
410170545 44893340 410073645 64866741
410182276 64866741 410170545 44893340
410210545 44893340 410182276 64866741
410245827 64866741 409924805 4525999
410250953 64866741 409914251 SalanC
410286227 4525999 410245827 64866741
410430898 39269938 406174436 64866741
410524373 64866741 410430898 39269938
410715794 39269938 410524373 64866741
410721945 jingjingmeimei
410843508 mm-miaomiao
413609386 64866741 410843508 mm-miaomiao
413613313 mm-miaomiao
413622838 iiiiiiii
413631024 64866741 413622838 iiiiiiii
413637735 iiiiiiii 413631024 64866741
413638971 41694306
413645939 64866741 413638971 41694306
413647206 41694306 413645939 64866741
413648577 64866741 413647206 41694306
413651160 64866741 413637735 iiiiiiii
413652279 41694306
413655148 64866741 413652279 41694306
413656050 49859030
413661106 64866741 413656050 49859030
413675245 mostnoblecat
413739128 iiiiiiii 413651160 64866741
413746796 49859030 413661106 64866741
413810846 64866741 413675245 mostnoblecat
413829867 43537862
413831578 TracYooo
413841175 64866741 413829867 43537862
413842306 64866741 413831578 TracYooo
413850771 TracYooo 413842306 64866741
413901256 41694306 413655148 64866741
