400635474 wangying9018
400635897 46960566
400636082 41933917
400637314 46960566
400638706 41933917 400637314 46960566
400641430 46960566
401309738 weixiao321
401377309 63914302
401377716 yankk
401445064 47252673
407181146 46960566 401309738 weixiao321
407183629 46960566 401377309 63914302
407186067 46960566 401445064 47252673
407191817 64378750
407196354 4898393
407198753 58321791
407199413 8193917
407199819 GutenTag
407310377 43794677
417023153 46960566 407191817 64378750
417023402 46960566 407196354 4898393
417023904 46960566
417024405 46960566 407310377 43794677
417024650 46960566 407199819 GutenTag
417117435 4898393 417023402 46960566
417119372 51222340
417120721 4024435
417122442 35091006
417124056 51530660
417124282 pengpeng_love
417124617 50814828
418909690 46960566 417120721 4024435
418909993 46960566 417119372 51222340
418910542 46960566 417124056 51530660
418910823 46960566 417124282 pengpeng_love
418911362 46960566 417122442 35091006
418914740 67749593
419001952 35091006 418911362 46960566
419097867 48601577
419120568 67813625
419209719 46960566 419001952 35091006
419210130 46960566 419097867 48601577
419210677 46960566 419120568 67813625
419339368 48601577 419210130 46960566
