400656403 Jesss
400656471 jay527789
400657011 legendxy 400656403 Jesss
400657321 legendxy 400656471 jay527789
400657564 artwang
400657629 47514656
400657700 48648932
400657782 kt_windmill
400658116 legendxy 400657564 artwang
400658321 Jesss 400657011 legendxy
400658526 legendxy
400659135 legendxy 400657700 48648932
400659221 65426409
400659304 legendxy 400657782 kt_windmill
400659326 60420717
400659585 legendxy 400658321 Jesss
400659634 64444919
400659673 linga
400659722 legendxy 400659221 65426409
400659856 57883644
400659858 Jesss 400659585 legendxy
400660312 legendxy 400659326 60420717
400660629 legendxy
400660829 legendxy 400659673 linga
400661104 iloveicecream
400661145 gougougougougou
400661294 crowibanez
400661359 3412703
400661708 OceansDeep
400661969 60302021
400662418 fzc11510
400662622 3412703
400662695 crowibanez
400663220 legendxy 400659856 57883644
400663242 54321005
400663387 legendxy 400661104 iloveicecream
400663651 legendxy 400661145 gougougougougou
400663932 52692936
400664075 legendxy 400661294 crowibanez
400664275 wangpeng218x
400664520 legendxy 400661359 3412703
400664771 legendxy 400661969 60302021
400664890 legendxy 400662695 crowibanez
400665047 legendxy
400665489 legendxy 400663932 52692936
400665667 legendxy 400664275 wangpeng218x
400666124 legendxy 400659858 Jesss
400666182 54321005 400665047 legendxy
400666339 50589518
400667451 legendxy 400666182 54321005
400668880 54321005 400667451 legendxy
400670966 60302021 400664771 legendxy
400673746 legendxy 400668880 54321005
400675183 Novembersnow
400677239 iloveicecream 400663387 legendxy
400682087 Jesss 400666124 legendxy
400683843 legendxy 400682087 Jesss
400685769 fzc11510
400685851 fzc11510 400685769 fzc11510
400686414 53091048
400687761 60193799
400688064 SSQBS
400691189 sleep.
400691710 65422049
400691740 Jesss 400683843 legendxy
400704872 26434122
400722369 legendxy 400704872 26434122
400741126 legendxy
400741239 legendxy 400686414 53091048
400741317 legendxy 400687761 60193799
400741831 legendxy 400688064 SSQBS
400741951 legendxy 400691189 sleep.
400742125 legendxy 400691710 65422049
400818671 53091048 400741239 legendxy
400859647 legendxy
400867445 59649523
400869953 53091048 400859647 legendxy
400870643 legendxy 400867445 59649523
400877299 63714144
401493257 65071208
401493791 65071208
401497586 poisonguo
401498399 lazyworld
401500204 yankk
401500302 53697273
401500643 3650765
401501709 Lrina 400657321 legendxy
401503707 42276117
401504219 44227532
401520346 c4127
401521309 44040607
401524631 luoluowuchenxia
401525515 63714144 401521309 44040607
401526516 42219679
401538840 4712594
401555701 legendxy
401555807 legendxy 401497586 poisonguo
401556231 legendxy 401500204 yankk
401556364 legendxy 401500302 53697273
401557219 legendxy 401500643 3650765
401557324 legendxy 401501709 Lrina
401557619 legendxy 401503707 42276117
401557898 legendxy 401504219 44227532
401558046 legendxy 400685851 fzc11510
401558297 57525962
401558668 legendxy 401520346 c4127
401558813 legendxy 401521309 44040607
401559196 legendxy 401524631 luoluowuchenxia
401559303 echo_lin
401559353 legendxy 401526516 42219679
401559407 50714566 400663220 legendxy
401559435 legendxy 401559303 echo_lin
401559545 legendxy 401559407 50714566
401560233 50714566
401562901 iou-miss 401557219 legendxy
401563081 63714144
401563422 L-princess
401565859 53033321
401566219 legendxy 401560233 50714566
401566312 legendxy 401562901 iou-miss
401566527 legendxy 401563081 63714144
401566528 54724742 400657321 legendxy
401566569 legendxy 401563422 L-princess
401566736 57795927
401566984 63714144 401566736 57795927
401567068 63714144 401566527 legendxy
401567172 legendxy
401567340 54724742 401567172 legendxy
401567760 57795927 401566984 63714144
401567847 emilyonly
401568181 legendxy
401568394 54724742 401568181 legendxy
401568479 63714144 401567760 57795927
401568633 legendxy
401569537 56776247
401570671 legendxy
401570866 54724742 401570671 legendxy
401570875 65071208 401557219 legendxy
401570995 legendxy 401569537 56776247
401571122 legendxy
401571261 legendxy 401570875 65071208
401571579 54724742 401571122 legendxy
401571698 bokunomirai
401572002 57601145
401572172 65071208 401571698 bokunomirai
401572421 65071208 401571261 legendxy
401577407 37865374
401579764 4523412
401580137 64859542
401580893 iou-miss 401566312 legendxy
401583150 missssssing
401591298 legendxy 401571698 bokunomirai
401591640 legendxy 401572002 57601145
401591891 legendxy 401577407 37865374
401591997 legendxy 401579764 4523412
401592114 legendxy 401572421 65071208
401592229 legendxy 401580137 64859542
401592424 legendxy 401571698 bokunomirai
401592709 65071208 401592114 legendxy
401592927 42983044
401593656 64859542 401592229 legendxy
401594029 42983044
401594667 legendxy 401593656 64859542
401594930 legendxy 401594029 42983044
401595535 42983044
401595767 42983044
401595967 64859542 401594667 legendxy
401596151 42983044
401596591 legendxy 401595967 64859542
401598463 42983044
401601116 legendxy 401598463 42983044
401603984 legendxy 401571579 54724742
401604403 42983044
401608582 legendxy 401604403 42983044
401610072 42983044
401610654 legendxy 401610072 42983044
401611535 42983044
401612228 57601145 401591640 legendxy
401613652 legendxy 401612228 57601145
401614336 legendxy 401611535 42983044
401614434 42983044
401614659 legendxy 401614434 42983044
401615570 legendxy 401592709 65071208
401615891 legendxy 401592709 65071208
401617097 65071208 401615891 legendxy
401618993 sungric
401620171 OceansDeep
401624278 legendxy 401617097 65071208
401624380 legendxy 401618993 sungric
401624544 65071208 401624278 legendxy
401624822 legendxy 401624544 65071208
401625478 65879349
401625681 40699857
401625895 legendxy 401625478 65879349
401626461 legendxy 401625681 40699857
401626933 65071208 401624822 legendxy
401627584 yankk 401556231 legendxy
401629424 mary27
401633017 legendxy 401626933 65071208
401633858 legendxy 401629424 mary27
401634380 33487671
401634565 65071208 401634380 33487671
401635744 legendxy 401634380 33487671
401636201 legendxy 401525515 63714144
401637329 shuangrenyu
401637520 33487671 401635744 legendxy
401637626 legendxy 401637329 shuangrenyu
401637905 legendxy 401637520 33487671
401638191 iwasekenzo
401638899 legendxy 401638191 iwasekenzo
401639966 40699857 401626461 legendxy
401644598 33487671 401637905 legendxy
401644745 legendxy 401644598 33487671
401647252 3287248
401649175 legendxy 401647252 3287248
401651480 47634466
401652058 legendxy 401651480 47634466
401654472 50814790
401655392 3287248 401649175 legendxy
401656902 65071208 401654472 50814790
401656938 63714144 401654472 50814790
401664950 47634466 401652058 legendxy
401697568 legendxy 401655392 3287248
401698377 legendxy 401654472 50814790
401700538 63714144 401697568 legendxy
401708871 legendxy 401700538 63714144
401830577 2308642
401831233 60927955 400660629 legendxy
401895471 legendxy 401831233 60927955
401895712 legendxy 401830577 2308642
407078962 50798252
407301308 legendxy
407302839 37580502
407429847 m.p.dream
407455146 60285051
407456094 64389508
407456458 saintsjl
407457288 sh1theng
407462244 yangzhuo322
407462504 48824915
407462747 1376876
407495733 52355974
407497759 Bassquela
407499635 2146697
407501145 2146697 401592424 legendxy
407627648 legendxy 407302839 37580502
407627730 legendxy 407429847 m.p.dream
407628521 legendxy 407455146 60285051
407628582 legendxy 407456094 64389508
407628996 legendxy 407462244 yangzhuo322
407629255 legendxy 407462504 48824915
407629394 legendxy 407462747 1376876
407629893 legendxy 407495733 52355974
407630160 legendxy 407497759 Bassquela
407631690 legendxy 407499635 2146697
407631898 legendxy 407457288 sh1theng
407634428 sh1theng 407631898 legendxy
407672046 kurtyan
407706990 legendxy
407740517 56794274
407741211 yuyear
407762458 1376876 407629394 legendxy
407773444 legendxy 407741211 yuyear
407773516 legendxy 407762458 1376876
414931761 41005209
415741973 legendxy 414931761 41005209
415906714 1156611
415910555 67575073
415911683 legendxy
415911960 1156611 415911683 legendxy
415913746 legendxy 415910555 67575073
