401431714 lyutong
401431824 wekiss
401431945 orangelov3r
401432484 lyutong
401433321 3461770
401434002 48601577
401434210 robinfight
401435030 3461770
401435307 55591079
401435361 3461770
401435811 3461770
401436031 pandah
401436430 3461770
401436857 64852485
401437005 63985202
401437805 haeyukitachi
401438230 alice_nano
401438288 3461770
401438836 57478739
401439265 robinfight 401435361 3461770
401439409 31612853
401439549 Astarling
401439817 3461770
401440604 YYangping
401440695 3461770
401442119 51260713
401443460 3461770
401705113 3461770
401818565 dianfive
401822101 52135207 401443460 3461770
401826306 eleennana 401443460 3461770
401827689 45517162
401827897 51123304
401836852 45517162
401837555 51145178
401838676 41933917
401884248 66225037
402026675 3461770 401822101 52135207
402027082 3461770 401827689 45517162
402027214 3461770 401827897 51123304
402027670 59627608
402027880 3461770 401836852 45517162
402028487 3461770 401837555 51145178
402028776 3461770 401838676 41933917
402029250 QTQT
402029518 3461770 401884248 66225037
402029800 4414113
402029869 3461770 402029250 QTQT
402030113 3461770 402029800 4414113
402030295 4414113 402030113 3461770
402030637 zhangdadaner
402030914 40956518
402031931 3461770 402030295 4414113
402032171 3461770 402030637 zhangdadaner
402032339 3461770 402030914 40956518
402032787 52304643 402030113 3461770
402033117 3461770 402032787 52304643
402033753 52304643 402033117 3461770
402033861 40956518 402032339 3461770
402034310 leecho
402034517 QTQT 402029869 3461770
402036181 3461770 402034517 QTQT
402036413 3461770
402038967 oSalome
402039818 63621017
402039847 63621017 402038967 oSalome
402046554 3461770 402038967 oSalome
402054229 66225037 402029518 3461770
402054252 HeLeNNeLeH
402177467 22251803
402178838 52292268
402179877 JeeRrY
402182469 stella_sa
402183026 2796590
402197621 45517162
402226148 1450446
402235012 47418045
402237620 47028170
402254124 4509709
402370823 bingbingfine 402032339 3461770
402374941 3461770 402237620 47028170
402375140 3461770 402235012 47418045
402375489 3461770 402226148 1450446
402375673 3461770 402375489 3461770
402375787 53532061
402376063 3461770 402197621 45517162
402376358 3461770 402182469 stella_sa
402376621 3461770 402179877 JeeRrY
402376779 3461770 402177467 22251803
402377000 3461770 402178838 52292268
402377043 sheep864
402377670 3461770 402375787 53532061
402378121 3461770 402183026 2796590
402378453 57478000
402379353 xiaoxuexue
402379771 handhandsleep 401434210 robinfight
402379961 hahehahe
402382615 46686351
402416392 rainbowb
402416658 3109744
402418329 xmuafrog
402424490 51140843
402426400 47022416 402027880 3461770
402426944 ufoxy 401435361 3461770
402427213 47022416 402183026 2796590
402427464 66179739
402431593 yyyyy11
402441757 47028170 402374941 3461770
402486026 3461770 402378453 57478000
402486172 zlan0607
402486743 3461770 402379353 xiaoxuexue
402486978 3461770 402382615 46686351
402488877 3461770 402416658 3109744
402490186 3461770 402424490 51140843
402490483 3461770 402426944 ufoxy
402490799 3461770 402427213 47022416
402491393 3461770 402427464 66179739
402491602 3461770 402431593 yyyyy11
402504895 2796590 402427213 47022416
402545662 47022416 402504895 2796590
402547632 Broken.M 402032339 3461770
402554462 57478000 402486026 3461770
402959357 3461770 402547632 Broken.M
402964871 61955221
402966651 56205055
402967688 60176824 401434002 48601577
402968176 61643466
402975111 58699731
402977044 55570013
402977307 58699731
402979168 amordong
402979334 58699731 402968176 61643466
402979989 58699731 402979168 amordong
402982607 35568908
402989298 4191862 402982607 35568908
402990325 4191862 402183026 2796590
402990666 2796590
402990741 4191862 402375787 53532061
402991825 4191862 402968176 61643466
402992059 4191862 402990666 2796590
402992447 4191862 402975111 58699731
402994503 iambg
402997641 53950449
402998884 fivefun
403001301 miyaviyuan
403011713 48601577 402967688 60176824
403015733 58699731 403001301 miyaviyuan
403032596 65593204
403033003 44301597
403049191 miyaviyuan 403015733 58699731
403058251 43140268
403141906 3461770 402989298 4191862
403142337 3461770 402994503 iambg
403142659 3461770 402997641 53950449
403143163 3461770 403001301 miyaviyuan
403143488 3461770 403032596 65593204
403143724 3461770 403058251 43140268
403145377 47062096
403202186 47028170
403216324 4191862 403141906 3461770
403217666 64475525
403218431 3921385
403218572 Q_Qiu
403219083 4058444
403228850 43140268 403143724 3461770
403415157 64315982 402424490 51140843
403420036 51140843 403415157 64315982
403420550 51140843 403415157 64315982
403439468 64315982 403420550 51140843
403442408 libraleo
403442444 51140843 403439468 64315982
403456944 3461770 403202186 47028170
403458331 3461770 403218431 3921385
403459063 3461770 403218572 Q_Qiu
403459745 3461770
403461359 3461770 403439468 64315982
403461951 3461770 403442408 libraleo
403462211 33611960
403463943 3461770 403217666 64475525
403465887 65600057
403466288 in710
403466441 in710 403465887 65600057
403470807 49044832
403478704 fanfan119
403487339 3461770 403465887 65600057
403488341 3461770 403466288 in710
403488654 3461770 403478704 fanfan119
403489227 3461770 403462211 33611960
403489284 3461770 403489227 3461770
403491033 65600057 403487339 3461770
403495797 51287016
403497324 3461770 403491033 65600057
403497625 3461770 403495797 51287016
403507645 fanfan119
403510863 51140843 403478704 fanfan119
403512960 51140843
403514256 3461770 403507645 fanfan119
403514737 kklljji
403514778 3461770 403510863 51140843
403515257 3461770 403514737 kklljji
403515405 kklljji 403488341 3461770
403515938 kklljji 403515257 3461770
403516593 62665661
403517034 Jason-Bourne
403566524 47028170 403456944 3461770
403594031 43140268 403459745 3461770
403594300 64475525
403654194 49704586
403798200 51140843 402424490 51140843
403819087 3461770 403515405 kklljji
403819646 3461770 403515938 kklljji
403819668 kklljji 403819087 3461770
403819889 3461770 403819646 3461770
403820806 3461770 403517034 Jason-Bourne
403821186 3461770 403566524 47028170
403821327 kklljji 403819889 3461770
403821359 3461770 403798200 51140843
403821866 3461770 403821327 kklljji
403823552 kklljji 403821866 3461770
403824691 3461770 403823552 kklljji
403829566 bonnebonnie
403829858 bonnebonnie
403830390 45186301
403830909 2859761
403831136 1376876
403831543 1504758
403832094 1588386
403832367 3461770 403829566 bonnebonnie
403832851 3461770 403830390 45186301
403833415 53280984
403833528 3461770 403830909 2859761
403833805 3461770 403831136 1376876
403834338 3461770 403831543 1504758
403834600 53330099
403835208 3461770 403832094 1588386
403836021 3461770 403834600 53330099
403836147 3461770 403833415 53280984
403836492 xiao_3435 402030295 4414113
403836718 donpei.lau
403838232 4414113 403836492 xiao_3435
403838757 tan55
403840457 kexinhaha
403840753 3461770 403836718 donpei.lau
403841402 3461770 403838232 4414113
403841742 swa_o
403842194 3461770 403838757 tan55
403842322 3461770 403840457 kexinhaha
403843444 3461770 403841742 swa_o
403844017 swa_o 403843444 3461770
403844927 59651778
403845237 4414113 403841402 3461770
403846022 ruruka 403842322 3461770
403847505 3461770 403844017 swa_o
403847772 3461770 403844927 59651778
403848173 3461770 403845237 4414113
403848554 littlemana
403848701 3461770 403846022 ruruka
403848751 4414113 403848173 3461770
403849053 3461770 403848554 littlemana
403852927 ruruka 403848701 3461770
403854318 ruruka 403848701 3461770
403854507 56866002
403865226 longwenjing
403871075 3461770 403854318 ruruka
403871187 3461770 403854507 56866002
403871556 ruruka 403871075 3461770
403872092 3461770
403874693 longwenjing 403872092 3461770
403876201 L_memo
403880452 3461770 403874693 longwenjing
403880662 3461770 403876201 L_memo
403883003 54914759
403883007 49069878
403914394 53330099 403836021 3461770
403977214 1588386 403835208 3461770
404020862 52872907 403143488 3461770
404130344 56866002 403871187 3461770
404135248 58199590
404135871 55623008
404301748 3461770 403883003 54914759
404302753 3461770 403883007 49069878
404303120 3461770 403977214 1588386
404303183 3461770 404020862 52872907
404303339 3461770 404135248 58199590
404303459 3461770 404135871 55623008
404309219 1588386 404303120 3461770
404341877 3461770 404309219 1588386
404342727 zecy
404342960 9611209
404671843 58199590 404342960 9611209
404674123 62762175
404682431 9611209 404671843 58199590
411960983 53980392
414310032 54477070
