401581236 nishidabendan
401581963 63343740 401581236 nishidabendan
401628069 2096887
401628330 doladola
401646583 63343740 401628069 2096887
401646943 63343740 401628330 doladola
401707139 nishidabendan 401628069 2096887
401711440 2096887
401712945 2096887 401707139 nishidabendan
401713420 missinlive
401714507 41949376
401715372 Candy.X 401712945 2096887
401716396 Candy.X 401713420 missinlive
401742508 missinlive
401748311 nishidabendan 401712945 2096887
401749903 52292268
401754781 63343740 401713420 missinlive
401754951 63343740 401749903 52292268
401755162 Nikonikodo
401755219 52292268 401754951 63343740
401755414 63343740
401755704 63343740 401748311 nishidabendan
402204676 lacus_won
405218463 3721989
405219691 63343740 405218463 3721989
405219770 49066273
416075297 v5jp
