401599651 61303048
401613317 62821639
401619715 65472716 401613317 62821639
401619856 65472716 401613317 62821639
401619974 Christinnnnnnnn
401621866 65472716 401619974 Christinnnnnnnn
401622032 czashisb
401622237 65472716 401622032 czashisb
401622351 czashisb 401622237 65472716
401622692 65472716 401622351 czashisb
401622972 czashisb 401622692 65472716
401623113 Christinnnnnnnn 401621866 65472716
401624433 sweet-killer
401624694 65472716 401623113 Christinnnnnnnn
401624723 64188835
401624936 65472716 401624433 sweet-killer
401625255 65472716 401624723 64188835
401625455 65472716 401622972 czashisb
401625585 czashisb 401625455 65472716
401625846 sweet-killer
401627595 34308676
401628338 64188835 401625255 65472716
401971701 Christinnnnnnnn 401624694 65472716
402075767 65472716 401628338 64188835
402076959 65472716 401971701 Christinnnnnnnn
402081085 yunaxu
402095924 4691116
402102169 Christinnnnnnnn 402076959 65472716
402103195 cokeqie
402103333 cokeqie 402102169 Christinnnnnnnn
402105526 65472716 402103195 cokeqie
402105749 65472716 402102169 Christinnnnnnnn
402106832 cokeqie 402105526 65472716
403235813 perpet 402105749 65472716
403258331 woailiulian
403389248 hello502
403410944 58168623
403411112 55829739
403706498 nooooth
406311137 43626200
406311310 43626200
406765008 50798252
414503093 65472716 403389248 hello502
414503144 65472716 403410944 58168623
414503381 65472716 403258331 woailiulian
414503649 65472716 403706498 nooooth
414504345 65472716 406765008 50798252
414628943 aaaaacqa
414813363 sula2011
