401812340 39533808
401814104 monkeydoll
401814778 58956257
401815213 monkeydoll 401814778 58956257
401815402 59339557
401815587 61290003
401815620 mis_silvia
401815633 lyutong
401815828 monkeydoll 401815587 61290003
401815844 61679858
401816017 monkeydoll 401815620 mis_silvia
401816147 61679858
401816154 ManningManning
401816229 61290003 401815828 monkeydoll
401816233 monkeydoll 401815633 lyutong
401816390 61290003 401816154 ManningManning
401816462 monkeydoll 401816229 61290003
401816473 61290003 401816233 monkeydoll
401816597 61290003 401816462 monkeydoll
401816707 66059590
401816803 mis_silvia 401816017 monkeydoll
401816855 lyutong 401816233 monkeydoll
401816862 66266603 401815828 monkeydoll
401816953 monkeydoll 401816390 61290003
401817180 caitong 401816597 61290003
401817375 61290003 401816953 monkeydoll
401817377 monkeydoll 401816597 61290003
401817400 babyktsun
401817436 3788707
401817441 monkeydoll 401816803 mis_silvia
401817476 3788707
401817480 61290003 401817180 caitong
401817541 Taillee
401817551 monkeydoll 401816855 lyutong
401817602 pansy11
401817603 61290003
401817691 Lily-C
401817782 monkeydoll 401816862 66266603
401817831 3788707 401817541 Taillee
401817953 monkeydoll 401817375 61290003
401817990 mononoke1023
401818144 monkeydoll 401816707 66059590
401818331 61290003 401817953 monkeydoll
401819619 midanta
401820034 monkeydoll 401817400 babyktsun
401820100 monkeydoll
401820145 monkeydoll 401817436 3788707
401820593 47022416
401820633 monkeydoll 401817541 Taillee
401820757 monkeydoll 401817602 pansy11
401821276 PrincessAlice
401821372 fcy888
401824036 monkeydoll
401826340 monkeydoll 401818331 61290003
401827173 rocream
401828026 wing-gmy
401828333 smile4082478
401829803 61834425
401831547 35814118
401831795 35814118
401832850 monkeydoll 401827173 rocream
401833000 monkeydoll 401829803 61834425
401833127 52606469
401833244 3788707 401820145 monkeydoll
401833780 1058427
401836161 paris_Me
401836558 39228838
401838820 monkeydoll 401833244 3788707
401839138 monkeydoll 401836161 paris_Me
401839582 Megan1218
401840838 65094718
401840867 51705053
401840981 monkeydoll 401839582 Megan1218
401841275 monkeydoll 401833780 1058427
401841806 41138766
401843618 monkeydoll 401841806 41138766
401843891 38696331
401844549 laugho
401845434 pielin
401845779 beikabei
401845992 beikabei
401846624 speak
401846681 41138766 401843618 monkeydoll
401847721 3475967 401817990 mononoke1023
401848171 3475967 401840867 51705053
401848396 59851328
401848514 52127116
401848713 sunsunwen
401849705 4159668
401849985 3475967 401815587 61290003
401850362 3475967 401849705 4159668
401850376 51705053 401846624 speak
401850437 51662265
401852534 51662265 401849985 3475967
401854025 3475967 401852534 51662265
401854697 61290003
401854928 3895983 401843618 monkeydoll
401856626 51662265 401854025 3475967
401857939 65933701
401858028 speak 401850376 51705053
401858071 65419129
401859010 4258574
401859340 kklljji 401839138 monkeydoll
401859571 pima_y
401860951 zljym
401863470 66322260
401864310 lucymouse 401847721 3475967
401864487 29603086
401866227 42445693
401869893 1455033
401870069 Taillee 401820633 monkeydoll
401870299 Taillee 401817831 3788707
401871568 2991059
401871668 monkeydoll 401845992 beikabei
401871923 monkeydoll 401849985 3475967
401872036 monkeydoll 401850362 3475967
401872128 monkeydoll 401850437 51662265
401872362 monkeydoll 401859010 4258574
401872577 monkeydoll
401872828 monkeydoll 401870069 Taillee
401873159 sisi-in 401866227 42445693
401873193 monkeydoll 401869893 1455033
401873357 65209802
401873472 ll1219 401858028 speak
401873713 monkeydoll 401857939 65933701
401873734 monkeydoll 401857939 65933701
401874241 42445693 401873159 sisi-in
401874428 monkeydoll 401873357 65209802
401874837 SILVERBADGE
401875104 65209802 401874428 monkeydoll
401875111 Taillee 401872828 monkeydoll
401875392 SILVERBADGE
401875966 monkeydoll 401875111 Taillee
401876088 52292268
401876096 monkeydoll 401875392 SILVERBADGE
401876545 bandages
401877468 hierr
401877967 lenasang
401878526 cat_yr
401878704 cat_yr 401877967 lenasang
401881044 speak 401873472 ll1219
401881301 2003488
401886241 40209469
401896295 65419129
401909190 60164771
401915910 monkeydoll
401916282 monkeydoll 401896295 65419129
401919668 65419129 401916282 monkeydoll
401921935 2003488 401886241 40209469
401922286 52439705
401925133 40209469 401921935 2003488
401925485 2003488 401922286 52439705
401926022 monkeydoll 401919668 65419129
401926417 monkeydoll 401877967 lenasang
401928345 58376342
401928411 4258574 401872362 monkeydoll
401956413 pansy11 401820757 monkeydoll
401963157 3788707 401870299 Taillee
401967258 monkeydoll 401928345 58376342
401967428 monkeydoll 401928411 4258574
401967679 monkeydoll 401956413 pansy11
401978484 52816854
401979846 monkeydoll 401978484 52816854
401981797 jiangxiaoxiong
401982053 3034099
401982528 3034099 401967258 monkeydoll
401990323 56638355
401995919 43078364
402004899 52816854 401979846 monkeydoll
402009247 ibty 401856626 51662265
402046892 3034099 402009247 ibty
402047540 3034099 401990323 56638355
402048817 2796590
402049380 justniuniu 401922286 52439705
402049910 Nephila 401849985 3475967
402050411 Nephila
402071337 ladycat2046
402080213 57682067
402083244 45182020
402085209 41847180
402085859 51662265 402009247 ibty
402086814 45182020
402088136 givenchy_
402089210 45182020 402088136 givenchy_
402090104 58978571 401869893 1455033
402090693 3475967 402049910 Nephila
402090740 Taillee 402083244 45182020
402090900 Taillee 402085859 51662265
402090938 3475967 401864310 lucymouse
402091639 4594570
402092974 kunzhdu
402093409 51662265 402090900 Taillee
402093776 65609580 401816953 monkeydoll
402093947 monkeydoll 402083244 45182020
402094130 monkeydoll 402088136 givenchy_
402095040 4258574 401967428 monkeydoll
402095495 yoyo621725
402095854 11035726
402103732 1836415 401877967 lenasang
402105371 41001358
402107053 36853493 401841275 monkeydoll
402107941 36853493 401866227 42445693
402111188 36853493 402095495 yoyo621725
402115021 48369458
402124869 monkeydoll 402091639 4594570
402125149 monkeydoll 402095854 11035726
402125505 monkeydoll 402115021 48369458
402125673 monkeydoll 402111188 36853493
402125984 monkeydoll 402105371 41001358
402127281 monkeydoll 401844549 laugho
402128094 monkeydoll 401854928 3895983
402128948 monkeydoll 402086814 45182020
402129154 56844349
402145424 Taillee 402093409 51662265
402154538 monkeydoll 402145424 Taillee
402155244 moboard 401814104 monkeydoll
402155564 bokunomirai
402155623 32864156 401814104 monkeydoll
402157268 monkeydoll 402155564 bokunomirai
402157408 monkeydoll 402155623 32864156
402157925 monkeydoll 402155244 moboard
402162508 2003488
402171431 4594570 402124869 monkeydoll
402190347 51662265 402145424 Taillee
402192047 ibty 402085859 51662265
402193952 ibty
402196867 youlideqinglizi 401816390 61290003
402199277 61290003 402196867 youlideqinglizi
402201770 46857465
402203605 youlideqinglizi 402199277 61290003
402205425 Taillee 402154538 monkeydoll
402206306 littleer
402209579 1321533
402210219 2003488
402211228 26659176
402211708 40836130
402211951 2003488 402206306 littleer
402213847 littleer 402211951 2003488
402214726 61290003 402203605 youlideqinglizi
402214998 Taillee
402215670 Taillee 402190347 51662265
402215832 63738178
402217622 2003488 402214998 Taillee
402217915 1321533 402210219 2003488
402218419 1321533 402217622 2003488
402218775 laugho 402127281 monkeydoll
402218806 2003488 402217915 1321533
402220281 Taillee 402218419 1321533
402220758 2003488 402220281 Taillee
402221518 Taillee 402220758 2003488
402224617 4495727
402224650 1474462
402225322 2003488 402221518 Taillee
402226248 2003488
402226377 2003488
402226539 2003488
402227898 44078775
402228490 celile
402228969 Taillee 402225322 2003488
402229574 cod4soap
402230653 4712594 401815828 monkeydoll
402230821 4712594 401816390 61290003
402244429 61290003 402230821 4712594
402245482 62528142
402249302 monkeydoll 402205425 Taillee
402249387 monkeydoll 402206306 littleer
402249550 monkeydoll
402249673 monkeydoll 402211708 40836130
402250102 monkeydoll 402218775 laugho
402250242 monkeydoll 402220281 Taillee
402250569 monkeydoll 402224650 1474462
402250576 54881083
402250588 monkeydoll 402224650 1474462
402251078 monkeydoll 402250576 54881083
402251542 54881083 402251078 monkeydoll
402251673 monkeydoll 402211951 2003488
402251890 monkeydoll 402215670 Taillee
402252972 54881083 402251890 monkeydoll
402253236 48908135
402254041 48806989
402257700 monkeydoll 402227898 44078775
402257832 monkeydoll
402257956 monkeydoll 402252972 54881083
402261472 48908135 402257832 monkeydoll
402261717 48908135 402257956 monkeydoll
402262325 laugho
402262904 56821809
402267762 2774956
402268052 2003488 402251673 monkeydoll
402268344 2003488 402228969 Taillee
402269902 49128378
402275862 44078775 402257700 monkeydoll
402279407 monkeydoll 402261472 48908135
402280265 monkeydoll 402267762 2774956
402282577 48908135 402279407 monkeydoll
402303507 44418760
402319348 2774956 402280265 monkeydoll
402319747 monkeydoll
402345800 Taillee 402250569 monkeydoll
402357487 pima_y 401872577 monkeydoll
402923304 normi
402923654 yg3er 401820593 47022416
402925536 yg3er 401831795 35814118
402927320 monkeydoll 402923304 normi
402927467 lanshamo
402927574 monkeydoll
402928153 51662265
402928262 normi
402928424 monkeydoll 402927467 lanshamo
402928447 47022416 402923654 yg3er
402928656 mswallflower
402928673 MolinCheung
402929680 monkeydoll 402928153 51662265
402929882 50016852
402929930 mswallflower 402928447 47022416
402930015 monkeydoll 402928673 MolinCheung
402930637 monkeydoll
402930655 55342400
402931198 mswallflower
402931831 monkeydoll 402930655 55342400
402932549 55342400 402931831 monkeydoll
402932753 mswallflower 402930637 monkeydoll
402933420 tuki4ever 401824036 monkeydoll
402933737 normi 402927574 monkeydoll
402935057 51662265 402929680 monkeydoll
402941039 monkeydoll 402932549 55342400
402941194 monkeydoll 402932753 mswallflower
402941286 monkeydoll 402933420 tuki4ever
402941400 monkeydoll 402933737 normi
402941775 monkeydoll 402935057 51662265
402946139 50960588
402952794 onlycat1314 402932549 55342400
402954286 Mr_blackz 401814104 monkeydoll
402963522 2003488
402964277 yg3er
402968931 MolinCheung 402930015 monkeydoll
402971001 2003488 402968931 MolinCheung
402974782 yg3er
402976989 yg3er 402928447 47022416
402977600 2779212
402979056 mvapple
402979156 2779212 402357487 pima_y
402981045 Cmomo9898
402982015 55888853
402983606 fivefun
402986766 51464787
402988559 47022416
402992284 misssulk
402993806 misssulk
402993834 35664517
402995247 monkeydoll 402946139 50960588
402995500 monkeydoll 402954286 Mr_blackz
402996001 monkeydoll
402996385 monkeydoll 402983606 fivefun
402996496 monkeydoll 402992284 misssulk
402997303 monkeydoll
402997592 monkeydoll 402993806 misssulk
402999593 momolovezz
402999631 misssulk 402996496 monkeydoll
402999779 misssulk 402997592 monkeydoll
403000298 58008334
403009851 56638355 402964277 yg3er
403015234 mvapple 402995500 monkeydoll
403017912 monkeydoll
403018106 monkeydoll 402999631 misssulk
403020118 50756908
403020565 2048541
403020685 14260887
403104632 tuki4ever 402941286 monkeydoll
403135382 50960588 402995247 monkeydoll
403179974 2003488 403020565 2048541
403195890 31774245
403202691 58878536
403203201 yg3er 402997303 monkeydoll
403203756 58878536
403244494 monkeydoll 403020565 2048541
403452178 onlycat1314
403461298 linamo 402211951 2003488
406141902 42246547
406262639 63474229
406263461 63474229
406265635 yaoluliu
417999559 2751180
418151626 xiaochan1012
418582377 2003488 402923304 normi
418584791 65231207
418585609 bearbearshop 401815828 monkeydoll
418589524 55989482
418593227 mg1386
418599893 47857534
418615718 50215155
418636933 funny_520
418641419 65939397 418615718 50215155
418643723 65939397
418644088 funny_520 402925536 yg3er
418647619 46903946
418650400 46903946
418652308 56086830
418660900 55567415
418665192 Z09621
418666763 49745566
418685171 monkeydoll 418666763 49745566
418750855 49745566 418685171 monkeydoll
418756352 52720841 402107053 36853493
418759297 outetsu 401815828 monkeydoll
418762197 43277190
418762563 xiaoloveshu
418771030 41266824
418771799 67723154
418772514 63769266
418775547 61379183 418771030 41266824
418780102 46428850
418854182 67547920 401817691 Lily-C
418857369 parischen
418861088 48443719
418861601 57147066
418862098 2853540
418865492 MsLulu
418866934 ihower
418869884 61038001
418876400 46093255 401852534 51662265
418918915 1749262
418919477 49365188
420036931 3895983 401852534 51662265
420037329 51662265 420036931 3895983
420037858 3895983 401909190 60164771
420040225 45521337 401864310 lucymouse
420043768 huazhensh
420045936 60045270
420046212 65106967
420051298 45521337 418762197 43277190
420052698 58758166
420070424 43617110
420162398 yushun1013
420163747 4892026 401815828 monkeydoll
402358923 youlideqinglizi
402367525 MrBeauty
402391574 lucymouse 402095495 yoyo621725
402432889 monkeydoll 402357487 pima_y
402433224 51340796
402436164 48840352
402446099 monkeydoll 402436164 48840352
402446976 2003488
402459768 45182020 402090740 Taillee
402495552 pinkycon
402500719 saintsjl
402502963 pansy11
402504604 Bri--sunshine 401817180 caitong
402506281 46224963
402507372 2316992
402510954 46224963 402205425 Taillee
402511955 46224963
402518626 Taillee
402526932 caitong
402538957 50825899
402569225 wocalienaobuzhu
402593269 pima_y 402432889 monkeydoll
402593596 61134145 401816390 61290003
402598162 4875441 401832850 monkeydoll
402598635 54851757
402599699 athenalx
402599997 54851757
402600578 59627608
402600663 3820210
402600665 54851757
402600861 xhpiano
402601132 52687974 401859340 kklljji
402601399 onlycat1314 402510954 46224963
402601537 52687974 402518626 Taillee
402603369 31774245
402603390 acidirisy
402604643 31774245
402604986 enjou199
402608394 kklljji 402601132 52687974
402616054 Taillee 402601399 onlycat1314
402619409 monkeydoll 402518626 Taillee
402619691 monkeydoll 402495552 pinkycon
402619770 monkeydoll 402500719 saintsjl
402620089 monkeydoll 402507372 2316992
402620216 monkeydoll 402510954 46224963
402620346 monkeydoll
402620436 monkeydoll 402598162 4875441
402620837 monkeydoll 402600663 3820210
402621204 monkeydoll 402601399 onlycat1314
402622155 51130489 401836161 paris_Me
402622257 onlycat1314 402616054 Taillee
402623012 yue17years
402624101 VVcook
402624568 softlightlee 401841806 41138766
402626741 47705503
402628223 onlycat1314 402518626 Taillee
402629762 3820210 402620837 monkeydoll
402631786 37142432
402632873 3820210 402507372 2316992
402636068 onlycat1314 402629762 3820210
402636993 38173059
402640809 saintsjl 402619770 monkeydoll
402642068 WWW926
402644746 Taillee 402628223 onlycat1314
402645134 Taillee 402629762 3820210
402646487 52687974 402608394 kklljji
402646673 daisyluoying
402646923 Taillee 402629762 3820210
402647493 Taillee 402646673 daisyluoying
402649247 52439705 401925485 2003488
402650062 yynjin
402650896 2003488 402632873 3820210
402653218 53941020
402658585 46224963 402601399 onlycat1314
402682414 paris_Me 402622155 51130489
402683863 39113046
402684090 monkeydoll 402631786 37142432
402684105 monkeydoll 402631786 37142432
402684169 39113046
402684543 monkeydoll
402690405 63919506
402692220 51130489 402682414 paris_Me
402704310 paris_Me 402692220 51130489
402706052 maoxiaoxiong
402841279 3820210 402646923 Taillee
402843889 3820210
402845907 3820210 402645134 Taillee
402857112 monkeydoll 402684169 39113046
402860239 29603086 402599997 54851757
402867759 54851757 402860239 29603086
402868285 woshinuannuan
402875317 Taillee 402841279 3820210
402881429 monkeydoll 402868285 woshinuannuan
402884226 immisspan
402886906 immisspan 402624101 VVcook
402908822 lanshamo 401849985 3475967
402909763 lanshamo 401856626 51662265
402911675 lanshamo 401956413 pansy11
402912259 37370450
402918288 normi
