401937168 seasondoris
401937259 wekiss
401937655 botheast
401937734 54609321
401938387 47129897
401938494 37387429 401937259 wekiss
401938693 37387429 401937655 botheast
401939238 37387429 401937734 54609321
401939513 37387429 401937168 seasondoris
401939983 46224963
401940363 37387429 401939983 46224963
401940625 46224963 401940363 37387429
401941021 4327702
401941317 46224963
401941668 37387429 401940625 46224963
401942076 37387429 401941021 4327702
401943487 54609321 401939238 37387429
401943660 46224963 401941668 37387429
401943670 37387429 401941668 37387429
401944131 37387429 401943487 54609321
401945446 joxy
401946262 56179218
401946371 37387429 401945446 joxy
401947156 37387429 401946262 56179218
401947467 in-pest
401949413 37387429 401947467 in-pest
401950122 37387429 401940625 46224963
401951136 48553276
401952121 37387429 401951136 48553276
401953357 yangzhuo322
401953748 37387429 401953357 yangzhuo322
401954330 37387429
401955447 goter
401955923 4548261
401956544 37387429 401955447 goter
401956786 37387429 401955923 4548261
401956986 28349313
401958439 goter 401956544 37387429
401959079 37387429 401958439 goter
401959831 fine_water
401960785 37387429 401959831 fine_water
401961366 fine_water 401960785 37387429
401961423 35317828 401952121 37387429
401961446 37387429 401956986 28349313
401961775 37387429 401961423 35317828
401962011 37387429 401961366 fine_water
401962516 fine_water 401962011 37387429
401963304 gabriile
401963493 gabriile
401963532 37387429 401962516 fine_water
401963803 fine_water 401963532 37387429
401964121 37387429 401963493 gabriile
401964285 43105978
401964336 37387429 401963803 fine_water
401964661 37387429 401964285 43105978
401964901 fine_water 401964336 37387429
401965565 37387429 401964901 fine_water
401965877 28349313 401961446 37387429
401965961 fine_water 401965565 37387429
401966462 37387429 401965961 fine_water
401966816 37387429 401965877 28349313
401966948 fine_water 401966462 37387429
401967275 43105978 401964661 37387429
401967519 37387429 401966948 fine_water
401967729 48206402
401967889 37387429 401967275 43105978
401967994 fine_water 401967519 37387429
401968345 37387429 401967729 48206402
401968453 baixiaoqi
401968918 37387429 401967994 fine_water
401969051 fine_water 401968918 37387429
401969225 37387429 401968453 baixiaoqi
401969338 28349313 401966816 37387429
401969799 37387429 401969051 fine_water
401969907 37387429 401969338 28349313
401970162 28349313 401969907 37387429
401970230 fine_water 401969799 37387429
401971006 sxzm
401971557 59998833
401973338 37387429 401970230 fine_water
401973691 37387429
401973852 37387429 401971557 59998833
401974134 48206402
401974332 59998833 401973852 37387429
401974514 37387429 401974134 48206402
401975206 37387429 401974332 59998833
401975586 59998833 401975206 37387429
401976011 37387429 401970230 fine_water
401976265 37387429 401975586 59998833
401976357 fine_water 401976011 37387429
401976428 37387429 401970162 28349313
401976727 37387429 401976357 fine_water
401977063 fine_water 401976727 37387429
401977118 34235240
401977809 37387429 401977063 fine_water
401978120 37387429 401977118 34235240
401978150 fine_water 401977809 37387429
401978289 28349313 401976428 37387429
401978485 48218002
401978602 48218002
401978662 48218002
401978697 37387429 401978150 fine_water
401979010 34235240 401978120 37387429
401979591 37387429 401978289 28349313
401979839 sulaosan 401971557 59998833
401980100 37387429 401978662 48218002
401980339 37387429 401979839 sulaosan
401980656 37387429 401979010 34235240
401981816 28349313 401979591 37387429
401982228 sulaosan 401980339 37387429
401983002 34235240 401980656 37387429
401983144 37387429 401981816 28349313
401983607 37387429 401983002 34235240
401983861 28349313 401983144 37387429
401984575 48218002 401980100 37387429
401984612 2819211
401985371 34235240 401983607 37387429
401986905 51739641
401989771 Love766
401992512 in-pest 401949413 37387429
401993252 59998833 401979839 sulaosan
401993682 59998833 401983607 37387429
401996154 56699529
401997001 Hirochin
401997583 Hirochin 401989771 Love766
401999658 51186887
401999868 51186887
402002899 37387429 401983861 28349313
402003218 48908135
402003399 28349313 402002899 37387429
402003470 37387429 401999868 51186887
402003839 37387429 402003218 48908135
402004681 43979529
402005267 37387429 401997001 Hirochin
402006428 37387429 401996154 56699529
402007598 37387429
402008158 37387429 401993682 59998833
402008861 37387429 401986905 51739641
402009487 37387429 401984612 2819211
402014066 59998833 402008861 37387429
402015410 48908135 402003839 37387429
402018943 59881230 401969225 37387429
402047565 56179218 401947156 37387429
402048933 2796590
402054335 61239477
402055714 mickeyonly1118 402048933 2796590
402085033 37387429 402014066 59998833
402085408 chongfu
402085419 37387429
402086095 37387429 402047565 56179218
402086539 37387429 402085408 chongfu
402087844 towel
402097396 63482955 401980100 37387429
402098317 chongfu 402085419 37387429
402103133 64901710
402254313 37387429 402087844 towel
402254491 37387429 402097396 63482955
402254705 37387429 402098317 chongfu
402254838 37387429 402103133 64901710
402256584 minijunki
402257119 57725797
402259862 37387429 402256584 minijunki
402260169 37387429 402257119 57725797
402260752 56643452
402520021 night.
402523472 37387429 402260752 56643452
410815400 47142835
410820550 serpentv
410821086 acupo1
410910689 RaFromJing
410923894 49265625
411150726 37387429
411151339 ful22ham 401947467 in-pest
411151363 37387429 410821086 acupo1
411151549 37387429 410923894 49265625
411157668 acupo1 411151363 37387429
412609748 37387429 411157668 acupo1
412629496 inthedoldrums
412808889 45702272 401952121 37387429
412811124 lovekrystalall
414015885 49014446 401993682 59998833
