409453260 64007823
409453986 64007823
409454155 2474050
409455176 64007823
409455590 64007823 409454155 2474050
409466528 64007823
409670404 64007823
409797368 63670951
409800932 64007823 409797368 63670951
409801149 3529655
409804188 64007823 409801149 3529655
409804497 64007823 409801149 3529655
409805057 3529655 409804188 64007823
409805497 3529655 409804497 64007823
409806237 64007823 409805057 3529655
409807231 64007823 409805497 3529655
409811436 63670951 409800932 64007823
409814499 64007823 409811436 63670951
409820388 63670951 409814499 64007823
409821099 64007823 409820388 63670951
409822835 63670951 409821099 64007823
409833106 yueliekkas
409840979 64007823
409845522 64007823
409888431 yueliekkas
409888628 yueliekkas
409926304 64007823 409888628 yueliekkas
409933981 56426999
409934441 bedas
409939190 64007823 409933981 56426999
409940325 64007823 409934441 bedas
409959683 63004570
409987911 56548750
409997650 64007823 409959683 63004570
409998146 64007823 409987911 56548750
410231514 64007823
410619666 64007823
410675142 44825088
410689982 64007823 410675142 44825088
410701958 44825088 410689982 64007823
410703135 64007823 410701958 44825088
410704175 44825088 410703135 64007823
410705797 64007823 410704175 44825088
410993584 66546604
411018577 rum5432
411023553 64007823 410993584 66546604
411116355 48620002
411143694 64007823 411116355 48620002
411144330 41825015
411149519 37245035
411152096 1951792
411158999 64007823 411152096 1951792
411159626 57111864
411179863 lqxqx
411236919 1951792 411158999 64007823
411271165 64007823 411236919 1951792
411331553 1951792 411271165 64007823
411335594 61391703
411337833 61391703
411341506 3216848
411360722 64007823 411331553 1951792
411361367 64007823 411337833 61391703
411363764 64007823 411341506 3216848
411460936 1951792
411461082 sweet-killer
411479107 64007823 411460936 1951792
411479516 64007823 411461082 sweet-killer
411573488 sweet-killer 411479516 64007823
411576334 64007823 411573488 sweet-killer
411577012 63523258
411577999 52034612
411578667 52151812
411692991 64007823 411577012 63523258
411731843 31957021 411461082 sweet-killer
411732325 31957021 411461082 sweet-killer
411732722 31957021
411733869 60285051
411812654 64007823 411732722 31957021
411822594 31957021 411812654 64007823
411830790 sweet-killer 411731843 31957021
411834027 39507662
411862484 64007823 411822594 31957021
411864728 64007823 411834027 39507662
412331903 64007823 411830790 sweet-killer
412452671 sweet-killer 412331903 64007823
412455901 64007823 412452671 sweet-killer
412464628 sweet-killer 412455901 64007823
412468050 64007823 412464628 sweet-killer
412468501 sweet-killer 412468050 64007823
412471647 62260658
412472257 4737979
412472793 64007823 412472257 4737979
412511692 64007823 412468501 sweet-killer
412582885 sweet-killer 412511692 64007823
412662803 66546604
412683384 64007823 412662803 66546604
412940054 57538090
413014892 64007823 412940054 57538090
413018681 57538090 413014892 64007823
413100797 4202007
413102108 64007823 413100797 4202007
413103627 4202007 413102108 64007823
413106933 64007823 413103627 4202007
413107747 4202007 413106933 64007823
413109328 64007823 413107747 4202007
413110478 d1453
413110622 4202007 413109328 64007823
413110989 61401731
413111284 64007823 413110622 4202007
413111631 64007823 413110478 d1453
413112468 64007823 413110989 61401731
413112730 woshitianshang
413113476 4202007 413111284 64007823
413794257 64007823
416402759 66546604
416408830 64007823 416402759 66546604
416429883 44902520
416433097 64007823 416429883 44902520
416443541 44902520 416433097 64007823
416444759 64007823 416443541 44902520
416469910 3579070
416594642 44902520
416653443 64474034
416661983 64007823 416653443 64474034
416662050 64007823 416594642 44902520
416671991 31957021
416674073 64007823 416671991 31957021
416674471 31957021 416674073 64007823
416674787 31957021
416674955 58443583
416675610 wing-gmy
416676099 64007823 416674471 31957021
416676345 64007823 416674787 31957021
416676604 64007823 416674955 58443583
416676702 64007823 416675610 wing-gmy
416676767 58443583 416676604 64007823
416677075 31957021 416676099 64007823
416677088 64007823 416676767 58443583
416677275 wing-gmy 416676702 64007823
416677862 64007823 416677075 31957021
416677868 wing-gmy
416677966 52279133
416678161 64007823 416677275 wing-gmy
416678797 wing-gmy 416678161 64007823
416678921 31957021 416677862 64007823
416679157 58443583 416677088 64007823
416682536 64007823 416677966 52279133
416682805 64007823 416678797 wing-gmy
416682882 64007823 416679157 58443583
416683035 64007823 416678921 31957021
416683453 38460478
416683893 48791885
416688073 58443583 416682882 64007823
416695244 64007823 416683893 48791885
416695319 64007823 416683453 38460478
416695366 64007823 416688073 58443583
416695639 38460478 416695319 64007823
416699595 64007823
416707492 48791885 416695319 64007823
416715608 64007823 416707492 48791885
416721867 48791885 416715608 64007823
416760456 61391703
416772535 64007823 416760456 61391703
416842170 61391703 416772535 64007823
416847540 54470430
416849224 samansa0087
416863946 lovingviviany
416872424 64007823 416847540 54470430
416873779 64007823 416849224 samansa0087
416873974 64007823 416863946 lovingviviany
416877436 58673891
416880186 64007823 416877436 58673891
416880289 64007823 416877436 58673891
416894863 samansa0087 416873779 64007823
416898111 64007823 416894863 samansa0087
416974207 58673891 416880186 64007823
416982439 64007823 416974207 58673891
