402534745 47387171
402535163 63554999
402535274 ManningManning
402541129 65325624
402541551 56055792
402915064 50719618 402534745 47387171
402915200 50719618 402535163 63554999
402915821 50719618 402535274 ManningManning
402916441 2737473
402916566 49433956
402916977 OhHappyEveryday
402917258 50719618 402541551 56055792
402917498 50719618 402916441 2737473
402917719 50719618 402541129 65325624
402917833 50719618 402916566 49433956
402917966 50719618 402916977 OhHappyEveryday
402919733 36751553
402920590 50719618 402919733 36751553
402921683 56055792
402921686 wendy1de
402923168 50719618 402921686 wendy1de
402923441 50719618 402921683 56055792
402924052 Queen_sa
402924220 56055792 402923441 50719618
402924381 Queen_sa 402924220 56055792
402924552 50719618 402924220 56055792
402924783 50719618 402924052 Queen_sa
402925073 Queen_sa 402924783 50719618
402925631 4123304
402926127 62970897
402926217 60150262
402927525 50719618 402925631 4123304
402927711 50719618 402926127 62970897
402929220 4123304 402927525 50719618
402929254 56055792
402930897 50719618 402925073 Queen_sa
402931854 50719618 402929220 4123304
402933193 Love-myself
402933629 Queen_sa 402930897 50719618
402934175 50719618 402933193 Love-myself
402934231 50719618 402933629 Queen_sa
402937669 sexy_fox
402940268 50719618 402937669 sexy_fox
402940943 50719618
402945366 50719618
402946509 43940371
402948057 45811610
402948255 55836359
402948303 55882249
402950174 50719618 402948057 45811610
402950672 50719618 402948255 55836359
402951220 50719618 402948303 55882249
402957198 sexy_fox
402959213 50719618 402957198 sexy_fox
402959655 amelialee_0703
402961305 50719618 402959655 amelialee_0703
402961568 50719618
402961964 amelialee_0703 402961305 50719618
402963330 50719618 402961964 amelialee_0703
402963941 amelialee_0703 402963330 50719618
402965180 3646312
402967180 kiisu
402970093 sexy_fox 402959213 50719618
402972049 ManningManning
402973857 50719618 402972049 ManningManning
402974353 fusuyvonne
402977371 miaomiao0607
402977721 50719618 402974353 fusuyvonne
402977894 50719618 402977371 miaomiao0607
402978029 smy.ls
402983224 28499757
402985559 50719618 402983224 28499757
402986167 50719618 402983224 28499757
403000563 62821639
403005770 55882249 402951220 50719618
403011837 new-new
403019457 64559292
403027540 52640941
403044044 43357600
403054185 50719618 403044044 43357600
403054525 50719618 403005770 55882249
403054779 45007694
403055034 50719618 403027540 52640941
403055784 47687480 402926127 62970897
403055877 50719618 403054779 45007694
403056046 50719618 403055784 47687480
403056331 50719618 403000563 62821639
403057483 2490497
403067027 55882249 403054525 50719618
403069446 50719618 403067027 55882249
403071657 welchwelch
403073649 60231697 402917258 50719618
403077731 50719618 403073649 60231697
403080938 50719618 403071657 welchwelch
403081063 2727470
403081402 2727470
403081721 2744127
403082871 welchwelch 403080938 50719618
403083532 welchwelch 403081063 2727470
403093403 50719618 403083532 welchwelch
403093702 50719618 403081721 2744127
403093880 50719618 403081402 2727470
403095512 2686580
403097281 Queen_sa
403104181 50719618 403097281 Queen_sa
403104803 35332164
403105711 Queen_sa 403104181 50719618
403108764 54892931
403111224 gracepuer
403113739 hellodreamer
403114379 64516987
403116074 55882249 403069446 50719618
403116745 47514656 402963330 50719618
403193598 50719618 403111224 gracepuer
403205365 50719618 403108764 54892931
403214749 sexy_fox
403247507 46488361 403081402 2727470
403252845 62821639 403056331 50719618
403253433 gracepuer 403193598 50719618
403270636 54863353
403283530 50719618 403252845 62821639
403283618 50719618 403253433 gracepuer
403283896 50719618 403270636 54863353
403308246 62821639 403283896 50719618
403319074 50719618 403308246 62821639
403328926 52640941 403055034 50719618
403343234 62970897 402927711 50719618
403344048 gracepuer 403283618 50719618
403345023 50719618 403344048 gracepuer
403349556 gracepuer 403345023 50719618
403353508 62821639 403319074 50719618
403355600 tity1
403363577 50719618 403353508 62821639
403482254 60231697 403077731 50719618
403657232 59609504 403005770 55882249
403657735 59609504
403663314 meery52
403665473 53293309 402921683 56055792
408649607 53454341
409182008 57214849
409183900 43775656
409188245 64760385
409192987 45894834
409193663 45894834
409195546 44065640
409285979 56914776
409334136 50136254
409679562 2773167
409708299 2720541
409724287 63347930
411550348 66814142
411600305 simplelala
411934530 63947136
412026099 50719618 411550348 66814142
412031185 RHowe
412035328 50719618 412031185 RHowe
412045342 55482911 412031185 RHowe
412124210 RHowe 412045342 55482911
412143891 54878823
412145386 54323206
412152886 50814828
412273729 55482911 412124210 RHowe
412274194 15990711
412591822 vampiretree
412592536 27014623
415442925 52238046
415444046 wendy_liu
415457944 49542126
415460019 49542126
415484001 huangwj
415485991 65527018
415493291 49125515
415702566 2510124
418125688 64559292 402917833 50719618
