402455561 cc51
402455566 8110125
402455827 37674741
402456079 yyuck
402456152 chinaren0123
402456220 41338429
402456411 chinaren0123
402456933 58549782
402457839 58549782
402458203 43677701
402458695 chinaren0123 402456933 58549782
402458718 arshadow 402457839 58549782
402459640 milka318
402459820 53183099 402456079 yyuck
402459895 59966954
402460015 ultraboy
402460126 53183099 402456411 chinaren0123
402460581 2505256
402460722 53183099 402459640 milka318
402460944 53183099 402460581 2505256
402461208 53183099 402460015 ultraboy
402461424 yexuetongxing
402461614 2505256 402460944 53183099
402461628 53183099 402456933 58549782
402461814 53183099 402461614 2505256
402461928 41993484
402461943 44053434
402462063 53183099 402461424 yexuetongxing
402462129 wilmawang
402462595 milka318 402460722 53183099
402462971 milka318 402461424 yexuetongxing
402462988 51814106
402463136 charmmycheung
402463279 51814106
402463788 53183099
402464513 52151812
402464677 53183099 402462595 milka318
402464840 Anti-psycho
402468861 wilmawang 402463788 53183099
402469072 50301231
402474881 63627619
402481891 42874903
402482834 22251803
402484738 yexuetongxing 402464677 53183099
402486645 66435754
402523273 46749636
402646049 62354248
402648359 57445512
402844373 chinaren0123
402848274 39304142
402849730 PercyNi
402850711 otaku666
402852845 62800443
402853676 cyy-nicole
402854291 bacioleo
402854307 38931046
402854730 59604908
402864309 39605733
402865269 41813841
402870340 53183099 402852845 62800443
402871514 53183099 402854730 59604908
402872502 53183099 402844373 chinaren0123
402874168 53183099 402464513 52151812
402875914 53183099 402486645 66435754
402876482 wobujiujie
402876827 wobujiujie
402877237 53183099 402876827 wobujiujie
402879109 wobujiujie
402879114 midanta
402882598 62800443 402870340 53183099
402883125 4594570
402886324 wobujiujie
402894034 52231471
402909932 53183099 402886324 wobujiujie
402911440 wobujiujie
402912154 53280984
402912206 53280984
402912788 64972478
402913311 wobujiujie
402921416 4665367
402934466 60045270
402935381 60045270
402935995 53183099 402934466 60045270
402936071 51140473 402879114 midanta
402937159 60045270
402938127 hanabiviolin
402940100 53183099 402938127 hanabiviolin
402945387 66435754 402875914 53183099
402950893 3191661
402971036 midanta 402936071 51140473
402975680 62366143
402982749 wobujiujie
402983475 doraWJJ
403168240 51140473 402971036 midanta
403213953 53183099 402983475 doraWJJ
403236169 doraWJJ 403213953 53183099
403237918 2816389
403238111 machiattoo
403238418 kristinacat
403241120 63041906
410202406 ARZIGUL
410214107 61890153
410300835 cyy-nicole
410475230 44539836
410560530 53183099
410560909 53183099
410561515 53183099
410561942 53183099
410562408 53183099
410562576 53183099
410904748 3301698
410948669 1388485
410957689 14743813
411215907 geziyuanman 410562576 53183099
411792629 53183099 410957689 14743813
411793134 53183099 410904748 3301698
411793292 myconcubine
411796830 Megan34
411814466 53183099 411215907 geziyuanman
411904970 bobolinc
412148045 62187235
412155391 27576640
412206655 53183099 411904970 bobolinc
412207034 53183099 412148045 62187235
412208513 3370795
412394098 2600210
412397742 lyh0202
412406776 63883260
412460156 bottle
412550189 48545794
413412890 sardo 402458718 arshadow
413434806 arshadow 413412890 sardo
413461871 sardo 413434806 arshadow
413477712 27871699 402940100 53183099
413555743 arshadow 413461871 sardo
414067445 yellowice
414073785 34618311
414075547 42582349
414075819 weisskreuz
414127673 xujianand
414174359 4077090
414174922 yooyixi
414218195 45878309
414221360 51205974 402457839 58549782
414389678 limeimei 414218195 45878309
414390116 nntk
414390438 nntk
414401835 52865862
414419949 53183099
414421083 nntk 414419949 53183099
414527698 shuchen1030 414419949 53183099
414529158 4506843
414530446 57302341
414531760 luoxiang
414533414 blacks 402523273 46749636
414535653 twitodd 402458695 chinaren0123
414936746 densirenji
414938306 51486959
415584872 3902203
415594547 39554513
417999017 2751180
403241539 4665367 402469072 50301231
403242679 53183099 402469072 50301231
403273866 50301231 403241539 4665367
403273943 50301231 403242679 53183099
403276627 4665367 403273943 50301231
403280762 50301231 403276627 4665367
403286175 4665367 403280762 50301231
403311461 EveNotended
403311971 52181266
403312343 spongebird
403312612 47539490
403312623 spongebird 403311461 EveNotended
403313886 roeyii_z
403316176 martian1210 402940100 53183099
403318538 53183099 403316176 martian1210
403320694 4665367 403312343 spongebird
403320809 4665367 403312623 spongebird
403321095 martian1210 403318538 53183099
403321865 spongebird 403320694 4665367
403341900 43917205
403392084 EveNotended 403312623 spongebird
403392587 crystaldyw
403425166 loooooooooo
403425432 saintsjl
403562657 53183099 403392587 crystaldyw
403563078 maomao329
403563672 56394821
403563813 62384047
403565678 53183099 403341900 43917205
403617410 58559152
403688892 xixueyouxi
403689051 crystaldyw 403562657 53183099
403704642 53183099 403689051 crystaldyw
403706738 49948633
403714591 53183099 403706738 49948633
403715143 53183099 403617410 58559152
403716165 53183099 403312612 47539490
403729201 crystaldyw 403704642 53183099
403730562 4665367 403706738 49948633
403739613 49948633 403730562 4665367
403743393 53183099 403739613 49948633
403744792 64463679
403746307 teapottree 402870340 53183099
403746474 any_yahweh
403747578 loneiybow
403753499 4665367 403739613 49948633
403805530 49948633 403743393 53183099
403805645 49948633 403753499 4665367
403833344 4665367 403805645 49948633
403854645 49948633 403833344 4665367
403870304 Tse-H
403930875 4665367 403854645 49948633
404019676 53183099 403313886 roeyii_z
404027138 wobujiujie
404032033 52872907
404266640 cavian
404271922 53534943
404316131 4202007
404434280 48557449
404535509 53183099 404271922 53534943
404535743 snowlee96
404566938 53183099 404535743 snowlee96
404568380 41647476
404582541 61637201
404589016 4665367 404027138 wobujiujie
404591065 65325624
404591240 65325624
404594021 52159841
404613134 hanhanHH
404653598 rockbabycat
404672594 63888666
404696416 mus1
404706038 VagraFox 402460722 53183099
404708799 53183099 404613134 hanhanHH
405172429 dxair
405172560 dxair
404709187 53183099 404653598 rockbabycat
405174813 49037742
404711249 totochang
405176619 ranjnnjy
404712200 58174812
404715648 64161888
405251017 53183099 405176619 ranjnnjy
404716916 64191265
405251302 53183099
404745508 rockbabycat 404709187 53183099
405262454 53183099
404772838 hanhanHH 404708799 53183099
405262788 53183099
404772980 28105158
405275914 linzhenyi566 405262788 53183099
404905822 53183099 404745508 rockbabycat
404909609 57247600
405289810 VOV-baby 402463788 53183099
404918099 1154200 404905822 53183099
405666063 41647476
407443107 4172257
404938474 rockbabycat 404905822 53183099
407453989 60285051
404938788 53183099 404918099 1154200
407455932 doris_teng
404942110 65232430
407461102 decstar
404943004 notworry
407492353 40456350
407522506 qiaoxing
404943488 54782327 402484738 yexuetongxing
407543571 54042280
404943638 54109088 403562657 53183099
407557338 46892554 402461628 53183099
404945215 44641720
407562045 Ellyback
404945593 40798672 404772838 hanhanHH
407566236 peopl
407569020 i.am.kathleen
404965509 1154200 404938788 53183099
407573071 57028707
405040364 linzhenyi566
407614704 53183099 407543571 54042280
405121370 hanhanHH 404945593 40798672
405121888 60785904
407614966 53183099 407569020 i.am.kathleen
405129654 48317767
407615040 53183099 407566236 peopl
405169191 64171586
407652278 53679658
405171767 2392788
407654462 56498402
407655912 fuckmylife
407734969 54042280 407614704 53183099
407805138 2419367 402935995 53183099
407808986 rusheng2012
407815875 3502773
407846016 27099658
407969225 sunnypiggy
407993460 53183099 407652278 53679658
407993955 53183099 407969225 sunnypiggy
407994119 53183099 407846016 27099658
407994311 53183099 407808986 rusheng2012
407994475 53679658 407993460 53183099
407997219 27099658 407994119 53183099
407998010 sunnypiggy 407993955 53183099
408016110 in710
408034743 i.am.kathleen
408332268 41767729
408334214 61411615
408335824 43886455
408335865 No-7
408337686 53183099 407998010 sunnypiggy
408337912 53183099 408335865 No-7
408338072 53183099 408034743 i.am.kathleen
408338349 22258354
408341883 62127585
408387968 58179270
408403614 66832638
408586752 27099658
408587064 49128378
408593502 wobujiujie
408659201 48136342
408659737 62922020
408661235 yukisnow93
408662040 MavisChau
408822059 junjae
408825428 48348419
408827419 27099658 408593502 wobujiujie
408871685 56003351
408873119 41767729
409282131 crystalkk
409282336 SpussyY
409302315 53183099
409304598 53183099 408403614 66832638
409328646 53183099
409333354 58324255
409333952 56970689
409371788 sidiu
409545416 54144782
409545531 54144782
409591031 55835231 402459640 milka318
409591576 55835231
409592777 Aisxis
409644673 milka318 409591031 55835231
409672952 4452983
409678811 49200669
409695929 55835231 409644673 milka318
409750867 milka318 409695929 55835231
409753932 cheerfulyou
409758621 55835231 409750867 milka318
409761608 milka318 409758621 55835231
409769373 geziyuanman
409771820 56052608
409799860 49948633 404027138 wobujiujie
409799985 49948633 403805530 49948633
409808663 2280250 403706738 49948633
410148054 3116289
410179808 51463651
410181523 53196551
410181680 3471396 402853676 cyy-nicole
410198691 holic_zoe
410198810 59811530
410198883 59811530
