403014138 59546193
403014223 59546193
403014319 monine
403014611 59546193
403014724 60254130
403014777 49343818
403014884 wangying9018
403015066 59546193 403014884 wangying9018
403015160 59546193 403014777 49343818
403015602 49343818 403015160 59546193
403015629 47129897
403015718 59546193
403015993 49343818
403016089 czashisb
403016094 msstravelpurcse
403016134 59546193 403015602 49343818
403016204 59546193
403016222 monine
403017827 59546193 403015993 49343818
403018669 59546193
403019426 gaaramengyi
403020090 59546193 403015629 47129897
403020701 bilu
403021401 59546193 403019426 gaaramengyi
403022646 40536922
403022749 59546193
403022838 59546193 403020701 bilu
403023546 59546193
403024165 35906862
403024333 liu773780263
403024676 59546193 403024165 35906862
403025146 59546193 403024333 liu773780263
403025302 35906862 403024676 59546193
403025414 59546193
403027076 eric-fhc
403028028 59546193 403025302 35906862
403028427 59546193 403027076 eric-fhc
403031329 59546193
403031892 eric-fhc
403032387 59546193 403031892 eric-fhc
403033154 eric-fhc
403034251 59546193 403033154 eric-fhc
403035309 eric-fhc
403036428 59546193 403035309 eric-fhc
403037327 beibei3128858
403037819 59546193 403037327 beibei3128858
403037842 beibei3128858
403038326 48557449
403038689 28105158
403039095 eric-fhc 403038689 28105158
403039624 eric-fhc
403041958 59546193 403037842 beibei3128858
403042176 59546193 403038689 28105158
403042471 59546193 403039624 eric-fhc
403043348 59546193 403038326 48557449
403043535 aimeetsai 403039624 eric-fhc
403043684 eric-fhc
403044191 aimeetsai
403044202 eric-fhc 403043535 aimeetsai
403046582 aimeetsai 403044202 eric-fhc
403047263 aimeetsai 403044202 eric-fhc
403047649 eric-fhc
403050687 aimeetsai 403047649 eric-fhc
403055336 59546193 403044191 aimeetsai
403056100 59546193 403043535 aimeetsai
403057142 53950449
403058213 59546193
403058441 59546193 403057142 53950449
403066290 59546193
403069315 53950449 403058441 59546193
403071063 44003662
403075475 19718718
403076662 59546193 403069315 53950449
403077256 59546193 403071063 44003662
403077571 59546193 403075475 19718718
403096773 59546193
403106306 saralondon
403159074 aimeetsai
403161719 Rona_Shen
403162037 cheer7fu 403015602 49343818
403184382 59546193
403184530 59546193 403159074 aimeetsai
403184660 59546193 403106306 saralondon
403184911 59546193 403162037 cheer7fu
403185170 59546193
403186390 59546193
403186638 57331875
403191392 51309649
403192948 sodas_sha
403193371 32454073
403193476 32454073
403195765 helloldq
403200434 59546193 403195765 helloldq
403200655 59546193
403201064 59546193 403193476 32454073
403201401 59546193 403192948 sodas_sha
403201650 59546193 403191392 51309649
403202261 manyue_keita
403203102 59546193
403204010 59546193 403202261 manyue_keita
403205403 59546193 403202261 manyue_keita
403206387 44008231 403076662 59546193
403207536 Q_Qiu
403207581 49927207
403208067 whereMonica
403208465 59546193 403206387 44008231
403208561 59546193 403207581 49927207
403209192 59546193 403201064 59546193
403209456 59546193 403208067 whereMonica
403209542 59546193 403205403 59546193
403212437 44008231 403208465 59546193
403225693 58888452
403228734 59546193 403225693 58888452
403228965 59546193 403212437 44008231
403232956 Sarah1101
403233706 44008231
403233709 44008231
403244393 59546193
403244504 59546193 403233706 44008231
403256660 Sarah1101
403256753 Sarah1101
403259424 53821368
403260104 43948317
403262976 59546193 403260104 43948317
403263178 59546193 403259424 53821368
403263933 59546193 403256660 Sarah1101
403264645 smallhand
403264932 Sarah1101
403266507 59546193 403264645 smallhand
403266834 59546193
403269385 59546193
403271684 smallhand 403266507 59546193
403280352 vivianteng
403283674 59546193 403280352 vivianteng
403283782 59546193 403271684 smallhand
403284464 smallhand
403289938 34178295
403294077 59546193 403289938 34178295
403309182 59546193
403309257 59546193
403310649 59546193
403310828 meery52
403315505 59546193 403310828 meery52
403317147 52734739
403319065 59546193 403317147 52734739
403333294 vivianteng 403283674 59546193
403363578 59546193 403333294 vivianteng
403605999 too-rex
403839439 59546193 403605999 too-rex
404288171 31300383
404336219 42799830
404400518 2816389
404476390 66481223
405095085 59546193 404336219 42799830
405095185 59546193 404288171 31300383
405095402 59546193 404400518 2816389
405095491 59546193 404476390 66481223
405096097 59546193
405096111 lilith9
405097174 59546193
405097873 59546193
405098013 59546193
405098523 inssxxxx 405098013 59546193
405100499 59546193 405098523 inssxxxx
405100616 59546193 405100499 59546193
405102169 godblesstanya
405103797 59546193 405102169 godblesstanya
405106089 godblesstanya 405103797 59546193
405116396 59546193 405106089 godblesstanya
405378910 59546193
405379419 59546193
405380175 59546193
405381258 59546193
405381812 59546193
405382150 59546193
405385525 pumann 405382150 59546193
405434318 59546193 405385525 pumann
405435451 59546193
406277251 59546193
406353705 59546193
406354143 59546193
406354584 59546193
406355757 candycandybobo 403162037 cheer7fu
406356370 59546193 406355757 candycandybobo
406381714 59546193
406397294 pumann 406356370 59546193
406402473 59546193 406397294 pumann
406614923 candycandybobo 406356370 59546193
406616424 59546193 406614923 candycandybobo
407866058 59546193
411042664 59546193
411043127 59546193
411043838 59546193
411044616 59546193
411060337 darkight
411132296 59546193
411133012 59546193
411133819 59546193
411134400 66365627
411143582 59546193 411134400 66365627
411281277 66365627 411143582 59546193
411337779 59546193 411281277 66365627
411339860 59546193
411341157 59546193
411365005 59546193
411385907 darkight
411387041 59546193 411385907 darkight
411418359 fanshuwan
411418704 fanshuwan
411463711 59546193 411418359 fanshuwan
411470027 59546193
411470677 59546193
411470889 59546193
411472885 59546193
411476840 superdxx
411480426 59546193 411476840 superdxx
411481770 superdxx 411480426 59546193
411483751 59546193 411481770 superdxx
411501459 superdxx 411483751 59546193
411506276 mutongxiaobao
411522187 45877846
411588693 59546193 411501459 superdxx
411589295 59546193 411522187 45877846
411589393 59546193 411506276 mutongxiaobao
411591601 59546193
411602763 35127708
411692896 59546193 411602763 35127708
411700365 59546193
411839827 59546193
413080362 59546193
413080915 59546193
413081835 59546193
413082366 59546193
413082640 59546193
413139898 Emina
413233656 59546193 413139898 Emina
413630364 59546193
413648018 ballozeng
413652178 59546193
413652813 59546193
413702151 happyhappyhappy
413708321 59974644
413712967 FuzzySandy
413974884 59546193 413712967 FuzzySandy
413975127 59546193 413708321 59974644
413975648 59546193 413702151 happyhappyhappy
413976022 59546193
413980017 59546193
413982075 happyhappyhappy 413975648 59546193
413982345 34910155 403015160 59546193
413982857 59546193 413982075 happyhappyhappy
413983502 59546193 413982345 34910155
414097065 FuzzySandy 413974884 59546193
414103673 59546193 414097065 FuzzySandy
414223237 59546193
414230981 64963227
414233710 59546193 414230981 64963227
414241260 jullllla
414256307 59546193 414241260 jullllla
414398382 59546193
414398836 59546193
414401230 35004577
414403251 59546193 414401230 35004577
414438858 51289692
414632308 59546193 414438858 51289692
414634229 51289692 414632308 59546193
414641507 59546193 414634229 51289692
414646553 51289692 414641507 59546193
414652054 59546193 414646553 51289692
414749676 59546193
414759615 59546193
414761133 claire1908
414765077 59973017
414766985 59546193 414761133 claire1908
414772784 59546193
414772971 59546193 414765077 59973017
414775793 pumann
414777494 59546193 414775793 pumann
414829792 wendy2011
414830279 wendy2011 414829792 wendy2011
414841838 61038001
414847485 pumann 414777494 59546193
414857568 domarnic 403018669 59546193
414863359 63554289
414890152 55459708
414954060 59546193 414830279 wendy2011
414954243 59546193 414841838 61038001
414954370 59546193 414890152 55459708
414954675 59546193 414863359 63554289
414955128 59546193 414857568 domarnic
414956150 wendy2011 414954060 59546193
414957007 59546193 414954060 59546193
414985213 63554289 414954675 59546193
414991636 59546193 414985213 63554289
415274569 59546193
415275657 52238046
415275825 59546193 415275657 52238046
415312177 52238046 415275825 59546193
415344504 59546193 415312177 52238046
415400380 59546193
415457744 59546193
415458124 59546193
415461036 serpentv
415487301 59546193 415461036 serpentv
415548404 59546193
415636069 pumann
415640602 41780318
415646942 59546193 415640602 41780318
415647206 59546193 415636069 pumann
415647754 65000789
415648830 59546193 415647754 65000789
415650329 62455232
415650389 65000789 415648830 59546193
415650572 59546193 415650329 62455232
415650908 59546193 415650389 65000789
415651114 45039198
415655663 59546193 415651114 45039198
415721465 59546193
415723473 Ohjiaqi
415723536 Ohjiaqi
415723640 Ohjiaqi
415724931 59546193 415723640 Ohjiaqi
416180953 59546193
416181252 59546193
416181423 59546193
416181687 59546193
416181849 59546193
416210203 fortian
416221276 59546193 416210203 fortian
416222129 59546193
416250099 59546193
416456778 fortian
416543344 59546193 416456778 fortian
416545279 59546193
416630961 59546193
416739665 61297132 415457744 59546193
416740380 61297132 415458124 59546193
416749059 59546193 416740380 61297132
416749185 59546193 416739665 61297132
416865547 61297132 416749059 59546193
416871550 59546193 416865547 61297132
416872552 apeisme 416456778 fortian
416874703 59546193
416874949 59546193
416978574 61297132 416871550 59546193
416980401 37245035
417042055 59546193 416978574 61297132
417042111 59546193 416980401 37245035
417043404 59546193
417044213 59546193
417062896 59546193
418387159 59546193
418387419 59546193
419871064 59546193
