403252375 65426409
403256750 56252740
403256863 54342830
403257040 41118135
403265513 52509533
408409307 rushiwangyou
408410368 SoberEmbrace
408412526 54979545
408547453 3784128
408548006 51504303
408548230 2764729
408549934 44230743
408551260 aimeetsai
408552684 hakiy
408644174 62354248
408646983 geekmax
408647908 66779984
408712734 huanightmare
408713237 gyj564335
408713687 xy-mysun
408716113 hanyajie
408716852 64359662
408719019 52613395
408744242 45325266
408744749 fenellarik
408745469 40175752
409028365 aohan168
409060817 40786385
410776527 42439096
410776766 1156611
410777025 42439096 409028365 aohan168
410777873 42439096 408745469 40175752
410778244 42439096 408744749 fenellarik
410778447 42439096 408744242 45325266
410778652 fancheyuwei
410778792 42439096 408719019 52613395
410778805 42439096 408719019 52613395
410778859 42439096 408719019 52613395
410779161 42439096 408716852 64359662
410779820 42439096 408716113 hanyajie
410780044 11680578
410780221 64359662 410778792 42439096
410780551 42439096 408713687 xy-mysun
410780716 42439096 408713237 gyj564335
410781973 42439096 408712734 huanightmare
410782180 42439096 408647908 66779984
410782418 42439096 408646983 geekmax
410783213 43372914
410783394 zkr0325
410783526 gyj564335 410780716 42439096
410783714 52491867
410784042 3476899
410784751 42439096 408644174 62354248
410785546 nofeatherwing
410786853 50166173 410781973 42439096
410786975 65570320
410788124 42439096 408552684 hakiy
410788389 42439096 408551260 aimeetsai
410791826 42439096 408548006 51504303
410793130 42439096 408549934 44230743
410793890 60723787
410794923 42439096 408547453 3784128
410795568 yo_ly1989
410796374 miss_lushui
410796403 miss_lushui
410799205 51504303 410791826 42439096
410799236 34250560
410799537 42439096 408412526 54979545
410799959 42439096 408410368 SoberEmbrace
410800237 naver
410800335 42439096 403265513 52509533
410800520 42439096 403256863 54342830
410800707 42439096 403256750 56252740
410801031 42439096 403252375 65426409
410802065 42439096 410800237 naver
410802400 42439096 410799236 34250560
410802663 42439096 410786975 65570320
410802960 66779984 410782180 42439096
410803519 60723787 410793890 60723787
410803825 42439096
410804539 doublejean
410804904 56837039
410805667 lanpipi
410807366 pinkdehouse
410809467 42439096 410793890 60723787
410809576 42439096 410807366 pinkdehouse
410809746 42439096 410805667 lanpipi
410810168 42439096 410795568 yo_ly1989
410810639 yo_ly1989 410810168 42439096
410811960 42439096 403257040 41118135
410812580 42439096 408409307 rushiwangyou
410812598 60723787 410809467 42439096
410813057 46504740
410813141 2603656
410813599 42439096 410776766 1156611
410814663 53078510
410815331 3784128 410794923 42439096
410817293 42439096 410813057 46504740
410818378 42439096 410812598 60723787
410818657 naver 410802065 42439096
410818745 naver
410818887 42439096 410814663 53078510
410820067 53078510 410818887 42439096
410820301 42439096 410778652 fancheyuwei
410820343 60723787 410818378 42439096
410821306 42439096 410820067 53078510
410821646 42439096 410820343 60723787
410821950 53078510 410821306 42439096
410822343 42439096 410818657 naver
410822711 naver 410822343 42439096
410822883 60723787 410821646 42439096
410823359 42439096 410802960 66779984
410824207 aimeetsai 410788389 42439096
410825228 44230743 410793130 42439096
410825724 42439096 410822883 60723787
410826148 42439096 410825228 44230743
410828372 44230743 410826148 42439096
410829838 58061773
410829984 42439096 410824207 aimeetsai
410830051 42439096 410829838 58061773
410830156 xy-mysun 410780551 42439096
410831903 34167679
410831946 42439096 410828372 44230743
410832572 42439096 410831903 34167679
410832735 3933823
410833104 lilGuy
410833595 42439096 410783714 52491867
410834943 42439096
410835551 42439096 410830156 xy-mysun
410835700 44230743 410831946 42439096
410837664 60723787 410825724 42439096
410839391 42439096 410835700 44230743
410839917 66779984 410823359 42439096
410841058 bad-timing
410841997 44230743 410839391 42439096
410846384 42439096 410841058 bad-timing
410847511 42439096
410859705 58061773 410830051 42439096
410866877 skywar123
410874522 42439096 410859705 58061773
410875182 Sixshot.
410875310 42439096 410866877 skywar123
410879131 42439096 410875182 Sixshot.
410879459 Sixshot. 410879131 42439096
410881148 skywar123 410875310 42439096
410881805 xy-mysun 410835551 42439096
410883781 42439096 410780044 11680578
410883942 63457097
410884316 Sixshot.
410884764 26566754
410884879 42439096 410780221 64359662
410885327 42439096 410884316 Sixshot.
410885558 42439096 410884764 26566754
410885845 Sixshot. 410885327 42439096
410887127 42439096 410885845 Sixshot.
410887521 42439096 410883942 63457097
410887606 Sixshot. 410887127 42439096
410889029 42439096 410887606 Sixshot.
410889943 Sixshot. 410889029 42439096
410891029 MsHsu
410894969 64359662 410884879 42439096
410895344 kathreenbt
410895411 64359662 410879459 Sixshot.
410896472 Sixshot. 410895411 64359662
410897284 64359662 410896472 Sixshot.
410898187 Sixshot. 410897284 64359662
410898566 57926734
410900566 42439096 410894969 64359662
410902125 42439096 410898566 57926734
410902435 64359662 410900566 42439096
410904633 64359662 410898187 Sixshot.
410906592 Sixshot. 410904633 64359662
410907288 64359662 410906592 Sixshot.
410909455 Sixshot. 410907288 64359662
410913634 hanyajie 410779820 42439096
410923839 58061773 410874522 42439096
410950159 aimeetsai 410829984 42439096
410972716 42439096 410950159 aimeetsai
410973037 42439096 410923839 58061773
410995680 58061773
411044891 40786385 410776527 42439096
411061213 stef_wu
411160129 42439096 411061213 stef_wu
411162237 42439096
411536559 reyanis
