403580937 limochou
403581463 58695534
403581796 3276968
403582267 49956323
403582369 49956323 403581796 3276968
403582440 55719687
403582795 3276968 403582369 49956323
403583152 54182470
403583300 44584042 403581463 58695534
403583781 44584042 403581796 3276968
403584433 44584042 403582267 49956323
403584894 jessica9128
403584932 44584042 403580937 limochou
403585173 58695534 403583300 44584042
403585545 3276968 403583781 44584042
403589202 50153573
403591153 49956323 403582795 3276968
403591511 49956323 403584433 44584042
403594125 44584042 403585173 58695534
403594601 44584042 403589202 50153573
403594755 49355466
403595469 44584042 403594755 49355466
403595784 44584042 403591153 49956323
403595821 49355466 403595469 44584042
403597570 44584042 403595821 49355466
403601682 49956323 403595784 44584042
403602697 3276968 403595469 44584042
403605163 kingjlb 403602697 3276968
403605226 42212735
403605789 misrbb
403606138 3276968 403605163 kingjlb
403606440 52354990
403606986 53950449
403608555 44584042 403602697 3276968
403608896 44584042 403605226 42212735
403609037 3276968
403609275 44584042 403605789 misrbb
403609524 41172647
403609829 44584042 403609037 3276968
403609981 53207399
403610156 jiangtao8912
403610395 3276968
403610530 44584042 403610156 jiangtao8912
403610557 LiChanna
403611097 jiangtao8912 403610530 44584042
403611165 44584042 403609981 53207399
403611383 44584042 403610395 3276968
403611447 44584042 403610557 LiChanna
403611549 44584042 403609524 41172647
403611770 shinnodoo
403611950 LiChanna
403612288 58978571
403612513 41172647 403611549 44584042
403612730 44584042 403611770 shinnodoo
403612844 52127789
403612858 44584042 403612288 58978571
403613112 44584042 403612844 52127789
403614445 1267094 403612730 44584042
403614923 1267094
403617675 63646866
403617740 28879282
403619936 52363007
403620265 52127789 403613112 44584042
403624789 64057653
403721430 misrbb 403609275 44584042
403728319 c20491111
403738714 44584042 403617675 63646866
403738959 44584042 403617740 28879282
403739144 xialiaoliaoya
403739362 44584042 403619936 52363007
403739626 44584042 403624789 64057653
403739632 kk234mm
403739910 44584042 403739632 kk234mm
403742205 50186880 403582795 3276968
403746118 50186880
403747089 58398882
403748774 44584042 403746118 50186880
403748931 44584042 403747089 58398882
403749129 44584042 403739144 xialiaoliaoya
403749196 44584042 403728319 c20491111
403749258 44584042 403721430 misrbb
403749436 xialiaoliaoya 403749129 44584042
403749438 44584042 403583152 54182470
403749810 xialiaoliaoya 403749438 44584042
403749957 44584042 403749436 xialiaoliaoya
403750120 44584042 403749810 xialiaoliaoya
403750470 xialiaoliaoya 403749957 44584042
403750983 44584042 403620265 52127789
403751433 44584042 403750470 xialiaoliaoya
403751874 xialiaoliaoya 403751433 44584042
403752044 44584042 403751874 xialiaoliaoya
403753489 stayhere1106
403755976 xialiaoliaoya 403752044 44584042
403758098 Joypuppy
403760252 summerlovesprin
403770026 misrbb 403749258 44584042
403776040 48824915 403595469 44584042
403776577 48824915 403605789 misrbb
403776765 2796590 403582267 49956323
403776876 48218002
403783165 64229067
403789668 64229067
403790198 L7Stray
403839334 44584042 403790198 L7Stray
403839524 44584042 403758098 Joypuppy
403839693 44584042 403760252 summerlovesprin
403840254 44584042 403776040 48824915
403840688 44584042
403843218 L7Stray 403839334 44584042
403845817 49956323 403776765 2796590
403848078 64229067 403840688 44584042
403849350 2796590 403845817 49956323
403851118 49956323 403849350 2796590
403852173 luya_shim
403852355 2796590 403851118 49956323
403852956 2796590 403851118 49956323
403853090 44584042 403843218 L7Stray
403853122 49956323 403852355 2796590
403853791 49956323 403852956 2796590
403853893 48031356
403858358 L7Stray 403853090 44584042
403858897 heqiaoshuai
403958228 48824915 403840254 44584042
403991790 44584042 403858358 L7Stray
404026770 L7Stray
404686236 44584042 404026770 L7Stray
404687520 L7Stray 404686236 44584042
404688257 L7Stray
404723895 44584042 404688257 L7Stray
404726567 L7Stray 404723895 44584042
404730521 44584042 404726567 L7Stray
404734249 4118592
405228001 4188593
405229962 66637485
405313203 fuckyouidontcar 403582267 49956323
405329262 49956323 405313203 fuckyouidontcar
405331699 58720592 405329262 49956323
405332036 fuckyouidontcar 405329262 49956323
405332320 63960669
405332556 49956323 405332036 fuckyouidontcar
405332838 fuckyouidontcar 405329262 49956323
405333142 63960669 403582267 49956323
405333850 50182605
405334465 44584042 405332320 63960669
405334517 44584042 405333850 50182605
405334857 63960669 405334465 44584042
405335402 49270432
405337631 50182605 405334517 44584042
405339179 49956323 405333142 63960669
405340274 44584042 405334857 63960669
405340491 44584042 405337631 50182605
405340684 63960669 405339179 49956323
405340822 63960669 405340274 44584042
405341374 44584042 405340822 63960669
405344230 50182605 405340491 44584042
405345227 64378750
405345555 44584042 405344230 50182605
405345819 44584042 405345227 64378750
405346150 64378750
405346400 miaozhi
405349194 yehuajie
405350435 50182605 405345555 44584042
405352312 46780539 403585173 58695534
405393005 3036658 403582267 49956323
405403297 58695534 405352312 46780539
405525742 49956323 405393005 3036658
405547536 4118592
405560319 44584042 405547536 4118592
405561427 Anti-psycho
405564898 49704586
405566365 Luna777
405570295 58199590
405574486 49495283
405695752 44584042 405566365 Luna777
405705895 Luna777 403839334 44584042
405716260 44584042 405705895 Luna777
405718735 Luna777 405716260 44584042
405719936 SSSecret
405721099 49767042
405731677 kaiser.lin
405827272 48601577
406556655 54291569
406558142 62644907
406559447 54610765
409627449 4124061
410909969 44107627
410912698 1758758
411056469 14324106
411057774 14324106 406556655 54291569
411058563 14324106 405340822 63960669
411059739 14324106 405346150 64378750
411060810 52865862
411062021 52865862 403617740 28879282
411157155 54291569 411057774 14324106
412823055 1744013
412823963 63738483
412870696 57634286
