403681588 52757969
403682384 60882601
403682644 58047761
403683755 6174221
403684306 58159102 403682384 60882601
403684855 58159102 403682644 58047761
403685194 66146049
403685397 p_h_d
403686094 58159102 403683755 6174221
403687119 58159102 403685194 66146049
403689047 65856790
403690102 dadawiwan
403690423 dadawiwan
403690937 53532061
403692423 58159102 403689047 65856790
403692719 oottfe
403693362 beijingtu
403693501 58159102 403690102 dadawiwan
403693923 hellohelloparis
403693965 61643466
403694305 13679716
403695140 58159102 403690937 53532061
403695575 58159102 403692719 oottfe
403696553 53532061 403695140 58159102
403697167 58159102 403693362 beijingtu
403698197 58159102 403693923 hellohelloparis
403698665 2685391
403698828 3723476
403699123 4088111
403700083 beijingtu 403697167 58159102
403700470 beijingtu 403699123 4088111
403714329 58159102 403698665 2685391
403716426 58159102 403698828 3723476
403716879 58159102 403699123 4088111
403717791 58159102 403700083 beijingtu
403723099 58159102 403693965 61643466
403724121 58159102 403694305 13679716
403725994 63951282
403728687 58159102
403730089 VOV-baby
403730209 yg3er
403730707 yg3er
403736178 58159102
403737575 yg3er
403739134 oottfe 403695575 58159102
403739248 4234091
403740869 yg3er
403743050 13679716 403724121 58159102
403743301 58159102 403737575 yg3er
403743469 58159102 403739134 oottfe
403743724 13679716 403698665 2685391
403744027 58159102 403739248 4234091
403744423 58159102
403746181 58159102 403743050 13679716
403746526 58159102 403743724 13679716
403755208 aliasr
403768938 4088111 403716879 58159102
403769558 44613728
403771496 49343818
403777699 50714566 403698665 2685391
403778958 50714566
403845097 58159102
403845468 58159102
403846336 58159102 403768938 4088111
403847594 60958017
403849052 58159102 403778958 50714566
403849719 littlemana
403849845 xiehuayingxhy
403850834 xiehuayingxhy
403851819 60027760
403853505 zero-.yummy.
403854345 58159102
403854740 loli.
403856991 58159102 403769558 44613728
403857784 63919506
403857847 16640230
403857865 47220886
403860609 58159102
403861316 58159102 403849719 littlemana
403862116 58159102 403849845 xiehuayingxhy
403863222 60958017
403863733 60958017
403863776 58159102
403864204 58159102 403850834 xiehuayingxhy
403865005 58159102 403851819 60027760
403866697 58159102 403857784 63919506
403867678 58159102 403857847 16640230
403868471 dooot
403869131 58159102 403857865 47220886
403870532 47220886 403869131 58159102
403871550 58159102 403863733 60958017
403872142 58159102 403868471 dooot
403873176 58159102 403870532 47220886
403878157 Y0307
403881263 xiehuayingxhy 403864204 58159102
403881760 47220886 403873176 58159102
403883628 July_520
403886550 laco
403895402 kjkljl
403903221 3471396
414933910 58159102
414934272 51564571 414933910 58159102
414945414 64639758
414962366 58159102 414934272 51564571
414965210 58159102
414969686 51564571
414995634 58159102 414969686 51564571
405018632 puntaunion
405018980 liu6liu6
405051930 58159102
405054928 58159102
405073176 58159102
405073798 missif
405074216 58159102 405018980 liu6liu6
405085112 58159102
405099067 missif 405085112 58159102
405100911 kidcarrie
405101136 kidcarrie 405099067 missif
405101322 kidcarrie
405101897 missif 405101322 kidcarrie
405103538 kidcarrie 405101897 missif
405111184 missif 405103538 kidcarrie
405163041 58159102 405099067 missif
405167253 58159102
405169010 58159102
405171332 58159102
405204717 puntaunion
405284069 4234091
405287096 seven1016
405347850 58159102 405204717 puntaunion
405348810 58159102 405284069 4234091
405352072 58159102 405287096 seven1016
405352754 66198558
405363129 58159102 405352754 66198558
405385473 4234091
405389243 66198558 405363129 58159102
405412295 58159102 405385473 4234091
405412913 58159102 405389243 66198558
405418230 66198558 405412913 58159102
405424173 47352517 405412913 58159102
405431179 puntaunion
405431605 sunflov
405433995 puntaunion
405454280 seven1016
405479446 4681720
405553447 58159102
405554171 58159102
405555538 58159102 405431605 sunflov
405555862 58159102 405433995 puntaunion
405556381 58159102 405454280 seven1016
405559561 58159102 405479446 4681720
405561884 yysunnyy
405562217 4287357
405566338 62774806
405570921 Y0307
405574678 4681720
406953543 50798252
407024499 davidray1991
407739216 58159102
407758326 cassiopeia4ever
407759814 yuki0-0
407042295 puntaunion 406953543 50798252
407762311 49097246
407763841 58376309
407059143 Ariovistus
407766325 2225297
407061019 60285051
407767145 58159102 407758326 cassiopeia4ever
407068950 66671504
407108177 52360381
407767875 58159102 407759814 yuki0-0
407196369 58159102 405561884 yysunnyy
407769388 58159102 407762311 49097246
407196749 58159102 405566338 62774806
407769853 58159102 407766325 2225297
407198187 58159102 405574678 4681720
407770049 yuki0-0
407775733 3917375
407199075 58159102 405570921 Y0307
407776188 40900709
407200271 yysunnyy
407807714 2225297 407769853 58159102
407200557 58159102 406953543 50798252
407811261 58450137
407200665 58159102 407024499 davidray1991
407858449 50589518
407201041 58159102 407059143 Ariovistus
407863435 49097246
407201158 65336688
408006830 willlogion
408063575 annnnnny
407202211 58159102 407061019 60285051
408147981 58159102 407770049 yuki0-0
407203257 58159102 407068950 66671504
408150655 58159102 407775733 3917375
407204184 58159102 407108177 52360381
408150995 58159102 407776188 40900709
407205681 12421737 407204184 58159102
408151177 58159102 407811261 58450137
407208168 58159102 407205681 12421737
407231417 yangzhuo322
408151925 58159102 407858449 50589518
407240402 Ariovistus 407201041 58159102
408152343 58159102 407863435 49097246
407345822 58159102 407201158 65336688
408153048 58159102 408006830 willlogion
407348590 58159102 407231417 yangzhuo322
408153439 58159102
407349234 58159102 407240402 Ariovistus
408154724 annnnnny 408153439 58159102
407350367 61648733
408161319 iluv69 403863222 60958017
407358957 58159102
408162009 58159102 408154724 annnnnny
407359321 61648733
408165280 58159102 408161319 iluv69
407361599 58159102 407359321 61648733
408166391 iluv69 408165280 58159102
407363088 61648733 407361599 58159102
408166818 annnnnny 408162009 58159102
407467913 lacus_won
408168084 50400157
407575623 40622869
408176775 53966317
407577904 45190993
408179050 50589518 408151925 58159102
407583740 64479109
408220412 wzer825
407585104 14295425
407690049 willlogion
408225335 znshetotu 407769853 58159102
407690963 58376309 403692423 58159102
408225830 58159102 408166391 iluv69
407691129 58376309 407690963 58376309
408228369 58159102 408166818 annnnnny
407707130 tazi
408228749 58159102 408168084 50400157
407709168 50589518
408230226 58159102
407710338 tazi
408231808 58159102
407730004 58159102 407467913 lacus_won
408232480 58159102 408179050 50589518
407732108 58159102 407575623 40622869
408234360 49983730
407732420 58159102 407577904 45190993
408235401 58159102 408225335 znshetotu
407733221 58159102 407690049 willlogion
408236020 58159102 408234360 49983730
407734202 58159102 407690963 58376309
408236701 65057241
407734337 MomoBaobao
408245364 50589518 408232480 58159102
407737384 58159102 407707130 tazi
408254688 58159102 408236701 65057241
407737791 58159102 407709168 50589518
408255752 58159102 408245364 50589518
407738677 58159102 407710338 tazi
408256783 znshetotu
408283102 58159102 408256783 znshetotu
408299134 53966317
408313450 haiserlu
408323325 50589518 408255752 58159102
408351374 willlogion
408374168 znshetotu 408283102 58159102
408382890 58159102
408383328 58159102 408313450 haiserlu
408383648 58159102 408323325 50589518
408383811 58159102 408351374 willlogion
408386698 50589518 408383648 58159102
408389461 58159102 408386698 50589518
408393052 50589518 408389461 58159102
408393758 58159102 408393052 50589518
408396140 50589518 408393758 58159102
408400489 62745893
408400733 62745893 408400489 62745893
408410556 58159102 408396140 50589518
408411041 58159102
408485142 50589518 408410556 58159102
408495019 58159102 408485142 50589518
408528266 50589518 408495019 58159102
408528673 lemonade-ice
408543112 58159102 408528673 lemonade-ice
408543521 58159102 408528266 50589518
408553722 50589518 408543521 58159102
408588757 foever21
408665816 53966317
408722521 haiserlu 408383328 58159102
409200905 58159102 408665816 53966317
409202715 58159102 408722521 haiserlu
409211276 3908364
414441426 58159102 409211276 3908364
414447915 58159102
414449551 51257431
414633009 3908364
414641408 shengxiaoqi
414644721 flamemaster
414681421 58159102 414449551 51257431
414681875 58159102 414633009 3908364
414682421 58159102 414644721 flamemaster
414685873 58159102
414832140 flamemaster
414924221 58159102 414832140 flamemaster
414929219 54878823
414929683 nico_jiang
414930278 51564571
414933707 58159102 414929219 54878823
403914082 2685391 403743724 13679716
403914237 2685391 403714329 58159102
403916016 zhangjuntian
403950897 44613728 403856991 58159102
403995196 linzixuan512
404001475 58159102
404002913 liu6liu6
404005778 Ariovistus
404012942 yoyo621725
404016822 30162846 403881263 xiehuayingxhy
404018168 58159102 403878157 Y0307
404018771 58159102 403878157 Y0307
404019012 58159102 403883628 July_520
404019490 58159102 403914237 2685391
404019705 58159102 404005778 Ariovistus
404020575 58159102 404012942 yoyo621725
404020935 51242421
404021149 58159102
404022402 58159102 404020935 51242421
404024360 51242421
404027204 licht0822
404032648 Y0307
404050336 46220314
404052961 SalanC
404057894 53483615
404106611 fitzgerald 404024360 51242421
404136094 58159102 404050336 46220314
404138634 58159102
404139531 58159102 404052961 SalanC
404140293 58159102 404057894 53483615
404141167 58159102 404106611 fitzgerald
404141707 cheer7fu
404142693 48924997
404144042 miyaviyuan
404144547 yyxyy
404146011 robinfight
404146405 63466463
404149727 evebanger666
404155944 58159102 404141707 cheer7fu
404156683 58159102 404142693 48924997
404157855 xmuafrog
404157888 xmuafrog
404158676 58159102 404144042 miyaviyuan
404160178 58159102 404144547 yyxyy
404160981 58159102 404146011 robinfight
404163252 58159102 404146405 63466463
404164006 58159102 404149727 evebanger666
404164580 4252859
404166882 evebanger666 404164006 58159102
404167094 4703476
404174687 63466463
404175260 yg3er 403845097 58159102
404175898 58159102 404166882 evebanger666
404176841 58159102 404167094 4703476
404177712 58159102 404174687 63466463
404178006 kiokio99
404179078 58159102 404175260 yg3er
404180423 58159102
404181224 63466463
404182301 yolanda117
404183360 yolanda117
404184053 58159102 404182301 yolanda117
404184210 58159102 404183360 yolanda117
404192858 46220314 404136094 58159102
404193616 63466463
404194254 yyxyy
404194276 64359662
404194740 58159102 404193616 63466463
404195404 58159102 404194254 yyxyy
404195520 4118592
404195769 58159102 404181224 63466463
404196669 58159102 404194276 64359662
404196782 58159102 404195520 4118592
404197490 4118592 404196782 58159102
404198127 64359662
404268888 58159102
404269671 58159102 404198127 64359662
404271774 51242421 404106611 fitzgerald
404276254 fitzgerald 404271774 51242421
404283790 58159102 404276254 fitzgerald
404283967 Y0307
404318558 58159102 404283967 Y0307
404482294 45007694
404806576 59628838
404836065 sorbitol4125
404880539 rainbowb
404971860 58159102 404806576 59628838
404972586 58159102 404836065 sorbitol4125
404973208 puntaunion 403698197 58159102
404974059 58159102 404880539 rainbowb
404975560 58159102 404973208 puntaunion
404977741 13084040 403739248 4234091
404980939 4234091 404977741 13084040
404983850 13084040 404980939 4234091
404983949 Scaredzeng
404989157 4234091 404983850 13084040
404993860 sorbitol4125
405002252 13084040
405002411 13084040 404989157 4234091
405006213 4234091
