403648636 63738178
403649726 56394821
403650894 48043193
403651080 lane1031 403649726 56394821
403651276 lane1031 403648636 63738178
403651522 61006968
403651528 lane1031 403650894 48043193
403651766 nyannyannyan
403652426 lane1031 403651522 61006968
403658070 yuangungun
403664137 lane1031 403658070 yuangungun
403664323 1915014
403665525 aliailibuli
403665969 55861044
403666755 2845652
403671675 lane1031 403664323 1915014
403671832 lane1031 403665525 aliailibuli
403672153 lane1031 403665969 55861044
403672212 lane1031 403665969 55861044
403673041 littleqie
403673068 lane1031 403666755 2845652
403673857 2845652 403673068 lane1031
403675013 2959440
403675246 fengchecheer
403675852 38886735
403676479 lane1031 403673041 littleqie
403677024 lane1031 403675013 2959440
403677762 47754097
403678512 lane1031 403673857 2845652
403678517 lane1031 403673857 2845652
403679045 lane1031 403675246 fengchecheer
403679184 lane1031 403675852 38886735
403679293 64258150 403675246 fengchecheer
403679438 lane1031 403679045 lane1031
403680089 lane1031 403679293 64258150
403680260 lane1031 403677762 47754097
403680529 47754097 403680260 lane1031
403681666 lane1031 403680529 47754097
403682444 47754097 403681666 lane1031
403683748 lane1031 403682444 47754097
403684328 47754097 403683748 lane1031
403685258 lane1031 403684328 47754097
403685707 47754097 403685258 lane1031
403693105 64258150 403680089 lane1031
403710687 2845652 403678512 lane1031
403714996 lane1031 403710687 2845652
403716141 57755518
403747676 38886735 403679184 lane1031
403752111 lane1031 403747676 38886735
403752661 lane1031 403716141 57755518
403769611 mianhua11
403776491 lane1031 403769611 mianhua11
403786549 53759444
403859517 lane1031 403786549 53759444
408476663 61883396
408479379 61883396
408585795 sudajing
408627204 41521989
408641078 erchee
408642464 rocktown 403664323 1915014
408643535 rocktown 403665525 aliailibuli
408644267 54006154 403672153 lane1031
408644419 rocktown 403675013 2959440
408644614 36852210
408644749 rocktown 408644267 54006154
408645623 rocktown 408641078 erchee
408645830 dommer
408646717 rocktown 403680529 47754097
408647677 rocktown 403684328 47754097
408647734 54006154 408644749 rocktown
408649266 rocktown 408647734 54006154
408650746 54006154 408649266 rocktown
408651161 rocktown
408651771 45627027
408654578 54006154 408651161 rocktown
408655566 rocktown 408654578 54006154
408724711 47754097 408647677 rocktown
408919353 54006154 408644749 rocktown
408960853 rocktown 408919353 54006154
409490338 54006154 408960853 rocktown
409491081 Santa.
409607776 MavisChau
409620618 1749262
409679469 lane1031 408627204 41521989
409679560 lane1031 408585795 sudajing
409679731 lane1031 408641078 erchee
409680218 lane1031 408651771 45627027
409680363 56398789
409680411 lane1031 409607776 MavisChau
409680625 lane1031 409620618 1749262
409680716 lane1031 409620618 1749262
409680933 55567415
409755741 rocktown 409490338 54006154
409761110 seven1016
409771303 taurusdgcr
409785388 xiaoyanjian
409876125 1749262 409680625 lane1031
409880167 wangzhaotongxue 403685258 lane1031
409884526 51145178
409884799 59811530
409884906 59811530
409886702 55848068
409889114 54194125
411694674 62525705
411834900 43292330
