403733162 3034062
403735100 chenxiangnan
403739239 meteorcan
403739545 64374283
403740608 Mrtcow
403892285 Sayaq
403892575 dooot
404395474 zini1900
404395801 dark-shines
405643912 57139575 403733162 3034062
405643975 57139575 403735100 chenxiangnan
405644174 57139575 403739239 meteorcan
405644486 57139575 403739545 64374283
405644636 57139575 403740608 Mrtcow
405645189 57139575 403892575 dooot
405645431 57139575 404395474 zini1900
405645725 57139575 404395801 dark-shines
405646000 57139575
405647657 4057047
405684037 meteorcan
405689223 57139575 405684037 meteorcan
405692130 meteorcan 405689223 57139575
405702672 dark-shines 405645725 57139575
405795194 57139575 405702672 dark-shines
405809749 zini1900
405838410 57139575 405809749 zini1900
406075554 zini1900
406076948 songjiawei
406149719 lake64
406614788 57139575 406075554 zini1900
406614927 57139575 406076948 songjiawei
406614961 57139575 406149719 lake64
406622217 songjiawei 406614927 57139575
406624276 alashendeng
406689813 43531310
406846653 lake64
406847607 yyxyy
406924319 57139575 406622217 songjiawei
406924437 57139575 406624276 alashendeng
406924554 57139575 406689813 43531310
406924600 57139575 406846653 lake64
406924722 57139575 406847607 yyxyy
406978113 55589828
407038265 lake64
407327690 zini1900
407382877 57139575 407038265 lake64
407383035 57139575 406978113 55589828
407383402 57139575 407327690 zini1900
407394528 55589828 407383035 57139575
407396530 57139575 407394528 55589828
407739744 alashendeng 406924437 57139575
407887413 57139575 407739744 alashendeng
407967015 alashendeng 407887413 57139575
408374738 57139575 407967015 alashendeng
408478853 alashendeng 408374738 57139575
409041157 57139575 408478853 alashendeng
412407312 alashendeng 409041157 57139575
412435853 57139575 412407312 alashendeng
412439622 cx1027 407396530 57139575
412440591 gengtian
412694065 57139575 412440591 gengtian
412694447 57139575 412439622 cx1027
412694785 65009594
412703449 cx1027 412694447 57139575
413180461 57139575 412694785 65009594
413181061 57139575 412703449 cx1027
413221950 34659477
413235736 52180896
413387701 57139575 413221950 34659477
413387930 57139575 413235736 52180896
413413069 34659477 413387701 57139575
413554156 57139575 413413069 34659477
413568091 34659477 413554156 57139575
413568184 34659477 413554156 57139575
413569269 fzc11510 406924554 57139575
413760629 57139575 413569269 fzc11510
413770774 fzc11510 413760629 57139575
413810243 57139575 413770774 fzc11510
413832116 huanseran
413917136 57139575 413832116 huanseran
