403810313 4397175
403810381 58037396
403810476 58037396 403810313 4397175
403811891 4397175
403812342 58037396 403811891 4397175
403812426 caocaoca
403812914 58037396 403812426 caocaoca
403814457 53547083
403814633 58037396 403814457 53547083
403814952 4639857
403815696 58037396 403814952 4639857
403815782 caocaoca 403812914 58037396
403816141 sco8087
403816184 53547083
403817559 4639857 403815696 58037396
403817663 lynns428
403817870 58037396 403816184 53547083
403818218 58037396 403816141 sco8087
403818676 58037396 403817559 4639857
403818741 58037396 403817663 lynns428
403818930 53547083
403819463 lynns428
403819705 58037396 403818930 53547083
403820817 53547083
403821851 58037396 403819463 lynns428
403822476 58037396 403820817 53547083
403822768 lynns428
403824656 53547083
403825336 sco8087
403827618 47630662
403980973 61140252
410145766 28310437
414151370 58037396 403824656 53547083
414151642 58037396 403825336 sco8087
414152263 58037396 403827618 47630662
414153285 58037396 403980973 61140252
414154016 58037396 410145766 28310437
414154213 tabu
414158510 58037396 414154213 tabu
414164637 tabu
414171834 58037396
414181077 tabu
414181681 tabu
414182006 tabu
414182954 58037396 414182006 tabu
414185080 tabu
414186061 58037396 414185080 tabu
414373573 35389815
414375165 66225037
414443029 58037396 414373573 35389815
417303570 61140252 414153285 58037396
417360894 58037396 417303570 61140252
417606126 lanlan_ 403817870 58037396
417629450 58037396 417606126 lanlan_
418521647 unknown2825
419916700 amoswang
