404108272 weizi2007
404108684 icykiko
404109539 Xiunvzi
404109989 mizizi 404108272 weizi2007
404109995 HouseM.D
404110453 THEBOURNE
404110648 58686466
404110808 mizizi 404108684 icykiko
404110873 64237559
404110895 66179739
404110947 54031188
404111181 18178006
404111372 mizizi 404109995 HouseM.D
404111677 tity1
404111829 mizizi 404110453 THEBOURNE
404112350 mizizi 404110648 58686466
404112650 mizizi 404110873 64237559
404112962 58686466
404113056 mizizi 404110895 66179739
404113134 sui_time
404113187 moeeeeeee
404114274 mizizi 404111181 18178006
404114461 58920933
404114504 DET
404114603 47604751
404115347 mizizi 404111677 tity1
404115914 57507835
404116138 fireaida
404116503 mizizi 404112962 58686466
404116831 moeeeeeee
404116939 57507835
404118035 mizizi 404113134 sui_time
404118049 37078988
404118174 smile85
404118406 mizizi 404113187 moeeeeeee
404118771 cavian
404118774 mizizi 404114461 58920933
404119499 mizizi 404114504 DET
404119894 moeeeeeee 404118406 mizizi
404119928 TVXQSYJ 404116831 moeeeeeee
404120342 60079264
404120599 mizizi
404121217 DET
404121662 mizizi 404118049 37078988
404122243 sesame325
404122580 mizizi
404123002 mizizi 404119928 TVXQSYJ
404123155 47604751
404124030 mizizi 404120342 60079264
404124419 mizizi 404121217 DET
404124918 Erised
404125144 mizizi 404122243 sesame325
404125672 4213351
404125906 47604751
404126118 49428533
404126252 mizizi 404123155 47604751
404126759 mizizi 404125672 4213351
404127252 le-renard
404127494 mizizi 404126118 49428533
404127908 mizizi 404125906 47604751
404129159 47604751
404129712 qizhinei
404130504 zhangxiaomin
404131121 mizizi 404129159 47604751
404131220 35522355
404132289 Leeeegendary
404133032 47604751
404133088 miracle312
404135531 listentomysunsh
404135631 4213351
404136071 mizizi 404130504 zhangxiaomin
404136073 4213351 404127908 mizizi
404137114 mizizi 404131220 35522355
404137649 mizizi 404132289 Leeeegendary
404138142 zhangxiaomin
404138745 Leeeegendary 404137649 mizizi
404139011 mizizi 404135531 listentomysunsh
404139378 mizizi 404138142 zhangxiaomin
404140641 52967821
404141652 mizizi
404142355 47760736
404142423 mizizi 404140641 52967821
404143534 60284921
404145703 mizizi
404149475 mizizi
404158888 4118592
404161374 mizizi
404162121 chenchenstory
404162304 52775331
404162410 4118592
404163064 mizizi
404163331 4118592
404163381 mizizi 404162410 4118592
404163981 mizizi 404163331 4118592
404164284 52775331
404165063 4118592 404163381 mizizi
404166095 mizizi 404162304 52775331
404166860 mizizi 404165063 4118592
404167249 mizizi 404165063 4118592
404168853 59998833
404470570 mizizi
404470645 dionysian
404470655 4076402
404471972 4386029
404472064 59998833
404472144 duqiong112
404472196 mizizi 404470645 dionysian
404472251 49990221
404472376 mizizi 404470655 4076402
404472597 duqiong112
404472787 dionysian 404472196 mizizi
404473611 mizizi
404474666 mizizi 404472064 59998833
404474835 64306498
404474882 mizizi
404475175 mizizi 404472251 49990221
404476559 mizizi 404472597 duqiong112
404476856 mizizi 404472787 dionysian
404477281 mizizi 404474835 64306498
404477416 duqiong112
404477452 dionysian
404477610 mizizi
404477827 4386029 404473611 mizizi
404478288 mizizi 404477416 duqiong112
404478400 mizizi 404477452 dionysian
404478593 58475205
404478656 4118592
404478941 mizizi 404477827 4386029
404479434 4386029 404478941 mizizi
404479472 4118592
404479720 mizizi 404477827 4386029
404479795 mizizi
404480520 3310241
404480986 Sleve
404481392 lazytracy
404481740 mizizi
404482746 mizizi
404483113 mizizi 404480986 Sleve
404484464 37516736
404484768 3310241 404482746 mizizi
404486289 37516736
404486434 mizizi 404484464 37516736
404488647 mizizi
404489679 3310241 404488647 mizizi
404489770 42570768
404492079 53753197
404492862 mizizi 404489679 3310241
404493508 mizizi 404489770 42570768
404494018 3310241 404492862 mizizi
404494517 54568557
404495020 mizizi 404494018 3310241
404497106 4118592 404483113 mizizi
404497836 4818747
404497905 56055792
404498332 mizizi 404497106 4118592
404498440 mizizi 404497836 4818747
404498574 mizizi 404497905 56055792
404502794 61598926
404526509 4486266
404530333 36616266
404531270 49990221 404475175 mizizi
404532752 moeeeeeee
404539554 46519089
404540257 46519089
404540292 53080027 404109989 mizizi
404540405 46519089
404541697 46519089
404543844 Sleve 404483113 mizizi
404544580 2845652
404544771 59368715
404551126 59368715
404565268 52503040
404575293 54036828
404600924 1388485
404625638 36541807 404470570 mizizi
404628436 40459945
404629736 4246173
404629980 4118592
404630567 63114619
404630975 46519089
404636089 64306498 404477281 mizizi
404652509 55596008
404656038 celile
404687654 44691918
404694486 mus1
404695499 mus1
404696533 dyt644405
404707362 just..for..U.. 404165063 4118592
404723064 2816389
404723862 4118592 404707362 just..for..U..
404724151 48314832
404728869 36937880
404733543 pima_y
404735824 yanjun1021
404757346 51362960
404779719 thirdmay
404784744 mizizi
404786144 just..for..U.. 404565268 52503040
404792908 mizizi 404502794 61598926
404793094 mizizi 404530333 36616266
404284530 mizizi
404284995 mizizi
404285122 mizizi
404285289 mizizi
404285614 mizizi
404285722 mizizi
404286105 4118592
404286290 mizizi
404286487 mizizi
404286775 mizizi
404288262 mizizi
404288489 mizizi
404289534 4118592 404288489 mizizi
404291149 sula2011
404292548 sxgnxww
404293503 46519089
404294117 45280422
404294922 4202007
404297102 4118592 404293503 46519089
404300196 46519089
404303209 jodiexie
404304955 4486266 404286290 mizizi
404305396 4486266 404288489 mizizi
404308506 36616266
404311018 lclu....
404311380 63905461
404314847 58475205
404316081 heibaixian
404318710 36541807
404321881 gracieguo
404326251 pima_y 404286775 mizizi
404343085 64584193
404354869 mysweety
404362031 59368715
404363026 59368715
404363738 53759444
404365401 59368715
404370068 4201175
404370307 4201175 404109539 Xiunvzi
404423763 mizizi 404293503 46519089
404424037 mizizi 404294117 45280422
404424302 mizizi 404294922 4202007
404429162 mizizi
404429527 mizizi
404430628 mizizi 404300196 46519089
404430902 mizizi 404303209 jodiexie
404431560 mizizi 404305396 4486266
404432241 mizizi 404308506 36616266
404432481 mizizi 404311018 lclu....
404432687 mizizi 404311380 63905461
404432962 mizizi 404314847 58475205
404434676 64779924
404436914 qizhinei
404437331 mizizi 404318710 36541807
404437686 mizizi 404343085 64584193
404438337 mizizi 404326251 pima_y
404438936 mizizi
404438948 OMGJessica 404113187 moeeeeeee
404439015 58434105
404439371 mizizi 404362031 59368715
404440704 mizizi 404363026 59368715
404440724 2543166
404441412 63450348
404441566 mizizi 404363738 53759444
404441849 mizizi 404365401 59368715
404442157 mizizi 404434676 64779924
404442748 mizizi 404438948 OMGJessica
404443957 mizizi 404436914 qizhinei
404444167 mizizi 404439015 58434105
404444558 mizizi 404440724 2543166
404444913 just..for..U..
404445007 4202007 404424302 mizizi
404446934 thirdmay 404293503 46519089
404448627 2543166 404444558 mizizi
404449162 4386029
404449490 thirdmay
404449882 55532792
404451052 3135431
404461781 Ptah
404462637 59998833
404464613 mizizi 404444913 just..for..U..
404464914 36541807 404443957 mizizi
404465117 mizizi 404445007 4202007
404465242 mizizi 404448627 2543166
404465746 mizizi
404466267 duqiong112 404439371 mizizi
404466656 mizizi 404449490 thirdmay
404467046 mizizi 404449882 55532792
404467185 49990221
404467728 mizizi 404451052 3135431
404468358 mizizi 404461781 Ptah
404468571 mizizi 404462637 59998833
404468595 64306498
404468651 47911245
404469347 mizizi 404464914 36541807
404469499 mizizi 404466267 duqiong112
404469980 mizizi 404467185 49990221
404470326 mizizi 404468595 64306498
404470471 dionysian
404470530 dionysian
404793273 mizizi
404793481 mizizi 404531270 49990221
404795465 4118592
404795674 mizizi 404539554 46519089
404796300 mizizi 404540292 53080027
404796939 mizizi
404797199 mizizi 404544580 2845652
404797630 mizizi 404544771 59368715
404798010 mizizi 404551126 59368715
404798984 56055792 404498574 mizizi
404803841 mizizi 404565268 52503040
404804424 mizizi 404628436 40459945
404804585 mizizi 404629736 4246173
404805053 52141455
404807713 mizizi 404636089 64306498
404808753 mizizi 404656038 celile
404809741 mizizi
404810673 JEWELzxx
404819359 mizizi 404724151 48314832
404820933 mizizi 404728869 36937880
404821338 mizizi 404733543 pima_y
404824537 mizizi 404735824 yanjun1021
404824826 mizizi 404779719 thirdmay
404825060 mizizi
404825738 4118592
404825962 mizizi 404786144 just..for..U..
404827457 mizizi
404828069 mizizi 404798984 56055792
404830190 mizizi 404805053 52141455
404830362 fanini
404830423 59368715
404830498 mizizi 404825738 4118592
404830945 mizizi 404830362 fanini
404831223 mizizi 404830423 59368715
404831340 59368715
404832321 fanini
404832438 fanini
404832492 mizizi 404831340 59368715
404834118 cxmoshi
404836906 50576887
404839275 mizizi 404836906 50576887
404842230 3376368
404881479 celile 404808753 mizizi
404883114 fanini 404830945 mizizi
404884011 58920933 404118774 mizizi
404885202 45834106
404887277 40459945 404804424 mizizi
404890468 59368715
404893707 34338403
404897772 59368715
404909161 56065283
404910153 52503040 404803841 mizizi
404911537 52503040 404786144 just..for..U..
404912718 52503040 404830362 fanini
404924067 42820662
404926467 fanini 404912718 52503040
404927242 yuki0-0
404928155 52503040 404926467 fanini
404928458 52503040 404926467 fanini
404931495 allenoz 404110453 THEBOURNE
404931861 THEBOURNE 404931495 allenoz
404938408 53459963
404959104 1361959
404994079 2845652 404797199 mizizi
405006315 XRan
405006451 51710217
405007359 XRan
405009426 49352639 404109989 mizizi
405114978 34250560 404286487 mizizi
405117330 3640434
405118666 3111201
405129331 just..for..U..
405193284 53772402
405197305 41249118
405569187 mizizi 404883114 fanini
405569358 mizizi 404884011 58920933
405569464 mizizi 404885202 45834106
405569845 mizizi 404890468 59368715
405570129 mizizi 404893707 34338403
405570523 joker_ranger
405570642 joker_ranger 405570523 joker_ranger
405570656 mizizi 404909161 56065283
405571016 mizizi 404931495 allenoz
405571410 mizizi 404994079 2845652
405571742 mizizi 405006315 XRan
405571912 mizizi 405007359 XRan
405572290 mizizi 405009426 49352639
405572499 mizizi 405117330 3640434
405572705 mizizi
405572928 mizizi 405193284 53772402
405573349 mizizi 405570642 joker_ranger
405573583 lovenca
405574259 4651610 404286487 mizizi
405577961 mizizi 405573583 lovenca
405578165 mizizi 405574259 4651610
405580609 2262731
405584952 choulinlin
405625514 just..for..U.. 405572705 mizizi
405633543 joker_ranger
405645741 2845652 405571410 mizizi
418150370 earlxy
418291526 jinxihexii
419145826 cavian
419618459 49106262
419626899 48443719
406777009 yuyear
406777924 4118592
406778440 50545152 406777924 4118592
406793082 manch456
406812141 mizizi 406793082 manch456
406812459 mizizi 406777009 yuyear
406817756 43000741
406825643 43000741
406856970 yuyear 406812459 mizizi
406921347 just..for..U..
406922239 just..for..U..
406923024 4128420
406923437 just..for..U..
406936810 qianqian_tang
406965911 sunrisely
406988772 mizizi
406989203 mizizi 406923024 4128420
406989341 mizizi 406936810 qianqian_tang
406991855 58189745
406992023 mizizi
406992108 mizizi 406991855 58189745
406992454 yuyear
406993516 mizizi 406992454 yuyear
406993698 mizizi 406992454 yuyear
406996233 yuyear 406993698 mizizi
406999015 58189745 406992108 mizizi
406999318 mizizi 406996233 yuyear
406999494 mizizi 406999015 58189745
407004433 yuyear 406999318 mizizi
407017597 50398983
407021030 just..for..U..
407083472 yichun80du
407090611 yichun80du
407091336 yichun80du
407107700 mizizi 407021030 just..for..U..
407119841 sula2011
407173326 mizizi
407174143 mmming
407174812 66225037
407174901 ideepbreath
407178674 mizizi 407174143 mmming
407178961 mizizi 407174812 66225037
407179401 mizizi 407174901 ideepbreath
407185137 51665521
407186380 61332581
407298683 yaosia
407436540 onlyella28
407537267 60407614 404121662 mizizi
407633878 66225037 407178961 mizizi
407741911 yeyiyi
407769158 ryoyuma
408074504 64127240
408268627 1518299
408282270 weiboqigong
408283978 55796207
408339196 Sleve
408644325 53454341
408831419 42465246
408847296 4172257
408937068 MISHIDIDAI 404168853 59998833
409120035 53250838
409165633 51665521
409279019 3923443
409535428 4814464 409120035 53250838
409570075 Dolphin_yu
409756246 4219551
409765734 lily-H
409789712 3055263
409803005 1553542
409813437 30162846
409846792 lenka_hq
410178594 lvmesolv
410305775 58285369
410326248 49226704
410341209 demon1989
410480173 65901970
410501809 nayumii
410812904 36065536
410813579 36065536
410916446 54188973
410992808 5805777
411439305 67097117
413228742 40792146
413229630 53184598
413247313 64010782
413259248 47145910
413278961 36304601
413763291 65278493
413943787 54592029 404113187 moeeeeeee
413944903 54592029 404143534 60284921
413998793 cdmmystery
413999806 cdmmystery 413998793 cdmmystery
414005490 turandot1224
414010745 45039198
414352863 52123215
414357076 blanche77
414360533 41522133
414369932 50545152 410178594 lvmesolv
416350913 52967821 407633878 66225037
417572386 stigmergy
405654637 29603086
405664835 just..for..U..
405682094 4651610 405578165 mizizi
405698051 fanini 404928458 52503040
405699074 fanini 405569187 mizizi
405702298 64512321
405706595 52503040 405698051 fanini
405707844 mizizi 405584952 choulinlin
405708028 mizizi 405664835 just..for..U..
405708445 mizizi 405699074 fanini
405708678 mizizi 405706595 52503040
405724542 49334435
405725177 fanini 405708445 mizizi
405726549 40840833
405740360 44213244
405750428 59368715
405755112 41206045
405761183 XRan 405571912 mizizi
405798199 50398983
405804952 50398983
405805368 50398983
405806030 50398983 404821338 mizizi
405806603 50398983 404832492 mizizi
405807195 50398983 405006315 XRan
405808264 50398983 404285122 mizizi
405808610 50398983 404363026 59368715
405809412 mizizi 405725177 fanini
405810237 mizizi 405761183 XRan
405810649 mizizi
405811772 choulinlin 405707844 mizizi
405812343 mizizi 405811772 choulinlin
405812434 44301597
405839329 just..for..U..
405855491 missfate
405869406 mizizi 405839329 just..for..U..
405911624 37516736 405869406 mizizi
405927077 mizizi 405911624 37516736
405959828 56151968
405970938 56151968
406063463 just..for..U.. 405869406 mizizi
406065413 50545152
406075412 50836265 404166860 mizizi
406095419 mizizi 405970938 56151968
406096362 mizizi 406063463 just..for..U..
406097227 mizizi 406075412 50836265
406104182 momooyang
406137325 XRan 405807195 50398983
406142329 52967821 404804424 mizizi
406173277 mizizi 406142329 52967821
406176898 csb
406178831 52967821 406173277 mizizi
406179507 mizizi 406178831 52967821
406179657 2401775
406180573 50398983 406137325 XRan
406184522 42273412
406209503 59368715 405808610 50398983
406211806 59368715 405569845 mizizi
406262288 fanini
406288369 mizizi 406211806 59368715
406288724 mizizi 406262288 fanini
406288942 52237873
406296111 36065536
406299861 gilianz 404119928 TVXQSYJ
406340072 TVXQSYJ 406299861 gilianz
406371997 49352639 405572290 mizizi
406376682 52967821
406380991 sunrisely
406381971 51222575
406385182 ribbonecho
406385354 66201216
406386775 49081844
406387368 saintsjl
406396464 49851009
406399292 carmenfan
406510120 mizizi 406376682 52967821
406510250 mizizi 406380991 sunrisely
406510369 mizizi 406385182 ribbonecho
406511732 mizizi 406386775 49081844
406512358 mizizi 406387368 saintsjl
406512778 mizizi 406396464 49851009
406513065 mizizi 406399292 carmenfan
406523440 1998402
406535416 52967821 406510120 mizizi
406540560 mizizi 406523440 1998402
406540644 mizizi 406535416 52967821
406557970 yingtianjin
406597633 sunrisely 406510250 mizizi
406625181 49064899
406628430 daisy_cheung
406671374 mmming
406674519 manch456
406751782 50798252
406760224 mizizi 406597633 sunrisely
406760301 mizizi 406625181 49064899
406761016 mizizi 406674519 manch456
406761505 mizizi 406751782 50798252
406761995 mizizi 406671374 mmming
406764642 50545152
406767970 mizizi 406764642 50545152
406772489 50545152 406767970 mizizi
404169070 zhangxiaomin 404139378 mizizi
404170168 63604438
404170573 mizizi 404168853 59998833
404170831 4118592 404167249 mizizi
404170914 mizizi 404169070 zhangxiaomin
404171082 ronyii
404171532 mizizi
404171883 jodiexie
404173015 23414895
404173200 mizizi
404173536 mizizi 404173015 23414895
404174682 overwork
404175062 mizizi 404171082 ronyii
404175239 zhangxiaomin 404170914 mizizi
404175351 52114518
404175497 4118592 404166860 mizizi
404175678 overwork
404175786 4535865
404176091 mizizi 404174682 overwork
404176434 mizizi 404175239 zhangxiaomin
404176742 mizizi 404175351 52114518
404176883 mizizi 404175678 overwork
404177316 38398902
404177630 mizizi
404178059 52606469
404178163 mizizi 404177316 38398902
404178498 monkeyigod
404178631 missonefan
404178657 48856882
404178762 37273057
404178821 mizizi 404178059 52606469
404179023 missonefan
404179244 4118592 404177630 mizizi
404179371 peppermintcandy
404179414 mizizi 404178498 monkeyigod
404179587 34945713
404180364 mizizi
404180880 mizizi 404179023 missonefan
404181361 mizizi
404181592 zhangxiaomin 404176434 mizizi
404182255 mizizi 404179371 peppermintcandy
404182482 mizizi
404182565 60187828
404182596 mizizi
404182784 mizizi 404181592 zhangxiaomin
404182963 amandyu
404183096 4118592
404184613 48579433
404184787 mizizi 404182963 amandyu
404185082 mizizi
404185454 mizizi 404184613 48579433
404185531 amandyu 404184787 mizizi
404185777 34945713 404182482 mizizi
404186457 zhangxiaomin 404182784 mizizi
404187119 57437324
404187225 37516736 404182596 mizizi
404187935 4358478
404188639 39384796
404188979 missonefan
404189181 xisahala
404192214 4118592 404185082 mizizi
404194083 63905461
404214345 48206402
404223338 38398902 404178163 mizizi
404225516 chenlo1989
404229734 46519089
404233299 36616266
404235826 48359147
404235921 pleasecyy
404237748 52038400
404242787 49538527
404243223 52775331
404247107 40722884
404247386 4752495
404248106 40722884 404187119 57437324
404252680 ronyii
404254596 2219602
404264784 48484401
404266117 4486266
404271831 56699529
404272563 34250560
404277587 mizizi
404277770 mizizi 404185777 34945713
404278019 mizizi 404186457 zhangxiaomin
404278207 mizizi 404187119 57437324
404278713 mizizi 404187225 37516736
404278868 pima_y
404278918 mizizi 404188639 39384796
404279076 54791047
404279090 mizizi
404279430 mizizi
404279923 mizizi 404214345 48206402
404280125 mizizi 404194083 63905461
404280341 mizizi 404223338 38398902
404281072 mizizi 404225516 chenlo1989
404281143 3310241
404283164 mizizi 404229734 46519089
404283422 mizizi 404233299 36616266
404283623 mizizi 404235826 48359147
404283837 mizizi 404237748 52038400
