405976703 hillychen
405986303 magicuknow
406003493 64164239
406005988 sinlish
406020891 rosypoppy
406024852 30676171
406036073 34237188 406003493 64164239
406036628 59394003
406038771 46501263
406038902 greenmuzi
406039020 greenmuzi
406039161 greenmuzi
406039252 greenmuzi
406039376 greenmuzi
406039593 greenmuzi
406039877 xiaoxiao715
406040450 34237188 406038902 greenmuzi
406044225 Y0307
406048078 smartshirley
406080363 38226385
406080909 murcky
406081221 vinegrower
406082033 34237188 406081221 vinegrower
406082883 34237188
406083642 3922883 406082883 34237188
406092087 murcky 406082883 34237188
406097448 vinegrower 406082033 34237188
406101357 34237188 406097448 vinegrower
406104997 58408424
406116037 greenmuzi 406040450 34237188
406119831 34237188 406104997 58408424
406120245 34237188 406039593 greenmuzi
406120636 49528362
406140226 44679567
406262370 yuhsi
406289834 34237188 406262370 yuhsi
406289871 loveariel
406290397 youjingnian
406548009 vinegrower 406101357 34237188
406601001 63656796
406601645 dadaxiaohang
406602149 skyepiggy
406602335 Bang-Bang
406603150 moggyga
406618051 51277593
407020783 seven000
407137082 47110064
407167229 53324877
407182288 zoeloveherself
407219697 kfcmoumou
407256295 heyt 407182288 zoeloveherself
407365879 zoeloveherself
407375103 heyt
407377782 acelimbo
407386351 acelimbo
407533817 zoeloveherself
407612012 34237188 407137082 47110064
407612439 34237188
407627928 34237188 407182288 zoeloveherself
407629080 34237188 407219697 kfcmoumou
407629470 hityun
407632262 hanaeda
407713954 zoeloveherself
407715116 heartsbeat
407715454 heartsbeat
407719425 66434539
407773737 34237188 407715454 heartsbeat
407788434 34237188
407797490 doramay
408673520 happylei 407773737 34237188
408680331 65221419
408680934 50408775
408681100 chinco
408688927 65165890
408826306 chatmomo
408828210 macchiato2020
408835782 25199543
408837270 choey
408837425 2600210
408840754 49986318
408859086 55327839
408859912 4587367
408863048 49704586
408964397 7429265
409034617 msec
409035858 44137619
409038117 51665521
409121139 34237188 408837270 choey
409121715 34237188 408828210 macchiato2020
409124470 4525999
409127522 45348541
409127526 45348541
409137679 dadasshen
409181240 42796913
409274608 33193303
409275234 caseylove
409332736 macchiato2020 409121715 34237188
409355446 34237188 409332736 macchiato2020
409355607 34237188 409275234 caseylove
409406549 macchiato2020 409355446 34237188
414903989 22035892
414967815 feiyijie
415060692 57756770
415060793 mmming
415219099 kirikaneshiro
415230493 36842161
415236480 53437669
415258039 34237188
415408572 APRILKA
415436128 Anyas
416177629 66887840
416258945 freakingkid
416710486 51795397
416711978 bluedestiny
416870372 47514626
409598482 Yussi
409944158 kglty 407788434 34237188
410614705 3828606 409355607 34237188
410734704 vivianwang18
410734892 53597719
410734983 53597719
410735053 minimium
410735950 xfting007
410911789 34237188 410734983 53597719
410914263 34237188 410614705 3828606
410915098 34237188 410734892 53597719
410920375 iamwinni
411086259 3619211
411087611 32382211
411092839 60150262
411093865 aprilwalnut
411112046 34237188 411092839 60150262
411173376 60150262
411178426 3828606 410914263 34237188
411417265 39743881
412847805 51665521
412849589 51665521
412951205 happylei
412952664 14295425
412957772 34237188
413104470 happylei
413121869 57667810
413128481 kfcmoumou
413129469 kfcmoumou
413130870 3176876
413145135 43180932
413159006 39484663
413160102 47029555
413162663 43076826
413165296 2022999
413182879 34237188 413162663 43076826
413186001 34237188
413186756 34237188 413128481 kfcmoumou
413196336 kfcmoumou 413186001 34237188
413197397 50595538
413199344 kfcmoumou 413186756 34237188
413285673 43076826
413290498 48677000
413338866 50420299
413340020 deathshead
413341124 wasysl
413356766 34237188 413285673 43076826
413358187 48461750
413438316 23127507 413356766 34237188
413440082 2219965
413441734 43076826 413438316 23127507
413442811 bohemain98
413454755 57756770
413538262 adaminlove
413552122 shoutingyu
413859061 keliwonderland
413873949 50764255
413879942 50764255
413966167 52471140
414054197 34237188 413538262 adaminlove
414054378 34237188 413454755 57756770
414054408 34237188 413441734 43076826
414054606 34237188 413340020 deathshead
414056422 34237188 413338866 50420299
414056805 34237188 413285673 43076826
414056938 emma717
414057026 39245329
414058303 48180071
414058580 36100635
414061643 JIN_summer
414063660 52029768
414072647 49020147
414084226 chenzhengchz
414089579 freakingkid
414096898 66887840
414114559 adaminlove 414054197 34237188
414115960 33957288
414136539 deathshead 414054606 34237188
414139826 34237188 414089579 freakingkid
414140167 34237188 414136539 deathshead
414140524 34237188 414096898 66887840
414141351 63656796
414141575 49983730
414141647 63656796
414142769 34237188 414084226 chenzhengchz
414144604 58061640
414156332 glamour
414161157 glamour
414161803 34237188 414161157 glamour
414164319 56699529
414166536 glamour 414161803 34237188
414168672 34237188 414164319 56699529
414178193 56699529
414216247 64378750
414318721 freakingkid 414139826 34237188
414328130 sivi66
414794008 adaminlove
414797999 sophialansu
414799586 sophialansu
414803951 43719506
