405015198 62220514
405015294 mayo524
405015387 57634286 405015198 62220514
405015477 1973196
405015543 65819562
405015574 52337395
405015589 cherryin9
405015684 jayya
405015704 xiaozhu22
405015757 56896270
405015796 57634286 405015294 mayo524
405015978 46224963
405016040 65819562 405015796 57634286
405016079 57634286 405015477 1973196
405016171 62242582
405016304 57562886
405016311 echo_magic
405016526 evey42
405016534 noyesnoyes
405016598 57634286 405015757 56896270
405016599 51222340
405016645 26524730
405016931 48127528
405017072 2201636
405017265 57634286 405016599 51222340
405017505 57634286 405016645 26524730
405017670 syubuting
405017793 57634286 405016645 26524730
405017970 31549558
405017988 57634286 405017670 syubuting
405018257 51222340 405017265 57634286
405018317 neverland-6
405018338 54257217
405018407 hun
405018452 53758843
405018545 syubuting
405018780 57634286
405018787 mirrorrrrrr
405018915 57634286 405018452 53758843
405018925 lilyC 405016598 57634286
405019033 65975235
405019123 2517736
405019175 copatriste
405019296 38560921
405019306 57634286 405018787 mirrorrrrrr
405019442 bushuoguanyu
405019479 57634286 405019296 38560921
405019532 1401632
405019533 leong1798
405019543 57634286 405019442 bushuoguanyu
405019596 youmurinn
405019654 65819562 405019306 57634286
405019700 evey42 405018780 57634286
405019762 57634286 405019532 1401632
405019977 44327553
405020330 1401632 405019762 57634286
405020335 57634286 405019700 evey42
405020395 38560921
405020402 54257217
405020583 57634286 405019596 youmurinn
405020796 meowism
405020805 57634286 405020402 54257217
405021053 tielishu
405021130 57634286
405021206 64660771
405021281 60079264
405021338 49270432
405021351 57634286 405021053 tielishu
405021554 51004256
405021595 57634286 405021206 64660771
405021660 54257217 405020805 57634286
405021677 youmurinn 405020583 57634286
405021694 jialinxianren
405021773 cheer7ove
405021980 57634286 405021554 51004256
405022165 57634286 405021773 cheer7ove
405022418 57634286 405021660 54257217
405022693 57634286 405021338 49270432
405022939 cherryin9 405021130 57634286
405022948 tuya-
405023017 57634286 405019977 44327553
405023174 hisa
405023351 57634286
405023515 4118592
405023553 64660771 405021595 57634286
405024001 57634286
405024207 48236983
405024463 63547117
405024895 57634286
405025052 57634286 405024463 63547117
405025084 50371836
405025285 54257217
405025372 63646866
405025454 cheer7ove 405022165 57634286
405026270 57634286 405025285 54257217
405026449 hanaeda
405026477 64486055
405026663 jxj_jin
405026914 1876211
405027016 57824721
405027360 57634286 405026477 64486055
405028024 57634286
405028111 57634286 405027016 57824721
405028570 hanaeda
405029034 57634286
405029215 57824721 405028111 57634286
405029252 51633445
405029277 40922263
405029307 66307858
405029344 57634286 405028570 hanaeda
405029389 52967821
405029409 57303520
405029584 heartstation
405029670 57634286 405029277 40922263
405029675 sasha1020
405029795 63547117
405029877 57634286
405029987 53942041
405030244 43302412
405030403 just..for..U..
405030622 heartstation 405029877 57634286
405030629 40922263 405029670 57634286
405030671 45951059
405030689 57634286 405029877 57634286
405030863 57634286 405030629 40922263
405030944 fujunyi
405031383 2175245
405031469 57634286 405030244 43302412
405031521 wdn263010
405031632 57634286
405031732 57634286 405030944 fujunyi
405031839 57634286 405030671 45951059
405031904 45951059
405032141 Lizyjs
405032321 2175245 405031632 57634286
405032483 heartstation 405031521 wdn263010
405032828 57634286
405033143 49263548
405033211 wjsayybrwtxl
405033318 rocklife1989
405033516 qianxiayouyou
405033565 57634286 405032141 Lizyjs
405033648 misrbb
405033980 57634286 405033516 qianxiayouyou
405034146 2315237
405034256 49384460
405034360 57634286
405034468 45951059 405032828 57634286
405034588 57634286
405034801 nishidabendan
405034863 dandelion9084
405035203 eeeeeason
405035357 15560634
405035416 58556967
405035424 51965783
405035553 amour1986
405035607 tangfei
405035763 57634286
405035823 loveshe
405036509 2178514
405036536 darlingQ
405036616 57634286 405035357 15560634
405036946 51511842
405037002 57634286 405036536 darlingQ
405037055 xixiniu
405037097 18014840
405037243 57634286 405035607 tangfei
405037426 35317828
405037829 52811326
405038088 57634286
405039058 57634286 405037426 35317828
405039385 53489669
405039401 amour1986 405038088 57634286
405039506 May_C
405039922 60072550
405040042 57634286 405037097 18014840
405040072 JNDHY
405040549 30053932
405040893 49398509
405041054 4638425
405041192 axiluya
405041295 47864877 405035424 51965783
405041329 shelley0711
405041401 xawa
405041450 61129333
405041802 43626866
405041891 58826916
405041901 yangscreaming
405042128 tingzhuangkele
405042350 PrincessAlice
405043171 hpcat0119
405043384 princessmirror
405043394 33456382
405043479 57634286
405043689 57634286 405043394 33456382
405044294 57634286 405041901 yangscreaming
405044466 57634286
405044739 57634286 405042128 tingzhuangkele
405045140 yangscreaming 405044294 57634286
405045434 57634286
405092934 49105378
405093234 57634286
405093716 2631700
405093743 48589658
405093984 48589658 405093743 48589658
405095509 51145178
405095754 51145178
405097036 51949652
405097077 58330270
405097109 kiki_z
405097333 jojomua
405097465 astrolibrafeng
405099082 brownyi
405099244 57634286
405099392 65165890
405099907 48898575
405100136 52418094
405100507 cherryin9
405100882 57634286
405101494 Ech9
405102715 leaffirfly
405102853 51803178
405103330 35664517
405103395 4209665
405103508 57634286
405103593 66100707
405104032 2737473
405104315 48954969
405105626 66265968
405106639 52816854
405107594 44626404
405108413 3612971
405108957 42062809
405109190 RecklessHUH
405109843 hansmalljuan
405109980 qiuqiongxu
405110655 58199590
405110808 49166139
405111318 62970727
405111332 xxxxxxxxxu
405111967 sherryshiru
405112976 53669812
405113104 57634286
405113516 53669812 405016598 57634286
405114776 ms0114
405115268 42234258
405115273 hanzong 405017265 57634286
405115362 Lenita
405115817 45449581
405116110 33044494
405117003 57634286
405117360 Yvette.w 405027016 57824721
405117369 liuxiaolaogen
405117730 Ether_Ludwig
405117759 4275202 405026663 jxj_jin
405118207 woxiaole
405118436 2766062
405118692 62783786
405118850 ToTo_YJJ
405119053 3054972
405119232 50319397
405119454 3000733
405119608 63343740 405040042 57634286
405120012 61040917
405120154 cos719
405120239 tour1987
405121014 anygned
405121678 maobai521
405122292 57634286
405122981 2342178
405123194 winniefly77
405123216 3045209
405123226 58817724
405123641 glinda
405123644 47911245
405123824 4454732
405123890 44351485
405124164 2342178
405124598 1547346
405124875 geequeen 405093234 57634286
405124970 forlove80
405125414 2342178
405125441 51662265
405125482 yoyo621725
405125981 61134145
405126170 58284363
405126352 2146697 405026663 jxj_jin
405126754 51924328
405127195 AprilChai
405127228 49438911
405128015 Lizyjs
405128039 36301269
405128492 chaoluyun
405129139 57634286
405129465 60840071
405129627 2146697 405038088 57634286
405129735 52868542
405129846 nawm
405130361 49055331
405130735 pupu000
405173083 35302540
405173472 39641583
405173661 60572543
405174201 52392066
405174680 34322497 405019442 bushuoguanyu
405175339 49853892
405175851 39641583
405176051 1758758
405176330 d0raemon
405176363 34322497 405029277 40922263
405176463 65481979
405177086 caomeijiangye
405178778 36373707
405178890 47514656 405019479 57634286
405179164 1697605
405179412 natalie-c520
405180149 vikigt
405180225 vegin
405180321 33365673
405180879 4238832
405180918 cool521
405181958 vikigt
405182103 bonnebonnie
405182602 63390057
405183298 63919506
405185205 1519267
405185251 33365673
405186049 52148864
405189277 34322497
405189660 58349644
405190733 58349644
405191203 zim16
405192939 bxnw1992
405193949 charmainebaby
405194923 liuyanlynn
405196482 57215332
405203567 kgm
405204924 2457592
405206675 59826961
405206778 62774806
405207209 ayomaya
405207767 paprik 405038088 57634286
405210236 56130441
405212007 49069878
405213650 neverland.
405215506 4027827
405217257 54620855
405218508 53110942
405219292 daloli
405220503 chaoping
405221643 49128378
405221836 juejin
405222850 hhhhhhhhhhhh
405223657 63665063
405229596 58668900
405231414 passingplmm
405231502 64337151
405231594 64337151 405229596 58668900
405231736 mlle-bonheur
405237036 offenbach
405237735 65302565
405237800 63690488
405238274 yiningself
405238873 39605733
405238877 vertigoo00
405239144 akame0510
405243261 53211242
405243442 53211242
405243622 Algea
405243821 63286810
405244204 yuxiang18
405244706 mthigh
405248949 1950535
405249631 rockbabycat
405250393 43371993
405256175 sul5 405040042 57634286
405257815 3191661
405258287 5399328
405259788 sceann
405263676 sceann
405265673 37957904
405267262 fu7ure_
405269503 43597343
405270386 qingxikun 405025052 57634286
405272764 46143926
405272954 60234616
405273110 39068973
405273492 39183883
405274103 kicandy
405275028 bywalkman
405276211 48584390
405276217 65287264
405276282 J-S
405276390 56394821
405277441 miffy2
405277916 silentbean
405278107 3245017 405016598 57634286
405278109 3247671
405278728 58031544
405278899 yongji
405279299 49270432
405279594 xxh-
405280354 46837547
405280546 jessiechoumm
405281096 wzbz
405282161 9531812
405282371 48112826
405285470 prettyzhen
405287546 emily_wong
405290605 l547302673
405292472 4058454
405292898 50049805 405292472 4058454
405292987 50049805
405293235 64479109
405294926 A_may
405297849 47716648
405297918 gloryyyy
405298485 maomaochong0_0
405298603 Bibby001 405279299 49270432
405298891 1513251
405299350 RaFromJing
405299811 47697886 405017793 57634286
405299951 eden0820
405300358 49094950
405301443 2063305
405301756 64486055 405029675 sasha1020
405302870 kkqq1102
405303595 49487284
405306785 sasha1020 405301756 64486055
405308124 jesse.tian
405309275 54556694
405310208 rpp
405311070 38728809 405016598 57634286
405312260 50782602
405312404 1573369
405317648 64486055 405306785 sasha1020
405319047 57215332 405026663 jxj_jin
405319947 crazycat86
405329091 61402031
405330168 rolingli
405330397 manling
405332501 yolanda117
405333965 mingnianjiewang
405334874 miaomiao0607
405339125 65260610
405339763 57634286 405123644 47911245
405340346 43857751
405340519 61595617
405340722 57634286 405298891 1513251
405340838 57634286 405279299 49270432
405341148 57634286 405282161 9531812
405341359 57634286 405287546 emily_wong
405341590 57634286 405293235 64479109
405341639 finistere 405339763 57634286
405341705 vivian_2007
405342042 57634286
405342353 57634286 405341705 vivian_2007
405342360 56942911
405342695 cccaicc
405342816 57634286 405176051 1758758
405343043 57634286
405343430 57634286 405179164 1697605
405343904 jxj_jin 405319047 57215332
405343951 57634286 405189277 34322497
405344540 57634286 405221836 juejin
405345382 57634286 405229596 58668900
405345622 RAINBOWKEKE
405346221 66020184
405346739 57634286 405346221 66020184
405346743 50182605
405347039 65609580
405348641 45200177
405350294 40954310 405243622 Algea
405351190 pawofsky
405352752 twista
405355184 57215332 405343904 jxj_jin
405364599 47911245 405339763 57634286
405365174 28349313
405367602 weimao
405379229 58739063
405382121 57634286
405384582 khailifong 405038088 57634286
405385284 55796207 405016598 57634286
405387907 mysweety
405388328 57058153
405388612 Rona_Shen
405393096 55796207
405396190 piyopiyopiyopiy
405397449 58758166
405404427 49797412
405408451 juejin 405344540 57634286
405414289 cheryl_wang
405416332 65468701
405416335 wang0x0
405419241 sasha1020 405317648 64486055
405428062 3437473
405429561 66509650
405430516 59645224
405435800 sixEason
405441464 4654563
405045964 57634286
405046768 saralondon
405046877 50481760
405046939 56498402
405046960 saralondon
405047524 4548261
405047818 3213573
405047917 ijuwin
405048585 57634286 405046768 saralondon
405049083 57634286 405046960 saralondon
405049457 Algea
405049665 57634286 405046877 50481760
405050133 Algea
405050958 57634286 405050133 Algea
405051149 48699693
405052802 59980541
405052831 63627619
405053720 57634286 405052802 59980541
405054070 57634286 405052831 63627619
405054584 61559802
405055263 57634286 405054584 61559802
405055330 56944767
405058831 58341010
405059357 60331523
405060312 17972693
405061525 44731373
405063791 28693843
405064230 maydayapple
405065222 Aililisi
405065458 47364529
405066129 39739448
405066240 fongchueng
405066486 54940595
405066724 40548763
405066873 threetwo
405067146 56638355
405067247 duanshui_ry
405067284 ziyanwin
405067390 kirara2.0
405067471 Alage
405067719 zhangkangde
405068098 roychun
405068576 57634286 405066873 threetwo
405068691 65633384
405068704 51837513
405069084 4523655
405069282 3152063
405069590 xiaohuolu
405070089 14260887
405070120 piabalr
405070262 ssssssstarry
405070485 57634286
405070515 beiguoguren
405070763 GPrisoner
405071003 47220831
405072482 23576310
405074562 reneryu
405075364 Lizyjs 405033565 57634286
405077397 43565733
405077681 arale1124
405077689 ccbcc
405077778 gusen1988
405078110 47884078
405078220 yeahloveu
405078830 57634286 405075364 Lizyjs
405080170 57634286 405078220 yeahloveu
405080965 pandalam
405081691 62448877
405081841 66198558
405081866 57071325
405081943 61180967
405082259 yeahloveu 405080170 57634286
405082475 cherrytea
405082637 48180071
405083042 61229627 405029675 sasha1020
405083079 miuka123
405083150 maxine0923
405083224 cherrytea
405083410 bicthA
405083442 antelopeljl
405083576 57634286 405082259 yeahloveu
405083666 summer_luan
405083689 61402031
405083800 61402031
405084147 65231207
405085531 57634286 405082475 cherrytea
405086314 57634286 405083800 61402031
405086900 36769872
405087603 63972156
405087630 66304051
405088635 59750028
405088687 54192954
405088966 47410437
405089041 3951369
405090037 47129897
405090136 61290003 405058831 58341010
405090712 semiss
405091018 61679858
405091059 yingkongpiaoshi
405091995 jcyjyc217
405462844 maomaochong0_0
405465137 natajiang 405027016 57824721
405469539 15560634 405036616 57634286
405480631 57824721 405465137 natajiang
405486268 3529084
405491832 63627619 405054070 57634286
405502421 1758758 405480631 57824721
405503888 57824721 405502421 1758758
405504338 Mi-Yung
405507920 starsandme
405509774 52967821
405511213 huaxiani
405512025 44701159
405512455 44701159 405486268 3529084
405519573 64064346
405526162 natajiang 405480631 57824721
405530901 39270011
405536504 dreamynut
405556316 i_KiDing 405278107 3245017
405571439 57634286 405469539 15560634
405575970 waipoduibuqi
405576118 49685319
405577303 guitaristEileen
405580906 qiao_ba
405581970 moki_anchoret
405586790 2791802
405588054 53329624 405016598 57634286
405588436 Meva
405592920 lesleylesley
405593074 yum0808
405593250 Silver333
405593568 61353438
405594208 57984535
405597184 veronicaemmanue
405615919 64486055 405419241 sasha1020
405618019 64215697
405620649 2428468
405622086 anchorzhi
405622804 52967821
405623036 joyjoy123
405625157 62488236
405655887 14025183
405657471 48584390
405657824 55554169 405022418 57634286
405665732 Algea 405350294 40954310
405666684 ruohu3094
405672148 57634286 405593568 61353438
405674527 adoracaro
405685468 mingkong_jing
405691694 jmjm
405694506 57634286
405698979 57634286
405710932 40954310 405665732 Algea
405730679 naver
405735820 54192973
405740776 57634286 405735820 54192973
405743874 53528428
405754501 purepale
405774196 2280250 405020805 57634286
405775660 49143653
405777118 Annetta
405782658 45448194 405015198 62220514
405797731 57634286
405797876 57634286 405774196 2280250
405839345 Algea 405710932 40954310
405840415 fzc11510 405698979 57634286
405842519 43357600
405844126 40954310 405839345 Algea
405844169 64319613
405844911 15956936
405845826 56738136 405015757 56896270
405851708 xuguanqun
405852812 35238982
405854705 60796939
405855297 wuhanna
405856110 chenyaning
405856557 appppppple
405856912 2794625
405857075 52976811
405857274 joexiong
405857800 54489966
405860946 50157831
405861981 leong1798
405862903 ryoyuma
405863418 skipalong___
405866925 cecilia7
405868537 4416639
405870761 50222423
405872473 exoticas
405872837 65336688
405874735 62183148
405874834 57634286 405462844 maomaochong0_0
405875341 57634286 405862903 ryoyuma
405875493 57634286 405857075 52976811
405875608 Niuuuuuuuuuuuu
405876027 57634286
405876510 52976811 405875493 57634286
405877769 57634286 405845826 56738136
405878581 57634286 405868537 4416639
405879592 57634286
405130875 2146697 405100507 cherryin9
405131505 57634286
405131822 yuki0-0
405131834 MariahCD
405132054 missbad
405132583 pilu
405132725 ideepbreath
405133847 Ashleyhgy
405134378 juanjuanbujuan
405135086 jianliang1994
405135407 46046918
405135458 4494362
405135460 46336242
405135547 61570039
405135710 juanjuanbujuan 405130875 2146697
405135726 56897812 405019442 bushuoguanyu
405135800 1614749
405136324 cherryin9 405130875 2146697
405136838 Smalld
405136913 linamo
405137101 50680625
405137159 57824721 405117360 Yvette.w
405137336 cherrytea 405085531 57634286
405137553 lazyworld
405137680 cherrytea
405138579 ejfn
405138823 56265579
405139727 i_KiDing 405027016 57824721
405139754 60572883
405139834 57634286
405139907 i_KiDing
405140352 dynforever
405140353 64131043
405140845 renxiaoxin
405141667 59540996
405142011 turingtea
405142107 soloHero
405142457 goodjelly
405142610 StandOnLifE
405143210 jxj_jin 405126352 2146697
405143752 jxj_jin
405143764 57634286
405144208 16165578
405145233 57824721 405139727 i_KiDing
405145313 48388719
405145838 wazhixiaojie
405146216 Yvette.w 405137159 57824721
405147083 57824721 405146216 Yvette.w
405147745 yoko1990
405147812 2146697 405143210 jxj_jin
405149018 Megan34
405149424 4486266 405137159 57824721
405149544 reading
405150988 57824721 405149424 4486266
405151334 47139285 405143764 57634286
405151891 14025183
405152786 42771061 405049665 57634286
405153117 63939554
405153265 50319397
405153478 51130489
405154535 57634286
405155066 50319397 405153117 63939554
405155188 40954310 405050133 Algea
405156456 godblesspengyu
405156618 27417564
405156892 ifeelfine
405157109 57634286
405157323 50319397 405151891 14025183
405157450 3907047
405158078 panadac
405158172 Nomee
405158260 dg4ever
405158769 3464131
405159054 57634286
405159111 52447511
405160384 jxj_jin 405147812 2146697
405160447 Seeless
405160523 21944459
405161691 57634286
405162592 xiaohuangwen
405162712 37246636
405163449 8012802
405163919 51260713
405164304 64760385
405164595 xiaohuangwen
405165323 49969168
405165643 57634286
405166447 49969168
405166760 2450600
405167529 4130275
405167928 ci_lovecandy
405168409 30934533
405169793 57962319
405170741 lightstorm
405171808 Zloveping
405172153 49529535
405172215 45756505
405172321 48491879
405172961 50630521
405172989 klose_y
406743321 sweetclara
406746310 choeychou
406746422 choeychou
406748376 50798252
406776306 57634286 406743321 sweetclara
406777516 joywuyan
406777578 57634286
406778922 51286734
406780050 57634286
406780648 57634286 406780050 57634286
406783696 57634286 406748376 50798252
406785800 3914649
406786198 57634286
406787107 57634286
406788232 57634286
406789663 liulin529
406790180 57634286
406792566 57634286
406793601 35127708
406794298 57634286
406796251 57634286
406796817 58016539
406800039 57634286
406801964 57634286
406802829 57634286 406796817 58016539
406804901 57634286
406806417 57634286
406808530 SamanGUY
406809978 54833518
406810665 32436733
406810886 57634286
406842212 44101935 406796251 57634286
406846752 37917706
406852073 27634810
406883573 30126991
406893204 ryoyuma
406893353 cccfishccc
406893677 2028624
406894726 parkjungsoo
406896359 64249829
406898472 mianxiaohua
406900116 3175216
406903631 felicity4j
406904723 kayano
406905062 kayano
406951866 amour1986
406952151 amour1986
406952398 easyIG
406952589 peadoudou
406954154 WeekendLY
406964617 mmayy555
406965639 41197458
407025188 igeo 406800039 57634286
407026228 49941721
407056046 39918509
407061762 moeeeeeee 406801964 57634286
407066158 60285051
407092961 wehe
407100727 billy199199
407100933 summertail1234
407102244 65749826
407161095 48188623
407321310 kayano
407360717 48488229
407402069 mmayy555
407486831 57634286
407487929 xuehan
407488250 57634286
407489917 57634286
407491337 xuehan 407489917 57634286
407491571 zhengjietongxue
407494565 ilovetakasugi
407506708 4221468
407518470 34379237
407518926 57634286
407522001 th3rdcat
407523740 52169520
407544432 57634286 407518470 34379237
407546698 Luvya
407547794 57634286
407552357 57634286
407554554 tuotuodetao
407632343 45872897 406780050 57634286
407643193 55329755
407739266 3213573
407774218 hocc0825
407781521 51037768 405031839 57634286
407784799 57634286
407788383 64283356
407788763 47226407
407788928 green1106
407791060 57634286
407796582 39689947
407801332 50570176
407804765 57847744
407808750 48795306
407809038 amour1986 407808750 48795306
407809499 huoxiangyun
407809772 48795306 406898472 mianxiaohua
407872720 SANZOU 405015387 57634286
405880205 57634286 405486268 3529084
405880710 57634286 405880205 57634286
405880965 42246547
405881492 57634286 405503888 57824721
405883920 42246547
405884122 i7654321
405888966 2053942
405890167 63939554
405892316 maomaochong0_0 405874834 57634286
405892603 46661256
405895006 jiangjiang10
405897989 42246547
405901481 51784142
405913085 47793165
405926001 dujiangdujiang
405927796 47761103
405929171 45509034
405929806 comegogogo
405935368 62296458
405936822 62747775
405937057 63610680
405937445 45021759
405937686 61616788
405939148 qyforeveryoung
405939151 3920689
406083459 zouyazou
406085927 57106940
406097430 hrmerel25
406104201 57634286 406097430 hrmerel25
406104859 guilt
406105182 guilt
406105665 57634286 405895006 jiangjiang10
406110123 57634286
406110815 57634286 406104859 guilt
406191270 hrmerel25 406104859 guilt
406191732 9961285
406193673 64636693
406205764 xxwwinnie
406241067 4654563 405462844 maomaochong0_0
406246424 64714529
406254219 48891670
406280864 Mellin
406281760 4778258
406282260 bilabong
406284142 30945631
406285713 48022681
406287375 50443634
406289068 cyy170584877
406294623 59627451 405015477 1973196
406301964 48091138
406372375 52967821
406386003 56003351
406386673 62186166
406387790 59421167
406389390 56003351 405229596 58668900
406390810 56003351
406393524 48878177
406398467 45872897
406400124 kayxin 406285713 48022681
406438833 58179270
406452731 sibyl125
406453356 61328274
406454072 63650961
406454233 62441318
406456130 51340796
406458193 4770986
406461509 2047038
406472488 tianmuxian
406474143 64887240
406474881 51476263
406475507 alexkeyu
406476347 alwaysu
406476506 austin_chiu
406476859 liris
406478240 58470943
406480325 1890040
406483275 47697359
406529287 cherrytea 405862903 ryoyuma
406532966 40238182
406533866 43686078
406535156 zongpanpan
406537818 goodays
406598231 48022681 406400124 kayxin
406598577 4290579
406599621 44101935
406602928 2991059
406604228 nicots
406633504 47705503
406679075 taisetunahito
406679430 wangyse123
406680512 33258799
406680523 33258799
406680793 igeo
406685333 amour1986
406685826 chiba49
406689417 vegmoe
406703621 blickenj
406706379 softlightlee 406110815 57634286
406708451 E.Zhang
406709311 43917205
419482096 54810986
419483662 6837591
419489561 54829466
419494971 57634286
419495366 57634286 419489561 54829466
419495983 57634286
419496291 54829466 419495366 57634286
419496949 57634286 419496291 54829466
419497779 54829466 419496949 57634286
419498194 62904067 419489561 54829466
419499505 54829466 419498194 62904067
419499506 57634286 419483662 6837591
419500026 57634286
419500316 51999495
419500860 57634286
419501018 62904067
419501204 44916316
419501328 54829466 419500026 57634286
419502542 MaZai
419503380 47556741
419504450 teresacyy 419495983 57634286
419506224 57634286 419501328 54829466
419506300 54829466 419501018 62904067
419507237 54829466 419506224 57634286
419507444 62904067
419507564 57634286 419501328 54829466
419507727 54829466 419500860 57634286
419509389 54829466 419507444 62904067
419510076 57634286 419504450 teresacyy
419512054 54829466 419507564 57634286
419512314 57634286 419507727 54829466
419513052 54829466 419512314 57634286
419513185 57634286 419512054 54829466
419515000 54829466 419513185 57634286
419515301 57634286 419513052 54829466
419517267 moguJ
419517405 57634286
419517604 54829466 419515301 57634286
419518501 54829466 419517405 57634286
419519799 62904067
419520717 54829466 419519799 62904067
419521290 62904067 419520717 54829466
419523177 54829466 419521290 62904067
419524897 57634286 419517604 54829466
419525056 Pers1sty
415041198 50811004
419525492 57634286 419518501 54829466
415041929 56876466
419528685 62904067
415044063 50042393
419528845 57634286
415044756 52203271
415044961 57493538
419529019 54829466 419525492 57634286
415046298 62259365
415047342 ssmario
419529992 56072387 419528845 57634286
415051951 dovsoga
419530028 54829466 419524897 57634286
415052758 Thx_Jerry
415082592 cikamomo
419530700 54829466 419528685 62904067
415084506 1894185
415101066 57687603
415104507 ianmwnui 405022165 57634286
419531019 62904067
415217726 62548795
419531819 54829466 419531019 62904067
415419068 sweetclara
419531837 57634286
415691672 57634286 415046298 62259365
419532446 BTmaniac 419531837 57634286
415692077 57634286 415419068 sweetclara
419533552 BopBop
415692219 57634286 415052758 Thx_Jerry
419534291 62904067
415693592 57634286 415082592 cikamomo
419535331 54829466 419534291 62904067
415695080 57634286
419535440 56072387 419531837 57634286
415695635 63553426
419535930 62904067
419536051 32317117
419559819 56072387
415700044 53874495 415695080 57634286
419536445 54829466 419535930 62904067
415701877 dororo.
419560393 57634286
415704883 47648281
419537912 57634286 419533552 BopBop
415709895 sweetclara 415692077 57634286
419538421 62904067 419536445 54829466
419560817 57634286 419559819 56072387
419561231 chenchen3036
419539318 57634286
415720210 57634286 415704883 47648281
419539559 54829466
419561519 57634286
419540231 54829466 419538421 62904067
415729765 cikamomo 415693592 57634286
419561932 54829466 419560393 57634286
419540368 56072387 419539318 57634286
415875724 3762897
419566178 62904067
419540925 41751193
416006127 60692929
416006851 52340730
419566266 56072387 419560817 57634286
416009773 66629372 405016079 57634286
419566345 57634286 419561932 54829466
419541427 57634286 419540368 56072387
419541557 59627451
419568853 66707940
416010944 52340730 416009773 66629372
419541656 57634286 419540925 41751193
419569338 54829466 419566345 57634286
416012334 chennaoxin0308
419541808 56072387 419541427 57634286
419569384 57634286
416038235 66629372 416010944 52340730
413644791 45951059
419542563 57634286 419541808 56072387
419569621 54829466 419566178 62904067
416043750 52340730 416038235 66629372
413847724 sheyuhan
419570684 42749435
413855302 67237396
416122026 57634286 416009773 66629372
419571112 2771396
419543435 52805237
416124355 57634286 416006851 52340730
413870346 63071498
419544014 62904067 419540231 54829466
413918653 sweetclara
416125013 57634286 416012334 chennaoxin0308
419545014 56072387 419542563 57634286
419571729 57634286 419568853 66707940
419545542 4339670
416128150 59270749
419547266 50746728
413934867 yumengfei
419572622 57634286 419569338 54829466
416129650 57634286 416006127 60692929
413943536 52072794
419547302 57634286
416131088 57634286 415729765 cikamomo
419572958 62443612
413944420 46313824
419547427 54829466 419544014 62904067
416132644 Gayeah
419573155 47970137
413981564 57634286 413918653 sweetclara
419548112 57634286 419544014 62904067
419573745 54829466 419572622 57634286
416138400 66629372 416122026 57634286
413982219 57634286
419548848 2405891
416140772 58895819
419573795 57634286 419569621 54829466
416151037 67337456 405022693 57634286
419548920 57634286 419547427 54829466
419574376 54829466 419573795 57634286
413986074 57634286
419576935 57634286
416151837 Liwanyu
419549650 62904067 419548112 57634286
413986388 57634286 413870346 63071498
419576962 66707940 419571729 57634286
413991954 57634286
416152028 67337456 416151037 67337456
419577212 57634286 419573155 47970137
419550070 57634286 419548848 2405891
419577782 62185840
413993502 yellowice
416152880 53658579
419578004 linjianchen
419550399 62904067 419547427 54829466
419551545 59897296
416733399 57634286 416151037 67337456
413996583 57634286 413993502 yellowice
419578508 54829466 419576935 57634286
416733924 57634286 416138400 66629372
419578629 57634286 419576962 66707940
419551982 54829466 419548920 57634286
413998503 yellowice 413996583 57634286
417102795 57819091
419580105 57634286
419553341 54829466 419550399 62904067
417110097 57634286
414000379 57634286
419554641 57634286 419551545 59897296
414000787 34104755
419580606 66707940 419578629 57634286
417111392 notwall
414002777 60297129
419581275 57634286 419580606 66707940
419555576 62904067 419553341 54829466
417111459 notwall
414010096 app1e_na 413986074 57634286
419581365 ll1219
414012078 46824904
419582249 65470001
419556427 57634286
414014135 louis15yao 405021660 54257217
417112308 57634286 417102795 57819091
419582265 57634286 419581365 ll1219
414014140 poundan
417112850 57634286 417111392 notwall
419556820 54829466 419555576 62904067
419582577 57634286 419582249 65470001
417114293 zhi.kui
414039621 sweetclara 413981564 57634286
419557132 57634286 419553341 54829466
414040230 67348167
419582752 54829466 419580105 57634286
417116888 57819091 417112308 57634286
419583145 57634286
419557534 54829466 419556427 57634286
414041361 jodiexie
417186972 notwall 417112850 57634286
419587466 50023068
414041480 42605445
419557836 54829466 419557132 57634286
417191547 62150891
419590861 zfl001
419558004 66338978
414041703 3453595
417191680 YSY119
419611035 2200421
419558178 65395491
417238616 67126464
414050601 MsHsu
419632423 45446265
417240962 4413925
419644002 xiaozhoushizhu
417671354 3213573
414072111 migrantbirdpeng
417769749 3870975
419647269 2817624
418258472 57634286 417238616 67126464
414074216 3538035
419647522 62904067 419569621 54829466
414076075 4157067
418258755 57634286 417191680 YSY119
414077904 durkheim
419685449 65470001 419582577 57634286
419698927 41268994
418258850 57634286 417191547 62150891
419714788 56072387 419569384 57634286
414083336 BOYS2
419740812 47970137
414106120 lawenda-hx
418260029 57634286 417114293 zhi.kui
419744507 67811767
414106697 heartstation
418347831 pgdzhua 418258850 57634286
419796608 philandevil
418348399 46375474
414122792 lilijiushi
419806680 33431944
418363472 60692929
414125575 43085105
419812308 xintongxintong
418363848 54910214
414127406 angel888
418366939 62186601
414127644 66379988
419829842 prisoneroflove
418441324 57634286 418366939 62186601
419830342 52349387
414146283 45833607 405025084 50371836
419833622 67749593
418441863 57634286
414146635 50371836 414146283 45833607
419955475 57634286 419830342 52349387
418442776 57634286 418363472 60692929
414259022 57634286 414014135 louis15yao
419956075 57634286 419744507 67811767
418444956 55570013
418446961 2282448
414259912 57634286 414127644 66379988
418450283 53800975
414260071 eeyoreyer
419956654 57634286
418451339 zifeiyu77
414261506 63415733
418513433 59633547
419957497 57634286 419590861 zfl001
414262328 57634286 414127406 angel888
418953838 62186601 418441324 57634286
419990931 54829466 419647522 62904067
414262708 57634286 414039621 sweetclara
419244366 60137726
419244884 54829466
419993050 43506522
414265759 57634286 414106697 heartstation
419993139 62904067 419990931 54829466
419249279 62904067
414266044 57634286 414146283 45833607
419464148 54829466 419249279 62904067
419993542 knnnn
414311602 45833607 414266044 57634286
419994108 64594907
414324762 angel888 414262328 57634286
419466759 62904067 419464148 54829466
419994832 54829466 419993139 62904067
414326601 2614129
419995014 julysmily
414327079 dj0823
420036766 62904067 419994832 54829466
414327608 ytxw
419466936 54829466 419466759 62904067
414328431 TaipeiWalker
420052565 56072387 419956654 57634286
414329163 4505256
420093634 fangsj0126
414329540 gangzitou
420104920 42711214
419467401 62904067 419466936 54829466
414330682 64845289 405016598 57634286
419467585 54829466 419467401 62904067
414330786 akira2789
420109762 62444953
420115460 hellostella
414331637 64845289 405016598 57634286
419467888 62904067 419467585 54829466
419467941 56072387
414331748 44605826
419469641 2603656
414334597 53874495
414336227 58965314
419473474 54829466 419467888 62904067
414344887 52911696
419474222 67744310
414345789 45797710
419477852 60224307
414350481 41032363
419478999 4523655
414355168 qiao_ba
414357105 freehuges-L
419480222 62904067 419473474 54829466
414357603 2624349
419480365 teresacyy
414358554 41522133
414360051 chuan1989
414360243 SXYE
414393747 lsinger
414442095 leswon
414622202 48768546
414622730 46393188
414625595 44854071
414911344 22035892
415017378 57634286 414324762 angel888
415017737 57634286 414625595 44854071
415018408 57634286 414911344 22035892
415020499 57634286 414393747 lsinger
415021008 57634286 414331637 64845289
415021320 57634286 414334597 53874495
415021862 57634286 414344887 52911696
415022298 ARTHASPALADINS
415022529 57634286 414330682 64845289
415022630 50595538
415022906 44854071
415023499 57634286 414357105 freehuges-L
415025026 57634286 415022906 44854071
415025507 64211572
415025657 Yvett3
415026414 huisiumui
415032206 52911696 415021862 57634286
415034824 57634286 414336227 58965314
415035003 37518303
415039311 53874495 415021320 57634286
415041124 64845289 415022529 57634286
407943743 57634286 407781521 51037768
407945638 57634286
408048563 ilovetakasugi 407547794 57634286
408049652 48709534 405016598 57634286
408051808 48438477 405385284 55796207
408167422 38740478
408229433 46988342
408246871 57880937
408248429 38438765
408249060 57880937 405021338 49270432
408250106 smilecandy1204
408322206 65593204
408472894 57634286 408248429 38438765
408473682 k_renee
408484157 57634286 407788383 64283356
408536946 copatriste 407945638 57634286
408537570 3418628
408538708 45920757
408541131 63092275
408655094 bbcheri
408655257 59930527
408783094 aster321
408884563 1473286
408982244 vip1104
408987895 57967414
409007301 3643248
409041194 44136034
409053970 SilentX
409124633 lulu901224
409125396 kid928
409132973 mmayy555
409172105 saralondon
409178140 61229627
409250809 guo1991
409345791 4337947
409346195 52311464
409986994 2871706 405082475 cherrytea
409987455 2402516
409989354 tina0903
410040788 cherrytea 409986994 2871706
410050427 57634286 408987895 57967414
410051219 57634286 408982244 vip1104
410052114 57634286 409172105 saralondon
410053981 34670629
410055091 57634286 410053981 34670629
410055639 salmonSu
410056047 wlnewhy
410058062 57634286 410056047 wlnewhy
410174924 57967414 410050427 57634286
410212544 orangelov3r
410255099 vip1104 410051219 57634286
410271075 4515479
410274031 54470430
410276648 lyutong
410336690 34670629 410055091 57634286
411651745 57634286 410271075 4515479
411653820 57634286 410276648 lyutong
411654654 57634286 410255099 vip1104
411654927 57634286 410336690 34670629
411656492 52462719
411658543 47793165
411664836 57634286 411658543 47793165
411664918 57634286 411656492 52462719
411667755 47793165 411664836 57634286
411688536 57634286 411667755 47793165
411697952 63553426
411713809 58467581
411731666 41882343 405035424 51965783
411741689 34670629 411654927 57634286
411793369 4515479 411651745 57634286
411795649 52737624
411798269 yumengfei
411801245 44149833 405020402 54257217
412056823 36068231
412530813 47497153
412833694 57634286 412530813 47497153
412834000 57634286 412056823 36068231
412834684 57634286 411795649 52737624
412953744 58378032
412953750 58378032
412954126 10245252
413044546 36068231 412834000 57634286
413045120 stellalovescd
413047817 amore1216
413108642 44728276
413112139 43302412
413112364 56226589 405018925 lilyC
413604210 57634286 412953744 58378032
413604729 57634286 413044546 36068231
413604835 44460949
413605079 57634286
413605347 57634286
413606253 57634286 413112364 56226589
413606358 57634286 413604835 44460949
413607163 57634286 411798269 yumengfei
413607508 57634286 413112139 43302412
413610443 60927955
413623106 58378032 413604210 57634286
413629603 app1e_na
413632416 3507179 405031904 45951059
