405180346 piapiade
405180893 65056669
405181367 4698536 405180346 piapiade
405182475 52681828
405183737 4008223
405185015 4698536 405183737 4008223
405185355 4698536 405182475 52681828
405187926 62019165
405188466 caomeijiangye
405189126 52038912
405189413 4698536 405188466 caomeijiangye
405189715 4698536 405189126 52038912
405190137 49355466
405190220 4698536 405187926 62019165
405190401 appppppple
405190932 appppppple 405190220 4698536
405191054 4698536
405191294 49355466 405191054 4698536
405191604 53438067
405192095 4698536 405190932 appppppple
405192481 pengshujing
405192564 4698536 405191604 53438067
405192844 4698536 405192481 pengshujing
405192950 4449064
405193170 4698536 405192950 4449064
405193414 60331523 405191054 4698536
405193899 4698536 405193414 60331523
405198954 50371836
405201165 luckyugliest
405203837 65779294
405208515 lydiahl
405209035 spotless
405242974 lilian_bb
405256420 4698536 405198954 50371836
405256599 4698536 405242974 lilian_bb
405258035 4698536 405203837 65779294
405258157 4698536 405209035 spotless
405258294 4698536 405208515 lydiahl
405280139 65779294 405258035 4698536
405286338 50371836 405256420 4698536
405286383 50371836 405256420 4698536
405287181 46224963 405190932 appppppple
405305470 4698536 405287181 46224963
405305767 4698536 405286338 50371836
405305919 60501339
406139043 4449064 405193170 4698536
406140830 63865841
406143861 2771396
406148292 xujiang1127
406152641 4698536 406140830 63865841
406152777 4698536 406143861 2771396
406152817 4698536 406148292 xujiang1127
406153501 4275202 405191054 4698536
406170647 2771396 406152777 4698536
406180560 63865841 406152641 4698536
406194108 4698536 406170647 2771396
406194239 4698536 406180560 63865841
406197191 2771396 406194108 4698536
406199416 4698536 406197191 2771396
406203244 26510989 405193899 4698536
406256898 49189594
413099178 lolitaqiqi 405193170 4698536
413103466 sue.j
413117542 4698536 413103466 sue.j
413121745 sue.j
413838379 54370447 405190220 4698536
413841706 imleon2003
413841749 aiyaxin
413928446 4698536 413841749 aiyaxin
413928692 4698536 413838379 54370447
413928807 4698536 413841706 imleon2003
413930311 17537870
413930958 4698536 413930311 17537870
413931283 17537870 413930958 4698536
413932238 4698536 413931283 17537870
413936963 17537870 413932238 4698536
413944568 54370447 413838379 54370447
413980931 4698536 413944568 54370447
413981684 54370447 413980931 4698536
414078100 4698536 413981684 54370447
414079182 xxxrose
414082167 4698536 414079182 xxxrose
414084013 54370447 414078100 4698536
414983790 54370447
415019271 4698536 414983790 54370447
416146296 lolitaqiqi 405181367 4698536
416239208 4698536 416146296 lolitaqiqi
417800266 51277681
417845461 44159497
417848116 4698536 417800266 51277681
417848275 4698536 417845461 44159497
417848957 44159497
417850642 zhengzexiong
418213585 51277681 417848116 4698536
418215127 woshiniaoshen
