406066026 youngsky
406066763 daneng
406067398 youngsky 406066763 daneng
406068081 lovenca
406068104 59654890
406068350 fxuk
406069178 48984648
406069425 46849218 406066026 youngsky
406075015 youngsky 406069425 46849218
406075189 youngsky 406069178 48984648
406076905 65819562
406078014 ddwwt
406078172 44853464
406079958 26524730
406080070 65914880
406082080 3922883
406082544 3922883 406067398 youngsky
406799041 50798252
406800307 60692929
406801427 53048281
406973088 youngsky 406801427 53048281
406973476 youngsky 406800307 60692929
406973581 youngsky 406799041 50798252
406973733 youngsky 406078014 ddwwt
406973946 youngsky 406078172 44853464
406974105 13084040
406974255 youngsky 406080070 65914880
406974683 youngsky
407010823 3922883 406974683 youngsky
407024791 60692929 406973476 youngsky
407027234 49941721 406082544 3922883
407028652 49941721
407029252 youngsky 407024791 60692929
407030204 sunto
407030584 youngsky 407028652 49941721
407031174 xiaohei1988 407029252 youngsky
407032535 jupy0710
407255043 58087176
407275349 48561651
407275701 hawaii520
407276280 mofei111
407276303 eric-fhc
407276742 50246906
407277302 63627619 406973088 youngsky
407277793 50246906 407032535 jupy0710
407277799 46867082 407032535 jupy0710
407278075 50246906 407277302 63627619
407278216 harjol
407279173 amygogo
407279686 helenloop
407288922 49384689
407356404 63627619 407278075 50246906
407406600 66849324 407279173 amygogo
407412704 amygogo
407413332 37199782
407415897 35261345
407622456 youngsky 407413332 37199782
407622727 youngsky 407412704 amygogo
407624389 mogushibushi
407625310 61132009 406066763 daneng
407625365 1758758 406078172 44853464
407626351 1758758
407627061 amygogo 407622727 youngsky
407630577 youngsky 407627061 amygogo
407639642 amygogo 407630577 youngsky
408059000 jupy0710 407277793 50246906
408059349 jupy0710 407277799 46867082
408196934 47217086
408331742 3605194
408387103 gongdafei 407279173 amygogo
409280943 AnitaSep06
409289698 sxmaming 407279173 amygogo
409290119 sxmaming 407412704 amygogo
409420784 xiaoaimili 407279686 helenloop
409424097 helenloop 409420784 xiaoaimili
409427279 olivia0914
409438001 49814152
409438330 3427392
409483118 2224035
409621350 1749262
409636460 41315219
413802877 xiaoaimili 409424097 helenloop
