406529585 57669506
406529711 57669506
406529837 63311932
406529888 58264543
406530030 64866741
406530050 58264543
406530516 48625367 406530050 58264543
406530819 63311932
406532371 63311932 406530050 58264543
406532750 2764729
406533473 forlove80
406533640 63311932
406534620 63311932
406536291 63311932
406536601 64410192
406544224 2764729
406544787 63311932
406545112 60331523
406545632 2764729
406545994 naoko40
406546033 weixiaoyijiu
406546339 xiehuayingxhy
406547164 63311932 406546339 xiehuayingxhy
406547228 2764729
406547257 59339557
406548757 usuallybaba
406549544 zoule
406549595 xiehuayingxhy 406547164 63311932
406549695 63311932 406547228 2764729
406549911 49001381
406549986 51362864
406550545 56702267
406550704 63311932 406547228 2764729
406551871 2764729
406552328 kevin7363
406553190 63311932
406553578 63311932
406553845 63311932
406555141 2764729 406550704 63311932
406555372 58493120
406556755 63311932 406555141 2764729
406556759 35143216
406557095 2764729 406553845 63311932
406557586 63311932 406555141 2764729
406558084 30096827
406558160 42906393
406558288 2764729
406558545 63311932 406557095 2764729
406559159 66058126
406559333 63311932
406559335 charlotte9014
406559392 2901407
406560103 2764729
406560541 2764729 406559333 63311932
406560574 63311932
406561312 sco8087 406557095 2764729
406561509 63311932 406560103 2764729
406561923 usuallybaba
406562193 2764729 406557586 63311932
406562546 2764729 406561312 sco8087
406562611 sco8087 406559335 charlotte9014
406562643 bananazheng
406562659 63311932
406562842 63311932
406562972 sco8087 406562546 2764729
406563920 2764729
406564388 63311932
406564417 keyiyuekeke
406564476 XC911
406564681 63311932
406565411 liliana0912
406565827 jujo
406565933 miehahaha
406565934 liliana0912
406565979 liliana0912
406566310 2764729 406562659 63311932
406566804 tt120
406567049 63311932
406567054 Mika-Q
406567371 2846543
406567710 63311932 406565934 liliana0912
406567732 2764729 406565411 liliana0912
406568199 MiaZhang
406568256 63311932
406568633 hans0401
406568642 miserying
406568670 63311932 406565411 liliana0912
406568696 lediz
406568704 MiaZhang
406569023 63311932
406569683 Orange_Nation
406569761 2764729
406570164 2764729
406570172 43917205
406570265 57620891
406570482 ringooooooooooo
406570527 cxmoshi
406570673 63714144 406565411 liliana0912
406570832 mysweety
406571269 ringooooooooooo 406568704 MiaZhang
406587078 48468074
406587163 45662844
406587242 2764729
406587247 48468074 406587163 45662844
406587309 66058126
406587437 3334910
406587655 10118273
406587677 63311932
406587682 3334910
406587735 Dabaoxue
406587815 48468074 406587655 10118273
406587853 3334910
406587926 mattraulsolmike
406587949 10118273
406588137 63311932 406587163 45662844
406588152 10118273 406587815 48468074
406588220 38365301
406588257 63311932 406587815 48468074
406588264 3334910 406587735 Dabaoxue
406588282 2764729
406588382 3334910 406587815 48468074
406588503 2764729 406587853 3334910
406588755 38365301 406567054 Mika-Q
406588765 ringooooooooooo
406588778 63311932
406588904 48468074 406588382 3334910
406588914 2764729 406587853 3334910
406588955 yuanman
406589000 3334910 406588503 2764729
406589048 3334910 406588904 48468074
406589125 3334910 406588765 ringooooooooooo
406589139 48468074
406589155 63311932 406588503 2764729
406589234 48468074 406589048 3334910
406589236 48112826
406589357 3334910 406589139 48468074
406589361 63311932 406589139 48468074
406589425 59331869
406589462 63311932 406589425 59331869
406589503 3334910 406589234 48468074
406589625 48468074
406589656 2880912
406589691 2764729
406589709 63311932 406589425 59331869
406589852 48468074 406589503 3334910
406589896 63311932
406589908 3334910
406589946 1171705
406590019 59331869
406590140 48468074
406590147 58999095
406590212 63311932 406589908 3334910
406590260 63311932
406590286 2764729
406590295 48468074 406589908 3334910
406590303 63311932 406590140 48468074
406590355 58999095
406590380 48468074
406590401 59331869
406590421 63311932
406590424 48468074 406590355 58999095
406590470 3334910 406589852 48468074
406590487 63311932 406590380 48468074
406590495 59331869 406590147 58999095
406590511 48468074 406590303 63311932
406590580 2764729
406590581 58999095
406590618 48468074
406590657 63311932 406590511 48468074
406590686 3512143
406590687 3334910 406590295 48468074
406590730 3334910 406590581 58999095
406590754 59331869 406590581 58999095
406590773 58999095 406590730 3334910
406590774 63311932 406590580 2764729
406590784 heptahedron
406590788 59481797
406590792 2764729
406590837 48468074 406590657 63311932
406590839 59331869 406590687 3334910
406590849 63311932 406590687 3334910
406590880 3334910
406590924 58999095
406590936 63311932 406590686 3512143
406590951 59331869
406590962 48468074 406590784 heptahedron
406590969 58999095 406590880 3334910
406590989 63311932 406590880 3334910
406590997 59331869
406591019 2764729
406591022 3334910 406590773 58999095
406591113 48468074 406590989 63311932
406591139 58999095
406591159 2764729 406591113 48468074
406591175 63311932 406590784 heptahedron
406591213 geeke
406591219 63311932 406591113 48468074
406591221 48468074 406591159 2764729
406591225 3334910
406591232 59331869
406571276 63311932
406571641 63311932 406570172 43917205
406571870 2764729
406571904 35182282
406571917 63714144 406570482 ringooooooooooo
406572922 35143216
406573139 49592761
406573421 50470736
406573714 63311932 406571870 2764729
406573766 57295336 406566804 tt120
406574110 2764729
406574371 liliana0912 406568670 63311932
406574742 48468074
406575407 48468074
406575547 63311932
406575701 tt120 406573766 57295336
406575720 tt03007510
406575747 2764729
406575758 sunnysisi
406575761 ringooooooooooo
406575913 sunnysisi
406576173 63577889
406576492 2764729 406575407 48468074
406576550 63311932 406574371 liliana0912
406576564 46245988
406577106 48468074
406577242 63311932 406575747 2764729
406577344 63311932 406576564 46245988
406577479 48468074
406577576 63311932 406575758 sunnysisi
406578003 2764729
406578032 63311932 406577479 48468074
406578256 63311932
406578494 63311932
406578959 mouniu
406579038 63714144 406575761 ringooooooooooo
406579072 48468074
406579084 46583916
406579418 48468074 406578494 63311932
406579696 ringooooooooooo 406579038 63714144
406579740 63311932 406579072 48468074
406579742 2764729
406579791 58673657
406580046 63311932 406579418 48468074
406580145 eoslang
406580169 63311932
406580441 63714144 406579696 ringooooooooooo
406580442 48468074
406580446 lilychan
406580556 3334910
406580716 2764729 406580169 63311932
406580992 40369149
406581071 63311932
406581141 63311932 406580446 lilychan
406581270 ringooooooooooo 406580441 63714144
406581411 48468074
406581428 63311932 406580442 48468074
406581592 63714144 406581270 ringooooooooooo
406581613 60093251
406581663 2764729
406581813 63311932 406581411 48468074
406581859 63311932 406581613 60093251
406581873 muge29
406582055 40369149
406582076 vikkiwang
406582107 60093251
406582166 63311932 406581873 muge29
406582179 48468074
406582183 huanglianmao
406582184 ringooooooooooo
406582220 65479640 406530050 58264543
406582307 63311932 406582055 40369149
406582445 63311932 406582183 huanglianmao
406582782 Zexine 406545994 naoko40
406583001 2764729
406583058 60093251 406559335 charlotte9014
406583119 63311932 406582782 Zexine
406583127 48468074
406583528 63311932
406583538 62839689
406583760 40369149 406582782 Zexine
406583975 Zexine 406583119 63311932
406584281 animalming
406584775 63311932
406584831 35143216 406583127 48468074
406585024 48468074 406584831 35143216
406585051 63311932 406583127 48468074
406585117 63311932 406585024 48468074
406585321 35143216 406585024 48468074
406585405 2764729
406585735 36367491
406585756 63311932
406585855 48468074
406585869 2764729
406585952 48468074
406586165 63311932 406585869 2764729
406586346 35143216 406585855 48468074
406586678 63311932 406585952 48468074
406586875 35143216
406586893 35143216
406591261 59331869
406591277 63311932 406591213 geeke
406591286 2764729 406591221 48468074
406591317 58999095 406591261 59331869
406591348 3334910 406591213 geeke
406591362 48468074 406591219 63311932
406591438 48468074 406591348 3334910
406591496 2764729
406591564 48468074
406591579 59331869 406591317 58999095
406591589 geeke 406591277 63311932
406591632 heptahedron 406590962 48468074
406591644 geeke 406591348 3334910
406591650 3334910 406591261 59331869
406591698 63311932
406591762 heptahedron
406591784 ringooooooooooo 406589125 3334910
406592010 51422192
406592034 gloria8915
406592179 3334910 406591438 48468074
406592193 56702267 406568704 MiaZhang
406592236 3334910 406591644 geeke
406592333 geeke
406592369 63311932
406592410 geeke
406592563 63311932 406592410 geeke
406592684 geeke
406592692 63311932
406592715 3334910 406592410 geeke
406592732 geeke
406592762 geeke
406592783 63311932
406592792 geeke 406592692 63311932
406592898 geeke
406592927 63311932 406592762 geeke
406592988 geeke
406592996 63311932
406593023 hengqiu
406593113 geeke
406593287 63311932
406593503 geeke
406593572 hengqiu
406593672 3307188
406593694 63311932
406593732 geeke 406593694 63311932
406593774 63311932 406593732 geeke
406593847 geeke
406593997 63311932
406594094 poppyzp
406594521 3307188 406581613 60093251
406594618 3307188
406594843 66543449
406594846 3307188
406594879 xiehuayingxhy
406595066 xiehuayingxhy
406595086 48468074
406595163 longgoodbye
406595215 63311932 406595066 xiehuayingxhy
406595219 xiehuayingxhy
406595241 xiehuayingxhy
406595313 Mika-Q 406588755 38365301
406595348 Mika-Q
406595364 63311932 406595163 longgoodbye
406595405 63311932 406595241 xiehuayingxhy
406595435 xiehuayingxhy
406595444 3334910
406595459 3334910 406595435 xiehuayingxhy
406595497 xiehuayingxhy 406595405 63311932
406595504 63311932 406595435 xiehuayingxhy
406595529 xiehuayingxhy
406595574 xiehuayingxhy
406595584 3307188 406590380 48468074
406595602 SsoOs
406595605 geeke
406595613 63311932 406595497 xiehuayingxhy
406595649 xiehuayingxhy
406595652 sleepygod
406595661 63311932 406595574 xiehuayingxhy
406595703 48468074 406595584 3307188
406595704 63311932
406595749 63311932 406595703 48468074
406595761 geeke
406595783 63311932
406595823 geeke
406595843 48468074 406595704 63311932
406595847 geeke
406595892 63311932
406595915 63311932 406595847 geeke
406595937 63311932 406595843 48468074
406595939 geeke
406595949 48468074
406595957 xiehuayingxhy 406595661 63311932
406595972 48468074 406595937 63311932
406595984 63311932
406596008 63311932 406595957 xiehuayingxhy
406596027 63311932 406595972 48468074
406596113 SsoOs
406596114 48468074
406596126 63311932 406596113 SsoOs
406596161 48468074 406596027 63311932
406722292 66225037
406722845 65438191
406723836 66225037
406724678 66225037
406726140 alashendeng
406726439 organwang
406726548 63311932 406726140 alashendeng
406726880 63311932 406726439 organwang
406734707 Ariovistus
406737940 alashendeng 406726548 63311932
406740712 63311932 406737940 alashendeng
406740947 45374385
406751251 63311932
406755706 hotcat001
406755711 66190083
406756652 63311932 406755711 66190083
406757451 43844474
406757573 43844474
406758057 63311932 406757573 43844474
406758331 3406899
406758558 66190083 406756652 63311932
406758581 43844474 406758057 63311932
406758931 63311932 406758581 43844474
406759195 43844474
406759361 63311932 406758558 66190083
406759406 63311932 406759195 43844474
406759461 43844474
406760896 63311932 406759461 43844474
406761192 66190083
406761227 43844474 406760896 63311932
406761633 46274191
406761797 63311932 406761192 66190083
406762229 errol 406740947 45374385
406762553 63311932 406761227 43844474
406763747 66190083 406761797 63311932
406764534 43844474 406762553 63311932
406764604 63311932 406763747 66190083
406764802 60285051
406764993 MAY_zhongwuyan
406765468 63311932
406765713 66190083
406766473 63311932 406764802 60285051
406767370 63311932 406765713 66190083
406768830 43844474
406769149 43844474
406864124 xiehuayingxhy
406769396 63311932
406864360 63311932
406769977 43844474 406769396 63311932
406864831 xiehuayingxhy
406770579 66190083 406767370 63311932
406864834 58407561
406771557 evanchang
406865127 63311932 406864831 xiehuayingxhy
406771765 63311932 406770579 66190083
406866449 xiehuayingxhy 406864360 63311932
406771782 52984821
406777373 40571465
406866520 xiehuayingxhy
406778183 59480704
406866624 49513025
406778868 63311932
406866840 58999095
406782344 woshihaoren123
406867248 58999095
406867276 58999095
406783672 pupu000
406784453 woshihaoren123
406867300 63311932
406867511 63311932
406785843 littlebill 406778868 63311932
406867666 xiehuayingxhy 406866840 58999095
406789530 63311932 406785843 littlebill
406790490 keng2
406867815 xiehuayingxhy 406867300 63311932
406791607 56232079
406867931 xiehuayingxhy 406867511 63311932
406793654 63311932 406791607 56232079
406868062 58999095
406801667 56232079 406595241 xiehuayingxhy
406868141 63311932 406867815 xiehuayingxhy
406802138 1256699
406868336 xiehuayingxhy 406868141 63311932
406802639 56232079
406868575 45797710
406802772 1256699 406760896 63311932
406868717 63311932
406803983 1256699
406868772 xiehuayingxhy 406868062 58999095
406804814 1256699
406869324 xiehuayingxhy
406807170 56232079 406778868 63311932
406869592 58999095 406868772 xiehuayingxhy
406809752 1890040
406810378 36861367
406869596 63311932
406828231 harjol
406869715 xiehuayingxhy
406833823 xiehuayingxhy
406869860 63311932
406834811 xiehuayingxhy
406870061 63311932
406836342 xiehuayingxhy
406870075 66720526
406837362 xiehuayingxhy 406758558 66190083
406870102 xiehuayingxhy
406837900 63311932 406836342 xiehuayingxhy
406870210 xiehuayingxhy 406870061 63311932
406838833 41772542
406870651 63311932 406870210 xiehuayingxhy
406839848 xiehuayingxhy 406837900 63311932
406870925 xiehuayingxhy
406842857 xiehuayingxhy
406871318 63311932
406844615 45374385 406762229 errol
406871323 kinohahaha
406845255 veracl
406871438 63311932
406845515 57694690
406847321 48259733
406871483 xiehuayingxhy
406847554 lilychan
406871496 49632542
406848798 63311932 406839848 xiehuayingxhy
406871539 xiehuayingxhy 406871438 63311932
406852637 xiehuayingxhy 406848798 63311932
406871602 xiehuayingxhy 406871496 49632542
406853254 xiehuayingxhy
406871627 mrbigloenlysss
406853541 xiehuayingxhy 406847554 lilychan
406871689 xiehuayingxhy 406871496 49632542
406871742 63311932
406854016 58999095 406853541 xiehuayingxhy
406871905 49632542 406871689 xiehuayingxhy
406855178 xiehuayingxhy 406854016 58999095
406856555 1537704
406872064 xiehuayingxhy 406871905 49632542
406857691 le-renard
406872253 63311932 406871905 49632542
406860876 1537704 406852637 xiehuayingxhy
406873833 2403309 406550704 63311932
406873927 58999095
406861963 xiehuayingxhy 406860876 1537704
406874037 49632542 406872253 63311932
406862000 63311932 406857691 le-renard
406862729 30811438
406874091 63311932 406873927 58999095
406862761 63311932
406874221 63311932 406874037 49632542
406863004 crazybunny666
406874287 49632542 406874221 63311932
406863994 1537704
406874458 63311932 406874287 49632542
406874790 yeti4ever 406565411 liliana0912
406875241 yeti4ever
406883667 48468074
406884169 beijingtu
406884461 beijingtu
406885791 49513025
406885828 48206402
406886519 3334910
406886613 3334910 406873927 58999095
406886996 3334910
406887913 3334910
406890194 hlilyz
406890559 2870698
406891392 buluangao
406891915 buluangao 406885791 49513025
406893506 ooop
406895100 63311932 406893506 ooop
406895125 66225037
406895289 66225037
406895458 66225037
406895616 63311932 406893506 ooop
406896108 ooop
406896164 63311932 406890559 2870698
406896523 63311932 406896108 ooop
406896633 53307349 406559335 charlotte9014
406897128 2764729 406895458 66225037
406897172 ooop
406897825 63311932 406896108 ooop
406897830 66225037
406898018 nyanyan
406898400 63311932
406898402 ooop
406898673 2764729
406898935 63311932
406899036 66225037
406899160 3334910 406897830 66225037
406899213 63311932 406898673 2764729
406899719 2764729
406899733 63311932 406898402 ooop
406899899 ooop
406900035 reader1210
406900556 2764729
406901103 63311932
406901259 ooop
406901323 63311932 406899719 2764729
406901375 49513025 406891915 buluangao
406901461 2764729 406901323 63311932
406596202 xiehuayingxhy 406596008 63311932
406596232 48468074 406595984 63311932
406596257 63311932 406596114 48468074
406596316 xiehuayingxhy
406596342 63311932 406596232 48468074
406596351 63311932 406596316 xiehuayingxhy
406596381 xiehuayingxhy 406596351 63311932
406596446 genie37
406596561 48468074 406596342 63311932
406596694 63311932
406596740 mousehunter 406582076 vikkiwang
406601863 xchan
406601977 56702267 406594094 poppyzp
406602200 naoko40 406582782 Zexine
406602382 chenge1235
406602394 happycacee
406602519 happycacee
406604032 longgoodbye
406604071 48601577
406604383 longgoodbye
406605562 longgoodbye
406606157 58999095 406604383 longgoodbye
406606518 longgoodbye 406606157 58999095
406606817 45374385
406606861 58999095 406606518 longgoodbye
406607065 liu6liu6 406606817 45374385
406609610 sunnysisi 406577576 63311932
406609780 18392648
406610050 56055792
406610300 46519089
406612475 47888750
406612672 youlyng
406620524 48468074
406622013 48468074
406622823 3307188
406627678 usuallybaba
406628580 givenchy_
406629753 66785891
406632553 2764729
406634663 66225037
406635954 66225037
406636828 59600451
406637196 66225037 406561509 63311932
406638126 powderblue
406638377 heavenyang
406640795 2764729 406637196 66225037
406642094 errol 406606817 45374385
406642726 66225037 406640795 2764729
406643106 errol 406635954 66225037
406643174 51850760
406643949 guoooo
406644084 2764729 406642726 66225037
406646287 45029220
406647405 dr5 406602519 happycacee
406648541 63714144
406650047 48468074 406648541 63714144
406651208 63714144 406650047 48468074
406652801 48468074 406651208 63714144
406653469 48468074 406651208 63714144
406654326 63714144 406653469 48468074
406656383 ayucho
406659371 48468074 406654326 63714144
406659730 63714144 406659371 48468074
406660105 muge29 406582166 63311932
406660436 sheepherder
406672348 Dabaoxue 406588264 3334910
406672955 53714200 406571641 63311932
406675389 mo67er 406573421 50470736
406676756 65498410
406687424 54114325
406689370 untransporting
406690429 mmming
406699628 63311932 406650047 48468074
406702776 63311932
406704227 63311932
406704345 cod4soap
406705097 63311932
406705209 48468074
406707333 63311932
406710301 57923344 406530030 64866741
406713775 sheepherder 406704227 63311932
406714175 3921385
406714894 66225037
406716289 66225037
406717715 63311932 406713775 sheepherder
406717833 65438191
406718051 63714144
406718592 65438191
406718825 66225037
406719059 55998310
406719363 66225037 406555141 2764729
406719424 48880582
406719997 63311932 406717833 65438191
406720128 63311932 406717833 65438191
406720348 66225037 406559159 66058126
406720837 66225037 406559335 charlotte9014
406721377 Ariovistus
406721638 63311932 406721377 Ariovistus
406722247 lxl0214
406722267 2817748
407079254 no_future
407081659 63311932 407079254 no_future
407086599 xiehuayingxhy
407087464 annylvqh 406595241 xiehuayingxhy
407088078 xiehuayingxhy
407088441 xiehuayingxhy 407087464 annylvqh
407088646 zhaojili
407089339 xiehuayingxhy
407090508 64617309
407090516 zhaojili 407089339 xiehuayingxhy
407090737 63311932
407090967 3334910
407091358 63311932
407091598 xiehuayingxhy
407091735 3334910
407091912 30741192
407091937 annylvqh
407092176 3334910
407092808 63311932 407091598 xiehuayingxhy
407093000 3334910 407087464 annylvqh
407093003 annylvqh
407093232 3334910
407093368 annylvqh
407093884 3334910
407094005 ninglinwang
407094317 3334910 407093368 annylvqh
407094513 64617309
407094706 53087436
407095105 xiehuayingxhy 407092808 63311932
407095391 no_future
407095683 63311932
407095849 46705501 407089339 xiehuayingxhy
407096142 xiehuayingxhy
407096181 63311932 407094513 64617309
407097129 64617309
407097591 errol
407097645 63311932 407095105 xiehuayingxhy
407097948 43723167
407098054 xiehuayingxhy 407095849 46705501
407098509 64617309 407096181 63311932
407099002 xiehuayingxhy
407099128 hanzong
407099130 63311932
407099594 63311932 407099128 hanzong
407099760 3334910 407096142 xiehuayingxhy
407099994 63311932
407100526 63311932 407099002 xiehuayingxhy
407100704 3334910 407099002 xiehuayingxhy
407101149 xiehuayingxhy
407101516 xiehuayingxhy
407101696 63311932
407101941 hanzong 407099594 63311932
407102023 xiehuayingxhy
407102654 64617309
407102677 hanzong 407099594 63311932
407102728 3334910
407102943 63311932 407101941 hanzong
407103285 64617309 407099994 63311932
407103738 63311932
407104429 64617309
407104814 64617309
407104975 xiehuayingxhy
407105086 63311932 407102677 hanzong
407105127 hanzong
407105629 63311932 407104814 64617309
407106181 55407598
407107231 63311932 407105127 hanzong
407107312 hanzong
407107994 hanzong
407108633 63311932 407107312 hanzong
407108962 63311932 407107994 hanzong
407109197 longmin
407109229 61401731 406574371 liliana0912
407109656 hanzong
407110005 63311932 407109656 hanzong
407110143 46705501
407110338 hanzong 407108962 63311932
407110601 30306879
407111032 hanzong
407111343 liliana0912
407111717 Slowsnail
407114557 xiehuayingxhy 407110143 46705501
407115141 63311932 407111032 hanzong
407117467 63311932
407120619 61401731 406575758 sunnysisi
407121518 59784045
407122120 59784045
407123855 63311932 407122120 59784045
407123870 xiehuayingxhy 407110143 46705501
407124209 57821138
407125336 dearfreakear
407125506 55407598
407125676 59784045 407123855 63311932
407126689 zoeloveherself
407127026 63311932 407125506 55407598
407127217 63311932 407124209 57821138
407127854 57821138
407129278 43917205 406571641 63311932
407130053 63311932 407129278 43917205
407130536 57821138 407127217 63311932
406901807 63311932 406901259 ooop
406902180 ooop
406903073 4304077 406533640 63311932
406903116 OliviaKwok0129 406559335 charlotte9014
406903291 63813250
406903482 63311932
406903516 63813250 406568670 63311932
406903876 63311932
406904460 63311932
406904550 3334910
406904972 2764729
406905488 63311932
406905506 2764729
406905883 63311932
406906045 63311932
406906099 xiaolanggouaiN
406906263 48200123
406906328 63311932
406906496 2764729 406905488 63311932
406906666 43997241
406906805 63311932 406906099 xiaolanggouaiN
406908122 61786916
406908236 63311932 406906496 2764729
406909003 2764729
406909344 63311932
406909730 3334910
406910211 2764729
406910934 63311932 406909730 3334910
406911028 2764729
406911232 63311932 406910211 2764729
406911373 2764729 406911232 63311932
406912087 3334910 406911028 2764729
406912885 2764729
406916256 jojolee1983
406917567 1603832
406918045 jojolee1983
406918065 63311932
406918419 63311932 406917567 1603832
406918707 63311932 406918045 jojolee1983
406919305 littlearbor
406921533 jojolee1983
406921838 48468074
406921921 51966342
406922374 jojolee1983
406923903 48468074
406924394 55407598
406924996 46705501
406925232 63311932 406921921 51966342
406925777 44833013
406926267 63311932
406926684 63311932
406927470 55407598
406928009 puntaunion
406929136 48468074
406929998 48468074
406931844 2291062
406933633 youling714
406933984 63311932 406927470 55407598
406934449 63311932 406928009 puntaunion
406934638 63714144
406934862 youling714 406571641 63311932
406935048 2019495
406935080 63311932
406937670 47381615
406937839 puntaunion
406939132 48468074
406939969 2144221
406940117 63311932 406939969 2144221
406941856 jiesechanshi
406942380 63311932 406941856 jiesechanshi
406944489 43543977
406944729 youling714 406578959 mouniu
406945111 63311932 406944489 43543977
406945324 topato
406946466 63311932
406947545 youling714 406582184 ringooooooooooo
406948687 youling714 406582782 Zexine
406954679 43543977 406945111 63311932
406955251 youling714 406589908 3334910
406956083 63311932 406954679 43543977
406956477 63311932 406955251 youling714
406958087 43543977
406958383 48206402
406958712 topato 406946466 63311932
406959316 1603832 406918419 63311932
406960192 3253697
406963510 fitzgerald
406963705 panjingno1
406966369 55321155
406969342 55321155
406972930 youling714 406860876 1537704
406973797 youling714
406976944 14562919
406979307 55407598 406933984 63311932
406982460 wuzhuan105
406996092 2249816
407013872 35143216 406979307 55407598
407074582 63311932 406963510 fitzgerald
407076145 63311932 406979307 55407598
407076835 no_future
407472450 Mr.atm
407472694 64405131
407472710 63738483
407472857 xiehuayingxhy
407473133 46705501
407473187 Mr.atm
407473649 63311932
407473668 60510882
407473747 xiehuayingxhy 407472710 63738483
407474442 61401731 407472857 xiehuayingxhy
407474663 xiehuayingxhy
407474718 Mr.atm
407474825 63311932
407475091 63738483 407473747 xiehuayingxhy
407475269 Mr.atm 407474825 63311932
407475583 60510882
407475770 59480704
407476146 60510882 407474825 63311932
407476373 Mr.atm 407475583 60510882
407476902 63311932 407474663 xiehuayingxhy
407476937 60510882 407476373 Mr.atm
407477153 xiehuayingxhy 407475770 59480704
407477524 xiehuayingxhy 407476902 63311932
407477734 xiehuayingxhy 407476373 Mr.atm
407477815 64536000
407478223 64536000
407478698 63311932 407477524 xiehuayingxhy
407478826 Mr.atm
407479142 59784045
407479625 60510882 407478826 Mr.atm
407480063 xiehuayingxhy 407478698 63311932
407480341 63311932
407480878 xiehuayingxhy
407480977 Mr.atm 407479625 60510882
407481464 63311932 407480063 xiehuayingxhy
407481670 63311932 407480878 xiehuayingxhy
407481701 Mr.atm
407482188 60510882
407482646 60510882
407483175 61401731
407483506 Mr.atm
407483741 xiehuayingxhy 407481464 63311932
407485118 Mr.atm 407483175 61401731
407485122 61401731
407485292 Mr.atm
407485462 61401731 407485118 Mr.atm
407485468 Mr.atm 407485122 61401731
407485863 63311932
407486154 60510882
407486732 xiehuayingxhy 407485292 Mr.atm
407487020 xiehuayingxhy
407487622 59784045
407489943 63311932
407490270 xiehuayingxhy
407491218 63311932 407490270 xiehuayingxhy
407491234 xiehuayingxhy
407491826 xiehuayingxhy 407491218 63311932
407492135 63311932 407491234 xiehuayingxhy
407492849 xiehuayingxhy 407492135 63311932
407492974 63311932 407491826 xiehuayingxhy
407493296 63311932 407492849 xiehuayingxhy
407494593 57084033
407496248 63311932 407494593 57084033
407496610 xiehuayingxhy 407492974 63311932
407496986 xiehuayingxhy
407497851 63311932 407496610 xiehuayingxhy
407499912 xiehuayingxhy 407497851 63311932
407589897 Mika-Q
407591814 3334910
407593262 63311932
407595677 60958017
407597007 3742072
407597863 63311932 407597007 3742072
407597919 63311932 407595677 60958017
407600189 57084033 407496248 63311932
407608148 light.summer
407632127 61401731 407589897 Mika-Q
407634799 61401731 407608148 light.summer
407635187 saralondon
407635203 66225037 406899160 3334910
407636555 66225037 406897128 2764729
407651299 lingoapple
407656099 64526790
407656812 64526790 407475770 59480704
407738746 2764729 407636555 66225037
407742465 2764729 407636555 66225037
407812152 66225037 407738746 2764729
407813106 66225037 407738746 2764729
407813537 2764729 407813106 66225037
407813573 2764729 407812152 66225037
407813841 66225037
407814670 2764729 407813841 66225037
407815204 xiehuayingxhy
407815694 2764729 407815204 xiehuayingxhy
407816923 64526790
407825888 66225037 407816923 64526790
407826301 64526790 407825888 66225037
408008362 3742072 407634799 61401731
408224585 35143216
408226390 3307188 408224585 35143216
407130814 56232079 406906496 2764729
407135608 55407598
407138111 im61 406559335 charlotte9014
407138844 64617309 407105629 63311932
407139333 57821138
407157598 63311932 407135608 55407598
407159835 59784045
407161296 63311932 407159835 59784045
407162613 59784045
407179456 61401731 406588220 38365301
407181134 youling714
407181417 61401731
407182281 61401731
407183250 61401731
407185815 50470736 406675389 mo67er
407187989 ciela 406565411 liliana0912
407193473 ifeelfine
407199667 Asura-lin
407202166 55407598
407209386 63311932 407193473 ifeelfine
407209800 63311932 407202166 55407598
407212596 2916516
407214663 43706973
407217590 59480704
407218012 63311932
407218126 1404333
407220229 59480704
407221939 Hitachi
407222645 Mr.atm
407222955 63311932 407222645 Mr.atm
407224883 Mr.atm 407222955 63311932
407225654 63311932
407226380 Mr.atm 407225654 63311932
407226555 63311932 407226380 Mr.atm
407226975 Mr.atm 407226555 63311932
407227640 57572652
407229418 damnhalley
407232039 xiehuayingxhy
407232287 xiehuayingxhy
407233302 xiehuayingxhy
407233312 63996815
407234697 57698242
407234813 vincent.chen
407234858 vincent.chen 407130053 63311932
407248126 55407598 407202166 55407598
407250744 61401731
407253250 60510882
407255921 xiehuayingxhy 407253250 60510882
407256394 60510882
407257365 64536000
407258236 xiehuayingxhy 407256394 60510882
407260547 60510882 407258236 xiehuayingxhy
407261303 46705501 407123870 xiehuayingxhy
407263727 xiehuayingxhy
407264096 60510882
407265180 xiehuayingxhy
407265637 60510882 407261303 46705501
407265891 xiehuayingxhy 407261303 46705501
407266073 60510882 407265180 xiehuayingxhy
407273196 63738483
407274368 63738483
407274906 xiehuayingxhy 407274368 63738483
407276098 63738483 407274906 xiehuayingxhy
407313664 60510882
407277133 60510882
407314643 62920985
407277235 andrecrcx
407315401 60510882 407314643 62920985
407277848 63738483
407315851 xiehuayingxhy 407313664 60510882
407278669 63738483 407277235 andrecrcx
407316134 62920985 407315401 60510882
407278943 xiehuayingxhy
407316321 46705501
407279315 63738483 407278943 xiehuayingxhy
407318145 xiehuayingxhy 407313664 60510882
407279462 49632542 407277848 63738483
407280879 xiehuayingxhy 407279462 49632542
407318998 46705501
407280963 49632542 407278669 63738483
407319269 xiehuayingxhy 407316134 62920985
407281312 64526790
407320209 xiehuayingxhy 407316321 46705501
407282144 49632542 407280879 xiehuayingxhy
407320909 47343026
407283651 64536000
407283829 39724103
407321099 60510882
407284401 xiehuayingxhy 407282144 49632542
407322898 60510882
407285941 46705501 407265637 60510882
407323316 xiehuayingxhy
407287031 49632542 407285941 46705501
407323473 60510882 407323316 xiehuayingxhy
407287232 46705501 407265891 xiehuayingxhy
407324352 47343026 406726880 63311932
407289029 xiehuayingxhy 407285941 46705501
407324546 62920985 407319269 xiehuayingxhy
407289213 xiehuayingxhy 407287232 46705501
407325859 60510882 407318998 46705501
407289557 xiehuayingxhy 407287232 46705501
407326301 xiehuayingxhy 407323473 60510882
407290332 xiehuayingxhy
407326502 xiehuayingxhy
407291955 46705501 407287031 49632542
407326678 xiehuayingxhy
407292859 47381615
407326824 64536000
407293283 46705501 407277235 andrecrcx
407327204 xiehuayingxhy
407293975 60510882 407285941 46705501
407327255 62920985 407326824 64536000
407295391 46705501
407327716 60510882 407327204 xiehuayingxhy
407296675 xiehuayingxhy 407295391 46705501
407328142 64536000 407327255 62920985
407328191 trivialPeach
407302188 62920985
407328206 xiehuayingxhy
407303138 46705501
407304027 56896270
407328215 46705501 407320209 xiehuayingxhy
407306328 46705501 407296675 xiehuayingxhy
407328625 64536000
407307222 46705501
407329081 rrrlee
407308467 46705501
407329467 xiehuayingxhy
407309041 xiehuayingxhy 407306328 46705501
407329679 xiehuayingxhy
407309120 60510882 407303138 46705501
407330093 60510882 407328206 xiehuayingxhy
407309951 60510882
407330558 64536000
407311996 xiehuayingxhy 407309951 60510882
407330581 xiehuayingxhy 407328215 46705501
407330728 46705501 407325859 60510882
407332284 60510882 407330728 46705501
407332687 xiehuayingxhy
407332769 64536000
407334031 xiehuayingxhy
407334360 46705501 407330581 xiehuayingxhy
407334513 60510882
407335910 60510882 407334031 xiehuayingxhy
407336331 xiehuayingxhy
407336661 xiehuayingxhy 407335910 60510882
407337214 xiehuayingxhy 407334360 46705501
407337389 46705501
407337479 60510882 407336331 xiehuayingxhy
407338272 47343026 406867248 58999095
407338875 46705501 407337214 xiehuayingxhy
407339721 60510882 407337389 46705501
407340310 Superf_cker
407340501 zeroiland
407340529 44058788
407340693 xiehuayingxhy 407338875 46705501
407340740 zeroiland
407340849 zeroiland
407341980 46705501 407340693 xiehuayingxhy
407342801 xiehuayingxhy
407342939 46705501 407339721 60510882
407345234 46705501 407226555 63311932
407345339 59784045
407345447 xiehuayingxhy
407346139 60510882 407342939 46705501
407346276 60510882 407345339 59784045
407346718 46705501
407347431 forever_smile
407347985 49929523
407348131 59784045 407346276 60510882
407350522 xiehuayingxhy
407351250 60510882 407348131 59784045
407353843 xiehuayingxhy
407354280 60401375
407354518 59784045 407351250 60510882
407359415 mo67er 407185815 50470736
407359619 60510882 407354518 59784045
407362034 59784045 407359619 60510882
407366816 60510882 407362034 59784045
407377722 64536000 407329467 xiehuayingxhy
407380880 58668900
407385762 56944260
407391132 xiehuayingxhy 407377722 64536000
407394860 64536000
407396788 xiehuayingxhy
407397296 62920985
407397740 xiehuayingxhy
407398826 62920985 407397740 xiehuayingxhy
407402657 xiehuayingxhy 407398826 62920985
407403025 64526790
407404446 62920985 407402657 xiehuayingxhy
407415591 xiehuayingxhy 407398826 62920985
407421899 runostrich
407430679 Mr.atm
407435524 63738483
407436449 63738483
407439251 63311932
407440331 63311932
407442142 64536000
407442705 63311932
413710601 66111903
413794598 40794389
415272899 shad0vv
415276296 64526790
415277066 bixiaotao
415435506 shad0vv
415469244 53286130
415979696 64536000
415980025 64536000 415469244 53286130
416922561 59784045
418199259 jinxihexii
418199503 TOYOFF
418225503 52744397
419458321 63738483 416922561 59784045
419788115 4540449
419788985 4540449
419789310 4540449 419788985 4540449
408229907 sorbitol4125
408254730 artwang
408261851 zyq0406
408264918 zyq0406
408860137 2144221 406940117 63311932
412809915 64617309 407472857 xiehuayingxhy
412815687 woshihaoren123
412818257 62920985 412809915 64617309
412818635 62920985
412821416 64617309 412818257 62920985
412822354 62920985 412821416 64617309
412823187 63738483
412824056 52501222
412825833 64617309
412826474 64617309 412823187 63738483
412826600 64617309 412824056 52501222
412827104 59784045
412827904 63738483 412826474 64617309
412828555 62920985
412828916 53940613
412828969 64617309
412829818 61401731
412829854 64617309 412828555 62920985
412830493 64834645
412830635 64617309 412829818 61401731
412831076 61401731 412830635 64617309
412831934 62920985
412832736 63738483 412831934 62920985
412833053 64617309 412831934 62920985
412833581 64617309 412832736 63738483
412833670 62920985 412832736 63738483
412834846 64617309 412833670 62920985
412835523 62920985 412834846 64617309
412836751 64526790 412835523 62920985
412837406 62920985 412836751 64526790
412837874 taoyao6929 406549695 63311932
412838031 64617309 412835523 62920985
412838633 64617309 412837406 62920985
412838703 62920985
412838870 64617309 412836751 64526790
412839273 4563332
412839455 64617309
412839651 64526790 412838870 64617309
412840306 64617309 412839651 64526790
412840831 62920985 412839455 64617309
412841124 64617309 412839651 64526790
412841549 64526790
412841732 64617309 412840831 62920985
412841864 64526790
412842298 64617309 412841549 64526790
412842811 64617309 412841864 64526790
412843883 c4127
412846124 63738483
412848013 64617309
412853354 63738483
412855327 64617309
412856036 66719840
412857101 63738483
412857107 64617309
412857409 63738483 412856036 66719840
412857976 xiehuayingxhy
412858192 63738483
412858495 64617309 412857101 63738483
412858600 xiehuayingxhy
412858704 63738483
412859078 xiehuayingxhy
412859457 xiehuayingxhy
412859635 64617309
412860005 xiaoxx
412860329 64617309 412858600 xiehuayingxhy
412861443 xiehuayingxhy
412861599 61401731
412862107 xiehuayingxhy 412860329 64617309
412862346 xiehuayingxhy
412863620 xiehuayingxhy
412864488 61401731 412862346 xiehuayingxhy
412865051 66835372
412865740 xiehuayingxhy
412865969 xiehuayingxhy
412866897 xiehuayingxhy
412867015 nhinese
412867070 59784045
412868209 61401731
412868584 61401731 412867070 59784045
412869606 xiehuayingxhy 412868209 61401731
412869997 xiehuayingxhy 412868209 61401731
412870276 61401731 412869606 xiehuayingxhy
412870792 61401731 412869997 xiehuayingxhy
412870874 xiehuayingxhy 412870276 61401731
412871110 yoyozhizhi
412872347 59784045 412868584 61401731
412872732 64617309 412862107 xiehuayingxhy
412873937 61401731
412875071 61401731 412872732 64617309
412875366 xiehuayingxhy 412872732 64617309
412875794 mmdmdd
412876100 xiehuayingxhy 412875071 61401731
412877253 xiehuayingxhy
412877891 64617309 412875071 61401731
412878133 61401731 412876100 xiehuayingxhy
407443303 63738483
407444296 63311932
407444616 63311932 407443303 63738483
407445183 63738483 407444616 63311932
407445511 63311932 407443303 63738483
407446530 63311932
407447676 63738483
407448527 63311932 407447676 63738483
407449053 63311932
407449618 xiehuayingxhy 407447676 63738483
407449880 freeman7236 407350522 xiehuayingxhy
407449886 63738483 407448527 63311932
407450058 63311932
407450250 xiehuayingxhy 407449880 freeman7236
407450961 63311932 407449886 63738483
407451034 xiehuayingxhy 407450058 63311932
407451094 51362440 406565411 liliana0912
407451662 63738483
407452291 freeman7236 407450250 xiehuayingxhy
407452482 63738483 407450961 63311932
407452750 63311932 407451034 xiehuayingxhy
407452833 freeman7236
407452874 63738483
407453324 xiehuayingxhy 407451662 63738483
407453508 63311932 407452482 63738483
407453951 63311932
407454068 xiehuayingxhy
407454246 63738483
407454599 xiehuayingxhy 407453951 63311932
407455303 xxxxmmmm
407455306 63311932
407455404 63311932 407455303 xxxxmmmm
407455473 xiehuayingxhy
407455817 63311932 407454599 xiehuayingxhy
407456246 59784045 407454599 xiehuayingxhy
407456516 63311932 407455303 xxxxmmmm
407456646 xiehuayingxhy 407455817 63311932
407456919 xxxxmmmm 407456516 63311932
407456969 63311932 407456246 59784045
407457169 xiehuayingxhy 407456246 59784045
407457699 59784045 407456969 63311932
407458316 63311932 407457169 xiehuayingxhy
407458570 Mr.atm 407436449 63738483
407458862 xiehuayingxhy
407458982 freeman7236 407454068 xiehuayingxhy
407459441 Mr.atm 407442142 64536000
407459643 xiehuayingxhy 407458316 63311932
407460014 freeman7236
407460142 59784045 407457169 xiehuayingxhy
407460453 xiehuayingxhy 407458982 freeman7236
407460771 63738483 407458570 Mr.atm
407460930 xiehuayingxhy
407460944 63311932
407461391 Mr.atm 407460771 63738483
407461399 xiehuayingxhy 407460944 63311932
407461651 xiehuayingxhy
407461876 63738483 407455473 xiehuayingxhy
407462024 63311932 407461399 xiehuayingxhy
407462171 63738483
407462727 Mr.atm 407462171 63738483
407462805 40571465
407462984 xiehuayingxhy 407461876 63738483
407463137 60510882
407463257 Mr.atm
407463435 xiehuayingxhy
407464156 63311932 407463435 xiehuayingxhy
407464157 63738483
407464917 xiehuayingxhy
407465002 Mr.atm
407465062 Mr.atm 407464917 xiehuayingxhy
407465110 63311932
407465193 xiehuayingxhy
407465590 3034062
407465717 63738483
407465879 Mr.atm
407466194 63311932 407465193 xiehuayingxhy
407466195 60510882 407464917 xiehuayingxhy
407466720 60510882
407466732 xiehuayingxhy 407465717 63738483
407467130 63738483 407466732 xiehuayingxhy
407467222 freeman7236
407467322 63738483
407467550 63311932 407466732 xiehuayingxhy
407467806 62920985
407468507 63311932 407467222 freeman7236
407469000 xiehuayingxhy
407469175 VampireSue
407469653 Mr.atm
407469791 63738483 407469000 xiehuayingxhy
407470066 Mr.atm 407469000 xiehuayingxhy
407470275 60510882 407469653 Mr.atm
407470663 61401731
407470953 xiehuayingxhy 407467550 63311932
407470985 Mr.atm
407470998 47535606
407471034 61401731
407471799 xiehuayingxhy
407472068 xiehuayingxhy 407470066 Mr.atm
407472152 60510882
407472334 60510882
412879403 xiehuayingxhy 412878133 61401731
412879565 61401731
412879794 61401731 412879403 xiehuayingxhy
412881460 49860767 406557095 2764729
412885491 61401731
412891380 61401731
412892012 59784045
412900115 2764729
412904367 49860767 412900115 2764729
412905432 2764729
412973586 3480741
412973708 3480741
412975209 3480741
412982570 yeyang8912
413026264 45414932
413141068 62920985 412841732 64617309
413169512 64617309
413169656 62920985
413169973 64617309
413170389 64617309
413171571 62920985
413173723 64617309 413171571 62920985
413176175 47666486
413178103 47666486
413179267 Chloe-IZUMI
413180528 47666486
413181556 64617309 413178103 47666486
413183818 47666486 413181556 64617309
413184011 64617309 413180528 47666486
413184807 47666486 413184011 64617309
413185220 64617309
413187233 64617309 413184807 47666486
413187332 47666486 413185220 64617309
413188660 64617309
413189556 leolennon
413189995 47666486
413191529 47666486 413188660 64617309
413193773 64617309 413189995 47666486
413194687 47666486 413193773 64617309
413194998 64617309 413189995 47666486
413195910 47666486
413200429 47666486
413201234 66066061
413203203 64617309 413200429 47666486
413203558 64594907
413204211 47666486 413203203 64617309
413204460 DOOMSDAY1989
413205253 Nephila
413208494 61401731 413200429 47666486
413208694 shad0vv
413209737 61401731 413208694 shad0vv
413210462 lawenda-hx
413213610 47666486 413208494 61401731
413213692 47666486 413210462 lawenda-hx
413215045 61401731 413213610 47666486
413219038 47666486 413215045 61401731
413222724 shad0vv
413234557 61401731 413222724 shad0vv
413235774 61401731
413251075 47666486 413235774 61401731
413264817 64617309
413271265 64536000
413272678 64536000 413235774 61401731
413289258 xiehuayingxhy 413203203 64617309
413290612 2764729 413026264 45414932
413291264 xiehuayingxhy
413295159 xiehuayingxhy 413200429 47666486
413296299 47666486 413295159 xiehuayingxhy
413302601 xiehuayingxhy 413296299 47666486
413306477 benbenshuoshuo 406555141 2764729
413307232 benbenshuoshuo
413347149 shad0vv
413362405 45414932 413290612 2764729
413381796 K-say 406559335 charlotte9014
413397070 45414932
413399741 2764729 413397070 45414932
413400227 1888516
413406126 echosana
413416662 47666486
413420769 67162675 406530050 58264543
413424322 66719840
413435584 47666486 413424322 66719840
413438559 66719840 413435584 47666486
413439563 zuolunaichiyu
413440236 45634453
413447184 47666486 413438559 66719840
413448198 66719840
413451293 47666486 413448198 66719840
413478086 47666486 413347149 shad0vv
413481889 61401731
413482037 61401731
413482909 47666486 413481889 61401731
413488313 61401731 413482909 47666486
413490076 47666486 413488313 61401731
413504408 dingdingshine
413506628 64536000
413511298 1363326
413538245 15574277
413543824 59784045
413687129 dansx
