406857420 56055792
406857720 52318761
406857751 52318761 406857420 56055792
406857861 52318761
406857955 jiji1991
406858246 52318761 406857955 jiji1991
406858677 52318761
406858847 52318761
406858935 52318761
406859292 44301597
406859462 52318761
406859603 Wayne1206
406859649 52318761 406859292 44301597
406859789 46397277
406859805 52318761
406859992 52318761
406860008 44301597
406860096 52318761 406860008 44301597
406860266 jiji1991 406858246 52318761
406860486 52318761
406860523 52318761
406860636 44301597 406860096 52318761
406860703 52318761
406860785 52318761 406860636 44301597
406861001 44301597 406860785 52318761
406861269 zhangjiuqiang
406861339 zhangjiuqiang
406863251 52318761 406861269 zhangjiuqiang
406863637 52318761
406864023 52318761
406864310 52318761
406864562 52318761
406864824 52318761
406865279 52773400
406865317 52318761
406865479 imzyt
406865502 52318761
406865651 47435634
406865798 52318761
406865930 52318761
406866090 52318761
406866177 52318761
406866338 imzyt
406866575 welchwelch
406867471 46039581
406868045 55399395
406868219 60093251
406868836 52318761 406866575 welchwelch
406868903 52318761 406867471 46039581
406869125 52318761 406867471 46039581
406869175 52318761 406868219 60093251
406869219 52318761 406869175 52318761
406869411 52318761 406868045 55399395
406870713 welchwelch 406868836 52318761
406870896 Mr.Roi
406900421 Wayne1206
406929913 drenched
406936640 52318761 406900421 Wayne1206
406937758 52318761
406938202 52318761
406987523 Wayne1206 406936640 52318761
407010529 52318761 406987523 Wayne1206
407011519 44323685
407011571 36861367
407011654 44323685
407013510 sandee 406866090 52318761
407013728 52318761 407011519 44323685
407014059 eric-fhc
407014597 61828672
407015303 52318761 407013510 sandee
407015472 52318761 407014059 eric-fhc
407015808 52318761 407011519 44323685
407015997 52318761 407011571 36861367
407017114 55787367
407017209 Wayne1206
407017381 kk234mm
407017452 dlquentin
407017456 sandee
407017926 52318761 407013510 sandee
407018645 52318761 407017381 kk234mm
407018746 way19765
407019059 52318761 407017456 sandee
407019335 52318761 407018746 way19765
407019448 61315088
407019765 52318761 407017209 Wayne1206
407019783 way19765
407020098 way19765
407020577 52318761 407017209 Wayne1206
407020603 kk234mm
407020795 52318761 407020098 way19765
407021082 59335088
407021671 52318761 407020603 kk234mm
407021726 57973179
407021921 kk234mm
407022062 52318761
407022199 52318761 407021726 57973179
407022390 52318761 407021921 kk234mm
407022695 57973179 407022199 52318761
407024024 Wayne1206 407019765 52318761
407025251 4118592
408168060 52318761
408215891 52318761
408594636 2796824
408636648 53454341
408637325 3776942
408638660 52556119
408775615 52318761 408594636 2796824
408775724 52318761 408636648 53454341
408775896 52318761 408637325 3776942
408824489 53454341 408775724 52318761
408844425 55398835
408978519 47139285
409004722 selavi
409008247 48579433
409076020 nonoyoyo
409247916 52318761
409249336 3983329
409252320 4024435
409272494 Upsaid
409386241 52318761 409252320 4024435
409386343 52318761 409249336 3983329
409450781 ohohohray_
409456014 58199590
409515659 52318761 409450781 ohohohray_
409515742 52318761 409456014 58199590
409516238 RONSON
409518601 57783733
409646393 lovecanornot
409672356 56151968
409795861 Mr.Roi
410314795 52318761 409795861 Mr.Roi
410314898 52318761 409672356 56151968
410316748 62485062 406864310 52318761
410318596 62485062
410319197 Mr.Roi 410314795 52318761
410319393 52652868
410320616 62485062 410314898 52318761
410653055 45039198
410654844 liuquanfeng333
410690045 52318761 410653055 45039198
410690181 52318761
410690946 45039198 410690045 52318761
410691309 52318761 410690946 45039198
410693338 xfting007
410696135 52318761 410693338 xfting007
410696593 43105151
410698941 52318761 410696593 43105151
410700137 62485062 410690181 52318761
410700744 50053519
410799807 56151968
410802809 L0ve-zL
412565267 cdmmystery
412566670 NERV_sky
413413835 56944260
413417237 66895542
413417900 inmars
413537337 52318761 413417237 66895542
413549503 60817341
413614536 52318761 413549503 60817341
414845859 BeyondXuan
414852182 kentrell
415102245 kentrell
415109466 44396387
415122710 62151844
407025798 66511912
407025947 66511912
407031265 52318761 407025798 66511912
407032274 smallhand
407032541 way19765
407034295 58661995
407034750 49452669
407035706 56709761
407036491 44681490
407037315 wangleixiuyu
407040397 2418998
407049542 44323685
407050045 blackmilkmill
407055306 1487394
407057877 66671504
407057958 57838427
407058186 34253269
407063689 hakiy
407064790 lilian_bb
407068563 4896493
407069783 52318761
407076946 2103576
407085948 52318761 407076946 2103576
407094893 52318761 406865651 47435634
407095381 52318761 407013510 sandee
407096608 52318761 407017114 55787367
407096699 49127029
407098510 52318761 407032274 smallhand
407100355 52318761 407050045 blackmilkmill
407100863 52318761 407057877 66671504
407101235 58002348
407101257 61132009 406864562 52318761
407102240 52318761 407101257 61132009
407103246 52318761 407101257 61132009
407105185 50144618
407106860 eeeeeason
407108128 52318761 407025251 4118592
407108217 52318761 407106860 eeeeeason
407108269 52318761 407105185 50144618
407108353 52318761 407101235 58002348
407108459 52318761 407096699 49127029
407108537 44316635
407108587 52318761 407076946 2103576
407109981 52318761
407116840 63696143
407121105 56240955
407129291 46039581
407130151 46039581
407132293 eric001
407140834 36861367 407015997 52318761
407149166 61132009 407116840 63696143
407159871 50144618 407108217 52318761
407162254 qianbi
407183821 52318761 407162254 qianbi
407186266 49476677
407188586 52318761
407188705 52318761 407186266 49476677
407188957 52318761 407162254 qianbi
407190932 52318761 407149166 61132009
407194123 60342180
407198911 52318761 407194123 60342180
407201185 55633117
407201641 55787367 407116840 63696143
407204696 52318761 407188705 52318761
407205214 55787367 407094893 52318761
407207612 52318761 407205214 55787367
407208136 52318761
407208219 57191049
407208325 52318761 407208136 52318761
407208623 52318761 407208325 52318761
407248415 49476677 407204696 52318761
407249449 49034503
407253296 55787367 407207612 52318761
407302294 52318761 407253296 55787367
407302566 52318761 407248415 49476677
407382367 52318761
407382758 52318761
407457228 lacus_won
407477834 laohu32
407508514 52318761 407477834 laohu32
407537333 orangelov3r
407915764 liujiaru00
407915893 liujiaru00
407916642 52318761 407915893 liujiaru00
407917292 liujiaru00 407916642 52318761
407918266 ann0518
407918456 52318761 407918266 ann0518
407919175 liujiaru00 407916642 52318761
407919906 42636734
407920141 59015777
407920485 52318761 407919175 liujiaru00
407920538 52318761 407920141 59015777
407921538 liujiaru00 407920485 52318761
407921853 songflover
407923115 2495584
407923891 52318761 407921538 liujiaru00
408112243 58475205
408117681 49346206
408118607 66832638
408167948 52318761 408112243 58475205
