406961766 48722978
406961998 26904530
406962208 upday
407021255 4249144
407074875 38438765 406961998 26904530
407075347 38438765 406962208 upday
407075428 38438765
407076129 38438765 407021255 4249144
407076243 38438765 406961766 48722978
407103966 50432716
407180551 57903379
407201622 38438765 407103966 50432716
407203341 61539906
407299296 kis
407309238 lefi
407412294 38438765 407203341 61539906
407412753 38438765 407299296 kis
407413115 38438765
407431391 kis 407412753 38438765
407461662 61539906 407299296 kis
407554568 26659176
407556624 6237981
407608666 kis 407461662 61539906
407793589 61303048
407871354 48583469
407872999 51147002
407873300 53280984
407889486 stinway
407907985 51147002
407923667 38438765 407871354 48583469
407924255 38438765
407924280 babylulu1985
407924450 38438765
407924800 38438765 407924280 babylulu1985
407924994 spriteuu
407925017 38438765 407461662 61539906
407925178 38438765 407889486 stinway
407925305 38438765 407873300 53280984
407926499 26659176 407924450 38438765
408162068 38438765 407926499 26659176
408164303 39724103
408269554 64007823 407924994 spriteuu
408270543 64007823 408164303 39724103
408271286 52298067
408279702 45894834
409705903 51147002
410042554 38438765 408164303 39724103
410043030 38438765 408269554 64007823
410044071 38438765
410045425 38438765 408279702 45894834
410064808 52298067 410044071 38438765
410068348 64007823
410080866 52298067 410068348 64007823
410081722 64007823 410080866 52298067
410103630 52298067 410081722 64007823
410252860 38438765
410253086 38438765 410068348 64007823
410372583 52298067 410252860 38438765
410383763 sleep_ago 407075347 38438765
410399995 45894834 410045425 38438765
410419460 38438765 410383763 sleep_ago
410419746 38438765 410399995 45894834
410420008 38438765 410372583 52298067
410422960 45894834 410419746 38438765
410476634 38438765 410422960 45894834
410522385 45894834 410476634 38438765
410925924 38438765 410522385 45894834
410939699 55300565
411021214 45894834 410925924 38438765
412775169 38438765 411021214 45894834
415346441 51147002
