407219982 65919457
407220022 maoyanlengleng
407221266 62354248
407221375 if_love
407221461 48569791
407225170 rabbitzfl
407225909 63311932
407226066 chiba12
407226296 42392106
409264532 53464934 407219982 65919457
409264815 53464934 407220022 maoyanlengleng
409264958 53464934 407221266 62354248
409265013 aqumengya
409265411 53464934 407221375 if_love
409265845 53464934 409265013 aqumengya
409276150 if_love 409265411 53464934
409276807 55542283
409279093 55422332
409280098 MAKIYOPANG
409320337 rockbabycat
409769002 runrunrabbit
409769582 58376309
416323174 53464934 409276807 55542283
416323377 53464934 409769002 runrunrabbit
416323472 53464934 409769582 58376309
416323648 53464934 409320337 rockbabycat
416354785 RabitAmen
416355198 2543166
416408249 liris
416530536 67001386
416922569 rockbabycat 416323648 53464934
