407354529 53281495
407358631 53281495
407359069 52328781
407359102 53281495
407362466 53281495
407364272 62232040
407364517 53281495
407365321 44323685
407365571 50590070
407365655 35259415
407366018 36806859
407366075 47740662
407366100 51775613
407366449 62612632
407366893 1918221
407366950 14025183
407367118 4104729
407367469 45300101
407367581 lovecanornot
407367593 2720724
407367878 53281495
407368310 7884263
407369838 Monkeychou
407369934 luckysusanyan
407370316 44377507
407370317 caylcyx
407370736 65838104
407370994 puccayun
407371677 53281495
407371708 4062899
407371996 51533831
407372068 6223552
407372074 57014545
407372206 52967821
407372371 53281495 407372068 6223552
407372723 2523870
407372798 3079236
407372823 notyouandme
407372900 lzxier08
407372962 53281495 407372723 2523870
407372977 pengyouhai
407373243 2153795
407373420 4062899
407373753 monkeyman
407374094 46043196
407374165 46042479
407374242 49346206
407374249 48869112
407374337 48869112
407374469 48869112
407375296 61315088
407375320 3436467
407375458 29453735
407375665 47453105
407375704 45936193
407376279 13084040
407376491 53281495 407374094 46043196
407376921 doris_teng
407377646 53281495 407375458 29453735
407378039 yingying128
407378172 bitchoney
407379589 53281495 407376279 13084040
407380101 53281495 407378172 bitchoney
407380641 13084040 407379589 53281495
407380962 4651610
407381771 48677000
407382043 bitchoney
407382151 Rona_Shen
407382359 53281495
407382595 53281495 407380962 4651610
407383223 zoeloveherself
407383233 sophiechxf
407383359 53281495
407384175 43105151
407384185 cemily
407385838 pengpeng_love
407386243 pima_y
407387249 53281495
407388391 63738178
407388592 63738178
407389960 53281495
407390162 MolinCheung
407391121 43679635
407391618 53281495 407390162 MolinCheung
407392222 54713564
407395942 4188593
407399381 Miki0622
407401379 53281495
407401773 53281495 407395942 4188593
407403486 53281495
407403488 nir5433
407404651 56501913
407405613 53281495
407406359 JjjjjjessicaLiu
407412538 4294514
407421271 62232040
407424359 51439903
407425067 56918467
407425968 48786558
407427789 vivian777
407911097 50811004
407911291 43003626
407914118 Suro-
407914763 5967678
407915472 61356901 407391618 53281495
407916586 3621546
407916599 3621546
407922480 flos
407934539 songk
407935035 16678998
407935403 sobitch
407937718 cassieluwho
407938232 50134248
407938839 58009573
407940996 yo_ly1989
407941906 myselflin
407941998 x-13
407944111 karrie19901207
407985840 2363758
407993056 4062899
407999780 8067119
408017089 64454830
408022749 53281495 407999780 8067119
408027475 mayo524
408029613 8067119 408022749 53281495
408053842 aprilwalnut
408060382 selavi 408022749 53281495
408061826 4182219
408072610 53281495 408060382 selavi
408072859 53281495
408074702 61429706
408077263 47387171
408090682 27690813
408094043 53281495 408077263 47387171
408094995 52124837 408022749 53281495
408095583 45894834
408096393 4212971
408096578 53281495
408097213 53281495 408095583 45894834
408102386 aixiaowa0504
408113487 50870784
408123368 45831112
408124580 53281495
408125730 superwe
408127159 53281495 408125730 superwe
408128621 60586682
408133193 43917205
408133825 54744835
408134091 fromsilence_M
408134483 fromsilence_M 408133193 43917205
408134484 53281495 408133193 43917205
408134865 53940613
408135522 53281495 408134091 fromsilence_M
408136401 35127708
408137129 fromsilence_M 408135522 53281495
408137828 43917205 408134484 53281495
408138059 43917205 408134483 fromsilence_M
408138180 53281495 408137828 43917205
408138756 53281495 408137129 fromsilence_M
408138813 43917205 408138180 53281495
408138943 fromsilence_M 408138059 43917205
408139253 53281495 408138813 43917205
408139406 43917205 408138943 fromsilence_M
408140767 youfengtang
408141039 fromsilence_M 408139406 43917205
408141542 43917205 408141039 fromsilence_M
408142450 fromsilence_M 408138756 53281495
408142522 fromsilence_M 408141542 43917205
408144471 40821070
408148800 60150262
408149465 48314832
408150048 57773330
408150748 2891996
408153518 vivianlovecat 408095583 45894834
408154203 60040392
408157001 moshui315
408158689 admire_dd
408159679 MentorJo
408160150 43621016
408164872 lianxiaohong
408165859 56168117
408170804 33278229
408178036 superwe
408203486 53281495 408148800 60150262
408203724 53281495 408164872 lianxiaohong
408204751 53281495 408140767 youfengtang
408206424 53281495
408207311 53281495 408027475 mayo524
408210365 lianxiaohong 408203724 53281495
408211039 chaoping
408211636 willowshaw
408211870 53281495
408213140 58930781 407391618 53281495
408213161 lianxiaohong 408211870 53281495
408216526 willowshaw 408203724 53281495
408216882 51121187
408219138 53281495 408213140 58930781
408220276 xiaojiuser
408221361 youfengtang
408223280 53281495 408221361 youfengtang
408443171 AW-LU
408443230 AW-LU
408445686 51185743
408446070 53281495 408443171 AW-LU
408448522 AW-LU 408446070 53281495
408451904 cicisun
408452051 53281495 408448522 AW-LU
408454882 53281495 408451904 cicisun
408455209 16892150
408456373 4062899
408456705 53281495 408455209 16892150
408456918 cicisun 408454882 53281495
408457087 yuhsi 408455209 16892150
408458231 youfengtang
408458616 youfengtang
408460983 16892150 408457087 yuhsi
408461267 16892150 408456705 53281495
408461549 58536324
408464651 AzurePetal 408022749 53281495
408465077 4060212
408465799 AzurePetal 408446070 53281495
408475719 52744397
408479529 4062899
408484101 42570768
408487206 4062899
408492230 4062899
408499712 53281495
408499721 51763986
408499958 53281495 408487206 4062899
408501335 53281495
408502160 53281495
408502162 45262459
408505997 53281495
408506874 53281495
408506987 53281495
408508027 ctt109141212
408511597 40571465
408513775 anita-77
408513990 51439903
408517165 36847010
408517297 ceynes
408520512 50355719
408521211 42025856
408521390 superwe
408523833 Vacancy_agoni
408526251 64845289
408527011 42570768
408530321 youfengtang
408531546 42570768
408533746 Vacancy_agoni
408534886 53454341
408536802 53454341
408540144 mierzuozuo
408547415 zzzzzn
408550363 42570768
408556705 44426590
408556803 zzzzzn
408558118 2796824 408072610 53281495
408561954 zzzzzn
408562235 42570768 408556705 44426590
408578739 superwe
408579057 3039393
408604102 50590070
408606710 51767312
408636838 4651610 408133193 43917205
408639148 4651610
408639746 3508469
408640020 42570768 408639148 4651610
408640436 46556711
408641096 51492602
408641497 4651610 408138059 43917205
408641996 4651610 408640020 42570768
408643250 42570768 408641996 4651610
408643588 4651610
408645301 4651610 408643588 4651610
408645678 gengz
408645832 4651610 408643250 42570768
408646358 songlsy
408646743 sysophie 407369934 luckysusanyan
408647428 42570768 408645832 4651610
408649343 48013577
408656478 4118592 408452051 53281495
408656771 4118592 408448522 AW-LU
408658032 4118592
408676948 44595742
408687853 jizi728
408688000 54354683
408719145 coldvoilet
408719916 65714072
408722615 56590506
408753909 OttoBanana
408764499 lemonberry
408767109 31300383
408767589 31300383
408773802 48343421
408832408 qiaoqiaosidiao
408865173 40864424
408874842 66051074
408883176 62599649
408883521 62599649
408884425 53281495
408885855 53281495
408886220 53281495 408527011 42570768
408886719 53281495
408887668 53281495
408888230 42570768
408888760 53281495 408604102 50590070
408889226 53281495 408646358 songlsy
408890774 53281495 408687853 jizi728
408891646 53281495
408892293 53281495 408753909 OttoBanana
408893300 53281495 408767109 31300383
408894054 2779212
408894289 53281495
408895714 wilmawang
408895745 53281495
408896242 53281495
408897709 53281495
408898590 53281495 408883176 62599649
408899052 42539119
408899581 53281495
408901036 53281495
408901792 pulapulla
408903112 42539119 408901036 53281495
408903775 45262459
408903828 superwe
408915498 seven000
408917787 45831207
408918294 puccayun
408934981 53281495
408935267 53281495
408935655 53281495 408915498 seven000
408936834 seven000 408918294 puccayun
408940213 seven000 408935655 53281495
408940535 4818747
408944090 guaipixiaojie
408946228 45039198
408951454 53281495 408940535 4818747
408951837 53281495 408940213 seven000
408952211 53281495 408944090 guaipixiaojie
408955561 55782192
408957887 53281495 408955561 55782192
408958352 50831981 408072610 53281495
408958614 4818747
408958967 65370041
408959511 53281495 408958352 50831981
408959622 agnesshu1
408959668 53281495 408958614 4818747
408959990 jane5an-
408961274 53094431
408961308 53281495 408959622 agnesshu1
408961373 53281495 408958614 4818747
408961457 53281495 408958352 50831981
408962260 farewell0510
408962712 50831981
408963002 50831981
408963152 50831981
408963295 51716983
408964295 nansila
408965749 57655954
408974516 irisduoduo
408977182 Milk123 408957887 53281495
408989875 qiaoqiaosidiao 408895745 53281495
408998092 60817341
409001540 51112699
409002045 seven000
409002507 39833775
409002624 dearmia 408918294 puccayun
409003069 selavi
409003431 dearmia 409002045 seven000
409005208 seven000 409002624 dearmia
409006678 seven000 409003431 dearmia
409008407 dearmia 409005208 seven000
409014501 dingding6002
409023945 46277260
409031459 sui_time
409032116 3828606
409049312 37469700
409049317 37469700
409049372 53281495 409031459 sui_time
409050676 38192972
409057413 1866794
409065084 hellodaylight
409066074 guaipixiaojie 408952211 53281495
409076484 dingding6002
409076879 miki_Yu
409077411 echo_magic
409077452 jizi728 408890774 53281495
409078879 enjoyYClee
409080421 4535865
409105281 39833775
409109593 10089815
409114728 4486266
409121740 1866794
409127796 qiaoqiaosidiao 408989875 qiaoqiaosidiao
409128776 48558806
409130332 39833775 409121740 1866794
409133088 62716507 408072610 53281495
409158972 60817341
409165495 39833775
408223345 50811004
408223422 53281495
408223564 mayo524 408207311 53281495
408223569 53281495 407911097 50811004
408224579 2523870
408225240 50836265
408229040 53281495 408225240 50836265
408231240 4202007
408233973 53281495
408235654 xiaojiuser
408236561 fish_
408237386 48152760
408238089 53281495 408223564 mayo524
408241836 60150262 408203486 53281495
408252821 turandot1224 408134484 53281495
408253624 lisa_shen
408254405 53281495
408258683 delilah1019
408260206 delilah1019 408072610 53281495
408261583 48928848
408263015 46838989
408264467 59600451
408264782 52296796
408265429 3939398
408267689 42570768
408268576 52769246
408273128 45894834
408273694 45894834 408154203 60040392
408274626 53281495 408263015 46838989
408275157 53281495 408258683 delilah1019
408276924 53612827
408277017 inearlysummer
408277202 hanzey
408280295 60040392
408283330 34205068
408287721 needshe
408288294 51640129
408291792 57588040 408022749 53281495
408294052 60093251
408295620 3558942
408296107 qyschloe
408297945 50841940
408297993 48579433
408298408 40562769
408298752 happyhappyhappy
408298867 happyhappyhappy
408300001 42570768
408300836 wbha
408302119 61539906
408306549 43225797
408310712 shmily362
408312746 dorocat
408325341 42419628
408332033 51282785
408335323 Yirrit
408339495 45831112 408124580 53281495
408342316 Gracelu
408344825 50675789
408346496 45894834 408280295 60040392
408357837 53281495
408358152 53281495 408280295 60040392
408358577 53281495 408280295 60040392
408367746 53281495
408369622 delilah1019
408371781 61429706
408375884 62507854
408376902 53281495
408381209 52124837 408149465 48314832
408382812 50355719
408384578 pianziyatou
408387794 superwe 408206424 53281495
408388007 superwe 408384578 pianziyatou
408389363 50355719
408390695 61429706 408376902 53281495
408395630 ggyyjjww
408398272 62599649
408400525 xiaomenkou
408407929 60040392
408413003 jennylyf
408413061 53281495 408389363 50355719
408413497 53281495 408387794 superwe
408415982 59228548
408428981 53281495
408430255 4062899
408430694 53281495
408430952 53281495
408432665 4062899
408433198 53281495
408434095 4062899
408436401 53281495 408434095 4062899
408436721 4062899
408436739 51083058 408216526 willowshaw
408439501 AW-LU
408440309 58536324
408440705 58536324
408440821 53281495 408440309 58536324
408441098 53281495
408441472 yuhsi
408441770 53281495
408441872 53281495 408441472 yuhsi
407431588 3968865
407431706 3968865
407442666 4651610
407443854 nicherrysure
407451806 karenbabyY
407453741 46916197
407454753 yeyecrab
407455098 53117959
407456307 66511912
407457179 62622915
407458090 1378641
407459614 53281495
407459953 aiam
407460369 lemon1991
407461733 53281495
407466235 52631726
407466834 66870895
407469275 56609354
407470790 66800964
407476448 62622915 407466834 66870895
407478052 3883741
407479017 dorocat
407481690 53361133
407500211 2591093
407503742 jkx
407505246 40571465
407511927 I-am-CQ
407522463 52124837
407529142 46372650
407531189 41887831
407535605 lucycathy
407548917 52486373
407554299 49800942
407556689 erina_4every
407558550 Minan
407560844 aikocarmen
407561428 55787367
407566104 youfengtang
407566414 66878709
407617404 43377128
407625604 60300606
407627686 SophVeU
407629421 naihemomo
407633289 34167679
407636652 scarlett528
407670682 4482375
407672276 pima_y 407388592 63738178
407684801 4188593
407687570 konasherry
407688297 4188593
407702003 53281495
407702615 53281495 407424359 51439903
407703072 51439903 407702615 53281495
407705124 53281495 407442666 4651610
407705285 28510459
407705472 53281495 407457179 62622915
407706004 myth1993
407707380 53281495 407481690 53361133
407708397 36333015
407708600 53281495 407627686 SophVeU
407709862 53281495 407705285 28510459
407711385 53281495 407684801 4188593
407711848 4651610 407705124 53281495
407712392 53281495 407688297 4188593
407712618 4651610 407705124 53281495
407714227 53281495 407711848 4651610
407717345 53281495 407712618 4651610
407717899 63738178 407672276 pima_y
407719441 Seeless
407723172 blodles
407724659 amelialee_0703
407731678 60879959
407732973 kjkljl
407742142 53281495
407743810 4188593 407742142 53281495
407750431 53281495 407743810 4188593
407751256 53281495 407742142 53281495
407751351 queenlolo
407771939 everstone
407779195 53281495 407771939 everstone
407780493 everstone 407779195 53281495
407787629 53281495
407790971 everstone
407793176 52264748
407795275 4118592
407817710 zzzzzn
407830617 SophVeU
407842325 59480704
407847165 62677158
407852861 50260997
407858836 53281495 407842325 59480704
407859869 53281495 407830617 SophVeU
407867405 zzzzzn
407868578 superwe
407873928 missif
407876102 40571465
407893251 loveviviantong 407453741 46916197
407893401 53281495 407867405 zzzzzn
407897030 62244322
407911032 flyingbirdlee
411993665 3883741
411993754 50811004
411993804 3883741 407911097 50811004
412005780 2501927
412006482 50831981
412007758 53281495
412010210 50831981 412007758 53281495
412010382 50831981
412012245 53281495
412031750 45673649
412036335 freeze82
412039781 45281430
412047224 60701686
412048001 53281495 412047224 60701686
412050353 bokaboer1120
412051430 53281495 412050353 bokaboer1120
412085153 54138869
412089981 50849470 412051430 53281495
412091269 53281495 412089981 50849470
412092559 50849470 412091269 53281495
412096885 53281495 412092559 50849470
412107956 46755556
412122105 elaine1024
412174801 45673649 412051430 53281495
412178413 62155957
412196531 RanceYinYin 407707380 53281495
412223215 61429706
412231279 41965273
412237475 62155957 412196531 RanceYinYin
412242100 RanceYinYin
412247387 2247575
412278644 53281495 412242100 RanceYinYin
412278857 53281495
412280360 53281495
412281143 41965273 412278857 53281495
412294897 olsoncat 407387249 53281495
412316423 61429706
412317483 RanceYinYin 412278644 53281495
412318023 53281495
412324162 61429706
412326352 53281495 412324162 61429706
412332068 61429706 412326352 53281495
412343426 37342864
412344567 53281495 412343426 37342864
412344878 53281495 412317483 RanceYinYin
412347957 huisiumui
412349820 3191661
412350718 RanceYinYin 412344878 53281495
412354813 53281495
412355311 34329436 412344878 53281495
412358215 RanceYinYin 412354813 53281495
412361790 66572887
412362709 53281495 412361790 66572887
412363159 55781105
412364915 56572992
412365026 56572992 412362709 53281495
412365060 53281495
412366112 34329436 412365060 53281495
412366185 lovepeach
412366729 53281495 412366112 34329436
412367445 34329436 412366729 53281495
412368918 37342864 412344567 53281495
412370136 Iris_1988
412370355 53281495
412383989 papamo
412384502 papamo
412401881 densirenji
412413600 59503095
412417073 45273398
412417874 45273398
412421694 53281495 412384502 papamo
412422131 53281495 412417073 45273398
412426330 45273398
412427372 dorocat
412428549 53281495
412435070 dorocat
412435971 QQ214
412438779 53281495 412435971 QQ214
412440231 QQ214 412438779 53281495
412441275 53281495
412450338 papamo
412453960 53281495 412450338 papamo
412454423 53281495
412466771 41714022
412471830 dorocat 412454423 53281495
412476407 53281495 412471830 dorocat
412488467 50613077
412492322 17030443
412494076 53281495
412496885 17030443 412494076 53281495
412497190 52471140
412498402 53281495 412496885 17030443
412499850 LillianLeelll
412500910 xuexiaoxiaowa
412500990 xuexiaoxiaowa
412504871 crazycat86
412513015 2791408
412588237 gegeyang
412591965 51767312
412592191 vivi.d
409524866 tuttirrr
409525788 53281495
409526260 53281495
409526800 AzurePetal 408499712 53281495
409527285 53281495
409528018 53281495
409528252 50831981
409528847 53281495
409529948 66224322 408959511 53281495
409531229 53281495
409531656 55925442
409532194 53281495
409532218 echo_magic 409527285 53281495
409533486 53281495
409534540 53281495 409532218 echo_magic
409536382 53281495
409537954 echo_magic 409534540 53281495
409538602 53281495
409539984 53281495 409537954 echo_magic
409540393 sumoran
409542864 echo_magic 409539984 53281495
409545319 60817341
409549244 55915230 408138180 53281495
409550456 54470430
409556649 67036679
409560657 67036679
409571393 aboutUs
409575738 S-Daisy
409576754 aihuyue
409583818 56000841
409584214 10177847
409593015 56055792
409596460 56151968
409598811 guaigugu
409599305 1487394
409603952 44412443
409604086 tiffanyYUYI
409610708 freja_ylr
409620141 DeepThroat402
409620619 liudian0821
409623525 luckysusanyan
409626533 57867638 407830617 SophVeU
409626734 57867638 408216526 willowshaw
409626985 60110752
409639017 sysophie 409623525 luckysusanyan
409645138 cookieaibonbon
409647820 aiyaogun
409671511 azurejj
409679535 67036679
409680036 5364376
409681994 38728809
409684485 67036679
409686048 67036679
409686928 samisvii
409699240 39049408
409717171 xiarilin
409739349 56876466
409753356 liliho
409764311 53281495
409765109 53281495 409753356 liliho
409766499 53281495 409686048 67036679
409769306 53281495
409769983 53281495 409671511 azurejj
409770364 53281495 409626985 60110752
409770538 49004150
409774790 64853931 407376491 53281495
409780578 sawakoluvian
409781623 53281495 409545319 60817341
409781820 53281495 409770538 49004150
409783009 49004150 409781820 53281495
409783715 53281495
409784554 53281495 409540393 sumoran
409788767 2543166
409790288 53281495 409788767 2543166
409791567 2543166 409790288 53281495
409792056 53281495 409791567 2543166
409793458 2543166 409792056 53281495
409799686 43514072
409803356 50890868 408072859 53281495
409804286 64663672
409804781 liujing107
409806445 azurejj 409769983 53281495
409812016 1170710
409813737 67036679 409769306 53281495
409814097 asuka321
409817686 1866794
409818533 sungnie
409819183 51112699
409820158 30830283
409820814 30830283
409832340 52598698
409834976 54470430
409845140 47315395
409847028 67036679
409860539 47724418
409865919 55713818
409877164 3831805
409917357 4118592
409924056 miqiucherry
409925013 givenchy_
409165594 59811530
409173509 flos
409208225 superwe
409209916 53281495 409005208 seven000
409212124 53281495
409213601 53281495 408989875 qiaoqiaosidiao
409214559 53281495 409066074 guaipixiaojie
409215006 53281495 409031459 sui_time
409216015 53281495
409218502 53281495
409218671 Laofucius
409219143 53281495 409076879 miki_Yu
409219715 53281495 409078879 enjoyYClee
409220904 53281495
409221195 53281495 409133088 62716507
409221740 53281495 409173509 flos
409223321 sui_time
409223745 pengpeng_love
409224392 53281495
409224567 34047716
409226672 58176465
409227276 53281495 409223745 pengpeng_love
409228402 53281495 409223745 pengpeng_love
409229502 53281495 409223745 pengpeng_love
409231637 50585487
409231811 miki_Yu 409219143 53281495
409232967 figo508
409233847 cooper_j23
409235743 53281495
409236015 22418503
409237418 zhiaiJs
409239284 54473467
409239534 Vash.
409240585 xufan19821982
409242327 50846052
409243308 miaomiaozi
409245112 guaipixiaojie 409214559 53281495
409248735 flos 409221740 53281495
409248872 48550760
409251024 65695929
409253620 sui_time
409254964 2539716
409258971 bocimakeit
409264350 Selene_90 408895745 53281495
409264496 sumoran
409280664 day_day_dream
409284563 51037768
409287672 67036679
409289527 55002116
409292993 55002116
409296614 carmenfan 408428981 53281495
409296915 drenched
409298296 imsunflower
409300718 53676692
409301965 54005754
409306229 1866794 409212124 53281495
409307849 1866794 409208225 superwe
409311611 oversoul7
409312643 Mealie 407372962 53281495
409323620 65714072
409323821 echo_magic
409325393 shinjiseek 409219143 53281495
409330298 qiaoqiaosidiao
409333463 imluckyholly
409338791 34329436 408203486 53281495
409343306 39833775 409307849 1866794
409344786 39833775 409220904 53281495
409345723 59600451
409350051 50590070
409366508 47724418
409366650 56590506
409367264 likegreen
409371373 53281495
409389157 2651917
409404311 67036679
409411634 dingding6002 409216015 53281495
409419662 suso_w
409424284 4157067
409433426 62570417
409434107 48369897
409441995 54470430 408072610 53281495
409444542 50831981
409446536 52457810
409452358 50831981
409453565 luckysusanyan
409457721 54470430
409463576 luckysusanyan 408646743 sysophie
409464195 3883741 409371373 53281495
409465174 50831981
409469506 sysophie 409463576 luckysusanyan
409469735 alaskan
409478710 47400155
409483810 superwe 409307849 1866794
409518789 53281495 409264496 sumoran
409941865 47145910
409947259 60110752 409770364 53281495
409520413 53281495 409306229 1866794
409949975 46202476
409951048 ssdysyyy
409521391 53281495 409323620 65714072
409951608 49209855
409521613 62570417
409952123 mmdmdd
409522289 48638468 409521391 53281495
409953486 guorong29
409523116 nitayan
409957851 whenballoon 408206424 53281495
409523117 53281495 409306229 1866794
409958821 14405187
409959720 powderblue
409965864 travellelee 407391618 53281495
409971356 2871562
410000788 62485062 407364517 53281495
410001375 62485062 409965864 travellelee
410017304 50186880
410035683 51492602
410036853 43300276
410042950 guochi
410044333 31559524
410047645 1866794 410035683 51492602
410047939 yo_ly1989
410051099 50062390
410057882 absolutelytff
410065402 16678998
410083052 meery52
410085553 bettyvicious
410092522 51492602 410047645 1866794
410116140 ssdysyyy
410126197 50890868
410376753 qiaoqiaosidiao
410378282 49675921 407522463 52124837
410378459 taotaobabyl 408206424 53281495
410379537 taotaobabyl
410380607 18392648
410385094 52507108
410389953 46143324
410391944 36647250
410402043 52124837 410378282 49675921
410403317 49675921
410408573 vivianlovecat 410379537 taotaobabyl
410415066 45767521
410421534 52124837 410403317 49675921
410432406 49675921
410434755 Sexyeyes
410434997 43296377 408072610 53281495
410440464 20148878 408072610 53281495
410442972 1192709
410458504 44143839
410464782 3633568
410471244 lizhitaoer
410495992 44120419
410529595 2406325
410560208 saberdarkness 409814097 asuka321
410564560 asuka321
410570702 3992054
410591606 4619450
410591737 4619450
410592498 moboard 407362466 53281495
410593258 taotaobabyl
410593981 miqiucherry
410598377 miqiucherry
410602299 venla 408022749 53281495
410606494 zzzzzn
410611040 Lacire
410614688 zzzzzn
410614978 lqxqx
410622139 63906298
410645429 taotaobabyl
410676455 ailianrose
410703080 53612827 410592498 moboard
410725506 dorocat
410725541 51388889
410818598 27986567
410821448 47636857
410825067 50186880
410827620 47636857 408022749 53281495
410834443 51863100 408300001 42570768
410841775 49207328
410843222 50970836
410843965 58002348
410845607 47636857 410047939 yo_ly1989
410845720 yo_ly1989 410845607 47636857
410849466 47636857
410854944 vivianlovecat 410645429 taotaobabyl
410866553 53281495
410866865 47636857 410866553 53281495
410875422 64594907
410965010 63906298 410825067 50186880
410992379 taotao9426
410992769 grs1992
411029511 27986567
411030709 60093251
411047520 61937575
411053862 mizizi
411066380 darkight
411068764 yuciyuci
411068997 yuciyuci
411072397 3179687 408223280 53281495
411081544 baby119
411082812 yield120 408072610 53281495
411084111 2727740
411098131 51549108
411105884 2817624
411107669 37342864
411177737 aaaaaxiba
411178898 aaaaaxiba
411180646 65079212
411181889 62599649
411184950 60701686 408072859 53281495
411188176 49968854 410092522 51492602
411188961 64725014
411191170 60701686
411212605 61429706
411213361 61429706
411245135 65546673
411250330 4118592 411212605 61429706
411252960 koisumi 407382359 53281495
411253697 mimikoooo 407391618 53281495
411275743 4698378
411279481 gegegreen
411288612 35589238
411297329 conejo
411350148 2047038
411361214 62155957
411373800 67224113 411350148 2047038
411469137 44157497
411470049 64594907 410866553 53281495
411472648 62155957 408060382 selavi
411475694 1866794
411480676 2501927
411484028 nodamelovejogi
411495475 37342864
411526200 49968854 411475694 1866794
411527149 49968854
411528448 49968854 411350148 2047038
411530317 mizuki11
411531331 41090444
411549799 51767312
411559813 1308958
411569171 45236542
411582985 48677000
411590081 2585541
411603977 40571465
411616108 2501927 411527149 49968854
411617218 2501927
411619504 liyuyan
411643385 losingway
411731451 49968854 411616108 2501927
411737660 50101825
411743627 31957021
411746826 63310078
411749553 44027156
411760621 APRILKA
411763179 63626619
411765306 luluxim
411765847 zerozaki_kagami
411768835 51065070
411773263 2986789
411775864 51720757
411783287 42430874
411785047 58751992
411807688 3883741
411834227 29262650
411847456 61429706 411250330 4118592
411875532 53281495 411847456 61429706
411877240 53281495
411877967 53281495 411603977 40571465
411878605 53281495
411878826 53281495 411582985 48677000
411879454 53281495
411880362 53281495
411880632 53281495 411178898 aaaaaxiba
411880827 51767312
411881436 53281495 411549799 51767312
411881592 53281495
411882250 53281495 411191170 60701686
411883243 53281495
411885822 53281495
411890248 53281495
411890553 53281495
411891482 mizuki11 411885822 53281495
411894932 53281495 411891482 mizuki11
411898168 62155957 411890248 53281495
411901985 53281495
411902973 52544152
411904060 62155957
411907344 60093251
411909076 53281495 411907344 60093251
411924337 60093251 411909076 53281495
411941329 weiyuhang
411963500 52365801
411966015 huohuoa
411980149 mizuki11 411894932 53281495
411985374 51767312 411881592 53281495
411986138 51767312 411890553 53281495
411987735 luluxim
411993372 3883741
411993539 3883741
411993599 3883741
411993649 50811004
412593815 4118592
412596833 2035549 408203724 53281495
412632805 53281495 412588237 gegeyang
412633111 53281495 412593815 4118592
412633860 jissmlyn
412634203 53281495 412591965 51767312
412635015 41965273 412278857 53281495
412637715 4118592 412633111 53281495
412641915 gegeyang 412632805 53281495
412649863 53281495
412653318 53281495 412641915 gegeyang
412655420 53281495
412655830 67387190
412658084 61429706
412660667 53281495 412655830 67387190
412661418 61613184
412662820 61613184
412663575 53281495
412663708 4118592 412649863 53281495
412667084 61613184
412685163 65870767
412686393 53281495
412687715 53281495 412667084 61613184
412687726 51767312 412634203 53281495
412689466 53281495 412687726 51767312
412710518 futangzhi
412710762 53281495 412710518 futangzhi
412727164 67387190
412738525 65221419
412770503 53281495 412738525 65221419
412772757 syaokun
412778801 47546544
412780433 47546544
412784118 53281495 412778801 47546544
412788896 41965273 412655420 53281495
412795868 57334556
412802190 52544152 408959511 53281495
412803049 52544152
412807798 41965273
412808780 2047038
412820499 47546544
412820868 47546544 412784118 53281495
412821484 49968854 412641915 gegeyang
412821766 AMNTM
412822430 Cecila-Dream
412823364 49968854
412823902 53281495 412822430 Cecila-Dream
412824893 53281495
412825265 53281495 412803049 52544152
412825295 Cecila-Dream 412823902 53281495
412825774 53281495
412825975 jiangz 408233973 53281495
412827685 53281495
412828534 gegeyang
412829304 53281495 412825774 53281495
412833726 Chopin_mo
412843348 57334556 412829304 53281495
412848443 48760614
412854393 52544152 412825265 53281495
412865440 sumi_chan
412865937 sumi_chan
412878721 47546544 412827685 53281495
412881796 53281495
412883395 53281495
412884460 53281495
412884737 53281495
412888049 49968854
412888951 53281495
413937748 54592029 407897030 62244322
412889975 dj0823
413938606 54592029 408095583 45894834
412891547 66265968
413938788 xIElI123450218
412896682 shuzhanyan
412897957 52699590
413939570 54592029 408139406 43917205
412905924 tiffanyYUYI
413952061 53281495
412907677 53281495
413968734 aafish
412909977 tiffanyYUYI
413972276 60731824
413980849 3420291
412911040 53281495
412912225 51967260
413982260 dearmia
412913025 tiffanyYUYI
413996912 50746728
414087704 47346341
412913846 53281495
414104133 53281495
412915541 53281495
414105188 53281495
412916643 luxem_horse 412915541 53281495
414105942 59232297
412917981 4055015 408072610 53281495
414107262 57756770
412918342 luxem_horse
414107951 53281495
412926044 55604491
414111860 fishshuo
412932807 kjkljl
414112839 55482911
412935015 48091159
412938548 okiasa
414122920 60185129 414112839 55482911
414125554 rosypoppy
414173315 41714022
414302360 50590070
412998280 1463587
414308519 63747812
414311071 4398171
413000609 ccat 407401773 53281495
414369014 51578880
413003935 ccat 407711385 53281495
414371751 42085738
413025393 65221419 412770503 53281495
414372439 eeyoreyer
414373290 42299157
413038696 53281495 413025393 65221419
413039138 53281495
414425582 1866794 413968734 aafish
414460823 51767312
413040106 53281495
413041966 48091159
414464316 53281495
414464453 53281495
413043681 53281495
413043748 48091159
414464952 53281495
413044739 53281495 413043748 48091159
414465240 53281495
413047695 53281495 412998280 1463587
414465457 53281495
413047755 53281495
414465847 53281495
414466775 53281495
414467291 53281495
414467702 53281495
414468086 53281495
414468602 huisiumui 414464316 53281495
414468909 53281495
414469128 53281495 414468602 huisiumui
414470117 53281495
414470490 huisiumui 414469128 53281495
414470718 53281495
414471047 53281495 414470490 huisiumui
414471340 huisiumui 414471047 53281495
414472395 53281495 414471340 huisiumui
414472883 53281495 413938606 54592029
414473305 53281495 414087704 47346341
414473874 cat_yr
414474209 sinlish 408022749 53281495
414474259 53281495 414460823 51767312
414474805 4361496
414474939 53281495 414369014 51578880
414476077 53281495 414474805 4361496
414476778 53281495
414477033 Doorknob
414477092 53281495 414111860 fishshuo
414477952 53281495 414105942 59232297
414479993 51578880 414474939 53281495
414480660 47695961
414482077 53281495 414479993 51578880
414484466 51578880 414482077 53281495
414484860 53281495 414484466 51578880
414488141 31133289
414489315 54592029 414472883 53281495
414490176 ccccoy
414490358 ccccoy
414492774 53281495 414490176 ccccoy
414494561 49198106
414496609 51140843
414500241 51578880 414484860 53281495
414500883 53281495 414500241 51578880
414504372 67017384
414504795 51578880 414500883 53281495
414504917 53281495 414504372 67017384
414505543 53281495 414504795 51578880
414508399 ccccoy 414492774 53281495
414508905 46916796
414509639 45105602
414510543 missorz
414512783 m1ssfe1
414513154 51578880 414505543 53281495
414513327 53281495 414508399 ccccoy
414514137 53281495 414512783 m1ssfe1
414515826 27407506
414517000 Year_n
414548574 ccccoy 414513327 53281495
414566101 51767312 414474259 53281495
414566656 53281495 414566101 51767312
414566834 53281495 414548574 ccccoy
414567313 53281495 414515826 27407506
414567968 53281495
414568210 53281495
414568714 53281495
414570399 4654933
414571121 53281495 414570399 4654933
414573313 51767312 414566656 53281495
413047797 53281495
413057430 1463587
413058342 53281495 413057430 1463587
413063481 nomoregrace
413064428 53281495
413064810 53281495
413065344 60817341 413064428 53281495
413065636 53281495 413065344 60817341
413084728 49968854
413086385 58541618
413090389 40970497
413103188 48615709
413104138 rosemarys
413124093 sumi_chan 412881796 53281495
413127061 50831981 413064428 53281495
413127659 50831981 413065344 60817341
413149719 48615709
413161778 47919241
413201100 52544152
413203551 prisoner6
413213367 50831981
413226364 48760614
413227617 58174737
413244659 53281495 413226364 48760614
413246140 futangzhi
413248974 53281495 413246140 futangzhi
413250083 53281495
413266798 3500792
413270184 3107478
413271985 luxem_horse
413272383 luxem_horse
413288215 51070756
413292052 golf1986
413299001 53281495 413272383 luxem_horse
413304381 51070756
413305631 53281495
413305705 53281495 413304381 51070756
413313757 2000757
413325188 50831981 413313757 2000757
413327822 lucan110
413332216 45019882
413352346 2000757 413325188 50831981
413398440 54381630
413422608 3107478
413495262 4361496
413496324 J_E
413519880 53281495 413495262 4361496
413520540 53281495 413422608 3107478
413520813 53281495 413313757 2000757
413521483 3107478 413520540 53281495
413522057 53281495 413521483 3107478
413522405 lovexuanbin
413522562 3107478 413522057 53281495
413526740 jeffery-lau
413527206 53281495 413526740 jeffery-lau
413539429 47442629
413548625 lygzhangnan
413550611 47546544
413568780 shoutingyu
413570718 3170396
413579248 60817341
413584318 3063561
413595553 xianwawa
413636541 51767312
413636960 jeffery-lau 413527206 53281495
413637195 1504505
413662734 45262459
413664322 53281495
413665037 miantuaner
413665459 53281495
413665935 53281495 413662734 45262459
413669507 45262459 413665935 53281495
413671823 darkight
413679741 47546544 413550611 47546544
413681076 53281495
413687461 53281495 413550611 47546544
413687606 53281495
413706823 57334556
413711620 57334556
413735601 huisiumui 411878826 53281495
413746863 3883741
413748237 45262459
413766079 3107478
413794070 63656796 412012245 53281495
413819414 carosff
413820579 53495844
413823245 3883741
413823340 3883741
413831051 59765953
413836468 53791315
413860072 self-identity
413864544 chendabiao
413875371 2543166
413896095 64993053
413900388 4361496
413904524 58944777
413920448 41903818
413929398 60185129
413936224 54592029 407387249 53281495
413936635 60185129
415170967 3107478
415210084 58024389
415250048 50890868
415250500 27407506 413065344 60817341
415255464 fishshuo
415267760 43511158
415272362 orianaspeak
415278260 47546544
415279590 59165174
415292694 44789628 408060382 selavi
415298189 50545152
415307213 50545152
415328811 day_day_dream
415332547 14662921
415351003 50881450
415353935 53281495 415351003 50881450
415354137 53281495
415354935 31465488 415353935 53281495
415357034 53281495 415278260 47546544
415357523 53281495 415354935 31465488
415360319 tiffanyYUYI
415360634 53281495 415360319 tiffanyYUYI
415361161 53281495
415362317 53281495 415250048 50890868
415362629 53281495 415210084 58024389
415371634 fishshuo
415373183 veracl
415379227 alice1021
415379392 51361664 407401379 53281495
415382177 53281495 415379392 51361664
415394736 47546544 415357034 53281495
415395826 53281495 415394736 47546544
415399005 54737488
415405098 qianqian_tang
415412303 58395043
415432774 lanran3226
415440438 Lee---
415462222 58750621
415462867 58750621
415465215 61945134
415465730 leolennon
415487477 orianaspeak
415488046 59808957
415489235 59808957 415382177 53281495
415495574 4118592
415496482 qicocoa
415498284 58750621
415508126 saoirse
415508938 saoirse
415512330 52927349
415513819 46143324
415515466 67394295
415522013 47161791
415528106 49062547
415528855 53281495 415513819 46143324
415529016 60093251 415395826 53281495
415529349 53281495 415522013 47161791
415529779 53281495
415535096 31465488 415529779 53281495
415536038 saoirse 415529779 53281495
415537639 37371516
415541214 52365801
415544217 yimicoco
415554605 51517544
415555584 53281495
415562704 52838017
415574805 rala
415577493 53281495
415615368 52365801
415636741 46143324 415528855 53281495
415645280 48760614
415649271 49062547
415650807 shiwenjing1028
415652556 rala 415577493 53281495
415656843 4225253
415657919 minminmin
415658350 imlittlehana
415658405 46143324 415528855 53281495
415667144 53281495
415667404 53281495 415658405 46143324
415671157 45105660
415695479 58750621
415695929 rala 415671157 45105660
415698435 58897359
415699854 54921007
415709413 53281495 415671157 45105660
415709776 53281495
415758047 46639609
415710416 53281495 415695479 58750621
415713311 53281495 415695479 58750621
415766052 45105660 415709413 53281495
415713962 53281495
415766603 45105660 415695929 rala
415771288 48603447
415717201 53281495
415781850 58813561 408072610 53281495
415717723 53281495 415658405 46143324
415785139 41384461 415781850 58813561
415786438 bbbobby
415718162 53281495
415796167 48091138
415719877 53281495
415829076 46143324 415717723 53281495
415720820 53281495
415721380 53281495
415830468 50890868
415721458 53281495
415833182 BigDeNiro
415839266 57944219
415722144 49062547 415718162 53281495
415861100 58813561 408456705 53281495
415738097 41384461 413047755 53281495
415866273 chadesiel
415745187 31465488
415873361 chadesiel
415875004 chadesiel
415875088 hananqi
415879397 4482375
415881703 chadesiel
415899682 54921007 415717201 53281495
415908957 58813561
415910862 40399720
415925759 yimicoco 408300001 42570768
415926587 yimicoco 408367746 53281495
415930012 58813561
415952761 58813561
415988614 58897359 415713962 53281495
416020797 53281495 415988614 58897359
416033307 orianaspeak
416056280 53281495 415952761 58813561
416056738 53281495 416033307 orianaspeak
416057479 53281495
416058172 53281495
416058616 53281495
416059991 53281495
416060207 58813561 416058172 53281495
416060800 53281495 415879397 4482375
416061249 31465488
416061419 53281495
416062348 58813561
416063020 31465488 416061419 53281495
416063432 53281495 416062348 58813561
416064737 58813561 416063432 53281495
416065769 laodaowang
416068112 53281495 416064737 58813561
416068606 53281495
416069960 31465488 416068606 53281495
416070736 54921007
416071703 53281495 416069960 31465488
416076064 54921007
416082195 53281495
416084552 51767312
416939801 2401797
416086261 37338009
416940731 kelkef
416088134 hangingaround
416098816 54921007
416101271 sunwight
416951379 aiyunque
416112623 4482375 416060800 53281495
416112938 62263206
416952311 53281495
416116958 buddytoo
416952505 57819091
416137735 48091138 416059991 53281495
416138190 53281495 416112623 4482375
416952812 53281495 416940731 kelkef
416138780 dearmia
416954365 53281495
416139167 53281495 416138780 dearmia
416955924 53281495 416939801 2401797
416140987 53612827
416960916 kelkef
416142479 36853493
416964029 3066885
416143776 36853493
416145191 dearmia
416964454 53281495 416964029 3066885
416146988 kjkljl
416965095 52365801
416147590 66612866
416965384 53281495
416149768 36853493 411890553 53281495
416965440 52365801
416158527 croyn
416160184 fuye813
416967120 53281495
416160290 fuye813
416967610 52365801
416967817 41595553
416160978 fuye813
416970405 53281495 416967817 41595553
416163303 yingbao
416977930 52365801
416164714 4118592
416978492 37082824
416166028 kentrell
416982026 dearmia
416169791 w44
416169932 geegeegeegee
416984613 nitayan
416177125 44412900
416984976 nitayan
416177685 67245216
417003643 w44 416954365 53281495
416178586 baimeiqiu
416189312 PanPlusone
417043672 63666855
417083971 48760614
416189639 kalanlaqi 408072610 53281495
417098873 53281495 417003643 w44
416191408 49811336 407705124 53281495
416191486 49811336
417099945 53281495
416229843 48152760
417104605 48760614 417099945 53281495
416239357 63959627
416252964 2543166
417104818 48760614 417099945 53281495
416259487 halobeauty
416262215 66541005
417105953 53281495 417104605 48760614
416274648 2810760
417138127 cherry.cherry
416278828 xian0218
417138952 cherry.cherry
417140869 wangyinqiu
416281012 53281495 416229843 48152760
417176415 36420587
416292044 50065824
417189751 janetniu
416292122 57910481
417195540 w44
416292153 57910481
417200394 49891926
416297532 48152760 416281012 53281495
417203711 ttlbb
416297666 48152760 416281012 53281495
417205623 48760614 417105953 53281495
416300000 53281495 416297666 48152760
417209365 sosilkke
417239794 w44
417286671 aiyunque
417305609 4361496
417318726 44107627
417327865 janetniu
417758314 Cuseeme
417779041 3055263
417824350 58285755 408138180 53281495
417828816 33635010
417829566 33635010
417863649 49148854
417913645 3844296
417918468 27407506
417957648 53281495
417959282 53281495 417829566 33635010
417960159 53281495
417961145 53281495 417138952 cherry.cherry
417963210 53281495 417189751 janetniu
417963669 53281495
417964445 53281495
417964866 53281495 417195540 w44
417969625 53281495
416304202 48152760 416300000 53281495
417969867 62311285
416304326 kuguachaojidan
417969871 janetniu 417963210 53281495
416305211 53281495 416304202 48152760
417970873 53281495 417969867 62311285
416306820 53281495 416304202 48152760
417971209 53281495 417969871 janetniu
416322536 48152760 416306820 53281495
417971857 53281495
416322732 asixia
416323348 53281495 416322536 48152760
417972578 cherry.cherry
416324022 45174745
417972580 53281495
417978772 42570768
417981804 ttlbb 417969625 53281495
417984415 33635010 417960159 53281495
416327264 63959627
418021720 51361664
416347907 xiangbuchu
418026975 62446162
416348281 53281495 416327264 63959627
418040596 Cuseeme 417964445 53281495
416348571 53281495
418044474 vvivvi
418054067 36420587
416349100 53281495
418061048 kelkef
416355608 jennifer-nj
418062730 kentrell
416361391 chengzigy
418066194 53281495 418054067 36420587
416372816 sunvee
418076389 hellokatrina
416374431 XIANGXIANG611
418077447 53281495
416399369 63666855
418084166 65933701
416400644 51452767
418092025 happeness
416400807 52903651
418092121 woaotian
416461983 panda1031
418094443 51086239
418099880 50299886
416462125 panda1031 416058616 53281495
418101696 51086239 409235743 53281495
416467082 42705208
416526836 36853493
418106466 Cuseeme 418066194 53281495
416548604 44107627
418106686 Cuseeme 418054067 36420587
418107552 gigglesun
416602690 45174745
418170455 27407506
416603385 45174745
418194203 3883741
416607302 45174745
418194246 3883741
416611033 45174745
418194267 3883741
416628439 lunarbunny
418194297 3883741
416727016 kelkef
418194331 3883741
416730991 kelkef
418196370 58533781
418206965 40645417
416739346 49891926
416755958 63246871
416766635 52591189
416771770 53281495
416771921 53281495 416730991 kelkef
416772903 53281495 416727016 kelkef
416773508 64065583
416774001 53281495
416774581 53281495
416774697 53281495 416628439 lunarbunny
416775100 51964229
416775572 53281495 416611033 45174745
416775938 53281495 416775100 51964229
416776137 49274670
416776365 53281495 416607302 45174745
414573579 51767312 414573313 51767312
416776486 4188593
414581136 55798198
414629877 64993053
416777050 53281495 416603385 45174745
414631975 Xiao00000
416777438 53281495 416327264 63959627
414650789 53281495 414581136 55798198
416777480 4188593
414654350 tiffanyYUYI
416777787 53281495
416778059 53281495 416462125 panda1031
414654572 53281495 414654350 tiffanyYUYI
414655682 tiffanyYUYI
416778463 53281495 416526836 36853493
414656181 tiffanyYUYI 414654572 53281495
416778932 53281495 416602690 45174745
414683124 Mr.Roi
416779335 cherry.cherry
414683560 46755827
416779660 41971172
414690698 32446893
416779701 cherry.cherry
414690893 51767312
416780040 53281495 416779701 cherry.cherry
414691200 Miss-Devil
414692286 NERV_sky
416780210 53281495
414695850 51114580
416780397 essestory
414700646 44804686
416780922 23036083
414704905 53681761
416783723 53281495
414705710 GZXSJ
416785851 42636734
414706845 51833254
416788587 kelkef
414709428 iricy
416789385 53281495
414711114 60636872
414716789 45029220
416790009 53281495
414718147 darkight 413687606 53281495
414724518 wanan520
416790224 49308374
416790405 49308374
414731772 47346341 414473305 53281495
416790731 53281495 416790224 49308374
414732291 46916796 414568714 53281495
416790777 50032535
414737952 wendy-tsai
416791063 53281495 416790405 49308374
414746761 3844296
414748493 65878271
416791687 49308374 416790731 53281495
414750161 47346341
414753816 tianreta
416792514 53281495 416791687 49308374
414776483 51517544 408260206 delilah1019
416795594 49308374
414778681 67056620
416796728 53281495 416795594 49308374
414780442 ylx
416797668 49308374
414782654 55798198 414650789 53281495
416798795 53281495
416817933 cherry.cherry
414797124 51517544
414797853 51159529
416820145 65596942 408072610 53281495
416821406 65596942
414804510 51517544
416823300 65596942 415382177 53281495
414816311 ccccoy 414566834 53281495
416838628 joycechengli
414835286 46755827
416839454 du-yuanyuan
414835639 ultraboy
416841886 W.A.MOZART
414839985 48152760 412496885 17030443
416842648 4118592
414843509 mqs8668 411878826 53281495
416861833 63666855 416777787 53281495
414872853 endergao
416863279 51614631
416865122 mcaocao
414921719 47546544
416865380 39930682
414922003 47546544
416866748 3066885 408640020 42570768
414922464 47546544
414929155 3844296
416868345 63666855 416861833 63666855
414937866 59808957 408229040 53281495
416870557 53281495 416842648 4118592
414939699 53281495 414937866 59808957
416880557 53281495
414942343 53281495 414690893 51767312
416881359 53281495 416866748 3066885
414943041 53281495
416881877 53281495 416861833 63666855
416884978 61630514
414943696 53281495 414746761 3844296
416900834 Cuseeme
414943938 53281495 414797124 51517544
416911403 52903651 416842648 4118592
414944267 53281495 414750161 47346341
416912320 w44
414944569 53281495 414816311 ccccoy
414944963 53281495 414835286 46755827
414951366 64875658
414952188 53281495 414951366 64875658
414957487 enjoyYClee
414958245 53281495
414961418 59808957 414939699 53281495
414964734 fishshuo
414967207 53281495 414961418 59808957
414968492 jinwater196 407427789 vivian777
414969528 53281495 414964734 fishshuo
414970524 fishshuo
414973089 59808957 414967207 53281495
414973288 59808957
414976347 37599023
414976477 fishshuo
414977956 Miche77e
414978254 enjoyYClee 414958245 53281495
414979332 yaoyaotvxq
414991015 3107478
414992976 31465488
414996930 53281495 414978254 enjoyYClee
414997407 53281495 414992976 31465488
414999295 echoissmart
415004054 50144618
415009855 fishshuo
415013616 31465488 414997407 53281495
415014260 47546544
415014961 enjoyYClee
415027411 54759737 414973089 59808957
415137548 58750621
415138562 58750621 414991015 3107478
415140690 63398892
415142734 58750621 407442666 4651610
415143255 58750621
415148568 swj0828
415157116 53281495 415143255 58750621
415158731 53281495 415148568 swj0828
415159511 53281495 415137548 58750621
415160411 elisha_gai
415161673 53281495
415162671 53281495 415009855 fishshuo
415163097 53281495 415004054 50144618
415164159 47546544 415014260 47546544
418252620 36420587 418066194 53281495
418329840 63327083
418472838 44765235
418520790 53281495 418252620 36420587
418521009 53281495 418170455 27407506
418521822 53281495
418526039 2543166
418526489 53281495 418526039 2543166
418526542 miRroRtic
418527033 67597680
418529530 x2x2
418536429 46701800 410047645 1866794
418542871 13863020
418544025 45543265
418544283 13863020
418548314 OObsidian
418549025 43076826
418550028 44995814
418551967 Dolphin_yu
418556458 minminmin
418588765 53281495
418589265 53281495 418544283 13863020
418600235 newkimiboom
418613538 58082068
418619091 53800975
418624132 53281495 418613538 58082068
418650708 49119584
418655769 53281495 418650708 49119584
418663040 58225373
418664632 Bunnn.
418674335 49828231
418681383 60640270
418683105 26591672
418684218 63580415
418718320 52967821
418754674 c445059761
418767419 63959627
418777224 XMathilda
418784590 4169973 408357837 53281495
418784611 66197179
418882506 seaking
418898845 51964229
418903938 51039032
418911920 62904067
418917131 57401247
418917495 ycc1210
418917618 ycc1210
418917924 ycc1210
419802775 58942952
418918505 dolffei
419805709 36257381
418936412 53281495
419808881 36009435 407374094 46043196
419813797 LvvvvvW
418937247 53281495 418898845 51964229
419854447 readitnow
418937683 53281495 418777224 XMathilda
419884842 4361496
418938066 53281495
419908378 53281495
418939258 53281495
419909036 53281495
418948334 orange_T
419909055 66620723
418948458 newkimiboom
419910071 53281495
418955320 66197179 418948458 newkimiboom
419911952 53281495
418959767 newkimiboom
419912822 53281495
418971503 ycc1210 414943696 53281495
419914710 53281495 419884842 4361496
419000581 my2name
419922631 56058896
419030964 my2name
419926999 57307496
419088208 ycc1210
419090972 52967821
419930985 53281495
419096024 53281495 419030964 my2name
419937450 57307496 419930985 53281495
419097314 51767312
419938123 dingdingshine 407709862 53281495
419099039 53281495 419090972 52967821
419939233 53281495 419937450 57307496
419099616 53281495 419097314 51767312
419947288 3844296 419909036 53281495
419100302 53281495 419088208 ycc1210
419948897 54386834
419106500 51767312 419099616 53281495
419959145 53281495 419947288 3844296
419963771 4505788
419121086 ycc1210 419100302 53281495
419964737 JACKLIEWOLF
419121955 renzheshenhua
419969514 Resimple
419127339 52967821 419099039 53281495
419982643 1057768
419982726 49103324
419131319 53281495 419127339 52967821
419983949 52520321
419134323 52967821 419131319 53281495
419985978 tiger_gaga
419136395 yovitam
419988968 4439887
419158303 my2name 419127339 52967821
420018458 Cuseeme
419182723 tiffanyYUYI
420021789 67954921
419290753 40459945
420033782 57571893
420034601 49096396
419291514 53281495
420034604 49096396
419304654 Duuuuuu
420069240 48180071
419314318 67905888
420075522 67937150
419330395 4477674 407354529 53281495
420076129 67937150
419346021 67905888
420076319 48443594
419458521 46211148
420077006 67937150
419459030 46211148
420081574 67954921
419510333 53281495 419314318 67905888
420082293 46519089
419510969 53281495 419290753 40459945
420085096 pumann 419908378 53281495
419516629 36035871
420087001 pumann
419530912 51767312
420091441 easonhoho
419565740 53281495 419530912 51767312
420092230 easonhoho
419579232 c445059761
420102183 readitnow 419912822 53281495
419599750 48529630
420113679 carinacc
419605030 51767312 419565740 53281495
420114919 43229884
419609005 49148854
420139129 dearmia 420082293 46519089
419609337 wanyingwong
419618366 grs1992
420141426 57307496
419734953 3844296
420143143 46519089
419801872 pumann
419802709 58942952
420145645 53281495 420143143 46519089
419802742 58942952
420148910 46519089 420145645 53281495
420149153 dearmia 420143143 46519089
420151866 46519089
420152400 53281495 420148910 46519089
420153171 46519089 420152400 53281495
420153443 dongjinghua
420154075 53281495 420151866 46519089
420160245 46519089 420154075 53281495
420160788 50741902
420162839 53281495 420160245 46519089
420164558 dearmia 420151866 46519089
420164723 dearmia 420162839 53281495
420164907 40763230
420165339 46519089 420162839 53281495
420165804 46519089
420165957 57662070
420166451 53281495 420165339 46519089
420171327 36420587
420174175 jiaoyin722 408213140 58930781
420179128 47534293
420179234 62972994
420188894 46211148 419911952 53281495
420197965 62311285 420081574 67954921
