407406201 vivianteng
407407274 53183099 407406201 vivianteng
407408130 s1014
407408867 38886735
407408916 yangchengjie
407409165 17806887
407409310 2487632
407409462 33341806
407409463 54995012
407409520 53183099 407408130 s1014
407409699 churchwu
407409910 churchwu 407409520 53183099
407410142 53183099 407408916 yangchengjie
407410358 koalayy
407410664 ZhouQiQi1990
407411100 53183099 407409910 churchwu
407412474 62666304
407412810 zsandu
407412986 fuckeggs 407408916 yangchengjie
407414297 Ann_King
407414426 churchwu 407411100 53183099
407415197 1230026
407415286 LonelinessXimic
407415423 lulu901224
407417366 loneiybow
407419084 leelulu
407425111 princessamigo
407425938 qingmomo
407426417 53183099 407415197 1230026
407426997 2487632
407429304 ninemo
407429474 50390909
407430737 53183099 407426997 2487632
407433583 Ellyback
407434704 dracoandjane
407435349 yellooooow
407435588 2510124
407435699 yokiboboli
407436563 50561580
407437580 Julian56
407438077 iShitouLOL
407438289 inmars
407438871 Esther_Z
407439102 bluecotton
407439586 50746559
407439890 50746559 407408916 yangchengjie
407440344 54109088
407443316 6279539
407443447 YYsoldier
407445036 38961846
407446143 44322884
407447119 ideepbreath
407447841 43917205
407449034 44563677
407449651 46291186
407449753 vivi-rainbow
407457456 62186217
407457605 3831805
407458228 42276485
407458860 38961846
407460112 47859558
407461030 4234838
407466401 53183099 407449753 vivi-rainbow
407471280 summerwine2009
407471598 hermione58
407472557 daphnedai1122
407472737 31984045
407474098 shiteenager
407475226 shiteenager
407475573 40722884
407475983 myairport
407476168 57567026
407476372 48091138
407476438 48814561
407476728 xiaofuwawa
407476812 52756099
407477992 3938092
407481664 42991000
407484300 cindylovealex
407485490 58954966
407485950 vivi-rainbow 407466401 53183099
407487324 dearfreakear
407489128 at3000
407489906 41417187
407490302 35003294
407491450 catcat0326
407536226 julymelody
407536395 60045270
407538200 48564265
407538422 51186887
407538430 51186887
407538480 53183099 407536395 60045270
407538759 zero-.yummy.
407538964 zero-.yummy.
407539189 47847286
407539531 haiyangdeyang
407543440 50206732
407546594 onlyalice
407548146 ZillahTiptoe
407552082 62167456
415039030 66612866
415040237 FuzzySandy
415044369 56970395
415095731 53183099 415040237 FuzzySandy
415096002 leolennon
415096250 63159147
415096712 53183099
415097304 imxiaoyanjing
415097469 2812420
415097707 zw2012douban
415099837 58201682
415101067 52544152
415101303 samisvii
415112871 3331518
415116108 HduanH
415118014 39419246
417357268 rala
418143737 44107627
407553879 16678998
407555336 55848068
407556024 irenewithu
407587837 Hana119
407588628 52348040
407588645 37599728
407590439 artwang
407590611 silipan
407590987 50678707
407597718 50094846
407615965 53183099 407538759 zero-.yummy.
407616359 53183099 407487324 dearfreakear
407618659 leave.me.alone.
407619049 50737574
407619542 hollyor
407619572 61315088
407620609 53436134
407621308 64949374
407621376 47815530
407621637 dearfreakear 407616359 53183099
407622602 just_4_yueqiu
407623262 xiasanghaha
407626267 53183099 407538200 48564265
407626358 baby119
407627218 mogushibushi
407627222 4599681
407631553 hityun
407633505 31984045
407633621 2487632
407637295 52947899
407643176 49946527
407643975 zero-.yummy. 407615965 53183099
407646786 naver
407647723 2225297
407649142 59015777
407649401 aiaiaiwo
407649776 65594490
407650077 53183099 407633621 2487632
407651091 58549782
407651373 50324391
407651846 53183099 407623262 xiasanghaha
407655138 pinkygiraffe
407656282 59228548
407658246 51756932
407659139 mo_nuan
407677746 48101216
407679669 35389815
407709486 xiaoshiyue77
407709736 50405487
407710762 kidsilver
407710997 A_may
407717624 harujuku
407784535 53183099 407643975 zero-.yummy.
407787562 53183099 407717624 harujuku
407791773 53183099 407710997 A_may
407793486 53183099 407619049 50737574
407794678 53183099 407425111 princessamigo
407795038 53183099 407434704 dracoandjane
407796499 52860561
407799861 princessamigo 407794678 53183099
407805395 48442471
410421299 41986725
410422336 31816017
407835436 50737574 407793486 53183099
410422865 Summer369
407836028 peachlovekyo
410425245 totochang
407844494 59480704
410434817 51309649
407845174 3558985
410468034 58304383
407847980 60263285
410469200 47423748
407857406 3319078
410469730 saisas
410475409 44539836
407905930 dracoandjane 407795038 53183099
410476235 17822246
407906717 cengjingcanghai
410493212 foolsnow
407911970 ballozeng
410495359 40384661
407956086 wan3wan
407968772 40550582
410511137 53183099 410476235 17822246
407969084 jaee
410513054 52488958
407972096 58979932
410745323 kikoloveu
407972783 56969004
410745732 67090843
407972984 64749372
410747365 43471464
407973757 the2ndheaven
411049469 58603688
407979691 53183099 407835436 50737574
411195312 64594907
407980008 4876329
411429156 59201087
407980077 wan3wan 407956086 wan3wan
411429966 always3minutes
407980664 yukipo
412087194 61737965
412123385 lee906
407985379 53183099 407844494 59480704
412125707 lianxiaohong
407992009 4492814
412126612 Michael1900
408002188 logysleepwaler
412127441 57898042
408008414 youleeryoule
412127832 49968605
408014159 namubawang
412141762 katie0220
408030756 31984045 407633505 31984045
412146939 pu-la
408031829 37110938
408032737 sawakoluvian
412147253 LauraChung
408055935 41315219 408032737 sawakoluvian
412148401 gaogao2042
408056200 41315219 408030756 31984045
412148668 4696714
408058411 sssqs
412153459 happyhappyhappy
412282262 52174016
408059552 31984045 408056200 41315219
412317873 ziliuziliu
408060180 41315219 408059552 31984045
412381643 2243198
413211706 51775613
408060631 31984045 408060180 41315219
413212617 crow0329
408063140 41315219 408060631 31984045
413213978 63333316
413398937 3502149
408063341 41315219 408063140 41315219
413399717 emptying
408079275 53183099 407992009 4492814
413425557 65495108
413427830 zoe0613
408079394 53183099 408002188 logysleepwaler
413829108 Shaguoruyi
408104904 45694353
414022652 lesyue
414040957 jessica9128
414041832 55844536
414042179 14295425
414042568 leavesye929
414046153 57715527
414047336 49178543
414048261 colin_lam
414049218 44323685
414049276 MsHsu
414066911 46479669
414114349 48101216
414116762 rockbabycat
414160169 44424275
414161957 60098427
414307317 48656765
414386728 53183099 413398937 3502149
414386968 53183099 413829108 Shaguoruyi
414394065 54470430
414396243 OObsidian
414400063 65117429
414430076 53183099 414116762 rockbabycat
414431811 42790532
414432208 53532061
414432802 43292330
414434233 linzhenyi566
414435529 9755327
414436234 51388889
414437269 fivegrams
414441398 caiwei001
414445846 3048950
414447865 lygzhangnan
414450842 53080124
414451242 2510124
414477192 Shaguoruyi 414386968 53183099
414511616 3502149 414386728 53183099
414515459 Blingdang
414516338 rifrica
414517629 57808470
414562544 55644901
414595496 53801365
414597616 58357832
414659327 49397088
414660901 ivylazy
414725015 33799247
414733913 lsmichelle007
414828900 58201682
414848757 43953858
414864122 58653031
414864852 hanytong
414866520 48348419
414866815 blairsun
414879664 53183099 414477192 Shaguoruyi
414935391 49308374
415020529 jinghuaaaa
415034882 45666588
408152907 55298771
408153004 seven000
408169746 51055324
408253908 buliaogai
408255586 vera-zhou
408336424 53183099 408152907 55298771
408336573 53183099 408104904 45694353
408337598 36950966 407408916 yangchengjie
408435545 53183099 408169746 51055324
408443203 53183099 407555336 55848068
408443393 53183099 407633505 31984045
408450462 2854522
408450617 2854522
408451442 xuexiaoxiaowa
408452821 53183099 408450462 2854522
408455150 65370041
408491936 3640629
408494404 59685872
408501250 54999741
408512844 66435754
408512886 66435754 408512844 66435754
408514571 cropcircle
408516854 3640629 408491936 3640629
408572229 62906683
408575058 2054190
408697847 aabc555
408698711 51337114
408703114 aboutUs
408945421 ihower
408947633 qiaoxing
408947936 SIHNee4ever
409115372 49125515
409117693 49407943
409118084 60291529
409118641 45604851
409122532 41776769
409293096 53183099 408512844 66435754
409295650 53183099 408514571 cropcircle
409296836 53183099 408947633 qiaoxing
409296846 55551942
409298332 59661203
409367792 49443116
409379173 33301209
409387714 52318761
409396567 53183099 408703114 aboutUs
409397036 53183099 409387714 52318761
409398490 53183099 409118641 45604851
409400556 53183099
409401624 shmily99
409402184 53183099 408516854 3640629
409404098 kis
409405231 btbr403
409406795 48541383
409412351 52147601
409413057 11749439
409413784 26413510
409414442 nothing9246
409414760 FM725418
409425990 53183099 409414760 FM725418
409426195 53183099 409413784 26413510
409447283 2651917
409649553 57488107
409651850 32748341
409652686 4049920
409653125 58376309
409654031 darkight
409665515 m-good
409667557 58324255
409697514 65916578
409698139 4373250
409698170 4752495
409699063 WTFBABE
409775820 baby_love
409791050 50756908
409843465 riangle
409884732 44293083
409895329 40780679
409907335 58603688
409914876 Hana119
409979111 ARZIGUL
409980770 45802713
409989184 sylviasue
409992186 61707025
410003474 ainoor100403
410085081 49143390
410112014 66435754 409293096 53183099
410122473 FM725418 409425990 53183099
410177088 51463651
410252128 4792652
410255596 64876536
410411008 49675921
410412866 50148824
410413408 53183099
410413587 53183099
410413945 jessica210
410414420 53183099 409775820 baby_love
410414842 53183099 409914876 Hana119
410416000 49290495
410419151 7112099
410419424 chiba49
