407452382 60300095
407491711 53361133
407497719 4548261 407491711 53361133
407497899 4548261 407452382 60300095
407498456 60723787
407499220 4548261 407498456 60723787
407648747 60280624
407778953 smallhand
407782647 4548261 407778953 smallhand
407782921 whatne
407840811 4548261 407782921 whatne
407847098 59174946
407848148 qingmomo
407853549 4548261 407847098 59174946
407853643 4548261 407848148 qingmomo
407861826 qingmomo 407853643 4548261
407865832 44230743
407912321 4548261 407865832 44230743
407912433 4548261 407861826 qingmomo
407917312 han8513
407920818 qingmomo 407912433 4548261
407931666 4548261 407917312 han8513
407932029 4548261 407920818 qingmomo
407933347 qingmomo 407932029 4548261
407938094 4548261 407933347 qingmomo
407940218 qingmomo 407938094 4548261
408002396 geeshy
408004763 4157067
408006642 52868320
408008079 4157067
408025418 4548261 408002396 geeshy
408025587 4548261 408006642 52868320
408026322 4548261 408008079 4157067
408029095 The2nd1stLove
408029267 58168623
408040214 4548261 408029095 The2nd1stLove
408040334 4548261 408029267 58168623
408041803 57239058
408046137 4548261 408041803 57239058
408049076 geeshy 408025418 4548261
408049819 The2nd1stLove 408040214 4548261
408054827 4548261 408049819 The2nd1stLove
408058199 4548261
408331890 timelordwing
408333364 57655427
408359935 4548261 408331890 timelordwing
408359997 4548261 408333364 57655427
408366598 4157067
408367507 4157067
408370135 4157067
408377535 4548261 408370135 4157067
408384494 4157067
408385589 4157067
408396420 4548261 408384494 4157067
408437181 46072992
408522378 44584042
408525209 65695929
408525762 65695929
408600646 4548261 408525209 65695929
408601258 4548261 408525762 65695929
408601494 4548261 408522378 44584042
408601615 4548261 408437181 46072992
408890460 44584042 408601494 4548261
409109315 4548261 408890460 44584042
409110531 foreversumm
409201181 4548261 409110531 foreversumm
409402623 60644462
409405173 60300095
409430275 4548261 409402623 60644462
409430379 4548261 409405173 60300095
409641639 hakiy
409771370 mumudeai
409803390 geeshy
409900334 4296707
409908031 junjae
409993186 4548261 409908031 junjae
409993202 4548261 409900334 4296707
410081461 4548261 409771370 mumudeai
410082127 58179270
410084181 49143390
410172797 4548261 410082127 58179270
410172951 4548261 410084181 49143390
410207012 mumudeai
410223368 60677240
410256288 4548261 410207012 mumudeai
410257211 4548261 410223368 60677240
410306476 60677240 410257211 4548261
410459593 4548261 410306476 60677240
410476844 60677240 410459593 4548261
410497119 60677240
410501890 4548261 410497119 60677240
410502882 yoyo0419
410515740 60677240 410501890 4548261
410528018 4548261 410515740 60677240
410531273 60677240 410528018 4548261
410583048 4548261 410531273 60677240
410637645 60677240 410583048 4548261
410640336 52833555
410703212 4548261 410637645 60677240
410911588 piyopiyopiyopiy
410911622 piyopiyopiyopiy
411222745 4548261
411525271 58979932
411542130 duqiong112
411552918 4548261 411542130 duqiong112
411552989 4548261 411525271 58979932
411819721 57947788
411842804 59065737
411914230 4657044
412264234 appl9e
412420877 4548261 411819721 57947788
412420943 4548261 411842804 59065737
412421078 4548261 411914230 4657044
412421230 4548261 412264234 appl9e
412712233 50274923
412805992 4548261 412712233 50274923
414672308 4548261
414673169 qingmomo 414672308 4548261
414679110 4548261 414673169 qingmomo
414681766 qingmomo 414679110 4548261
415288090 48954969
415319414 4548261 415288090 48954969
415324463 58199590
415331485 4548261 415324463 58199590
