407661162 ymcq
407661554 52800044
407664116 hakutyou
407792665 kklljji
407792826 42567965 407661162 ymcq
407793627 txqing
407797772 kklljji 407793627 txqing
407799857 txqing
407800569 37325018
407801511 63439520 407797772 kklljji
407802068 57967339
407802413 kklljji 407799857 txqing
407802729 viced
408566459 50546360 407802729 viced
408566811 50546360 407661554 52800044
408567088 3508469
408567939 50546360 407792665 kklljji
408568894 3921385
408569057 kklljji
408569245 50546360 407664116 hakutyou
408569510 3921385
408572350 50546360 408569510 3921385
408572880 50546360 408568894 3921385
408572985 50546360 408569057 kklljji
408574550 3921385 408572880 50546360
408575119 50546360 408574550 3921385
408575807 starburst
408578312 58420384
408580263 58420384
408596788 50546360 408575807 starburst
408610469 shirley_
408631350 57944219
408651596 50546360 408578312 58420384
408651752 50546360 408610469 shirley_
408652227 45190993
408652594 50546360 408652227 45190993
408652722 50546360 408631350 57944219
408652967 50546360 408652227 45190993
408653128 61276908
408653301 soloHero
408653670 45190993 408652967 50546360
408653725 50546360 408653301 soloHero
408654156 50546360 408653128 61276908
408654389 50546360 408653670 45190993
408654929 45190993 408654389 50546360
408655113 61276908 408654156 50546360
408655182 50546360 408654929 45190993
408655488 50546360 408655113 61276908
408655592 45190993 408655182 50546360
408655982 50546360 408655592 45190993
408656406 45190993 408655982 50546360
408657324 45190993
408658342 suta
408658408 59930527
408658452 50546360 408657324 45190993
408658641 45190993 408658452 50546360
408658741 50546360 408567088 3508469
408659040 50546360 408658641 45190993
408659059 50546360 408658408 59930527
408659129 50546360 408658342 suta
408659452 59930527 408659059 50546360
408711906 50546360 408659452 59930527
408712455 HouseM.D
408722031 55998424
408730856 4476326
408808410 52800044 408566811 50546360
408826163 dengjian1997080
408827030 44251223
408827319 50546360 408730856 4476326
408827575 50546360 408722031 55998424
408827631 50546360 408827030 44251223
408846133 44251223 408827631 50546360
408867524 50546360 408846133 44251223
409188296 shirley_ 408651752 50546360
409189592 50546360 409188296 shirley_
409214050 shirley_ 409189592 50546360
409214739 50801450
409226068 50546360 409214739 50801450
409512460 67045856
409592851 58821006
409602398 30017710 408566459 50546360
409722534 50546360 409602398 30017710
409726422 30017710 409722534 50546360
415834114 57944219 408652722 50546360
415850065 50546360 415834114 57944219
415881800 45845062
415942290 49764363
415945317 49764363
415945338 49764363
416049982 50546360 415942290 49764363
416051604 50546360 415881800 45845062
416051761 63242197
419955873 58896496
419958336 66342352
419958696 66342352
419959911 mayo524
419992495 44428332
419994420 c-c7
