407646926 30395839
407650149 65594490
407651650 52947899 407646926 30395839
407652461 52947899 407650149 65594490
407652843 mars9
407653022 laihailong
407653073 52947899 407652843 mars9
407653201 mocunterry
407653801 52947899
407654322 dengkaka_ok
407655485 52947899 407654322 dengkaka_ok
407655923 2063270
407656401 58549782
407656692 62193048
407658739 52947899 407655923 2063270
407659369 52947899 407656401 58549782
407659642 52947899 407656692 62193048
407660167 46765874
407660879 52947899 407660167 46765874
407687052 mars9 407659642 52947899
407687916 veryhard
407691431 46765874 407660879 52947899
407692415 64518645
407693765 55544367
407695662 Sw-Ting
407697300 55591079
407700137 Iris_cc
407720824 ZhZebra 407687916 veryhard
407721094 ZhZebra 407695662 Sw-Ting
407721716 64268770 407652461 52947899
407725499 2063270 407658739 52947899
407726638 huiyuyi
407728218 55507365
407729897 enjou199
407730206 1568032 407726638 huiyuyi
407755879 58549782 407659369 52947899
407758498 52947899 407687052 mars9
407758713 52947899 407693765 55544367
407758952 52947899 407695662 Sw-Ting
407759223 52947899 407687916 veryhard
407759604 52947899 407700137 Iris_cc
407759840 52947899 407691431 46765874
407760145 52947899 407687916 veryhard
407760247 52947899 407755879 58549782
407760336 3973853
407760387 62354248
407760618 52947899 407728218 55507365
407760802 62354248
407760839 52947899 407760336 3973853
407761070 jesse-w 407651650 52947899
407761603 52947899 407760387 62354248
407761735 52947899 407761070 jesse-w
407761741 58549782 407760247 52947899
407762723 52947899 407730206 1568032
407762825 52947899 407761741 58549782
407763256 6776629
407763290 52947899 407721716 64268770
407763496 52947899 407725499 2063270
407763531 48601577
407763663 6776629
407763704 52947899 407763256 6776629
407763890 52947899 407763663 6776629
407764257 52947899 407730206 1568032
407764851 6776629
407765100 moliwu
407765227 52947899 407763890 52947899
407765269 55544367 407758713 52947899
407765472 mofei111
407765521 52947899 407764851 6776629
407766000 52947899 407765472 mofei111
407766215 55507365
407766308 4371750
407766533 mofei111 407766000 52947899
407766535 6776629
407766561 52947899 407765269 55544367
407766839 52947899 407766535 6776629
407766970 mofei111 407766533 mofei111
407767140 64859542
407767303 55544367 407766561 52947899
407767536 52947899 407766533 mofei111
407767686 52947899 407767303 55544367
407767951 52947899 407766308 4371750
407768223 6776629
407768232 52947899 407766215 55507365
407768712 52947899 407768223 6776629
407768824 mofei111 407767536 52947899
407769059 52947899 407767140 64859542
407769125 qinshi3647
407769179 52947899 407768824 mofei111
407769313 52947899
407769642 qinshi3647 407769313 52947899
407769862 52947899 407766970 mofei111
407769902 mofei111 407769179 52947899
407769924 52947899 407769642 qinshi3647
407770053 55544367 407767686 52947899
407770165 52947899 407769902 mofei111
407770303 52947899 407770053 55544367
407771535 imleon2003
407771720 mofei111 407770165 52947899
407771921 52947899
407839722 54516599
407841055 1707225
407841905 65831539 407841055 1707225
407842457 62354248
407842808 55351216
407842985 melissa.1t
407843508 48999845
407843752 60089101 407646926 30395839
407853068 52918760
407872095 52947899
407872462 52947899
407872713 52947899
407872959 52947899
407873105 52947899
407873411 42796913 407758713 52947899
407873663 55554886
407890084 mars9 407872095 52947899
407890697 dabuliuxiaoxi
407896893 loyee
407904068 bacioleo
407926666 64268770
407929178 35913012
407941978 cardamontang 407842457 62354248
407942116 cardamontang 407926666 64268770
407942305 64268770 407942116 cardamontang
407943552 62354248 407941978 cardamontang
407943661 u2lovet 407650149 65594490
407945154 cardamontang 407942305 64268770
407945198 49066765
407945262 cardamontang 407943552 62354248
407945338 64268770 407945154 cardamontang
407945374 cardamontang 407945198 49066765
407945956 cardamontang 407945338 64268770
407946668 64268770 407945956 cardamontang
407967726 35913012 407945198 49066765
407977880 64508636 407651650 52947899
407978298 64508636
407981032 Paranoia.S
408004480 49066765 407945374 cardamontang
408208009 52947899 407873411 42796913
408208315 52947899 407873663 55554886
408208684 52947899 407929178 35913012
408208947 52947899 407945198 49066765
408218409 cardamontang 407946668 64268770
408270184 64268770 408218409 cardamontang
408272911 57014545
408273901 54307813
408321149 cardamontang 408270184 64268770
408321772 46587539
408324629 35913012 408321772 46587539
408324854 35913012 408208684 52947899
408329874 preciseness
408331241 53921343
408361469 52947899 408273901 54307813
408361778 52947899 408321772 46587539
408361915 52947899 408324854 35913012
408362061 52947899 408329874 preciseness
408362212 52947899 408331241 53921343
408362421 52947899 408273901 54307813
408362648 xiacat
408364859 8835386
408370554 hk110 407758713 52947899
408390327 hk110 407872713 52947899
408390775 hk110 408331241 53921343
408445145 46587539 408324629 35913012
408448442 3764299
408533328 64714991
408545699 64861011 407758713 52947899
408546007 stellabao
408565201 35913012 408546007 stellabao
408566126 yoka619
408568430 35913012 408445145 46587539
408603404 stellabao 408565201 35913012
408611438 41801521
408612942 35913012 408603404 stellabao
408613439 35913012 408566126 yoka619
408691406 52947899 408533328 64714991
408691536 52947899 408545699 64861011
408691921 52947899 408546007 stellabao
408786332 40405602
408830572 64714991 408691406 52947899
409009429 47733314
409028645 zellVcheung 407758713 52947899
409029290 zellVcheung 408545699 64861011
409029904 64861011 409029290 zellVcheung
409040622 2169667
409082665 dengkaka_ok
409812279 52947899 409040622 2169667
409812387 52947899 409029290 zellVcheung
409812480 52947899 409029904 64861011
411116474 26402529
411118359 joyce19920111
411118561 65722929
411120694 58382374
411139826 65338696
411273794 1540939
411280323 wjyiyayiyayo
411425467 36008787
411427514 61715256
411481910 doubanyl
414658653 62402117 407758713 52947899
414662352 ninemo
415086928 61564738
407772097 52947899 407771720 mofei111
407772432 imleon2003
407772687 52947899 407726638 huiyuyi
407772918 52947899 407772432 imleon2003
407773056 50414605
407773591 52947899 407771535 imleon2003
407774044 52947899 407773056 50414605
407775535 imleon2003 407773591 52947899
407777825 64944582 407651650 52947899
407778719 64944582 407758713 52947899
407783566 66446583 407778719 64944582
407783871 1568032 407783566 66446583
407784162 50094846
407784183 50094846
407785284 kobezhen
407785536 kobezhen
407788314 52947899 407775535 imleon2003
407788795 52947899 407777825 64944582
407788950 52947899
407789190 52947899 407785284 kobezhen
407789381 52947899 407784162 50094846
407789700 52947899 407778719 64944582
407790179 imleon2003 407788314 52947899
407790270 52947899 407783566 66446583
407790489 52947899 407790179 imleon2003
407790706 58549782 407762825 52947899
407792040 52947899 407790706 58549782
407792273 52947899 407790706 58549782
407792449 52947899 407785536 kobezhen
407793721 4371750 407767951 52947899
407794603 52085125
407794914 1769930
407795579 52947899 407793721 4371750
407795656 52947899 407794603 52085125
407795935 52947899 407794914 1769930
407796261 mars9 407758498 52947899
407797323 52947899 407796261 mars9
407797360 52918760
407798070 missif
407798326 mars9 407797323 52947899
407798471 mars9 407798070 missif
407798969 missif 407798471 mars9
407799031 52947899 407797360 52918760
407799362 52947899 407798070 missif
407799428 59494282
407799537 52947899 407797360 52918760
407799646 52947899 407799428 59494282
407799870 52947899 407798326 mars9
407799912 missif 407799362 52947899
407800227 57932330
407800288 54516599 407798070 missif
407800707 kobezhen 407792449 52947899
407800892 missif 407800288 54516599
407801123 54516599 407800892 missif
407801248 52918760 407799537 52947899
407801401 54516599 407800892 missif
407802240 missif 407801401 54516599
407802509 32487448
407802617 54516599 407802240 missif
407803633 4371750 407795579 52947899
407803930 missif 407802617 54516599
407804156 54516599 407803930 missif
407804961 missif 407804156 54516599
407805583 54516599 407804961 missif
407806390 ZhZebra 407758713 52947899
407807013 Omelu
407807208 Omelu
407807851 55351216
407815934 alashendeng
407819591 52154496
407827130 52947899 407799912 missif
407827367 52947899 407800707 kobezhen
407827764 52947899 407801248 52918760
407828188 52947899 407806390 ZhZebra
407828356 52947899 407807013 Omelu
407828565 52947899 407807851 55351216
407829025 65831539
407829542 52947899 407815934 alashendeng
407829604 14771388
407829611 52947899 407829025 65831539
407829725 52947899 407804961 missif
407829890 65831539 407829611 52947899
407830990 55554886
407831289 52947899 407829890 65831539
407831325 cardamontang 407721716 64268770
407831391 52947899 407830990 55554886
407832267 mars9 407768223 6776629
407832299 cardamontang 407760387 62354248
407832737 65831539
407832827 mars9 407797360 52918760
407833089 mars9 407789190 52947899
407833765 1707225
407834430 1707225
407834662 1707225
407835205 65831539 407834430 1707225
407837758 kobezhen 407802617 54516599
407838054 kobezhen 407827367 52947899
407838106 54516599 407837758 kobezhen
407839218 kobezhen 407838106 54516599
407839517 54516599 407839218 kobezhen
