407638476 smyr
407640055 58556967
407640504 Megan1218
407640882 bobokaren
407640895 lady_a
407642407 64187718 407638476 smyr
407642509 64187718 407640895 lady_a
407642849 4665367
407643411 57716602
407644761 64187718 407643411 57716602
407644846 64187718 407642849 4665367
407644978 64187718 407640882 bobokaren
407645052 64187718 407640504 Megan1218
407645123 41338429
407645161 64187718 407640055 58556967
407645289 xxxxmmmm
407645422 58686466
407645506 monine
407645668 miashang
407645699 echosana
407646046 52320232
407646158 41816182
407646204 64187718 407645699 echosana
407646254 64187718 407646158 41816182
407646522 64187718 407646046 52320232
407646845 47629352
407646932 47477458
407647687 60478190
407648017 64187718
407648310 64187718 407646932 47477458
407648475 65594490
407648534 53679658
407648611 64187718 407646845 47629352
407648717 53624670
407648896 64187718 407648717 53624670
407648990 64187718 407648475 65594490
407649381 yuandy
407649428 itsSMELLY
407649639 OObsidian 407640895 lady_a
407649801 60478190 407648017 64187718
407650191 53242458
407650443 64187718 407649801 60478190
407650455 64742891
407650571 43105151
407651089 64187718 407650571 43105151
407651274 47705503
407652476 56918467
407653246 2146697 407649801 60478190
407653649 48303081
407656923 47477458 407648310 64187718
407657688 64187718
407657759 64187718 407651274 47705503
407657885 kitty_jing
407658172 xy-mysun
407658182 65440493
407660104 skarah
407660433 Eamonn
407660740 63659909
407666423 47477458 407657885 kitty_jing
407667535 37047651
407667842 44075296
407669329 lady_a 407642509 64187718
407679761 cheerfulyou
407692929 smy.ls
407700237 2003488
407704582 64187718 407669329 lady_a
407705276 lady_a 407704582 64187718
407705523 64187718 407705276 lady_a
407705821 2135893
407708087 38729240
407712252 4128420
407712761 cindywanglei
407713196 58484129
407713597 51059896
407713701 64187718 407713597 51059896
407714641 64187718 407660104 skarah
407714885 SleepyEyes
407715063 astigmatism
407715618 4585200
407726884 65117429
407729008 50136254
407730175 59554243 407642407 64187718
407730544 ailimo
407733235 53001327
407733399 ausdauer
407743644 suki2633
407747344 60133191
407767328 51059896 407713701 64187718
407779017 64187718 407767328 51059896
407782855 44993232 407640504 Megan1218
407784211 48552419
407785253 47110064 407784211 48552419
407786181 64187718 407784211 48552419
407788419 4486266
407789558 48552419
407789989 48136342
407790584 64187718
407790725 64187718 407789558 48552419
407790805 64187718 407788419 4486266
407791101 47120473
407791515 AW-LU
407791556 64187718
407791664 34500307
407791701 64187718 407791515 AW-LU
407791774 64187718 407791664 34500307
407791909 55688077
407791977 AW-LU 407791701 64187718
407792217 64187718 407791977 AW-LU
407792433 55688077
407792584 AW-LU 407792217 64187718
407792594 64187718 407792433 55688077
407792640 48136342 407790584 64187718
407792730 sabixii
407792793 64187718 407792640 48136342
407793930 48136342 407792793 64187718
407794316 Lsuallen
407794849 greepchen
407796368 48552419 407790725 64187718
407806500 Lsuallen
407811423 48552419 407806500 Lsuallen
407812211 56683873 407645699 echosana
407813520 sannexiu
407815383 64471122
407817154 46035770
407829316 62970985
407834657 Lsuallen 407811423 48552419
407889738 64187718 407817154 46035770
407890166 44213244
407890879 64187718 407813520 sannexiu
407890880 43347324
407892494 banifox
407895350 64187718
407896355 lidaye
407899741 f126 407645422 58686466
407900573 venusjae
407900827 59627608
407901567 guolulu
407902152 64187718 407901567 guolulu
407906408 jjm
407931352 guolulu 407902152 64187718
407941634 46067720
407967619 64187718 407941634 46067720
408000845 47477458 407792730 sabixii
408180621 55008753
408184271 flowergrass
408196747 sabixii 408000845 47477458
408196964 60254130
408197113 3622219
408197440 nju-zj
408198574 62551115
408220415 hibernator
408235231 limseulong
408236657 limseulong
408237363 26510989 407653649 48303081
408237452 48177305
408244475 64187718 408237452 48177305
408245336 53532061
408253316 66613271
408259651 56559569
408295123 dommer
408316520 66925921
408317227 knoppers
408320860 3921385
408332167 47477458 408196747 sabixii
408333481 tag-queen
408333966 44605202
408337346 64187718 408333481 tag-queen
408337417 64187718 408333966 44605202
408337514 64187718 408320860 3921385
408337563 64187718 408316520 66925921
408337609 64187718 408317227 knoppers
408337786 64187718 408259651 56559569
408337846 64187718 408253316 66613271
408343335 2407069 407729008 50136254
408345819 2028624
408348843 cemily
408352895 ran_taobao 407643411 57716602
408353543 mereally
408353980 44615834
408355477 shenxiyu
408355939 shenxiyu 408332167 47477458
408356676 50136254 408343335 2407069
408356729 50136254 408343335 2407069
408356815 sabrina0929
408357367 3162495
408359829 keaidesi
408362265 64187718 408356815 sabrina0929
408362368 64187718 408359829 keaidesi
408362506 64187718 408357367 3162495
408362897 breadwalk 407650191 53242458
408369273 le-renard
408373603 53242458 408362897 breadwalk
408375111 3162495 408362506 64187718
408375610 breadwalk 408373603 53242458
408377511 53242458 408375610 breadwalk
408379405 64187718 408375111 3162495
408415944 tag-queen 408337346 64187718
408416063 AW-LU
408416120 AW-LU
408416185 AW-LU
408416187 hello_Lil
408416228 AW-LU
408416589 hello_Lil 408416228 AW-LU
408417139 AW-LU 408416589 hello_Lil
408419458 64187718 408417139 AW-LU
408419620 64187718 408417139 AW-LU
408420131 53080027
408420530 AW-LU 408419620 64187718
408421445 64187718 408420530 AW-LU
408421923 amelialee_0703
408422547 eli18
408422773 AW-LU 408421445 64187718
408422882 AW-LU
408423058 AW-LU 408422547 eli18
408425497 64187718 408422773 AW-LU
408425580 64187718 408423058 AW-LU
408425949 jennifer-nj
408426483 AW-LU 408425497 64187718
408427359 58536324
408427745 dsecho
408427799 63714144 407784211 48552419
408428902 mysweety
408431946 47477458 408259651 56559569
408434978 64187718 408426483 AW-LU
408435139 64187718 408427745 dsecho
408437645 eli18 408423058 AW-LU
408438510 48369524
408438922 50405573
408439539 dsecho 408435139 64187718
408440288 64187718 408439539 dsecho
408455787 64187718 408438922 50405573
408459212 knoppers 408337609 64187718
408470955 64187718 408459212 knoppers
408472266 knoppers 408470955 64187718
408472988 64187718 408472266 knoppers
408473073 sqreal
408474793 knoppers 408472988 64187718
408475341 responsilibity
408476658 64187718 408474793 knoppers
408476729 64187718 408475341 responsilibity
408477779 cemily
408478049 knoppers 408476658 64187718
408480180 64187718 408478049 knoppers
408480416 64187718 408477779 cemily
408486791 cemily 408480416 64187718
408487001 64187718 408486791 cemily
408488975 knoppers 408480180 64187718
408489814 61761114
408489918 64187718 408488975 knoppers
408490026 61761114
408490665 58791669
408490877 64187718 408490026 61761114
408491246 akai_akimi
408491730 knoppers 408489918 64187718
408492299 bazingaa
408492493 eric-fhc
408492586 64187718 408491730 knoppers
408493125 64187718 408492493 eric-fhc
408493804 knoppers 408492586 64187718
408493979 64187718 408493804 knoppers
408494751 eric-fhc 408493125 64187718
408495272 64187718 408494751 eric-fhc
408495639 knoppers 408493979 64187718
408495828 dsecho 408440288 64187718
408496141 64187718
408496189 64187718 408495639 knoppers
408496258 64187718
408496816 knoppers 408496189 64187718
408497413 64187718 408496816 knoppers
408498376 eric-fhc 408495272 64187718
408498969 yoko1990
408499060 64187718 408498376 eric-fhc
408499168 64187718 408498969 yoko1990
408499882 eric-fhc 408499060 64187718
408500171 64187718 408499882 eric-fhc
408500394 knoppers 408497413 64187718
408500544 eric-fhc 408500171 64187718
408500963 64187718 408500394 knoppers
408501399 42066452
408506064 cemily
408507119 lostcat84
408508640 lostcat84
408560533 56559569 408431946 47477458
408560947 56559569 408337786 64187718
408562565 64187718 408560947 56559569
408565961 66703139
408567605 54872239
408608176 ceningcening
408674296 hellohelloparis
408674403 mmmmmmiko
408684816 64187718 408608176 ceningcening
408684850 64187718 408674296 hellohelloparis
408685378 hellohelloparis 408684850 64187718
408685733 64187718 408685378 hellohelloparis
408855035 57716602 408352895 ran_taobao
408856710 AW-LU 408685733 64187718
408856805 AW-LU
408856832 AW-LU
408856876 AW-LU
408856897 AW-LU
408856930 AW-LU
408856975 AW-LU
408865604 64187718 408856975 AW-LU
408865717 64187718 408856975 AW-LU
408866633 AW-LU 408865604 64187718
408876345 64187718 408866633 AW-LU
408879365 AW-LU 408876345 64187718
408897142 2816389
408910314 skarah 407714641 64187718
409087412 52320232 407646522 64187718
409088091 6041204
409104993 aohan168
411087937 45570348
411117063 ETINA
411119678 64187718 411087937 45570348
411389722 45570348 411119678 64187718
411692869 62525705
