407745326 66011266
407748607 yangchengjie
407765724 64328814
407777839 54231076
407800071 44418760
407817715 54709144
407818552 46274191
407819168 47129897
407819330 4792725
408297418 smallhana
408487713 66011266 407800071 44418760
408488048 66011266 407765724 64328814
408788834 45792521 407745326 66011266
409035366 junjae
409503478 Reneeshao
409794048 60692929
409797524 57926734
409846723 travellelee
410051139 66011266 408788834 45792521
410051859 66011266 409035366 junjae
410052006 66011266 409503478 Reneeshao
410052707 66011266 409846723 travellelee
410052838 66011266 409794048 60692929
410053112 sugar-t
410054850 toxic717
410065878 loveveela
410075206 travellelee 410052707 66011266
410078071 66011266 410075206 travellelee
410083984 travellelee 410078071 66011266
410087671 toxic717
410088154 toxic717 410078071 66011266
410091135 travellelee 410078071 66011266
410093995 in710
410107728 junjae
410130466 66011266 410083984 travellelee
410130690 66011266 410088154 toxic717
410131756 toxic717 410130690 66011266
410132939 66451740 410131756 toxic717
410133223 66451740 410091135 travellelee
410133351 66451740 410093995 in710
410133520 66451740 410107728 junjae
410134750 toxic717 410132939 66451740
410138082 66451740 410134750 toxic717
410174370 junjae 410133520 66451740
410179768 2816389 407745326 66011266
410230906 junjae
410231368 junjae 410179768 2816389
410372834 1489801
410463855 2816389
410900779 36065536
410933077 66451740 410179768 2816389
410933237 66451740 410230906 junjae
410933294 66451740 410372834 1489801
410933741 66451740 410463855 2816389
410933872 66451740 410900779 36065536
410943280 2770924
410984478 junjae 410933237 66451740
411308300 36065536 410933872 66451740
411340699 62447383
411965202 66451740 410943280 2770924
411965378 66451740 411308300 36065536
411965508 66451740 411340699 62447383
412366327 66451740
412633837 62186166
412682490 66451740 412633837 62186166
413466775 66451740
413502537 49944614
413509086 66011266 413502537 49944614
414133819 45792521 410051139 66011266
414291720 staruiqiao
414544128 66011266 414133819 45792521
414544317 66011266 414291720 staruiqiao
414568997 66451740
415280766 66011266
415893967 59638269
415908969 66011266 415893967 59638269
416238155 66011266
416912709 45792521
416975525 paranoiaT
418033868 51152763
419698983 66011266 416912709 45792521
419699035 66011266 416975525 paranoiaT
419700251 66451740 418033868 51152763
419720216 mmming
419749007 51152763 419700251 66451740
419814748 weibaba
419818402 34365468
419857153 66011266 419749007 51152763
419857488 66011266 419814748 weibaba
419858626 66011266 419818402 34365468
419858655 weibaba 419857488 66011266
419860755 66011266 419858655 weibaba
419861011 66011266 419720216 mmming
419945309 yue126
420158447 3063561 419861011 66011266
