407918005 48746724
407918487 40849414
407918721 51192121
407918762 51571457
407919035 36409267 407918005 48746724
407919803 59175312
407920241 36409267 407918487 40849414
407920419 36409267 407918762 51571457
407920658 36409267 407919803 59175312
407922412 searchhuxiao
407923205 56844349
407923253 36409267 407922412 searchhuxiao
407923386 IEVIEI
407923576 36409267 407923205 56844349
407924036 36409267 407923386 IEVIEI
407924178 27434289
407924196 naver
407924355 naver 407924178 27434289
407924993 56844349 407923576 36409267
407926097 IEVIEI
407927348 47249415
407927389 36409267 407924178 27434289
407928044 36409267 407924196 naver
407928287 36409267 407924993 56844349
407929811 36409267 407926097 IEVIEI
407929942 36409267 407927348 47249415
407979824 36409267
407986704 58583348
408000789 36409267 407986704 58583348
408012980 48310690
408013243 48310690
408014388 holdonsunny
408018235 53315183
408028731 59334462
408029195 36409267 408012980 48310690
408029715 36409267 408018235 53315183
408029803 36409267 408028731 59334462
408031090 62488236
408031119 littlearbor
408031371 4778258
408036007 3451621 408031119 littlearbor
408039328 36409267 408031090 62488236
408040533 36409267 408031119 littlearbor
408040658 36409267 408031371 4778258
408041644 3451621
408042895 46936953
408043113 mowgli
408045858 39313826
408047126 36409267
408047406 36409267 408042895 46936953
408047511 36409267 408043113 mowgli
408047620 36409267 408045858 39313826
408048570 37199782
408049447 39313826 408047620 36409267
408052919 58583348
408054341 59334462 408029803 36409267
408055535 36409267 408048570 37199782
408055875 36409267 408049447 39313826
408056034 36409267 408052919 58583348
408056106 36409267 408054341 59334462
408057131 59334462 408056106 36409267
408057885 39313826 408055875 36409267
408065701 4778258 408040658 36409267
408073614 36409267 408057885 39313826
408073698 36409267 408065701 4778258
408080359 48310690 408029195 36409267
408082477 61429706
408085289 39313826 408073614 36409267
408087099 fudian2011
408092091 50951662
408094456 fangzi0
408137734 58583348
408142146 45024119
408147013 62488236 408039328 36409267
408147990 2582313
408150546 50954507
408153271 36409267 408080359 48310690
408153374 36409267 408085289 39313826
408153474 36409267 408087099 fudian2011
408153654 36409267 408092091 50951662
408154165 36409267 408094456 fangzi0
408154350 36409267 408137734 58583348
408154462 36409267 408142146 45024119
408154704 48156254
408154874 36409267 408147990 2582313
408155540 60291529
408155661 36409267
408155962 36409267 408154704 48156254
408156051 60291529 407986704 58583348
408156324 36409267 408155540 60291529
408157683 48156254 408155962 36409267
408158543 36409267
408162626 39313826 408153374 36409267
408174605 60291529 408156324 36409267
408175050 43039569
408176463 capalloy
408184713 57444189
408215981 64979754
408216180 36409267 408174605 60291529
408216341 36409267 408175050 43039569
408216488 36409267 408176463 capalloy
408216932 36409267 408184713 57444189
408217064 36409267 408215981 64979754
408246798 43039569 408216341 36409267
408253012 60291529 408216180 36409267
408258391 47402944
408260769 Taurus_Flora
408264090 36409267 408246798 43039569
408265179 36409267 408253012 60291529
408265502 36409267 408258391 47402944
408280221 43039569 408264090 36409267
408281079 45894834
408282716 45894834
408287291 PYY199028
408287461 lovemaybe
408303682 liu773780263
408311935 49948747
408315928 66925921 407919803 59175312
408315949 66925921 407920419 36409267
408338319 36409267 408280221 43039569
408338708 36409267 408281079 45894834
408338954 36409267 408287291 PYY199028
408340215 60291529
408406765 43039569 408338319 36409267
408410354 36409267
408410582 36409267 408311935 49948747
408410711 36409267 408315949 66925921
408415197 36409267 408340215 60291529
408417350 56823338
408422023 lovemaybe 408410354 36409267
408423741 63041906
408485439 60291529 408415197 36409267
408509431 PYY199028 408338954 36409267
408512501 63996970
408520812 44350031
408575587 yukito6
408576442 36409267 408575587 yukito6
408577027 36409267 408485439 60291529
408577181 36409267 408423741 63041906
408587575 capalloy
408588915 36409267 408587575 capalloy
408592252 3677230
408658199 39313826
408978193 40429099
409037970 36409267
409050313 43039569
409198484 50951662 408153654 36409267
409430955 53315183 408029715 36409267
409462303 51463651
409466666 51463651
409505659 36409267 409050313 43039569
409506691 36409267 409466666 51463651
409508018 47795306 408045858 39313826
409509302 47795306 408154165 36409267
409509798 danielzhang
409533115 54144782
409537245 yukito6
409552935 51463651 409506691 36409267
409819318 36409267 409533115 54144782
411806076 39313826 409508018 47795306
412942802 57538090
412944539 66598578
413047534 Scaredzeng
413061277 36409267 412942802 57538090
413061900 36409267 413047534 Scaredzeng
413064529 46850308
413076017 36409267 413064529 46850308
413082734 40562854
413097332 31957021
413098194 31957021
413100952 36409267 413097332 31957021
413102839 31957021
413103217 46850308
413104255 3135431
413107606 Melo-sf
413108360 36409267 413104255 3135431
413108982 36409267 413102839 31957021
413109867 36409267 413107606 Melo-sf
413110270 6594109
413110930 36409267 413110270 6594109
413110982 3869536
413112881 6594109
413113074 61290003 413112881 6594109
413113731 61290003 413109867 36409267
413117198 65471736
413119504 31957021 413108982 36409267
413120354 3902203
413121383 64924268
413123889 31957021
413133730 58140365 408216341 36409267
413147387 6594109 413113074 61290003
413149260 61290003 413147387 6594109
413149461 36409267 413112881 6594109
413150299 36409267 413113731 61290003
413150488 36409267 413117198 65471736
413150883 36409267 413119504 31957021
413151114 51257431
413151314 61290003 413150299 36409267
413151807 36409267 413120354 3902203
413151909 ss0305dd0812
413151958 ss0305dd0812
413152255 36409267 413121383 64924268
413152427 36409267 413123889 31957021
413152829 65471736 413150299 36409267
413153023 58907483 407924036 36409267
413153070 36409267 413082734 40562854
413154071 36409267 413113074 61290003
413154452 36409267 413133730 58140365
413154729 36409267 413151114 51257431
413155083 61290003 413154071 36409267
413155213 61290003 413154729 36409267
413155366 36409267
413155995 36409267 413153023 58907483
413156450 36409267 413152829 65471736
413156640 61290003 413155366 36409267
413157021 36409267 413155213 61290003
413157166 61290003 413153023 58907483
413157686 61290003 413157021 36409267
413158344 58907483 413155995 36409267
413159702 36409267
413160666 58907483
413161696 61290003 413159702 36409267
413165775 54099629
413166055 40562854
413192673 31957021 413150883 36409267
413192998 31957021 413150883 36409267
413239164 Melo-sf 413109867 36409267
413272181 36409267 413158344 58907483
413273770 58907483 413272181 36409267
413277334 58140365 413154452 36409267
413289186 58009169
413298889 36409267 413192673 31957021
413299127 36409267 413192998 31957021
413324142 31957021 413298889 36409267
413378052 3869536
413394889 56944260
413404900 36409267 413324142 31957021
413405951 36409267 413273770 58907483
413406701 36409267 413277334 58140365
413409146 34071665
413415031 66362456
413501571 58140365 413406701 36409267
413501938 58140365 413405951 36409267
413502659 yang7si
413750144 36409267 413378052 3869536
413750368 36409267 413409146 34071665
413751425 36409267 413415031 66362456
413751585 36409267 413501571 58140365
413751879 36409267 413502659 yang7si
413752886 Evagarden
413756302 36409267 413752886 Evagarden
413765200 Evagarden 413756302 36409267
413783966 52214087
413786921 66362456 413751425 36409267
413798185 36409267 413765200 Evagarden
413798882 36409267 413783966 52214087
413800376 36409267 413786921 66362456
413801908 66232950
413803604 Evagarden 413798185 36409267
413869016 34071665 413750368 36409267
413870679 yang7si 413751879 36409267
413871060 longqiaobo
413871870 Schorpiony
414226809 36409267 413803604 Evagarden
414227145 36409267 413801908 66232950
414227260 36409267 413869016 34071665
414227412 36409267 413870679 yang7si
414301933 34071665 414227260 36409267
415591934 36409267
415592198 36409267 413871870 Schorpiony
415592309 36409267 413871060 longqiaobo
415596456 longqiaobo 415592309 36409267
415597293 39762613
415602879 yoyo12
415607036 46370156
415612717 3344896
415612724 36409267 415596456 longqiaobo
415613837 3344896 415607036 46370156
415614015 36409267 415597293 39762613
415614823 36409267 415602879 yoyo12
415615036 36409267 415607036 46370156
415615537 36409267 415612717 3344896
415616765 39762613 415614015 36409267
415617793 2327493
415618575 36409267 415616765 39762613
415618933 36409267 415617793 2327493
415619744 39762613 415618575 36409267
415632040 36409267 415619744 39762613
415681052 3344896 415615537 36409267
420109258 36409267 415681052 3344896
420109338 36409267
420146209 zouyazou
420146342 zouyazou
