408411817 girl_9
408412138 kklljji
408412152 xiaosenaomitang
408412176 13863020
408412247 59310806
408412403 LiChanna
408412592 LiChanna
408412805 60536336
408412926 63714144 408412403 LiChanna
408412996 LiChanna
408413054 57713939
408413240 57501469
408413587 LiChanna
408413597 BLACKcat-xuan
408413721 13084040
408413847 feijidapao
408413917 LiChanna
408414090 LiChanna
408414289 46521802
408414646 yoko1990
408414976 59028619
408415029 63714144 408413587 LiChanna
408415203 LiChanna 408412152 xiaosenaomitang
408415260 3577394
408415451 56963983
408415680 LiChanna 408415029 63714144
408415846 59702813
408415974 61305960
408415977 LiChanna
408416339 1803717
408416407 LiChanna 408415974 61305960
408416491 LiChanna 408416339 1803717
408416698 LiChanna 408415846 59702813
408416919 ultraboy
408416965 LiChanna
408417245 LiChanna 408416919 ultraboy
408417283 yinzhiping
408417609 yinzhiping
408417998 57004485
408418278 65440493
408418308 LiChanna
408418359 LiChanna 408418278 65440493
408418637 65440493 408418359 LiChanna
408418642 LiChanna 408417998 57004485
408418957 LiChanna 408412805 60536336
408419323 yinzhiping
408419649 63714144 408415680 LiChanna
408419880 57004485
408420252 LiChanna 408413597 BLACKcat-xuan
408420269 ihaihr
408420487 57725549
408420821 naoko40
408421129 61980868
408421428 naoko40 408416919 ultraboy
408421490 61980868 408420821 naoko40
408421555 LiChanna 408419649 63714144
408421843 56405262
408421875 naoko40 408421129 61980868
408422101 LiChanna 408421129 61980868
408422365 LiChanna 408421875 naoko40
408422586 czashisb
408422598 naoko40 408421129 61980868
408422765 czashisb 408421875 naoko40
408422863 naoko40 408422365 LiChanna
408422889 czashisb
408422927 63714144 408421555 LiChanna
408422980 44157536
408423021 35143216
408423086 naoko40 408422765 czashisb
408423439 czashisb 408423086 naoko40
408423476 63041906
408423495 czashisb 408423086 naoko40
408423689 hello_Lil
408423735 naoko40 408423476 63041906
408423960 cy143
408424206 66589593
408424323 61980868 408421875 naoko40
408424549 57004485
408424604 63041906 408423735 naoko40
408424824 47514656
408424889 61980868 408422101 LiChanna
408424920 53532061
408425034 53532061
408425109 ungue
408425281 61980868 408422365 LiChanna
408426120 LiChanna
408426585 LiChanna
408426742 40622869
408426939 60278362
408426996 40622869
408427174 40622869 408425109 ungue
408427640 60173769
408428181 naoko40 408424323 61980868
408428786 42066452
408428935 LiChanna
408428980 43957439
408429269 naoko40 408424323 61980868
408430293 naoko40 408425034 53532061
408430465 51325905
408430579 47477458
408630355 59291222
408630378 59291222
408630425 59291222
408630462 59291222
408631399 awildsheep
408631595 LiChanna
408631814 LiChanna
408631865 49584531
408632090 teakay
408632360 65695929 408419323 yinzhiping
408633232 49584531
408633439 LiChanna
408633702 LiChanna
408637358 58436709
408645753 freckles112
408646546 nurfat
408648327 dingmaomao
408653385 chengchaoella 408633232 49584531
408657576 62548865
408665871 LiChanna
408666016 53966317
408666542 LiChanna
408666584 LiChanna
408667863 nurfat
408668614 nurfat 408653385 chengchaoella
408673939 58436709 408646546 nurfat
408689457 LiChanna
408703153 youlideqinglizi 408648327 dingmaomao
408705460 youlideqinglizi
408705710 youlideqinglizi
408706190 youlideqinglizi
408706885 youlideqinglizi
408707477 youlideqinglizi
408707904 youlideqinglizi
408711577 LiChanna
408716555 65037589 408667863 nurfat
408723116 49268821
408723460 fushanhu 408707477 youlideqinglizi
408723920 naoko40 408716555 65037589
408724396 58272747
408724616 naoko40 408666016 53966317
408726115 helnwein
408726227 fushanhu
408729441 54602346
408730393 65037589 408723920 naoko40
408731242 naoko40 408730393 65037589
408731819 LiChanna
408732442 rabbitsheila
408733997 EudoraEJ
408734657 yuebaner
408735588 60478190 408731819 LiChanna
408738601 EudoraEJ 408731242 naoko40
408743493 62548865
408746996 LiChanna
408748591 62548865 408746996 LiChanna
408749388 LiChanna
408750840 62548865 408749388 LiChanna
408752017 chengchaoella 408668614 nurfat
408752473 nurfat 408752017 chengchaoella
408752497 chengchaoella 408707904 youlideqinglizi
408752634 chengchaoella 408752473 nurfat
408752899 nurfat 408716555 65037589
408753094 nurfat 408673939 58436709
408753594 nurfat
408755955 61616673 408422980 44157536
408758349 61616673 408732442 rabbitsheila
408758741 naoko40 408758349 61616673
408760458 51981966
408760473 nurfat
408761144 naoko40 408760473 nurfat
408765731 nurfat 408760458 51981966
408768483 37865374 408716555 65037589
408769645 37865374
408770321 58436709 408753094 nurfat
408770738 60478190 408765731 nurfat
408772056 nurfat 408770738 60478190
408772206 nurfat 408770321 58436709
408772749 hooibe
408776475 65037589 408752899 nurfat
408776788 60478190 408772056 nurfat
408777026 60478190 408776475 65037589
408777200 naoko40
408777739 thomas173
408777944 60478190
408777998 huxiaoxiaoliu
408778844 nurfat 408776788 60478190
408779216 nurfat 408776475 65037589
408779375 4118592
408781205 63714144 408779216 nurfat
408781768 49002830 408648327 dingmaomao
408781775 nurfat 408781205 63714144
408781953 51037768
408782193 awildsheep
408782535 63714144 408781775 nurfat
408782956 nurfat 408781768 49002830
408782988 LiChanna
408783233 nurfat 408782535 63714144
408783306 nurfat 408782988 LiChanna
408783568 63714144 408783233 nurfat
408783793 nurfat 408783568 63714144
408453915 LiChanna
408454222 LiChanna
408454448 55967103
408454760 LiChanna
408454791 55967103 408453915 LiChanna
408454928 LiChanna
408455302 33071165
408455322 sunflowerT 408454928 LiChanna
408455327 goawayshit
408455340 55967103
408456316 LiChanna
408457111 LiChanna
408457329 55967103 408455327 goawayshit
408457689 LiChanna
408457976 56963983 408426742 40622869
408458414 55967103 408456316 LiChanna
408458787 LiChanna
408458789 48136342
408458796 40622869
408459655 LiChanna 408458414 55967103
408459828 LiChanna 408458789 48136342
408460102 LiChanna
408460187 45790778
408460351 LiChanna 408455327 goawayshit
408460632 goawayshit 408457329 55967103
408460836 LiChanna 408460187 45790778
408461043 LiChanna 408460632 goawayshit
408461532 55967103 408459655 LiChanna
408462206 58436709
408462316 LiChanna 408461532 55967103
408462485 48136342 408459828 LiChanna
408462686 48136342
408463128 LiChanna
408463721 58436709
408463985 LiChanna
408464084 48369524
408465230 55967103 408460187 45790778
408465937 55967103
408466140 55967103 408463985 LiChanna
408466492 43957439
408466696 58753544 408427174 40622869
408467232 55967103
408467508 snowball086 408464084 48369524
408468551 24193297
408468670 40622869 408466696 58753544
408469007 rainbowb
408469040 snowball086
408469103 55967103 408468551 24193297
408469517 55967103 408469040 snowball086
408469599 55967103 408469040 snowball086
408469971 snowball086 408469599 55967103
408471011 55967103 408469971 snowball086
408471172 goawayshit 408461043 LiChanna
408471381 49584531
408471698 goawayshit 408463985 LiChanna
408471994 49584531
408472033 58753544 408468670 40622869
408472273 55967103 408471381 49584531
408472391 dwcn
408472486 45790778 408466696 58753544
408472689 rainbowb 408421555 LiChanna
408472733 24193297 408469103 55967103
408472855 45790778 408466696 58753544
408472881 kiddiao
408473150 LiChanna
408473450 49584531 408472273 55967103
408473905 40622869 408472033 58753544
408474084 49584531 408472391 dwcn
408474106 LiChanna
408474637 49584531 408472881 kiddiao
408474667 55967103 408472733 24193297
408475003 58753544 408472486 45790778
408475184 55967103 408473450 49584531
408475818 55967103 408472689 rainbowb
408476493 49584531 408475184 55967103
408476787 58753544 408473905 40622869
408476883 LiChanna
408477316 55967103 408476493 49584531
408477821 49584531 408476883 LiChanna
408478019 58753544 408472855 45790778
408478278 40622869 408476787 58753544
408478426 49584531 408477316 55967103
408478704 55967103 408477821 49584531
408478905 LiChanna
408479120 49584531
408479389 49584531
408479858 65644652
408480047 LiChanna
408480357 49584531 408479858 65644652
408480403 58753544 408478278 40622869
408480467 60536336 408418957 LiChanna
408481070 65644652 408480357 49584531
408481155 49584531 408480047 LiChanna
408481354 55967103 408479389 49584531
408481418 Frank921208
408481625 49584531 408481070 65644652
408481761 40622869 408480403 58753544
408481971 hanyajie 408420821 naoko40
408482331 45790778 408480403 58753544
408482953 alashendeng
408784579 63714144 408783793 nurfat
408784943 huizihua
408785363 49002830 408782956 nurfat
408785968 nurfat 408785363 49002830
408786226 nurfat
408786252 49002830 408785968 nurfat
408786735 youlideqinglizi 408711577 LiChanna
408787206 youlideqinglizi 408723460 fushanhu
408788057 youlideqinglizi 408723116 49268821
408789057 youlideqinglizi 408732442 rabbitsheila
408789544 youlideqinglizi 408733997 EudoraEJ
408790061 youlideqinglizi 408752497 chengchaoella
408791841 39022615
408792214 58272747 408791841 39022615
408795566 LiChanna
408800090 62548865
408807576 49584531
408808356 49584531 408724396 58272747
408808610 49584531 408726227 fushanhu
408809316 65037589 408808610 49584531
408809973 rennnn
408810368 47158465
408810397 LiChanna
408810825 49584531 408809316 65037589
408812795 48153670
408812881 57926734
408813247 48625367
408813392 63132692
408813427 LiChanna
408813555 48625367
408813677 44700431
408815792 yolanda_sis
408820706 LiChanna
408821239 impedance
408826151 35954968
408841705 63714144
408842842 44157536 408755955 61616673
408843155 50643295
408846363 61616673 408842842 44157536
408846537 61616673 408843155 50643295
408847393 50643295 408846537 61616673
408848927 61616673 408847393 50643295
408850061 63324134
408850853 rarelyzero 408422101 LiChanna
408852838 43357611
408857554 vivianzjy
408861738 impedance 408841705 63714144
408862283 44527091
408865036 44527091
408905813 63714144
408923213 jullllla
408923567 naoko40
408924209 naoko40 408852838 43357611
408926898 naoko40
408930811 LiChanna 408781205 63714144
408932398 LiChanna 408760473 nurfat
408932493 iwillchange
408932844 LiChanna 408924209 naoko40
408933262 naoko40 408932844 LiChanna
408933400 LiChanna 408923213 jullllla
408934055 LiChanna 408865036 44527091
408934300 LiChanna 408857554 vivianzjy
408934608 LiChanna 408850853 rarelyzero
408934853 59627451 408417245 LiChanna
408935574 LiChanna 408826151 35954968
408936088 LiChanna 408934853 59627451
408937704 59627451 408936088 LiChanna
408938108 LiChanna
408938728 LiChanna 408937704 59627451
408940645 nurfat 408932398 LiChanna
408941052 59627451 408938728 LiChanna
408941515 LiChanna 408941052 59627451
408944637 59627451 408941515 LiChanna
408947780 LiChanna
408951062 62548865
408953037 55967103 408936088 LiChanna
408954085 55967103 408941515 LiChanna
408958337 53658579
408963203 naoko40
408965740 LiChanna
408965968 LiChanna
408978857 rainbowb 408776788 60478190
408979496 LiChanna
408980500 46988342
408999098 57980887
408999800 babyshang
409002256 66671504
409012123 43357611 408924209 naoko40
409014466 tianzhenlei
409016713 63327184
409019514 1866794
409036133 62548865
409037899 LiChanna
409040597 se7en0220
409041489 benchuziwu
409041492 moniloveliuxin
409042033 moniloveliuxin 409037899 LiChanna
409052475 LiChanna 409041489 benchuziwu
409052590 LiChanna 409042033 moniloveliuxin
409052751 LiChanna 409012123 43357611
408483086 LiChanna
408483656 58753544 408481761 40622869
408484132 55967103
408484931 49584531 408483086 LiChanna
408485116 RuiSaSa
408485341 49584531 408484931 49584531
408485607 56405262
408485705 49584531 408485116 RuiSaSa
408486305 56405262
408486610 4316847
408486915 56405262
408487557 naoko40
408487704 56405262
408487937 Frank921208 408484132 55967103
408488113 55967103 408486305 56405262
408488149 55967103 408486305 56405262
408488216 LiChanna
408488361 8850650
408488926 56405262
408488968 LiChanna
408488981 55967103 408487557 naoko40
408489280 56405262 408465230 55967103
408489850 naoko40 408486305 56405262
408489869 55967103 408487937 Frank921208
408490224 naoko40 408488216 LiChanna
408490402 55967103 408489280 56405262
408490811 LiChanna
408491074 56405262 408489850 naoko40
408491308 47734952
408491390 65619779
408492180 45790778 408484931 49584531
408492352 48136342 408488926 56405262
408492428 58753544
408492786 naoko40 408492180 45790778
408492892 LiChanna
408492905 naoko40 408492428 58753544
408493356 55967103 408491074 56405262
408493613 58753544 408492180 45790778
408494195 58753544 408492892 LiChanna
408494232 naoko40
408494802 58753544 408492786 naoko40
408495322 49584531 408492180 45790778
408495330 55967103 408494232 naoko40
408495661 58753544 408490224 naoko40
408495988 naoko40 408495661 58753544
408496518 LiChanna
408497142 58753544
408497846 58753544 408495988 naoko40
408497851 45790778 408495322 49584531
408498232 55967103 408496518 LiChanna
408499245 2274968
408499988 LiChanna
408500554 nurfat
408505281 taken-tee
408507975 LiChanna
408508562 45831112
408511089 dingmaomao
408525277 44323685
408530707 62548865
408531033 62548865
408532159 57004485
408532679 MeMeLT
408532794 neo1215song
408535179 camelliacoco7
408544957 58436709 408500554 nurfat
408548153 63714144 408497142 58753544
408550841 55516791
408551097 55516791 408492905 naoko40
408560810 yuyear
408562333 2208827
408578670 nurfat
408578733 LiChanna
408580161 63714144 408578733 LiChanna
408581302 LiChanna
408581557 fushanhu
408582329 youlideqinglizi 408427174 40622869
408582640 LiChanna
408583637 youlideqinglizi 408511089 dingmaomao
408584763 youlideqinglizi 408532679 MeMeLT
408585166 fushanhu
408585183 youlideqinglizi
408586182 youlideqinglizi
408587356 kumakichikun
408588840 kiddiao 408474637 49584531
408593870 58436709 408578670 nurfat
408596656 youlideqinglizi 408472391 dwcn
408602383 52033272 408415203 LiChanna
408610773 naoko40 408551097 55516791
408610982 LiChanna
408614157 48911557
408615045 heimofang
408617921 64070682
408624007 peterduus
408624264 nurfat
408624749 nacuiyouhun
408625129 chengchaoella
408625406 chengchaoella
408628440 LiChanna
408628914 49995163
408630296 41758377
410996525 50811004
410999305 ilovetakasugi
411000755 LiChanna 410999305 ilovetakasugi
411001637 LiChanna
411002018 ilovetakasugi 411000755 LiChanna
411002441 54622980
411003472 LiChanna
411003659 LiChanna 411002441 54622980
411003840 LiChanna 411002018 ilovetakasugi
411005271 60954927
411006471 54622980 411003659 LiChanna
411006683 LiChanna 411005271 60954927
411006817 LiChanna 411006471 54622980
411007817 cyy520 411003472 LiChanna
411008522 54622980 411006817 LiChanna
411009834 LiChanna
411010418 LiChanna
411010977 LiChanna 411008522 54622980
411012109 44003943
411012690 LiChanna 411012109 44003943
411013401 cyy520 411010418 LiChanna
411016546 LiChanna 411013401 cyy520
411018144 65796131
411021131 nurfat 411012109 44003943
411028588 54622980
411045753 LiChanna
411074175 49860767
411075330 so-milk
411079832 Kajin
411081638 4118592
411082010 4118592 411075330 so-milk
411093468 cheerwendy
411137688 so-milk
411155352 44003943 411021131 nurfat
411160720 45637565
411163607 LiChanna 411079832 Kajin
411164034 LiChanna
411164577 nurfat 411155352 44003943
411164711 nurfat 411160720 45637565
411165551 LiChanna 411164577 nurfat
411165864 LiChanna 411137688 so-milk
411165989 LiChanna
411168620 nurfat 411165551 LiChanna
411170362 LiChanna 411168620 nurfat
411171489 47500119 411001637 LiChanna
411172263 LiChanna 411171489 47500119
411172843 meiniuer
411173141 34046862
411173570 LiChanna 411172843 meiniuer
411173762 LiChanna 411173141 34046862
411174361 LiChanna 411172843 meiniuer
411174731 meiniuer 411174361 LiChanna
411177275 41882343
411177761 41882343 411170362 LiChanna
411178621 LiChanna 411177275 41882343
411178663 LiChanna 411177761 41882343
411187712 so-milk 411165864 LiChanna
411188333 so-milk 411165864 LiChanna
411189326 nurfat 411170362 LiChanna
411192582 LiChanna 411189326 nurfat
411195593 41882343
411216366 LiChanna 411195593 41882343
411221524 LiChanna 411187712 so-milk
411223689 so-milk 411221524 LiChanna
411224033 LiChanna 411223689 so-milk
411236803 yexiaocuo
411237281 nurfat 411236803 yexiaocuo
411237354 LiChanna 411236803 yexiaocuo
411237513 LiChanna 411237281 nurfat
411237773 nurfat 411237513 LiChanna
411238215 LiChanna 411237773 nurfat
411242092 49213803
411242360 44700431
411246809 cdmmystery
411247809 gaasang
411248237 54713564 411247809 gaasang
411248884 gaasang 411248237 54713564
411249319 54933450
411249643 54933450 411246809 cdmmystery
411250098 54933450 411188333 so-milk
411250689 44700431
411250727 creamsoda233
411251281 54713564 411248884 gaasang
411251388 54713564 411250727 creamsoda233
411251863 54713564 411250689 44700431
411252089 54713564 411247809 gaasang
411252137 54933450 408732442 rabbitsheila
411252169 gaasang 411252089 54713564
411252874 54713564 411252169 gaasang
411260227 so-milk 411250098 54933450
411260576 so-milk 411224033 LiChanna
411279272 LiChanna 411242092 49213803
411279586 LiChanna 411248884 gaasang
411279756 LiChanna 411250689 44700431
411280011 LiChanna 411250727 creamsoda233
411280740 ianwill
411283030 gaasang 411252874 54713564
411283421 LiChanna 411280740 ianwill
411283471 LiChanna 411283030 gaasang
411286182 LiChanna
408431118 50588877
408431956 53532061
408432733 61980868 408428181 naoko40
408433482 nurfat 408413721 13084040
408433486 naoko40
408433566 58436709
408433791 nurfat 408430579 47477458
408433992 45790778
408434062 54265199 408423021 35143216
408434183 LiChanna 408414646 yoko1990
408434310 nurfat
408434399 naoko40
408434527 LiChanna 408419323 yinzhiping
408434574 45790778
408434616 VonXL
408434900 LiChanna 408420487 57725549
408435037 eric-fhc
408435203 37369878 408427174 40622869
408435243 LiChanna 408428980 43957439
408435383 LiChanna 408429269 naoko40
408435513 nurfat 408424206 66589593
408435588 47477458
408435602 LiChanna 408422586 czashisb
408435714 naoko40 408435383 LiChanna
408435845 29509741
408435923 naoko40 408435588 47477458
408436003 48880582
408436161 40622869 408435203 37369878
408436462 LiChanna 408427640 60173769
408436958 60178047 408423021 35143216
408437088 LiChanna
408437373 37369878 408436161 40622869
408437790 goawayshit
408437999 45790778 408420487 57725549
408438210 52742521 408436161 40622869
408438268 55967103
408438288 lovelyyuchen
408438527 60178047
408438528 naoko40
408439245 57730147
408439255 44544884
408439544 41338429
408439807 55967103 408437790 goawayshit
408439955 40622869 408437373 37369878
408440024 LiChanna 408431956 53532061
408440143 45790778 408437790 goawayshit
408440206 55967103 408437790 goawayshit
408440273 LiChanna 408431956 53532061
408440479 LiChanna
408440490 naoko40 408438288 lovelyyuchen
408440975 LiChanna
408441024 nurfat 408435588 47477458
408441339 55967103 408439544 41338429
408441442 37369878 408439955 40622869
408442076 55967103 408440975 LiChanna
408442499 naoko40 408440479 LiChanna
408443686 4752495
408443959 55967103
408444867 wutongblog 408443959 55967103
408445157 naoko40
408446329 44323685
408446470 LiChanna 408433486 naoko40
408446664 LiChanna 408433992 45790778
408446831 46385032 408446329 44323685
408447156 naoko40 408446470 LiChanna
408447216 LiChanna 408434616 VonXL
408447447 60173769 408436462 LiChanna
408447479 LiChanna 408435588 47477458
408447562 40622869 408441442 37369878
408447587 59094963
408448019 LiChanna 408415260 3577394
408448285 naoko40 408447562 40622869
408448720 46385032 408422980 44157536
408448929 LiChanna 408435714 naoko40
408449268 LiChanna 408438268 55967103
408449352 naoko40
408449585 55967103 408434574 45790778
408449635 LiChanna 408437790 goawayshit
408449889 LiChanna
408449985 goawayshit 408440143 45790778
408450000 55967103 408448720 46385032
408450382 LiChanna 408435845 29509741
408450611 LiChanna 408438527 60178047
408450625 55967103 408449268 LiChanna
408450693 37369878 408447562 40622869
408450890 goawayshit 408439807 55967103
408451307 LiChanna 408439544 41338429
408451689 50513519
408451858 54713564
408451969 LiChanna 408441442 37369878
408452392 55967103 408450890 goawayshit
408452432 LiChanna 408443686 4752495
408452576 51123304
408452854 LiChanna 408445157 naoko40
408453137 LiChanna
408453195 37369878 408451969 LiChanna
408453390 LiChanna 408448285 naoko40
408453460 40622869 408450693 37369878
408453588 LiChanna 408449352 naoko40
408453667 kaiser.lin
409053010 LiChanna 408787206 youlideqinglizi
409060938 62548865
409061934 LiChanna 409060938 62548865
409104981 62548865
409134184 LiChanna
409138291 44445280
409139203 35954968
409140882 LiChanna
409166901 62548865
409208773 LiChanna
409237801 iwillchange 408456316 LiChanna
409239314 48916189
409239682 iwillchange 408460836 LiChanna
409240195 iwillchange 408464084 48369524
409242208 iwillchange 408480357 49584531
409246902 62548865 409208773 LiChanna
409248274 62548865 409239682 iwillchange
409253634 LiChanna
409310102 1866794 409248274 62548865
409317634 1866794 409239682 iwillchange
409321772 62548865 409253634 LiChanna
409322436 62548865 409310102 1866794
409330202 LiChanna
409330579 BravestaR
409331863 LiChanna
409341076 yumeng1215
409358343 63696143 408416491 LiChanna
409364318 66280331
409365772 LiChanna
409468607 54713564
409469232 54713564 409341076 yumeng1215
409499093 55967103 408934608 LiChanna
409502235 55967103 409341076 yumeng1215
409503820 57057774 409502235 55967103
409504054 57057774
409504557 55967103 409322436 62548865
409505354 55967103 409253634 LiChanna
409505888 Cancerdonkey
409520261 LiChanna
409530908 44838483
409534373 57444189 408417245 LiChanna
409589658 4371750 408422980 44157536
409598926 62548865 409504557 55967103
409600442 57444189
409600830 55967103 409598926 62548865
409601326 nicolameng
409608855 55967103 408812881 57926734
409609190 55967103 408813392 63132692
409609697 55967103 408843155 50643295
409611956 4118592
409612765 LiChanna
409612869 LiChanna 409600442 57444189
409612976 LiChanna 409530908 44838483
409613053 LiChanna 409600830 55967103
409613236 LiChanna 409468607 54713564
409613371 LiChanna 409600830 55967103
409613710 56398789
409614368 4118592
409615446 44240274
409616652 LiChanna
409617635 4118592
409637449 55967103 409613371 LiChanna
409637655 55967103 409613710 56398789
409647092 62548865 409600830 55967103
409647450 62548865 409613371 LiChanna
409664860 LiChanna
409665140 61937240
409717772 54713564 409613236 LiChanna
409728886 LiChanna
409808926 1866794 409617635 4118592
409829787 LiChanna
409830287 55814237
409831295 37058903
409831305 37058903
409831706 54713564 409831295 37058903
409834446 tobecat
409837687 LiChanna
410843380 LiChanna 408450625 55967103
410844220 44700431
410844377 44700431
410846230 LiChanna 410844220 44700431
410846360 LiChanna 410844377 44700431
410847695 44700431 410846360 LiChanna
410848830 LiChanna 410847695 44700431
410849396 58542904
410849902 LiChanna 410849396 58542904
410849965 yiyuanqian 408421555 LiChanna
410850981 LiChanna 410849965 yiyuanqian
410913549 47500119
410927647 62252712
410935052 ilovetakasugi
410937724 liuxiaogou
410944809 52287922 408428980 43957439
410949333 58753544
410951723 55967103 410843380 LiChanna
410995594 LiChanna 410949333 58753544
410995993 LiChanna 410935052 ilovetakasugi
410996125 LiChanna 410937724 liuxiaogou
410996462 cyy520
410996509 50811004
411290199 57602322
411292955 44003943 411164577 nurfat
411294225 LiChanna 411290199 57602322
411341360 cdmmystery 411249643 54933450
411494877 55967103 411286182 LiChanna
411507310 LiChanna 411494877 55967103
411510842 65986010
411519208 LiChanna 411510842 65986010
411557287 55967103 411507310 LiChanna
411558975 2229241
411574090 LiChanna 411557287 55967103
411574457 LiChanna 411558975 2229241
411689687 62525705
411720676 42049196
411859244 42049196 411008522 54622980
411902482 LiChanna
411904707 59167768
411907393 LiChanna
412107904 54622980 411859244 42049196
412140708 46039010
412140818 46039010 411290199 57602322
412141129 46039010 408428980 43957439
412141529 LiChanna
412141668 46039010 411904707 59167768
412141872 54878823
412142110 LiChanna
412142295 54878823 408421875 naoko40
412147227 57004485 412141129 46039010
412183686 59167768 412141668 46039010
412185328 59167768 412141668 46039010
412194481 LiChanna
412509371 42049196 412107904 54622980
412511656 54622980 412509371 42049196
412517046 LiChanna
412527437 42049196
412529499 LiChanna
412698718 48176017
412720233 naoko40 412142295 54878823
412722306 naoko40 412698718 48176017
412767874 LiChanna
412774234 48176017 412722306 naoko40
412775387 LiChanna
412799192 55658063
412832273 25535194
412833356 LiChanna
412856345 LiChanna
412877855 4563332
412878097 56405262
412890300 56405262
412890798 56405262
412891070 zeal4
412921988 LiChanna
412925906 LiChanna 412891070 zeal4
412926522 LiChanna 412877855 4563332
412928061 tanzye
412929550 tanzye
412935740 Assado 408421555 LiChanna
412936208 Assado 412877855 4563332
412936684 Assado 412527437 42049196
412937004 Assado 411720676 42049196
412938334 49205647
412940122 49205647
412940604 49205647 412929550 tanzye
412945361 Assado 412940122 49205647
412972141 LiChanna
413001067 zekerush
413047869 zeal4 412925906 LiChanna
413073459 49777703
413080964 59529260
413082783 61401731
413093514 loveyuanoo 408420487 57725549
413102231 tanzye 412940604 49205647
413132004 4563332
413142227 4563332 412926522 LiChanna
413438939 55658063 412929550 tanzye
413439882 LiChanna
413456254 LiChanna 413001067 zekerush
413456460 LiChanna 413047869 zeal4
413456728 LiChanna 413132004 4563332
413456837 LiChanna 413080964 59529260
413456940 LiChanna 413073459 49777703
413457121 LiChanna 413082783 61401731
413457436 LiChanna 413093514 loveyuanoo
413458642 41001358
413461259 57687603
413461604 LiChanna 413461259 57687603
413462324 57687603 413461604 LiChanna
413468396 51778838
413474345 nikanbudaowo
413481336 LiChanna
413500673 4563332 413456728 LiChanna
415400662 goobee_psyche
415892118 LiChanna
415892399 56016988
415892611 LiChanna 415892399 56016988
415892753 56016988 415892611 LiChanna
415893181 63084192
415893955 LiChanna 415893181 63084192
415894081 LiChanna 415892753 56016988
415894409 56016988 415894081 LiChanna
415894547 pbchen
415894556 63084192 415893955 LiChanna
415894920 LiChanna 415894409 56016988
415895115 LiChanna 415894547 pbchen
415895232 56016988 415894920 LiChanna
415896652 LiChanna 415895232 56016988
415896659 pbchen 415895115 LiChanna
415896764 LiChanna
415897156 56016988 415896652 LiChanna
415897191 LiChanna 415896659 pbchen
415897261 LiChanna 415897156 56016988
415897392 52212700 415896764 LiChanna
415897646 LiChanna 415897392 52212700
415898299 pbchen 415897191 LiChanna
415899368 LiChanna 415898299 pbchen
415900836 61482864
415901102 56016988 415897261 LiChanna
415901257 LiChanna
415901350 LiChanna 415901102 56016988
415902872 56016988 415901350 LiChanna
415906381 LiChanna 415902872 56016988
417533653 59529260 413456837 LiChanna
417575361 LiChanna
419925443 LiChanna 411557287 55967103
419991277 55967103 419925443 LiChanna
419995854 50039769
419997292 LiChanna
420007762 44428332
420008120 kaojiaoledejitu
420011319 rennnn
420013774 LiChanna
420014091 veenf
420014761 huagezai
420024660 13262475 420014761 huagezai
420024677 13262475 420014091 veenf
420024837 13262475 419995854 50039769
420024910 13262475 419995854 50039769
420024952 13262475 420008120 kaojiaoledejitu
420062937 LiChanna
420154285 50039769 420024910 13262475
420154754 50039769 420154285 50039769
420154948 50039769 420062937 LiChanna
420165947 LiChanna
420201828 44428332
420203781 LiChanna
