408439915 LLB4
408441205 2921399 408439915 LLB4
408443931 2921399
408469931 Cathy1995
408470011 Cathy1995
408564102 2921399 408469931 Cathy1995
408564671 52868320
408564739 64866741
408565798 46312821
408565889 eleennana
408566220 satopi
408566857 leeois
408569289 2921399
408569762 2921399 408564671 52868320
408570532 sarah5tata
408571115 2921399 408564739 64866741
408571631 2921399 408565798 46312821
408572336 3849249
408572554 58876043
408572585 2921399 408566220 satopi
408572889 2921399 408565889 eleennana
408573175 2921399 408566857 leeois
408573433 2921399 408572336 3849249
408574054 2921399 408572554 58876043
408574128 64781069
408575302 58876043 408574054 2921399
408576482 64866741
408578340 2921399 408574128 64781069
408578716 2921399 408575302 58876043
408578949 56809612
408579037 2921399
408579711 2921399 408578949 56809612
408581371 64866741
408584053 2921399 408581371 64866741
408585310 64866741 408584053 2921399
408602036 66476639 408584053 2921399
408619653 1633394
408670238 kourou
408670284 kourou
408706613 2921399 408585310 64866741
408706851 2921399 408619653 1633394
408707215 fion
408707782 46400603
408708150 2921399 408670284 kourou
408708672 3370532
408708786 2921399 408670284 kourou
408709274 2921399 408707215 fion
408709916 2921399 408707782 46400603
408710204 2921399 408708672 3370532
408713894 46400603 408709916 2921399
408718186 2921399 408602036 66476639
408718452 52613395
408719012 50702934 408718452 52613395
408719470 64866741 408706613 2921399
408720163 zannalulu
408723314 2921399 408718452 52613395
408723501 2921399 408719470 64866741
408723627 64866741 408723501 2921399
408724193 2921399 408720163 zannalulu
408725487 2921399 408713894 46400603
408727107 66476639 408708672 3370532
408729350 fatbook
408731512 dearfeng0107
408734482 64866741 408731512 dearfeng0107
408734779 2921399 408731512 dearfeng0107
408735065 2921399 408729350 fatbook
408750267 65695929
408763020 2921399 408750267 65695929
408796805 kourou 408708150 2921399
408801727 38886735
408806733 2921399
408806907 2921399 408801727 38886735
408807192 64866741 408806907 2921399
408811584 2921399 408807192 64866741
408819312 kourou 408806733 2921399
408822904 2921399 408819312 kourou
408825482 kourou 408822904 2921399
408874374 38886735 408806907 2921399
408930923 MISHIDIDAI
408931925 sheepherder
409013491 58978571
409026673 2921399 408874374 38886735
409026863 2921399 408930923 MISHIDIDAI
409027221 2921399 408931925 sheepherder
409027317 2921399 409013491 58978571
409027613 lilianwen
409028243 53723668
409031488 ffyuan
409037645 37273057 408566220 satopi
409037861 satopi 409037645 37273057
409038521 66887840
409042810 56699529
409049361 64660771
409051521 wuzhuan105
409052532 4681389 408578716 2921399
409052830 52154496 408566857 leeois
409054580 3554614
409055333 leeois 409052830 52154496
409056563 2921399 409027613 lilianwen
409056957 2921399 409028243 53723668
409057658 2921399 409031488 ffyuan
409057982 2921399 409038521 66887840
409058378 2921399 409042810 56699529
409058930 2921399 409049361 64660771
409059414 2921399 409051521 wuzhuan105
409060407 2921399 409049361 64660771
409064090 zannalulu 409059414 2921399
409071371 ffyuan 409057658 2921399
409100011 64660771 409060407 2921399
409104625 58978571 409057982 2921399
409110818 jinwater196
409167503 wuzhuan105 409059414 2921399
409193845 sonysong
409392912 2921399
409393657 2921399 409071371 ffyuan
409393991 2921399 409100011 64660771
409394793 2921399
409394940 2921399 409167503 wuzhuan105
409395050 2921399 409193845 sonysong
409402599 64660771 409393991 2921399
409420639 M926
409431188 56326545
409450982 58978571 409394793 2921399
409470246 sonysong 409395050 2921399
409476321 2921399 409420639 M926
409743536 fatbook
409746040 lvseyaowan
409747208 46661256
409839870 2921399 409431188 56326545
409839994 2921399 409450982 58978571
409840400 2921399 409747208 46661256
409840633 2921399 409743536 fatbook
409840972 2921399 409746040 lvseyaowan
409841962 xuehan 408565798 46312821
409899591 58978571 409839994 2921399
409901603 44042980
409903246 2921399 409899591 58978571
409903481 2921399 409901603 44042980
409918117 44042980
409922970 58978571 409903246 2921399
409935044 secolo 408727107 66476639
409940086 2921399 409935044 secolo
409945469 secolo 409940086 2921399
409947306 2921399 409945469 secolo
409949001 secolo 409947306 2921399
410030936 66476639 409947306 2921399
410043528 46665392
410049279 2921399 410030936 66476639
410060350 2921399 410043528 46665392
410094881 46665392 410060350 2921399
410096176 64728391 408443931 2921399
410166316 M926 409476321 2921399
410441710 2921399 410166316 M926
410505278 6846760
410510730 jesse.tian
410524589 2921399 410505278 6846760
410525794 2921399 410510730 jesse.tian
410662096 xh210 410510730 jesse.tian
410953053 Cathy1995 409058378 2921399
410956379 M926 410441710 2921399
411364721 2921399 410953053 Cathy1995
411365079 3546278
413854375 laalaalaa
413879311 xueerzi
413880731 groplacebo
413882889 xueerzi 413880731 groplacebo
413886337 64866741 413854375 laalaalaa
413936002 3914272
414501405 2921399 413854375 laalaalaa
414503420 2921399 413879311 xueerzi
414600446 2921399 413880731 groplacebo
414600616 2921399 413936002 3914272
414603712 neverfound
414637085 2921399 414603712 neverfound
414659222 neverfound
414660921 isl
414674737 48249662
414675132 64602194
414736707 xueerzi 414503420 2921399
414847725 2921399 414659222 neverfound
414848500 2921399 414674737 48249662
414849088 2921399 414736707 xueerzi
414856216 48249662
414862079 2921399 414856216 48249662
414863969 48249662
414870168 2921399 414863969 48249662
414870897 48249662
415052956 loveqyforever
415053303 56909414
415061531 1925789
415061691 w44
415135597 xueerzi 414849088 2921399
415187833 2921399
415362066 xueerzi 415187833 2921399
416267403 2921399 415053303 56909414
416450538 litigarer
416521551 57337928
416521594 64594907
416521921 67360978
416522412 x7x7
416522975 violetwangqi
416739113 2921399 416522975 violetwangqi
416740299 2921399 416522412 x7x7
416740974 2921399 416450538 litigarer
416743426 2921399
416746093 2921399 416521594 64594907
416746402 2921399 416521921 67360978
416746743 nikita_ng
416749665 2921399 416746743 nikita_ng
416750392 59486640
416751216 2921399 416750392 59486640
416751884 64389508
416754979 2921399 416751884 64389508
416757952 54370447
416782457 64594907 416746093 2921399
416877208 litigarer
416879053 violetwangqi 416739113 2921399
416891227 2921399 416877208 litigarer
416892045 2921399 416879053 violetwangqi
416892617 2921399 416757952 54370447
416892877 2921399 416782457 64594907
416893142 64594907 416892877 2921399
416895246 54370447 416892617 2921399
416924870 42940452
416925822 52340730
416934488 46482368
416960714 50725841
416968203 x7x7 416740299 2921399
416969231 betheonex
417009314 echoeel
417012436 66848987
417025472 2921399 417012436 66848987
417025594 2921399 417009314 echoeel
417025833 2921399 416969231 betheonex
417026701 snooppi
417029399 2921399 416968203 x7x7
417030522 2921399 416960714 50725841
417030971 50725841 417030522 2921399
417032019 2921399 416895246 54370447
