408581768 50811004
408581921 crocuswang
408581968 50546360
408582133 63960669
408582293 59691857
408582474 59691857
408582618 62599388
408582625 55478165
408582712 55859894
408582723 50452650
408582841 37675999
408583027 camille-lky
408583077 decboran
408583263 48918830
408583278 Xelmo
408584550 54875058
408584777 MavisChau
408584867 52458895
408585669 JUNO123
408586892 bubujee 408581921 crocuswang
408587002 mosaoke
408587089 mosaoke
408587176 44222516
408587331 62532945
408588087 59165174
408588911 stellaaa
408589042 cenir0701
408589066 Mjune
408589179 cenir0701
408589226 cenir0701
408589643 46323575 408586892 bubujee
408589918 fuck-you-ok
408589947 lc2610 408589643 46323575
408589959 bubujee 408589643 46323575
408590050 45119625
408590160 51631764 408582293 59691857
408590352 punx4ever
408590660 51631764
408590891 60254130
408591168 59691857 408590160 51631764
408592315 leeeeeeeeeeee
408592655 56086830
408592765 51631764 408591168 59691857
408592870 peterduus
408593052 52860561
408593128 64617521 408586892 bubujee
408593190 24567946 408591168 59691857
408593295 goodnightdeary 408586892 bubujee
408593682 56639990
408593934 iticsly
408593948 44109489
408593976 shenmeshenmeshe
408594011 wboyu 408593295 goodnightdeary
408594127 53126610
408594284 lidaye
408594380 51186887
408594401 wyx19890726
408594427 goodnightdeary 408594011 wboyu
408594535 58465419
408595258 istefcan
408595343 59691857 408592765 51631764
408597367 yuuuuuuuuu
408597835 51631764 408595343 59691857
408598298 tattooshe
408599048 huangqyao
408600264 59063006
408600564 49852352
408600915 3718607
408601065 51646115
408601154 49990221
408601298 49709582
408601415 59958076
408602060 50144618
408603050 43442680
408603156 62190791
408603628 65552814
408604087 62606210
408605209 53339384
408607281 iamsilky
408608392 cheerfulyou
408608783 LoveScarlett
408608909 whereiszoe
408608923 50332687
408609113 51080925
408609536 36853493
408609685 jo9o
408609916 59962635
408610453 54926235 408594427 goodnightdeary
408610479 crocuswang 408586892 bubujee
408611079 goodnightdeary 408610453 54926235
408612944 46829976
408616969 54926235 408611079 goodnightdeary
408626590 41521989
408627418 can414
408629220 41198675
408629841 47800526
408630336 34656430
408630934 65851494
408631022 artwang
408631206 48917719
408631635 50004278
408631712 Bonjour-Bee
408631800 1110771
408648853 38082892
408649152 61817631
408649283 tag-queen
408649715 49941721
408649934 44281212 408582712 55859894
408650001 60420717
408650121 yuyear
408650968 29593618
408651322 59544148
408655390 fdviviling
408677560 66963760
408677847 47364529
408678509 60785904
408678717 48317767
408678723 48317767
408678734 sistertuan
408679126 52013985
408679251 50853952
408679253 sjsp 408590050 45119625
408679655 64033145
408680005 2498996
408680129 morning22
408680167 52013985
408680394 young6
408680546 37351157 408592655 56086830
408681284 EndlessMstory
408682167 wxwsnoopy
408682226 50424224
408682547 47241430
408682872 45355563
408682938 4186160
408683185 wxbwb1582
408685824 3750792
408686361 61305960
408686384 flowergrass
408686450 zhangruopeng
408686720 rabbitbeauty
408687275 ty-xiang
408690556 yuciyuci
408693790 2826366
408696221 doubanxiaozi
408699321 groovyX2
408700341 sunrisely
408700410 55003457
408701473 48808520
408707854 47385931
408741232 60984709
408744462 47074004
408744567 goodnightdeary 408616969 54926235
408744737 26112383 408590050 45119625
408745094 50386860
408745639 goodnightdeary 408594011 wboyu
408745736 ukavw 408581921 crocuswang
408745803 goodnightdeary 408616969 54926235
408746061 qiuyanchen
408746278 4589617
408746833 greenyyo
408752148 luoluowuchenxia
408757972 58549782
408758303 50813860
408761262 dadasshen
408761548 dadasshen
408765005 64444919 408593948 44109489
408852521 wboyu 408594427 goodnightdeary
408853193 zecy
408867748 crocuswang 408745736 ukavw
408912707 sheepherder
408915710 34568419
408929766 goodnightdeary
408930173 43022678
408931087 46686351
408932806 66282155
408934114 53950449
408935535 49473520
408936987 ccccoy
408937711 qiaoxing
408938649 50396908
408952969 54688443
408961028 55329747 408590050 45119625
408961161 55329747 408912707 sheepherder
408961546 52308392
408962469 lizijun
408962737 23414895
408962848 28736165
408963289 baimeiqiu
408963586 kevn
408964530 52381346
408965430 44306222
408966157 63122613
408966265 wboyu 408929766 goodnightdeary
408979869 Anti_Utopia
408996940 56868023
408997334 12572939
408999101 53715097
408999390 2809875
409000227 aboutUs
409000369 63137651
409565797 65144981 408586892 bubujee
409567050 58734466
409571137 SalanC
409580629 63960669
409640962 crocuswang
409641175 crocuswang
409644654 wayiee
409727663 mangguoguantou
409735316 kenjiaodelele 408589959 bubujee
409735422 kenjiaodelele 409640962 crocuswang
409737931 crocuswang 409735422 kenjiaodelele
409974901 cqs8889
410088407 reneryu
410097175 IwantFree
410097475 2603656
410099338 Et0ile
410237373 yaliaihesuannai
410288026 nagedeshui
410291752 abitof 408581921 crocuswang
410366229 nyanyan
410366628 nantianxingjun 408582712 55859894
410369147 vivian_yanni
410369861 50129928
410370324 45828730
410370809 52814839
410372455 49675921 408610479 crocuswang
410376168 onlyalice
410376409 yumengfei
410377119 alwreat
410377317 Leeeegendary
410378167 legendxy
410389390 44120419
410394237 crocuswang 410291752 abitof
410394492 crocuswang 410372455 49675921
410394760 PoooZz
410426758 legendxy
410426901 livelybaby
410485792 4298652
410617055 54827843
410619229 54109088
418643424 miaoxiong
418644261 67842436
418655084 jinxihexii
418655620 67609776
418656061 64301078
418656342 49003883 408581921 crocuswang
418657637 64611448
418657739 59803115
418657802 64611448 410617055 54827843
418658146 41937708 408581921 crocuswang
418661769 59878554
418662582 55593387
418689361 hyaiywt 418662582 55593387
418694083 sail2011
418694329 yangchengjie
409000592 53454341
409001031 sapporo16
409001112 bocimakeit
409006494 selavi
409006822 rigo199294
409008341 ukavw 408610479 crocuswang
409008680 mikuma
409008971 2652727
409008976 2652727
409009404 60522233
409014898 sheepherder 408961161 55329747
409016317 46224963
409021552 dasen 408586892 bubujee
409023696 46935026 408588087 59165174
409028807 66995794
409045679 24567946 409016317 46224963
409046649 52234144
409047662 54448875
409056445 36044333
409056758 chantelle-ria
409057198 64353814
409058390 66066396
409059293 JUNO123
409059591 66952622
409059606 50023585
409060144 jim3
409060735 miooiw
409064838 45233114
409067060 ishama
409067646 4492507
409068628 65497302
409069139 48322184
409069166 starryjune
409069802 59406381 409056445 36044333
409069833 sumoran
409070952 64755428
409071138 47795306 408586892 bubujee
409071941 sistertuan
409073178 pinkygiraffe
409074332 44365364
409075708 Lapch
409075716 54788554
409077174 L_memo
409077911 1553542
409082945 usuallybaba
409084541 missif
409086864 marymarymerry
409088029 62119551
409101433 45119625 408961028 55329747
409102443 54914759 408589959 bubujee
409103540 50452650 408581968 50546360
409103769 jingjingluo
409104836 littlemad
409105070 shlalalalala
409105542 Iris.11
409163603 64191265
409166903 59165174 409023696 46935026
409185220 bubujee 409021552 dasen
409195662 52790481
409202789 52790481 408682547 47241430
409204014 kimihyz
409205768 kimihyz
409207722 40851622
409209592 dasen 409185220 bubujee
409217060 vocacion
409227400 58470943
409227942 57645706
409228381 66687321
409229867 64166807 408603156 62190791
409230167 61056337
409231790 missh1980
409232618 veracl
409235180 outma
409243780 56111294
409245201 56111294
409246269 47734952
409248163 rerena
409251157 41498320
409252154 10436303
409255502 loveforfish
409255885 60147014
409256869 65036244
409257446 61815996 408581921 crocuswang
409258092 loveforfish
409259347 summerchord
409264954 crocuswang 409257446 61815996
409266022 55751359
409314480 47241430 409202789 52790481
409346769 45840537
409352995 61815996 408610479 crocuswang
409357632 56151968
409362743 hyaiywt
409385775 57601145 409362743 hyaiywt
409395109 hyaiywt 409385775 57601145
409395910 57601145 409395109 hyaiywt
409551352 52790481
409560200 63530316 408582133 63960669
409562332 59235897
409565060 cdmmystery
409565588 65144981 408581921 crocuswang
