408994956 48112826
408994981 47477458 408994956 48112826
408995023 43788000
408995060 48112826 408994981 47477458
408995118 49948747
408995473 51811131
408995522 47477458 408995118 49948747
408995611 lollita0130 408995522 47477458
408995710 kayguo 408995118 49948747
408995802 47477458
408996254 65195509
408996739 47477458 408995611 lollita0130
408996826 47477458 408995473 51811131
408997054 56427222 408995023 43788000
408997478 emptying
408997572 56096307
408998506 36541079
408999275 47477458 408994981 47477458
408999412 47477458 408995023 43788000
408999594 47477458 408996254 65195509
408999669 47477458 408997572 56096307
409000154 47477458 408998506 36541079
409002073 66887840 408995118 49948747
409002696 66887840 408999594 47477458
409003150 49948747 408999275 47477458
409004046 47477458 409002696 66887840
409004090 MILKk.
409004325 selavi
409006505 3643248
409009964 66887840 409004046 47477458
409010879 47477458 409004090 MILKk.
409013176 47477458 409003150 49948747
409014346 48963501
409014662 ceciliaycx
409015118 49948747 409013176 47477458
409016304 ziliuziliu
409016347 50180422
409021309 m.p.dream
409021733 47477458 409016347 50180422
409021951 47477458 409014346 48963501
409022196 47477458 409015118 49948747
409023033 47477458 409021309 m.p.dream
409024495 36541079 409000154 47477458
409024521 m.p.dream 409023033 47477458
409032009 47477458
409032705 44410185
409033040 47477458
409036857 56096307 408999669 47477458
409039842 49948747 409022196 47477458
409040623 47477458
409041838 45829676
409047996 mynameisfantasy
409050384 47477458 409041838 45829676
409054406 47477458 409047996 mynameisfantasy
409058557 43788000 408997054 56427222
409059084 43788000 408999412 47477458
409061048 36541079 409033040 47477458
409063362 47477458
409064252 50180422 409021733 47477458
409064302 mynameisfantasy 409054406 47477458
409064781 57930867
409068804 47477458 409064781 57930867
409069066 47477458
409069223 54940663
409069750 decstar
409070160 47477458 409064252 50180422
409070507 dlquentin
409070744 1477802 409010879 47477458
409071091 1477802 409058557 43788000
409071556 63598326
409071759 groovyX2
409072152 35317828 408999412 47477458
409072547 2764729
409073959 imluckyholly
409074542 fangzi0
409076365 50144618
409076491 50144618
409076600 47477458 409069750 decstar
409076625 50144618
409076698 QueenQqiaoqiao 408999669 47477458
409077339 47477458 409004325 selavi
409077627 47477458 409064302 mynameisfantasy
409078024 47477458 409070507 dlquentin
409078484 mynameisfantasy 409077627 47477458
409080182 47477458 409076365 50144618
409085145 47477458 409039842 49948747
409121898 49929523
409122405 65779294
409122689 c0coon 408999412 47477458
409126729 c0coon 409122405 65779294
409130771 65779294 409126729 c0coon
409131523 c0coon
409132065 kavin_v
409152043 50144618 409080182 47477458
409233264 49948747 409085145 47477458
409235828 LEIGH4ever
409237436 rockbabycat 408995023 43788000
409240408 five_eren
409247148 62990257
409282945 47477458 409073959 imluckyholly
411820890 2822255
411821278 shadoWontheskY
411873313 HowSeem
411883965 50056226
411911222 missiisa
411914495 47477458
411927551 missiisa
411927777 missiisa
412188758 47477458 411927551 missiisa
412264459 missiisa 412188758 47477458
412267273 63849557
412268950 A-Cat 408999412 47477458
412380006 47477458 411927777 missiisa
412380457 47477458 412264459 missiisa
412571849 missiisa 412380457 47477458
412588308 47477458 411821278 shadoWontheskY
412589201 47477458 412267273 63849557
412589354 47477458 411873313 HowSeem
412705391 HowSeem 412589354 47477458
412707643 softlightlee 408999412 47477458
412939579 57538090
412939916 57538090 409014662 ceciliaycx
413026914 ceciliaycx 412939916 57538090
413149438 47477458 412939579 57538090
413149940 47477458
413150352 47477458
413151689 62920985
413151775 47477458 413026914 ceciliaycx
413152012 60291529 413150352 47477458
413152193 54370447 408995611 lollita0130
413158989 57538090 413149438 47477458
413160352 47477458 413152012 60291529
413165176 47477458 413151689 62920985
413166284 62920985 413165176 47477458
413166564 beibeisu 408995023 43788000
413167247 60291529 413160352 47477458
413169088 43788000
413171691 beibeisu 413169088 43788000
413190304 47477458
413190446 47477458 413167247 60291529
413190938 54888591
413282524 47477458 413190938 54888591
413286360 54888591 413282524 47477458
413370685 47477458 413286360 54888591
414087328 57932289
414421165 57932289
414429658 go-out
414431406 notwall
414432398 50247366
414433753 9755327
414568961 47477458 414087328 57932289
414569018 47477458 414429658 go-out
414580056 57932289 414568961 47477458
414603381 34596414
414605105 41801521
414899520 47477458
414899854 47477458 414433753 9755327
414917157 9755327 414899854 47477458
414918081 49089619
414999926 56992253
415003566 linzero
415010613 StarXu
415012441 ellielf723
415110200 47477458
415110718 47477458 414918081 49089619
415110914 47477458 414999926 56992253
415112381 49089619 415110718 47477458
415146472 47477458 415112381 49089619
415158094 49089619 415146472 47477458
415158868 gilianz
415183298 4792652
415233080 Frszqzy
415234104 62455232
415246423 47477458 415234104 62455232
415248221 62455232 415246423 47477458
415281016 47477458 415183298 4792652
415281640 47477458 415248221 62455232
415282438 47477458 415233080 Frszqzy
415391473 63849557 412589201 47477458
415414201 44128562
415422121 chenqing102
415433943 4792652 415281016 47477458
415572837 47477458 415414201 44128562
415596092 67612814 409000154 47477458
415597183 47477458 415596092 67612814
415599443 67612814
415601763 67612814 415597183 47477458
415602609 47477458 415422121 chenqing102
415602828 47477458 415599443 67612814
415603296 52212700
415603394 31559524
415604279 67612814
415604624 67612814 415602828 47477458
415604889 67612814
415605321 67612814
415615193 47477458 415605321 67612814
415615664 47477458
415626995 67612814 415615664 47477458
415633453 4887053
415680750 HowSeem
415688265 47477458 415680750 HowSeem
415688590 47477458
415688709 47477458
409284028 opal1008
409293246 47477458 409121898 49929523
409293435 47477458 409122405 65779294
409315312 47477458 409284028 opal1008
409344379 imluckyholly
409351157 47477458 409233264 49948747
409358059 65779294 409344379 imluckyholly
409359524 65779294 409293435 47477458
409630530 heptahedron
409633994 49948747 409351157 47477458
409754485 runrunrabbit
409761258 wendy1de
409763932 47193303
409988945 47477458 409754485 runrunrabbit
409989041 47477458 409761258 wendy1de
409989135 47477458 409006505 3643248
409989187 47477458
409989796 47477458 409763932 47193303
409990259 3643248 409989135 47477458
410022683 47477458 409990259 3643248
410024688 guannidiaoshi 410022683 47477458
410028148 60291529
410040660 3643248 410022683 47477458
410063734 65779294
410103262 wendy1de 409989041 47477458
410153978 3633568
410349191 47477458 410040660 3643248
410349265 47477458 410024688 guannidiaoshi
410349357 47477458 410153978 3633568
410349410 47477458 410103262 wendy1de
410349666 guannidiaoshi 410349265 47477458
410351592 3643248 410349191 47477458
410355265 47477458 410349666 guannidiaoshi
410355273 47477458 410351592 3643248
410357773 51668679
410367848 3633568 410349357 47477458
410372165 47477458 410357773 51668679
410372410 missiisa
410372764 47477458 410367848 3633568
410373665 36457443
410387519 47477458 410373665 36457443
410472099 4110209
410476196 missiisa
410519986 6248272
410521602 52687974
410522241 3661395
410527191 48153670
410530006 66908651
410530497 30029218
410706465 47477458 410522241 3661395
410706744 47477458 410530006 66908651
410711158 47477458 410476196 missiisa
410711321 47477458 410527191 48153670
410711356 46793168
410711622 47477458 410530497 30029218
410712572 47477458 410519986 6248272
410714044 leonardodouban
410714352 3811332
410715244 thankyou77
410716148 HowSeem
410716396 HowSeem
410718357 HowSeem
410718844 Viz_ciZa
410722637 47477458 410714352 3811332
410723524 47477458 410715244 thankyou77
410724021 47477458 410716148 HowSeem
410724213 47477458 410711356 46793168
410725365 thankyou77 410723524 47477458
410726026 47477458 410725365 thankyou77
410726816 thankyou77 410726026 47477458
410726900 thankyou77 410726026 47477458
410727207 47477458
410727682 oops77
410727824 thankyou77 410727207 47477458
410728113 46793168 410724213 47477458
410728402 47477458 410727682 oops77
410728462 oops77 410728402 47477458
410728546 47477458
410730536 47477458 410521602 52687974
410876526 3661395 410706465 47477458
410964783 fine_water 410730536 47477458
410999156 47477458 410964783 fine_water
411078346 HowSeem 410724021 47477458
411083529 67084981
411435511 67133966
411435736 will00
411635945 47477458 411435511 67133966
411636154 47477458 411078346 HowSeem
411637055 47477458 411083529 67084981
411640474 HowSeem 411636154 47477458
411646823 goodboyyu
411647936 bokunomirai
411649957 66687321
411649959 naver
411816184 47477458 411640474 HowSeem
411816870 47477458 411647936 bokunomirai
411817233 47477458 411649959 naver
411818707 shadoWontheskY
411820412 47477458 411818707 shadoWontheskY
411820783 2822255
