409016227 shierhu
409016505 mrbigloenlysss
409016514 h7h
409017232 54291569 409016227 shierhu
409017301 pengpeng_love
409017369 54291569 409016505 mrbigloenlysss
409017642 11517826 409016505 mrbigloenlysss
409017798 54291569 409016514 h7h
409018356 54291569 409017301 pengpeng_love
409019831 aohan168
409020094 pengpeng_love 409018356 54291569
409020254 chongchong233
409020337 gougougougougou
409020392 54291569 409019831 aohan168
409020666 MeeRyungLing
409020774 54291569 409020094 pengpeng_love
409020872 54291569 409020254 chongchong233
409020934 6856264
409021097 54291569 409020337 gougougougougou
409021188 dasen
409021266 stillwannab
409021305 stillwannab
409021392 39833775
409021597 54291569 409020666 MeeRyungLing
409021717 6856264
409021720 shierhu
409021800 54291569 409020934 6856264
409021864 54291569 409021188 dasen
409022042 54291569
409022083 huanglianmao
409022089 54291569 409021392 39833775
409022206 54291569 409021717 6856264
409022304 4118860
409022333 m.p.dream
409022407 54291569 409021720 shierhu
409022473 changzibao
409022552 54291569 409022083 huanglianmao
409022728 54291569 409022304 4118860
409022788 57288832
409022909 only_zizi
409023019 54291569 409022333 m.p.dream
409023139 54291569 409022788 57288832
409023205 53237462
409023247 54291569 409022473 changzibao
409023414 54291569 409023205 53237462
409023769 m.p.dream 409023019 54291569
409024044 changzibao 409023247 54291569
409024115 mcgiant
409024427 66179739
409024449 54291569 409023769 m.p.dream
409024930 54291569 409024044 changzibao
409024968 43044533
409025055 m.p.dream 409024449 54291569
409025061 54291569 409024115 mcgiant
409025305 54291569 409025055 m.p.dream
409025491 54291569 409024427 66179739
409025578 54291569 409024968 43044533
409026018 m.p.dream 409025305 54291569
409026351 54291569 409026018 m.p.dream
409027091 m.p.dream 409026351 54291569
409027273 57288832 409023139 54291569
409027815 chenchen3036
409027871 54291569 409027091 m.p.dream
409028012 54291569 409027273 57288832
409028185 m.p.dream 409027871 54291569
409028251 54291569 409027815 chenchen3036
409028419 54291569 409028185 m.p.dream
409029170 m.p.dream 409028419 54291569
409029232 chenchen3036 409028251 54291569
409029553 54291569 409029232 chenchen3036
409029885 41653428
409029950 65020686
409031422 54291569 409029885 41653428
409031550 54291569 409029950 65020686
409031710 pengpeng_love 409020774 54291569
409032721 54291569 409031710 pengpeng_love
409033119 65020686 409031550 54291569
409033268 stillwannab 409022042 54291569
409033404 stillwannab 409027815 chenchen3036
409034101 54291569 409033119 65020686
409035938 41653428 409031422 54291569
409036391 47477458 409020666 MeeRyungLing
409037679 54291569 409035938 41653428
409037879 54291569 409036391 47477458
409039301 52692936
409039716 54291569 409039301 52692936
409040426 52692936 409039716 54291569
409040627 64949848
409040987 47477458
409041236 47477458 409040426 52692936
409041334 23775310
409041499 54908736
409041997 ilovewallace 409021188 dasen
409043467 loveshiyong
409044093 SalanC 409022333 m.p.dream
409049130 54291569 409040426 52692936
409049388 54291569 409040627 64949848
409049651 54291569 409040987 47477458
409049731 54291569 409041334 23775310
409049873 54291569 409041499 54908736
409049958 yooyixi
409049986 54291569 409043467 loveshiyong
409050116 54291569 409049958 yooyixi
409050591 yooyixi 409050116 54291569
409050654 45727227 409017301 pengpeng_love
409051772 54291569
409052047 45727227 409051772 54291569
409052379 54291569
409053153 Novembersnow
409054231 47477458
409054551 34670629
409055993 54291569 409053153 Novembersnow
409056202 54291569 409054231 47477458
409056465 54291569 409054551 34670629
409057013 42495249
409059640 54291569 409057013 42495249
409060128 54291569
409061073 23195685
409061794 54291569 409061073 23195685
409061900 RRReason
409062764 48363787
409063033 mars9
409063252 twista
409067063 26920808
409068674 23195685 409063252 twista
409071559 dasen 409041997 ilovewallace
409072744 pengpeng_love
409075275 54410019
409080083 47689006
409080194 4077090
409080729 4077090
409082387 44058788
409084490 50874715
409085384 63598326
409085699 63598326
409085921 57980887
409086861 57215332
409088596 m.p.dream 409044093 SalanC
409092109 53454341
409093100 6856264 409032721 54291569
409094276 2278020
409096290 54291569 409061900 RRReason
409096632 54291569 409062764 48363787
409096947 54291569 409063033 mars9
409097650 54291569 409063252 twista
409098393 54291569 409094276 2278020
409100167 54291569 409086861 57215332
409100255 Elvishao
409100311 54291569 409085921 57980887
409100729 c0coon
409101100 c0coon 409086861 57215332
409101456 66782293 409021188 dasen
409102164 54291569 409067063 26920808
409102400 54291569 409100729 c0coon
409103321 54291569 409080083 47689006
409103594 c0coon 409102400 54291569
409103745 54291569 409080194 4077090
409103915 26920808 409102164 54291569
409104248 54291569 409103594 c0coon
409104669 c0coon 409103745 54291569
409104732 54291569 409103915 26920808
409105052 48824915
409105137 54291569 409104669 c0coon
409105536 cassieluwho
409105769 26920808 409104732 54291569
409106743 c0coon 409104248 54291569
409107066 56453094 409016514 h7h
409108026 54291569 409106743 c0coon
409108252 54291569 409105769 26920808
409108974 54291569 409105536 cassieluwho
409109252 54291569 409105536 cassieluwho
409109505 54291569 409105052 48824915
409109669 54291569 409093100 6856264
409109821 54291569
409109958 54291569 409082387 44058788
409110509 26920808 409108252 54291569
409110537 44058788 409109958 54291569
409111020 54291569 409110509 26920808
409111161 54291569 409110537 44058788
409111349 2278020
409111695 26920808 409111020 54291569
409113026 2278020
409113238 54291569 409111349 2278020
409113397 54291569 409111695 26920808
409113498 c0coon 409113238 54291569
409113762 53083409
409113877 54291569 409113498 c0coon
409113918 54291569 409113762 53083409
409114922 56096307 409021188 dasen
409115328 63598326 409109821 54291569
409115359 57971076 409113238 54291569
409118586 54291569 409115328 63598326
409118653 54291569 409115359 57971076
409119468 49767506
409120998 c0coon 409113877 54291569
409121512 c0coon 409118586 54291569
409123542 35274029
409124813 c0coon 409123542 35274029
409125683 58247937
409126415 douche
409555640 houx 409017369 54291569
409556076 saruvy.
409557390 c0coon 409556076 saruvy.
409558133 houx 409049986 54291569
409558691 houx 409063252 twista
409562011 houx
409562775 boylikegirl
409567649 saruvy. 409557390 c0coon
409568536 c0coon 409567649 saruvy.
409570836 saruvy. 409568536 c0coon
409572340 ixierduo
409613339 mps2005apple
409616711 48561651
409617057 44240274
409617584 LikeYummy 409020872 54291569
409617787 lemonade-ice
409637247 54291569 409617787 lemonade-ice
409637423 54291569 409617584 LikeYummy
409637529 54291569 409617057 44240274
411304172 2307254
411310049 54291569 411304172 2307254
411403546 61937240
411404407 arktoi
411478344 54291569 411403546 61937240
411478494 54291569 411404407 arktoi
411492428 arktoi 411478494 54291569
411585914 54291569 411492428 arktoi
411596238 arktoi 411585914 54291569
411606217 35127708 409021097 54291569
411606661 35127708
411611246 54291569 411596238 arktoi
411611379 54291569 411606217 35127708
411617571 50679455
411633043 54291569 411617571 50679455
411639873 50489019
411655206 54291569 411639873 50489019
411673803 50489019 411655206 54291569
411706656 gogo0213
411707556 66954920
411712864 3427392
411713649 62122601
411717191 50679455 411633043 54291569
411718752 54291569 411706656 gogo0213
411720658 56634650 409017232 54291569
411720732 54291569 411717191 50679455
411720765 52457810
411720886 muorhaha
411723117 54291569 411707556 66954920
411725287 66954920 411723117 54291569
411725836 54291569 411720886 muorhaha
411726643 54291569 411725287 66954920
411727363 54291569 411712864 3427392
411729808 54291569 411713649 62122601
411730448 66954920 411726643 54291569
411732268 54291569 411730448 66954920
411733927 66954920 411732268 54291569
411735377 54291569 411733927 66954920
411997966 35127708 411655206 54291569
412018776 54291569 411997966 35127708
412703857 35127708 412018776 54291569
412759290 54291569 412703857 35127708
412760480 nico_jiang
412771231 54291569 412760480 nico_jiang
412776422 nico_jiang 412771231 54291569
412794541 54291569 412776422 nico_jiang
412797053 54344833
412809988 54291569 412797053 54344833
413133831 35127708 412759290 54291569
413135186 54291569 413133831 35127708
413154547 45448194
409247372 64285689 409022407 54291569
409250856 rainbowb
409254656 fover
409254758 liuyanlynn
409255823 bocimakeit
409256221 c0coon 409250856 rainbowb
409256494 c0coon 409255823 bocimakeit
409257669 usuallybaba
409291149 26920808
409294217 IIIsland
409297221 guihuayuanzi 409021188 dasen
409297754 guihuayuanzi 409022473 changzibao
409298148 m1ng- 409255823 bocimakeit
409301054 54291569
409305165 35274029
409305707 35274029 409124813 c0coon
409310294 54291569
409311079 54291569 409294217 IIIsland
409313132 4481585
409315242 54291569 409247372 64285689
409317943 54291569
409319748 54291569 409255823 bocimakeit
409319990 61874703
409321657 54291569 409254758 liuyanlynn
409321972 54291569 409319990 61874703
409321996 4481585 409317943 54291569
409322320 54291569 409254656 fover
409322392 pandaemi
409322715 54291569 409321996 4481585
409323724 54291569 409322392 pandaemi
409324624 24333336
409325858 54291569
409326815 1389619
409327179 54291569 409324624 24333336
409328753 54291569
409331952 1389619 409328753 54291569
409333200 54291569
409333629 65117429
409338003 54291569 409333629 65117429
409339153 lyh0202
409342572 54291569 409339153 lyh0202
409353165 RRReason 409301054 54291569
409354528 58201926 409339153 lyh0202
409355412 saruvy.
409355516 lyh0202 409354528 58201926
409356397 saruvy. 409305165 35274029
409356610 saruvy. 409355516 lyh0202
409356700 59878350
409356753 59878350
409357482 saruvy.
409358274 pandaemi 409323724 54291569
409360507 chocolaste
409361404 chocolaste
409362387 54291569 409356700 59878350
409363072 saruvy. 409361404 chocolaste
409363639 IIIsland 409311079 54291569
409363684 lyh0202 409356610 saruvy.
409364043 chocolaste 409363072 saruvy.
409364277 saruvy. 409364043 chocolaste
409364553 saruvy. 409363684 lyh0202
409366914 35274029
409368883 saruvy.
409383728 37865374 409325858 54291569
409386100 58201926 409355516 lyh0202
409396589 4077090
409408701 7075189
409415064 siiiiy
409418320 54291569 409383728 37865374
409418729 54291569 409396589 4077090
409419091 54291569 409408701 7075189
409420248 63440748
409430385 taoo0
409430569 54291569 409420248 63440748
409430693 54291569 409430385 taoo0
409433530 shierhu
409435268 59878350 409362387 54291569
409436560 4077090 409418729 54291569
409436828 54291569 409433530 shierhu
409437288 54291569 409436560 4077090
409447278 37865374 409420248 63440748
409453771 lyh0202 409386100 58201926
409454436 lyh0202
409462225 58201926 409453771 lyh0202
409465590 bocimakeit 409319748 54291569
409465885 bocimakeit 409256494 c0coon
409510321 saruvy. 409454436 lyh0202
409519233 lyh0202 409510321 saruvy.
409533310 saruvy. 409519233 lyh0202
409534124 lyh0202 409533310 saruvy.
409537312 c0coon 409534124 lyh0202
409538327 c0coon 409510321 saruvy.
409540593 saruvy. 409538327 c0coon
409543229 c0coon 409540593 saruvy.
409548072 saruvy. 409543229 c0coon
409549339 c0coon
409553206 saruvy. 409549339 c0coon
409553354 59811530
409553426 59811530
409553831 ishama
409554680 c0coon 409553206 saruvy.
409127396 26920808 409113397 54291569
409127925 jaee
409130143 49767506
409130383 54291569 409119468 49767506
409130945 54291569 409125683 58247937
409131269 54291569 409126415 douche
409131458 54291569 409127396 26920808
409131628 54291569 409127925 jaee
409131653 58247937 409130945 54291569
409131921 54291569 409130143 49767506
409132080 54291569 409131653 58247937
409132172 jaee 409131628 54291569
409132659 54291569
409132755 46912177
409132793 54291569 409132172 jaee
409132958 54291569 409132755 46912177
409133108 54291569 409121512 c0coon
409133260 c0coon 409133108 54291569
409133398 54291569 409133260 c0coon
409133773 c0coon 409133398 54291569
409134171 58247937 409132080 54291569
409135154 61263788
409135207 douche 409131269 54291569
409135390 54291569 409133773 c0coon
409135540 49767506 409135154 61263788
409135731 54291569 409134171 58247937
409137589 54291569 409135207 douche
409138678 7402001 409130143 49767506
409138921 7402001 409135207 douche
409139125 7402001 409133773 c0coon
409139512 c0coon 409139125 7402001
409139600 cheeeeer
409139675 c0coon 409138921 7402001
409139998 57910773
409140056 49767506 409138678 7402001
409140403 c0coon 409139600 cheeeeer
409143536 chocolaste
409144497 7402001 409140056 49767506
409144802 7402001 409139675 c0coon
409144912 7402001 409139512 c0coon
409145297 saruvy. 409143536 chocolaste
409145365 c0coon 409144912 7402001
409145822 c0coon 409144802 7402001
409145921 54291569 409139600 cheeeeer
409146245 54291569 409143536 chocolaste
409146362 saruvy. 409145921 54291569
409146529 saruvy. 409145365 c0coon
409146734 c0coon 409146362 saruvy.
409146881 54291569 409144802 7402001
409147028 saruvy. 409138678 7402001
409147112 54291569 409146362 saruvy.
409147155 saruvy. 409146734 c0coon
409147383 PomeloQ 409017301 pengpeng_love
409147392 54291569 409145822 c0coon
409147484 saruvy. 409147112 54291569
409147873 c0coon 409147155 saruvy.
409148181 c0coon 409147392 54291569
409148491 saruvy. 409147873 c0coon
409148665 saruvy. 409148181 c0coon
409148734 c0coon 409148491 saruvy.
409148889 54291569 409148181 c0coon
409149190 saruvy. 409148734 c0coon
409149231 54291569 409148665 saruvy.
409149685 c0coon 409148665 saruvy.
409149729 saruvy. 409149231 54291569
409149943 saruvy. 409124813 c0coon
409150121 c0coon 409149190 saruvy.
409150399 c0coon 409149943 saruvy.
409150412 saruvy. 409149685 c0coon
409151021 c0coon 409148889 54291569
409151164 saruvy. 409123542 35274029
409151417 54291569 409151021 c0coon
409152549 c0coon 409150412 saruvy.
409153114 c0coon 409151417 54291569
409153192 57249750
409153555 54291569 409153192 57249750
409153819 7402001 409147028 saruvy.
409153870 saruvy. 409153555 54291569
409154147 7402001 409145822 c0coon
409154294 7402001 409145365 c0coon
409154311 saruvy. 409153819 7402001
409154992 66265723 409021188 dasen
409155354 c0coon 409154147 7402001
409155751 c0coon 409153555 54291569
409155782 dasen 409114922 56096307
409155896 dasen 409101456 66782293
409156013 luya_shim 409126415 douche
409165383 61263788 409135540 49767506
409194129 26920808 409131458 54291569
409194717 SalanC 409088596 m.p.dream
409195889 54291569 409194129 26920808
409198828 RRReason 409096290 54291569
409214077 pengpeng_love 409147383 PomeloQ
409235078 rainbowb
409238950 37865374
409240351 37865374
409243210 56428016
409243339 59811530
409244058 rockbabycat
409246050 c0coon 409235078 rainbowb
