409329261 57241159
409329406 tiamo521ml
409329591 2904315
409329856 zhuangxiaoqing
409329998 56995485
409330825 whattttttt
409331219 11902713 409329261 57241159
409331663 11902713 409329406 tiamo521ml
409332000 Irma26
409332361 50513519
409332366 luluwa 409332000 Irma26
409332580 MonicaLeigh
409333090 56970689
409333272 59165174
409333548 morning1002
409333778 tiamo521ml
409335163 11902713 409329591 2904315
409335269 11902713 409329856 zhuangxiaoqing
409335388 11902713 409329998 56995485
409335492 11902713 409330825 whattttttt
409335669 11902713 409332000 Irma26
409335792 11902713 409332361 50513519
409335947 60817910
409336024 11902713 409332580 MonicaLeigh
409336222 11902713 409333548 morning1002
409336236 48438982
409336450 Hey-Hey
409336469 11902713 409333778 tiamo521ml
409337162 zhuangxiaoqing
409338214 57713939
409339324 L_memo
409344011 longkai
409346915 MonicaLeigh 409336024 11902713
409350225 11902713 409335947 60817910
409350639 11902713 409336236 48438982
409350725 11902713 409336450 Hey-Hey
409351120 11902713 409337162 zhuangxiaoqing
409351274 11902713 409338214 57713939
409351362 11902713 409339324 L_memo
409351508 11902713 409344011 longkai
409351769 11902713 409346915 MonicaLeigh
409351788 Hey.ann
409351838 50608488
409357340 11902713 409351838 50608488
409359594 42185352
409360027 58349644
409360153 60060732
409360157 11902713 409359594 42185352
409363350 11902713 409360027 58349644
409366335 11902713 409360153 60060732
409369860 48438982 409350639 11902713
409370045 46274191
409372094 morning1002
409372666 11902713 409370045 46274191
409373578 60060732
409375680 58549782
409377542 11902713 409372094 morning1002
409377641 11902713 409373578 60060732
409378423 11902713 409375680 58549782
409383005 morning1002
409395122 i.m.possible
409401628 51122778
409405084 58549782 409378423 11902713
409408581 xiaoaimili
409409180 Wolfsniper
409413398 67036679
409413445 67036679
409417130 mysheepfor
409418186 46274191 409372666 11902713
409419021 56442634
409419393 fion
409421873 zhendekanbujian
409428768 skywar123
409429405 11902713 409383005 morning1002
409429663 11902713 409395122 i.m.possible
409432451 56896270
409432996 50608488 409357340 11902713
409451002 tjnews
409459689 11902713 409451002 tjnews
409461250 11902713 409432451 56896270
409461375 11902713 409419393 fion
409461387 63041906
409461694 11902713 409409180 Wolfsniper
409461782 11902713 409461387 63041906
409461867 fion
409461932 3764299
409462105 fion
409462196 3764299
409462408 63041906 409461782 11902713
409462592 3764299 409462105 fion
409464491 zjjbb
409500638 morning1002 409462105 fion
409502911 wangxin7616
409505746 60119828
409506388 30290719
409506921 48272034
409536017 Wolfsniper 409461694 11902713
409553688 11902713 409506388 30290719
409641919 11902713 409536017 Wolfsniper
409642343 56398236
409643851 11902713 409642343 56398236
409661581 Wolfsniper 409643851 11902713
409661930 63111055
409664298 shero-
409697279 56398236 409643851 11902713
409699539 64075257 409335947 60817910
409720883 49648357
409749140 11902713 409661930 63111055
409788384 i.m.possible
409833019 11902713 409664298 shero-
409833347 11902713 409697279 56398236
409834391 godblesspengyu
409835427 44606357
409836818 49089619
409856336 51909946
409882699 60089101
409883810 53881234
409934837 56398236 409833347 11902713
409936809 56173196
409937469 56141382
410001088 11902713 409934837 56398236
410001168 11902713 409788384 i.m.possible
410001253 11902713 409882699 60089101
410057037 56398236 410001088 11902713
410241449 11902713 409936809 56173196
410440521 56173196 410241449 11902713
410496727 11902713 410440521 56173196
410582882 wizkeigo
410633206 11902713 410582882 wizkeigo
410768411 1156611
411332451 11902713 410768411 1156611
411406356 1156611 411332451 11902713
411407824 armchannelK
418172238 50385272
418210571 61925275
418223090 56276963
