409357948 41672188
409358941 42185352
409364778 52217558
409365567 32336751
409366021 lainj
409370406 charmmycheung
409370747 47308853
409370907 54648836
409371125 genie1003
409379638 42444963
409383719 49341827 409357948 41672188
409383985 49341827 409358941 42185352
409384091 49341827 409364778 52217558
409384306 49341827 409365567 32336751
409384416 49341827 409366021 lainj
409384551 49341827
409384552 26920808
409384592 44313146
409384759 49341827 409370907 54648836
409384969 49341827 409371125 genie1003
409385074 49341827 409379638 42444963
409385278 49341827 409370406 charmmycheung
409385492 49341827 409384552 26920808
409385833 49341827 409384592 44313146
409385972 49341827 409370747 47308853
409387337 genie1003 409384969 49341827
409388346 Nikki.C
409389798 51837513
409390429 66127750
409390887 49341827 409387337 genie1003
409391237 38740478
409391369 49341827 409388346 Nikki.C
409391557 weibaba 409384759 49341827
409391757 49341827 409389798 51837513
409391800 PoooZz
409391979 mayirgo 409365567 32336751
409392041 49341827 409390429 66127750
409392274 49341827 409391557 weibaba
409392638 45951059
409392652 49341827 409391237 38740478
409392705 gary131451
409393108 49341827 409391979 mayirgo
409393185 54704792
409393425 49341827 409392638 45951059
409393661 49341827 409392705 gary131451
409393811 49341827 409393185 54704792
409393977 genie1003 409390887 49341827
409394782 62675224
409394902 44595742
409394967 49341827 409393977 genie1003
409395179 54012178
409395373 weibaba 409392274 49341827
409395466 49341827 409394782 62675224
409395519 gary131451 409393661 49341827
409395750 49341827 409391800 PoooZz
409395837 fuckyuming
409396006 49341827 409394902 44595742
409396187 49341827 409395179 54012178
409396241 38740478 409392652 49341827
409396471 49341827 409395373 weibaba
409396681 50590070
409396701 weibaba 409396471 49341827
409396856 49341827 409395519 gary131451
409396979 62675224 409395466 49341827
409397176 49341827 409395837 fuckyuming
409397283 26920808 409385492 49341827
409397624 49341827 409396241 38740478
409397810 50062390
409398261 52300680
409398382 49341827 409396681 50590070
409398733 45951059 409393425 49341827
409398764 49341827 409396701 weibaba
409399134 kidazhengchen
409399209 49341827 409396979 62675224
409399380 milka318
409399599 49341827 409397283 26920808
409399810 49341827 409397810 50062390
409400167 49341827 409398261 52300680
409400647 49341827 409398733 45951059
409400776 49341827 409399134 kidazhengchen
409400807 26920808 409399599 49341827
409401037 49341827 409399380 milka318
409401055 62675224 409399209 49341827
409401156 y-sn
409401250 45951059 409400647 49341827
409401397 49341827 409400807 26920808
409401441 57453206 409371125 genie1003
409401488 yuedesign 409383719 49341827
409401678 46277260
409401786 52300680 409400167 49341827
409401897 49341827 409401055 62675224
409402101 37830012
409402220 49341827 409401156 y-sn
409402370 49341827 409401250 45951059
409402430 62675224 409401897 49341827
409402782 49341827 409401488 yuedesign
409402814 55872309
409402900 49341827 409401678 46277260
409403149 49341827 409401786 52300680
409403376 49341827 409402101 37830012
409403488 52300680 409403149 49341827
409403731 54346992
409403858 49341827 409402430 62675224
409404091 3475967
409404155 49341827 409402814 55872309
409404161 milka318 409401037 49341827
409404210 gary131451 409396856 49341827
409404575 49341827 409403488 52300680
409404821 49341827 409403731 54346992
409405005 Nikki.C
409405122 49341827 409404091 3475967
409405364 49341827 409404161 milka318
409405752 37830012
409405781 49341827 409404210 gary131451
409405933 52300680 409404575 49341827
409406018 49341827 409405005 Nikki.C
409406147 66647188 409406018 49341827
409406228 49341827 409405752 37830012
409406705 49341827 409405933 52300680
409406759 37830012
409407002 26920808 409401397 49341827
409407099 49341827 409406147 66647188
409407148 52300680 409406705 49341827
409407471 49341827
409407636 49341827 409406759 37830012
409408056 49341827 409407002 26920808
409408359 49341827 409407148 52300680
409408591 49341827
409408910 3475967 409405122 49341827
409409095 49341827
409409392 49341827 409408910 3475967
409409397 52300680 409408359 49341827
409409763 64539000
409410222 49341827 409409397 52300680
409410231 3475967 409409392 49341827
409410390 48999845
409410466 49341827 409409763 64539000
409410781 49341827 409410231 3475967
409411228 49341827 409410390 48999845
409411377 trivialPeach
409411797 trivialPeach
409412104 48999845 409411228 49341827
409412685 49341827 409411377 trivialPeach
409412888 49341827 409412104 48999845
409413407 trivialPeach
409413642 nico_jiang
409413690 trivialPeach
409413748 62558133
409413981 49341827 409413407 trivialPeach
409414216 49341827 409413642 nico_jiang
409414358 49341827 409413690 trivialPeach
409414580 49341827 409413748 62558133
409414787 62558133 409414580 49341827
409414868 66613309
409414933 trivialPeach
409415336 49341827 409414787 62558133
409415600 49341827 409414868 66613309
409415867 49341827 409414933 trivialPeach
409416269 trivialPeach
409416436 66613309 409415600 49341827
409416830 49341827 409416269 trivialPeach
409416998 49341827
409417336 49341827 409416436 66613309
409418725 66613309 409417336 49341827
409419178 54704792 409393811 49341827
409419415 54704792 409393811 49341827
409421949 49341827 409418725 66613309
409422057 49341827 409419178 54704792
409422217 49341827
409422249 61793517
409424352 50590070
409425306 49341827 409422249 61793517
409425461 49341827
409425577 49341827 409424352 50590070
409426646 3464388
409428305 49341827 409426646 3464388
409428483 49341827
409428789 62558133 409415336 49341827
409428916 61793517 409425306 49341827
409429711 47549972
409430263 60278362
409431049 47549972 409399599 49341827
409431726 49341827 409431049 47549972
409431901 49341827 409429711 47549972
409432096 49341827 409430263 60278362
409432577 49341827 409428789 62558133
409432908 62558133 409432577 49341827
409433011 49341827 409428916 61793517
409433479 47549972 409431901 49341827
409433610 47549972 409431726 49341827
409433808 49341827 409432908 62558133
409434224 2870277
409434420 49341827 409433479 47549972
409434539 62558133 409433808 49341827
409434618 49341827 409433610 47549972
409434658 52300680 409410222 49341827
409434828 49341827 409434224 2870277
409435039 lawenda-hx
409435100 49341827 409434539 62558133
409435171 lawenda-hx
409435285 49341827 409434658 52300680
409435662 49341827 409435039 lawenda-hx
409435819 58349644
409435881 47549972 409434420 49341827
409435924 lawenda-hx 409435662 49341827
409435949 49341827 409435171 lawenda-hx
409436025 49341827 409435924 lawenda-hx
409436273 49341827 409435819 58349644
409436295 lawenda-hx 409436025 49341827
409436421 lawenda-hx 409435949 49341827
409436496 49341827 409435881 47549972
409436970 49341827 409436421 lawenda-hx
409437070 49341827 409436295 lawenda-hx
409437644 lawenda-hx 409436970 49341827
409437853 2870277 409434828 49341827
409439345 49341827 409437644 lawenda-hx
409439447 49341827 409437853 2870277
409442427 47549972 409435881 47549972
409447118 50590070 409425577 49341827
409447685 52457810
409457487 49341827 409447118 50590070
409457762 49341827 409447685 52457810
409458031 49341827 409442427 47549972
409459673 3529674
409460858 49341827 409459673 3529674
409467690 sorbitol4125
409467877 50654010 409370907 54648836
409494433 49341827 409467690 sorbitol4125
409494613 49341827 409467877 50654010
409517043 47308853 409385972 49341827
409518440 52148038
409526791 49341827 409517043 47308853
409526947 49341827 409518440 52148038
409528107 faycong 409401897 49341827
409531789 PoooZz 409395750 49341827
409532212 47308853 409526791 49341827
409532547 sabixii
409533694 49341827 409528107 faycong
409533894 49341827 409531789 PoooZz
409534448 49341827 409532212 47308853
409534900 49341827 409532547 sabixii
409543951 51837513 409531789 PoooZz
409547395 48791919
409547539 49341827 409543951 51837513
411284849 49341827
409548361 51837513 409547539 49341827
411285554 66687321 411284849 49341827
409550224 PoooZz 409543951 51837513
411295655 49341827 411285554 66687321
409551009 51837513 409550224 PoooZz
409556629 57750668
411296661 66687321 411295655 49341827
411297714 49572046
409589326 PoooZz 409551009 51837513
409589910 47911245
411299215 49341827 411296661 66687321
409590933 51837513 409589326 PoooZz
411299514 49341827 411297714 49572046
411299939 58415886
409591425 PoooZz 409590933 51837513
409593036 AJINY
411302181 kiroro1719
409593368 51837513 409591425 PoooZz
411302644 66687321 411299215 49341827
409646330 3464388 409428305 49341827
411309516 49341827 411299939 58415886
409663167 PoooZz 409593368 51837513
411309700 49341827 411302181 kiroro1719
409704034 42444963
411309808 49341827 411302644 66687321
409868650 lacus_won
411310329 4499039
409902004 50590070
411310479 wiwi.
409903255 binfenai
409925366 3529674 409460858 49341827
411310682 66687321 411310329 4499039
409931757 2705011
411313942 49341827 411310329 4499039
409937781 49341827 409548361 51837513
411314205 49341827
409938317 49341827 409550224 PoooZz
411314479 49341827 411310682 66687321
409938601 51837513 409937781 49341827
411328783 kiroro1719 411309700 49341827
409938805 49341827 409925366 3529674
411335047 4499039 411310682 66687321
409939012 65745657
411335242 4499039 411313942 49341827
409939225 49341827 409938601 51837513
411336292 66687321 411335047 4499039
409939613 49341827 409556629 57750668
411336541 49341827 411328783 kiroro1719
409939916 49341827 409589910 47911245
411336685 49341827 411335242 4499039
409940267 49341827 409593036 AJINY
411366313 tammyyang
409940290 51837513 409939225 49341827
411367741 49341827 411366313 tammyyang
409940603 49341827 409902004 50590070
411367900 47191411
409940914 49341827 409663167 PoooZz
411373784 4499039 411336685 49341827
409941155 49341827 409646330 3464388
411382723 wendashou
409941423 49341827 409704034 42444963
411388195 tammyyang 411367741 49341827
409941555 49341827 409868650 lacus_won
411421278 xinyan
409941806 49341827 409903255 binfenai
411424307 33805699
409941998 49341827 409939012 65745657
411621872 49341827 411367900 47191411
409942298 49341827 409940290 51837513
411622085 49341827 411373784 4499039
409942917 50443634
411622239 49341827 411382723 wendashou
409944039 51837513 409942917 50443634
411622463 49341827 411388195 tammyyang
409944343 49341827 409942917 50443634
411622647 49341827 411421278 xinyan
409944706 49341827 409944039 51837513
411622770 49341827 411424307 33805699
409945603 nanahjy
411623089 49341827
409945776 65745657 409941998 49341827
411636093 47191411 411621872 49341827
409945992 51837513 409944706 49341827
411638710 49341827 411636093 47191411
409949569 42663090
411640123 47191411 411638710 49341827
409951370 46018157
409951414 zhangjiruxin
411641696 49341827 411640123 47191411
409954653 46932739
411642099 tammyyang 411622463 49341827
409958320 51837513 409954653 46932739
411657274 49341827 411642099 tammyyang
409980161 Pizza01
411658547 tammyyang
410250687 49341827 409980161 Pizza01
411673708 49341827 411658547 tammyyang
411674784 Domo-King
410250946 49341827 409951414 zhangjiruxin
411677228 wendashou 411622239 49341827
410251324 49341827 409945776 65745657
411677614 47549972
410251494 49341827 409945603 nanahjy
411680392 ivy05
411680900 53039770
410251717 49341827 409945992 51837513
411687545 Year_n
410251815 65745657 410251324 49341827
411689912 61600587
410252257 44313146 409385833 49341827
411694682 33805699 411622770 49341827
411696440 ivy05 411689912 61600587
411696935 49341827 411674784 Domo-King
411697258 49341827 411677228 wendashou
411697812 xiai999
411698265 49341827 411677614 47549972
411698711 49341827 411680392 ivy05
411699040 49341827 411689912 61600587
411699528 49341827 411694682 33805699
411699792 LennonJohnson
411700219 49341827 411697812 xiai999
411700647 49341827 411699792 LennonJohnson
411705604 ivy05 411698711 49341827
411712422 wendashou 411697258 49341827
411742699 33805699 411699528 49341827
411744176 weixiangzhu
411786846 34868249
411787428 verac
411787558 verac
411787778 51662265
411919364 55872309 409404155 49341827
412029212 49341827
412029407 49341827 411712422 wendashou
412029676 49341827 411742699 33805699
412030046 49341827 411744176 weixiangzhu
412030327 49341827 411786846 34868249
412030583 49341827 411787428 verac
412030687 49341827 411787778 51662265
412030848 49341827 411919364 55872309
412030911 37674741 411696440 ivy05
412031429 49341827 412030911 37674741
412031578 51662265 412030687 49341827
412031889 49341827 412031578 51662265
412032168 37674741 412031429 49341827
412032481 37674741 412031889 49341827
412032848 49341827 412032168 37674741
412033160 49341827 412032481 37674741
412033778 37674741
412033945 13375568
412034251 40395397
412034285 B6918
412036089 51662265 412031889 49341827
412037246 49341827 412033778 37674741
412037440 49341827 412033945 13375568
412037650 49341827 412034251 40395397
412037895 49341827
412038278 49341827 412036089 51662265
412038693 B6918 412037895 49341827
412040190 49341827
412040305 37674741
412041036 HUANGHUI17BAN
412042132 37674741 412041036 HUANGHUI17BAN
412043260 B6918 412040190 49341827
412043453 B6918 412040305 37674741
412043885 B6918 412041036 HUANGHUI17BAN
412044068 37674741 412043453 B6918
412044308 chenmingm
412045088 B6918 412044308 chenmingm
412046002 B6918 412044068 37674741
412052029 49341827 412043260 B6918
412052316 kaykayk
412052543 49341827 412044308 chenmingm
412052835 49341827 412052316 kaykayk
412053052 cuixu1008
412053065 zhaoqj
412053790 kaykayk
412054020 B6918
412054312 kaykayk 412053052 cuixu1008
412054578 zhaoqj
412054711 kaykayk
412055113 B6918 412054711 kaykayk
412055259 B6918 412054578 zhaoqj
412055474 kaykayk 412055113 B6918
412055704 B6918 412055474 kaykayk
412056529 49341827 412053052 cuixu1008
412057643 smallspoon
412059090 49341827
412059226 verac 412030583 49341827
412059452 zhaoqj 412059090 49341827
412059543 49341827 412054711 kaykayk
412059815 49341827 412059226 verac
412060009 49341827 412059452 zhaoqj
412060334 49341827 412057643 smallspoon
412063326 BR-A
412065642 49341827 412063326 BR-A
412066707 BR-A 412065642 49341827
412066764 54300130
412071478 49341827 412066707 BR-A
412071674 49341827 412066764 54300130
412073648 BR-A 412071478 49341827
412075731 49341827 412073648 BR-A
412077805 FionaStayReal 409364778 52217558
412078374 49341827 412077805 FionaStayReal
412082449 ivy05 412030911 37674741
412083159 ivy05 412059090 49341827
412084407 ivy05
412092959 37674741 412082449 ivy05
412094243 49341827 412092959 37674741
412096273 46778901
412099658 37674741 412094243 49341827
412099745 49341827 412096273 46778901
412118012 ivy05 412092959 37674741
412126664 wendashou 412029407 49341827
412128102 34868249 412030327 49341827
412134504 52038416 409364778 52217558
412153519 33805699 412029676 49341827
412173800 B6918 412099658 37674741
412188595 hakiy
412190209 fxuk 412099745 49341827
412247570 49341827 412099658 37674741
412247771 49341827 412126664 wendashou
412255476 chenmingm
412256829 billy199199
412268133 49341827 412128102 34868249
412268364 49341827 412153519 33805699
412269229 49341827 412188595 hakiy
412269459 49341827 412190209 fxuk
412269857 49341827 412190209 fxuk
412287599 49341827 412255476 chenmingm
412287786 49341827 412256829 billy199199
412296080 billy199199
412313014 34868249 412268133 49341827
412316158 cryaway 412041036 HUANGHUI17BAN
412321443 chenmingm 412287599 49341827
412350293 33805699 412268364 49341827
412398100 37674741 412118012 ivy05
412400442 49341827 412296080 billy199199
412400534 49341827 412313014 34868249
412400712 49341827 412316158 cryaway
412400862 49341827 412321443 chenmingm
412400960 49341827 412350293 33805699
412401164 49341827 412398100 37674741
412405174 cryaway 412400712 49341827
412406772 30173346 409399209 49341827
412407740 ivy05
412413344 49341827 412405174 cryaway
412413550 49341827 412406772 30173346
412415254 alleny 409407471 49341827
412438456 37674741 412407740 ivy05
412438512 49341827 412415254 alleny
412439161 49341827 412438456 37674741
412439595 alleny 412438512 49341827
412449613 cryaway 412413344 49341827
412481060 ivy05 412438456 37674741
412481297 49341827 412439595 alleny
412481595 49341827 412449613 cryaway
412482635 59627608
412483837 49341827 412482635 59627608
412485304 59627608 412483837 49341827
412488329 49341827 412485304 59627608
412493804 59627608 412488329 49341827
412501315 49341827 412493804 59627608
412598328 34868249 412400534 49341827
412642218 billy199199
412682786 49341827 412642218 billy199199
412749060 fxuk 412269857 49341827
412785031 billy199199
412826746 49341827 412785031 billy199199
412867076 28374340
412869636 49341827 412867076 28374340
412980633 28374340 412869636 49341827
413066784 33805699 412268364 49341827
413087271 45852433
413102509 xy-mysun
413237162 37674741 413087271 45852433
413237302 37674741 413102509 xy-mysun
413243003 42932884
413254281 xy-mysun 413237302 37674741
413281763 49341827 412980633 28374340
413282083 49341827 413066784 33805699
413282286 49341827 413102509 xy-mysun
413282557 49341827 413243003 42932884
413288655 xy-mysun 413282286 49341827
413290392 49341827 413288655 xy-mysun
413358038 45852433 413237162 37674741
413358705 sewll
413360303 xy-mysun 413290392 49341827
413400193 33805699 413282083 49341827
413518632 55872309 412030848 49341827
413519458 37483007
413540784 37674741 413358038 45852433
413576809 45852433 413540784 37674741
413630993 37674741 413576809 45852433
413656501 49341827 413400193 33805699
413656987 49341827 413519458 37483007
413667097 33519860
413668726 57437324
413669588 49341827 413668726 57437324
413672213 57437324 413669588 49341827
413673827 56232079
413674104 54888591
413675941 bair 409383719 49341827
413681686 49341827 413675941 bair
413682219 49341827 413672213 57437324
413682810 49341827 413674104 54888591
413683434 49341827 413673827 56232079
413699336 37483007 413656987 49341827
413776097 56232079 413683434 49341827
413776326 45934443
413776916 33805699 413656501 49341827
413789988 57437324 413682219 49341827
413803539 56141382
414297609 49341827 413358705 sewll
414297967 49341827 413803539 56141382
414298529 49341827 413776097 56232079
414299421 49341827 413776916 33805699
414301257 doraexi
414304305 49341827 414301257 doraexi
414354069 33805699 414299421 49341827
414366895 59372650
414367450 58309534
414411721 58415886 411309516 49341827
414451349 44198572
414653200 49341827 414354069 33805699
414653493 58047761
414653571 49341827 414366895 59372650
414654029 49341827 414367450 58309534
414654325 49341827 414451349 44198572
414654866 49341827 414653493 58047761
414657008 58047761 414654866 49341827
414839432 33805699 414653200 49341827
414879349 46916197 409409095 49341827
414891605 56881312 409389798 51837513
414923151 49341827 413667097 33519860
414923391 49341827 414657008 58047761
414923578 49341827 414839432 33805699
414923780 49341827 414879349 46916197
414923965 49341827 414891605 56881312
414936221 59372650 414653571 49341827
414936587 58047761 414923391 49341827
414965508 49341827 414936221 59372650
414965751 49341827 414936587 58047761
414968980 58047761 414965751 49341827
414971467 59372650 414965508 49341827
414991127 33805699 414923578 49341827
414994181 49341827 414968980 58047761
414994434 49341827 414971467 59372650
414994801 36258027
414994919 49341827 414991127 33805699
414995192 49341827 414994801 36258027
414997867 36258027 414995192 49341827
415004667 49341827 414997867 36258027
415020745 33805699 414994919 49341827
415025352 49341827 415020745 33805699
415057650 51837513 414891605 56881312
415061759 ianwill
415083352 56881312 415057650 51837513
415083392 56881312 414923965 49341827
415085010 36258027 415004667 49341827
415399453 49341827 415057650 51837513
415399873 49341827 415083392 56881312
415400141 49341827 415085010 36258027
415400417 51837513 415399453 49341827
415401103 49341827 415400417 51837513
415401565 52331848
415401987 clz3374315
415402790 49341827 415401987 clz3374315
415403188 51837513 415401103 49341827
415406162 clz3374315 415402790 49341827
415407650 hayleyhuang
415408604 43240467
415414625 54346992
415416009 solo3313
415659793 49341827 415403188 51837513
415659972 49341827
415660415 49341827 415407650 hayleyhuang
415662458 49341827 415408604 43240467
415662727 49341827 415414625 54346992
415663153 49341827 415416009 solo3313
415721295 54346992 415662727 49341827
415730907 49341827 415721295 54346992
415731421 54346992 415730907 49341827
415732865 49341827 415731421 54346992
415740067 54346992
415741551 55311334
415746713 49341827 415741551 55311334
415772487 gogokate
415943856 solo3313 415663153 49341827
416039315 40824096 409385833 49341827
416092952 49341827 415772487 gogokate
416093099 49341827 416039315 40824096
416093281 49341827 415943856 solo3313
416093471 HeLeNNeLeH
416093837 yutiti1321
416123323 49341827 416093471 HeLeNNeLeH
416123516 49341827 416093837 yutiti1321
416124035 HeLeNNeLeH 416123323 49341827
416133416 49341827 416124035 HeLeNNeLeH
416155459 yutiti1321 416123516 49341827
416199444 gogokate 416092952 49341827
416207902 solo3313 416093281 49341827
416211256 65878271
416355421 49341827 416155459 yutiti1321
416355591 49341827 416199444 gogokate
416355891 49341827 416207902 solo3313
416356192 49341827 416211256 65878271
416357883 gogokate 416355591 49341827
416371260 49341827 416357883 gogokate
416459825 yutiti1321 416355421 49341827
416463762 38634253
416467605 38634253
416475692 65878271 416356192 49341827
416564282 gogokate 416371260 49341827
416571391 zhouzhouzz
416573570 48824915
416654199 55311334
416673896 51610768
416676868 51837513 416673896 51610768
416678314 63182662
416718836 4563736
416719112 4563736 416573570 48824915
416722430 49341827 416459825 yutiti1321
416722698 49341827 416463762 38634253
416722955 49341827 416467605 38634253
416723549 49341827 416564282 gogokate
416724287 hellostella
416724612 58047761
416725351 49341827 416571391 zhouzhouzz
416725795 49341827 416573570 48824915
416726199 49341827 416654199 55311334
416727134 49341827 416673896 51610768
416727773 49341827 416678314 63182662
416727978 49341827 416718836 4563736
416728935 49341827 416724612 58047761
416729483 Mellin 409399209 49341827
416730067 63182662 416727773 49341827
416730142 49341827 416729483 Mellin
416730284 58047761 416728935 49341827
416730900 49341827 416730284 58047761
416731689 49341827 416730067 63182662
416735250 Mellin 409399209 49341827
416735714 Mellin 416730142 49341827
416747078 49341827 416735714 Mellin
416747462 49341827 416735250 Mellin
416752023 yutiti1321 416722430 49341827
416771387 growingrong
416775260 49341827 416752023 yutiti1321
416891918 gogokate
416981410 Mellin 416747462 49341827
416982328 babyshang
417033172 49341827 416981410 Mellin
417033296 49341827 416982328 babyshang
417033628 49341827 416891918 gogokate
417061609 Mellin 417033172 49341827
417063109 54674743
410253616 51837513 410251717 49341827
410254253 49341827 410251815 65745657
410254546 49341827 410252257 44313146
410254734 65745657 410254253 49341827
410254888 49341827 410253616 51837513
410255248 51837513
410255733 49341827 410255248 51837513
410256642 51837513 410255733 49341827
410257573 49341827 410256642 51837513
410258226 51837513 410257573 49341827
410258296 3852583
410263114 49341827 410258226 51837513
410263370 49341827 410258296 3852583
410264091 51837513 410263114 49341827
410264754 49341827 410264091 51837513
410264771 fine_water 409403149 49341827
410265395 51837513 410264754 49341827
410267272 49341827 410264771 fine_water
410267533 49341827 410265395 51837513
410268792 51837513 410267533 49341827
410270505 49341827 410268792 51837513
410271229 51837513 410270505 49341827
410271862 51549682
410275165 49199455
410275211 zhangjiruxin
410275767 fine_water 410267272 49341827
410278644 49341827 410271229 51837513
410278825 49341827 410271862 51549682
410279217 49341827
410279335 49341827
410279887 49341827 410275767 fine_water
410280775 51549682 410278825 49341827
410282119 58081529
410282932 49341827 410280775 51549682
410283108 destinyzhao
410283235 49341827 410282119 58081529
410283658 49341827 410283108 destinyzhao
410283760 59529260
410284325 elven.ma
410285590 49341827
410286484 49341827 410283760 59529260
410290053 zhangjiruxin
410290807 49341827
410293688 zhangjiruxin
410305674 49341827
410317796 49199455 410279217 49341827
410369811 44313146 410254546 49341827
410379448 fine_water 410279887 49341827
410428915 3852583 410263370 49341827
410587293 49341827 410317796 49199455
410587521 49341827 410369811 44313146
410587879 49341827 410379448 fine_water
410588029 49341827 410428915 3852583
410591436 61683651
410592142 wendashou
410631964 47308853 409534448 49341827
410678490 49341827 410591436 61683651
410678638 49341827 410631964 47308853
410678853 49341827 410592142 wendashou
410681959 flytotibet
410683254 kiroro1719 409384091 49341827
410686423 56969004
410687989 xixilovepipi
410688809 xinyan
410690648 HardcandyG
410691374 bokunomirai
410818691 wendashou 410678853 49341827
410818991 44615834
411001346 47308853 410678638 49341827
411014803 49341827 410681959 flytotibet
411015061 49341827 410683254 kiroro1719
411015259 49341827 410686423 56969004
411015426 49341827 410687989 xixilovepipi
411015571 49341827 410688809 xinyan
411015759 49341827 410690648 HardcandyG
411015928 49341827 410691374 bokunomirai
411016180 49341827 410818691 wendashou
411016324 49341827 410818991 44615834
411016519 49341827 411001346 47308853
411143079 4651610
411143184 wendashou 411016180 49341827
411144985 tammyyang
411165577 66363897
411270385 49341827 411143079 4651610
411270502 49341827 411143184 wendashou
411270902 49341827 411165577 66363897
411271211 49341827 411144985 tammyyang
411271556 tammyyang 411271211 49341827
411272136 66687321
411272407 koisumi
411272807 4651610 411270385 49341827
411274311 66363897 411270902 49341827
411276253 wendashou 411270502 49341827
411282268 49341827 411271556 tammyyang
411282491 49341827 411272136 66687321
411282784 49341827 411272407 koisumi
411283134 49341827 411272807 4651610
411283383 49341827 411274311 66363897
411283476 49341827 411276253 wendashou
411283833 51571457
419922932 49341827
419925128 duuuufuuuu
419925625 35746228
419927052 ruru1117
419928759 TVfXQ
419929252 63665037
419939123 54346992 419922932 49341827
419939898 51610768
419949824 67046459
419995959 watermelon0619
419996402 watermelon0619 419925128 duuuufuuuu
420077351 duuuufuuuu 419996402 watermelon0619
420078436 64239785
420078848 64636890
420079063 58415886
420080229 49929523
417075189 49341827 417061609 Mellin
417075455 49341827 417063109 54674743
417083796 66859834
417085219 57819091
417088126 49341827 417083796 66859834
417088292 49341827 417085219 57819091
417089054 Mellin 417075189 49341827
417106311 57819091 417088292 49341827
417149931 49341827 417089054 Mellin
417149958 49341827 417106311 57819091
417150359 57819091 417149958 49341827
417153814 sunnysisi
417154160 53940613
417154763 38634253 417154160 53940613
417154807 38634253
417155438 53940613 417154763 38634253
417162842 38634253 417155438 53940613
417163310 gogokate 417033628 49341827
417274155 49341827 417150359 57819091
417274317 49341827 417153814 sunnysisi
417274492 49341827 417154160 53940613
417274638 49341827 417154807 38634253
417274794 49341827 417155438 53940613
417275063 49341827 417163310 gogokate
417275208 64575855
417275440 49341827 417275208 64575855
417275599 xiaomu88
417276066 64575855 417275440 49341827
417277020 50590070
417279237 47864877
417279508 sunnysisi 417274317 49341827
417279632 57819091 417274155 49341827
417279709 46686351
417281536 48180071
417285504 49341827 417275599 xiaomu88
417285691 49341827 417276066 64575855
417285937 49341827 417277020 50590070
417285953 64575855 417285691 49341827
417286137 49341827 417279237 47864877
417286341 49341827 417279508 sunnysisi
417286448 49341827 417279632 57819091
417286776 49341827 417279709 46686351
417287151 49341827 417281536 48180071
417287288 49341827 417285953 64575855
417287729 64575855
417287757 57819091 417286448 49341827
417289168 sunnysisi 417286341 49341827
417289207 49341827 417287757 57819091
417289814 49341827 417287729 64575855
417289920 57819091 417289207 49341827
417289968 49341827 417289168 sunnysisi
417290291 49341827 417289920 57819091
417290880 24118189
417291462 sunnysisi 417289968 49341827
417291735 49341827 417290880 24118189
417292175 49341827 417291462 sunnysisi
417294921 57819091 417290291 49341827
417295221 49341827 417294921 57819091
417296928 sunnysisi 417292175 49341827
417297684 57819091 417295221 49341827
417308700 49341827 417296928 sunnysisi
417317845 46686351 417286776 49341827
417321961 49341827 417317845 46686351
417323296 46686351 417321961 49341827
417333254 Mellin 417149931 49341827
417352202 49341827 417323296 46686351
417352377 49341827 417333254 Mellin
417364748 12581276
417365405 gogokate 417275063 49341827
417365669 46686351 417352202 49341827
417621531 49341827 417364748 12581276
417621830 49341827 417365405 gogokate
417622063 49341827 417365669 46686351
417671659 12581276 417621531 49341827
417688833 49341827 417671659 12581276
417840270 gogokate 417621830 49341827
417940619 49341827 417840270 gogokate
417941778 50590070
417995836 49341827 417941778 50590070
419244445 35524011
419862104 63665037
419871716 49341827 419244445 35524011
419871822 49341827 419862104 63665037
419872186 63665037 419871822 49341827
419872350 63665037 419871822 49341827
419873139 49341827 419872186 63665037
419873507 49341827
419873612 63665037 419873139 49341827
419873818 watermelon0619
419874073 49341827
419874234 49341827 419873818 watermelon0619
419875998 63665037 419874073 49341827
419876660 watermelon0619 419874234 49341827
419878348 duuuufuuuu
419918116 49341827 419875998 63665037
419918251 49341827 419876660 watermelon0619
419918616 49341827 419878348 duuuufuuuu
419919380 duuuufuuuu 419918616 49341827
419921242 54346992
419922656 49341827 419919380 duuuufuuuu
