409382094 48932443
409382287 1172752
409382327 63738178
409382376 cheery23
409382405 missy0927
409382536 aimeelove
409382541 26920808
409382677 MolinCheung
409382710 58786208
409382769 42273135
409382996 annuanxi
409383293 60426754
409383463 59651778
409384070 54478760
409384245 mmking
409384372 50552480
409384466 50750780 409382094 48932443
409384516 50750780 409384372 50552480
409384573 50750780 409384245 mmking
409384753 50750780 409384070 54478760
409384937 50750780 409383293 60426754
409385061 50750780 409382996 annuanxi
409385235 50750780 409382405 missy0927
409385379 52221063
409385432 50750780 409382327 63738178
409385546 50750780 409382541 26920808
409385712 3343423
409385821 ZY0517
409386908 63738178 409385432 50750780
409387279 doctorecho
409387810 66127750
409387901 45959469
409388025 wenxisuu
409388108 53698079
409388777 38740478
409390056 nooooth
409390316 65196276
409390866 38201597
409396106 64542180
409397447 26920808 409385546 50750780
409398942 Angelachang
409399269 Angelachang 409398942 Angelachang
409399953 60426754 409384937 50750780
409403188 35389815
409406254 mmking 409384573 50750780
409455788 50750780 409406254 mmking
409455849 50750780 409403188 35389815
409455885 50750780 409399269 Angelachang
409456045 50750780 409399953 60426754
409456186 50750780 409390316 65196276
409466377 jsxxapzdsl
409466841 64075257 409387279 doctorecho
409469859 50750780 409466377 jsxxapzdsl
409470038 50750780 409390056 nooooth
409470208 46262357
409470453 50750780 409382376 cheery23
409470534 50750780 409470208 46262357
409470614 50750780 409388025 wenxisuu
409470756 60331523
409470919 50750780 409466841 64075257
409471182 sonysong
409472343 50750780 409470756 60331523
409475961 60426754 409456045 50750780
409478793 2224035
409606163 50552480
409657401 62952022
410218362 58304383 409399269 Angelachang
410218555 apple_jobs
410221031 44350031
410223927 58341234
410242936 51786004
410246572 58220108 409606163 50552480
410247577 56972097
410249876 lalaesper
410251724 42185352
410295744 Angelachang 410218362 58304383
410299766 58304383 410295744 Angelachang
410327741 43158023
410328076 wmd_mmg
410328569 63004570
410328918 wppwpx
410330128 60701686
410331980 zer09
410332419 3922883 409456186 50750780
410332803 59601104
410334217 45404553
410635904 2224035 410334217 45404553
410637696 54467691
410637913 50848438 409384753 50750780
410640129 LorenaYuen 410330128 60701686
410700483 Sengoku
410700830 NathanYao
410701872 Sengoku
410702156 prisonoflove
410703020 44852862
410703098 miemiefever
410703119 Sengoku
410703344 NathanYao
410703955 7681658
410704872 eason000
411917481 30503386
411942261 50552480
411953597 45877846
411980440 63114496
412033656 45673649
412051276 46086691
412052807 51908113
412053694 46086691
412078929 53276677 409456186 50750780
412241314 63114496
412241727 yooyixi
412273296 63114496
412277610 56048593
412285959 56686106
412294590 tentwofour
412433666 32903584
412458700 60176916
413881495 50750780 409387901 45959469
413881856 50750780 410640129 LorenaYuen
413882104 50750780
413882292 50750780
413882474 62656441
413892454 64102866
413893678 48027991
413928573 41266824
414019629 LorenaYuen 413881856 50750780
415927085 61713270
417049235 67498264 410332419 3922883
417067833 3922883
417073795 66629372
410705156 NathanYao
410705317 Sengoku
410705369 48808520
410705807 nianlian
410705814 eason000
410706355 wmd_mmg
410706669 eason000
410707119 anan_0925
410708195 4515479
410708330 49107658 409384753 50750780
410708560 eason000
410708726 49107658
410709702 49107658
410710038 eason000
410710054 49107658 409478793 2224035
410710375 49107658
410710789 zhiyu2011
410711421 eason000
410712277 3567011
410712897 eason000
410713027 eason000
410714040 2485199
410714218 2485199
410714275 2485199
410714411 zhiyu2011
410714572 4515479
410714751 2485199
410714898 zhiyu2011
410715169 2485199
410715690 4515479
410716570 4515479
410716723 zhiyu2011
410716842 4515479
410717052 zhiyu2011 410716570 4515479
410717896 zhiyu2011
410718185 ciela
410718412 zhiyu2011
410719464 zhiyu2011
410719600 59601104
410719700 ciela
410720951 ciela
410720981 ciela
410721460 65689163
410721977 ciela
410723343 ciela
410723782 ciela
410725034 46685632
410725122 ciela
410728198 65689163
410730540 35087113
410737855 3567011
410738755 59529260
410748547 60691424
410750431 doctorecho
410752897 56886614 409406254 mmking
410753617 50608488
410754111 wybmv 410332419 3922883
410760458 cxq
410761127 yzbwang
410763658 mmking 410752897 56886614
410765612 guochi
410768489 doctorecho 410765612 guochi
410769250 LorenaYuen
410778266 3922883 410754111 wybmv
410787556 34329436
410787753 46086691
410788252 48677000
410790729 doctorecho
410792131 3922883
410792478 34329436
410792544 4337947
410800491 46262357
410810792 doctorecho
410811461 56886614 410763658 mmking
410811947 xixiaokou
410813073 35389815
410813706 xiaohe2000
410815799 xiaohe2000
410816045 doctorecho
410816456 turnthedreamon
410818537 61873362
410820554 xiaohe2000
410822906 61873362
410823196 doctorecho
410829509 doctorecho
410833833 xiaohe2000
410833957 61873362
410834725 tentwofour
410848662 guochi 410768489 doctorecho
410850739 4337947
410857412 turnthedreamon
410861286 46086691
410863020 Yuki.F 410712897 eason000
410865292 49541433
410867036 tentwofour
410867318 Yuki.F
410868392 jshi 410867036 tentwofour
410869875 Yuki.F
410870098 tentwofour 410868392 jshi
410870439 64971124
410871060 Yuki.F
410877670 tentwofour
410877994 Yuki.F
410879112 64971124
410879571 wybmv
410879976 62103632
410881977 eason000 410863020 Yuki.F
410886602 55521010
410888795 treepiano
410889271 tentwofour
410889548 emanon_yu
410909144 treepiano
410912149 Yuki.F 410881977 eason000
410914240 Yuki.F
410915030 wybmv
410917041 61391703
410921106 Yuki.F
410922294 wybmv
410923564 doris-p
410926608 2224035
410928290 2224035 410710054 49107658
410930042 3668876
410952728 56724171
410953080 66852181 409384753 50750780
410953196 53498388
410954193 weiganqu
410954387 51309649
410954516 45497693
410954909 57459066
410955883 57459066
410978172 48994302
410979597 48994302
410993521 48994302
410994212 48994302
411009909 54968086
411013594 59930046 410334217 45404553
411014023 52151812
411014281 leafbone
411016198 52151812
411019227 59930046
411020779 48994302
411022384 32375272
411036200 wmd_mmg
411037016 3632080
411038118 amberlove
411038987 3115051 409382996 annuanxi
411039254 3115051 411038118 amberlove
411039964 3115051 409398942 Angelachang
411041741 66852181
411041926 3115051
411042183 3115051
411046984 50680625
411057423 xuannov
411063120 60701686 410640129 LorenaYuen
411067152 60701686
411068095 mao.mao.
411076625 59529260
411101138 2339590
411101187 doctorecho
411101597 2339590
411106850 35087113
411131174 eason000 411101138 2339590
411142811 3632080
411180536 60701686
411187502 mao.mao.
411228786 lovexuanbin
411247003 60701686
411255371 56250837
411276619 45959469
411282999 35087113
411289092 2339590
411289999 2339590 411131174 eason000
411290874 2339590
411293638 2339590 410829509 doctorecho
411294484 eason000 411289999 2339590
411294912 2339590
411295349 2630395
411296178 2339590
411297710 eason000
411298609 2339590 411297710 eason000
411299634 eason000
411302375 57525198
411316695 wmd_mmg
411317091 47387171
411359032 60633016
411430311 60701686
411440414 doctorecho 411293638 2339590
411441025 53087436
411445699 14295425
411446582 2339590 411440414 doctorecho
411449237 doctorecho 411446582 2339590
411454892 62996538
411487502 49107658 409382996 annuanxi
411518921 60701686
411529288 14295425
411535186 42062652
411597272 50387174
411630271 60701686
411660418 63114496
411805667 50552480
