409332842 64159473
409332937 xiaoshou.
409333071 piliruirui
409333278 linnea0313
409333424 taoyao6929
409334039 41005209
409334299 acid
409334613 59023329
409334918 65117429
409334934 53180420
409335437 59359927
409335617 54306435
409335855 36950966
409335897 60577747
409335902 41950453
409335910 51571457
409335940 58953536
409338519 66731381
409339440 1982654
409339776 66731381
409340449 folles
409340661 66731381
409341067 3245017
409341168 66731381
409341256 66731381
409341715 53465106
409342134 66731381
409342944 51673947
409342978 66791785
409343193 66731381
409343657 acid
409343731 66731381
409343761 diviniz
409344327 66731381
409345249 66731381
409345319 66731381
409345587 63503187
409345601 evangelion_one
409345817 3597882
409345875 jamoon
409346069 30934471
409346542 51541270
409346549 58029528
409346557 NEARGO
409346745 1338192
409346912 66731381
409347032 ultraboy
409347179 58376309
409347326 66731381
409347465 30934471
409347468 41005209
409347489 54908638
409347652 louder
409347805 66731381
409348410 45013239
409350002 47477458
409350227 missixyujun
409350379 66731381
409352567 66731381
409353705 58559384
409354318 66731381
409354418 RRReason
409356089 luice3222
409357086 lost-M
409357320 50742987
409357675 66731381
409357833 50742987
409357930 NewtonSApple
409357983 50760633
409358188 55393439 409345249 66731381
409358353 67022347
409358380 50742987
409358586 62071472
409358894 50742987
409358916 frederick824
409359301 56384949
409359345 12901006
409359382 57004485
409359761 3806842
409361097 66731381
409362686 62071472 409361097 66731381
409362940 66731381
409363485 3806842
409363826 66731381
409363928 33621344
409364551 alice_nano
409365185 49452669
409365341 45772226
409365592 47158465
409366154 54705008
409369702 xujiang1127
409373506 66731381
409377192 66662831
409378947 66731381
409379923 fangzi0
409380279 66731381
409380569 66731381
409380826 44300461
409380877 fantasyxuan10
409381386 wellrock
409381805 Trouble-maker
409382566 66662831
409382755 66731381
409384530 ergezuigao
409384757 13084040
409384873 66731381
409386161 66731381
409387177 wenxisuu
409387466 3806842
409388161 48541605 409333424 taoyao6929
409389458 66731381
409389958 66731381
409390359 58912873
409390403 52154496 409345249 66731381
409390463 58912873
409390520 50742987
409391058 goodnightmoon
409391102 53669812
409391691 66662831
409391708 66731381
409392965 iluv69
409393849 sophy499
409394330 46220314
409394988 sigrid11 409384873 66731381
409395154 66731381
409395582 vanilla.ching 409395154 66731381
409396551 3806842
409398641 66731381
409399615 66662831
409400226 35389815
409400896 66731381
409401805 63642006
409402799 AddieAi
409403832 piliruirui
409404491 66731381
409404694 Meolo
409405102 3806842
409406508 66731381
409408903 66731381
409409682 66731381
409409959 66731381
409410230 48541605 409352567 66731381
409410340 3806842
409411390 AddieAi 409410230 48541605
409411834 AddieAi 409406508 66731381
409412005 Meolo
409412272 55557309
409413374 66731381
409413562 47705503
409414642 AddieAi 409413374 66731381
409416304 66731381
409417120 66731381
409417326 AddieAi
409417396 64139318
409418382 MADAY
409418487 66731381
409419128 MADAY
409420476 48541605 409411390 AddieAi
409420995 66731381
409421780 J-S
409422854 63642006 409406508 66731381
409423240 MADAY 409420995 66731381
409423410 2418385
409423705 66731381
409423865 49438625
409424684 50742987 409418487 66731381
409424848 mine14996
409426040 jingshui2007
409426584 tianbucuo
409426677 43372914
409427764 66731381
409429475 54941275
409430336 66731381
409430738 skywar123 409338519 66731381
409431087 66731381
409431173 lost-M
409431754 50742987 409427764 66731381
409431952 66731381
409432091 50742987 409430336 66731381
409432236 50742987 409431952 66731381
409433463 2870277
409433495 66731381
409433787 56896270
409434035 66731381
409435124 mybestlily 409434035 66731381
409435898 66731381
409437868 66731381
409438172 J-S
409438526 58029528
409438667 J-S
409438876 3427392
409438977 66731381
409439086 3427392
409439318 blueskyky
409439534 66731381
409439881 66731381
409439923 50742987 409439534 66731381
409440810 46583916
409441114 J-S
409441250 66731381
409482443 georginas
409482460 66731381
409482613 sigrid11
409482677 51373024
409482972 sigrid11
409483103 53941020 409341168 66731381
409483158 sigrid11
409483186 51268635
409483603 43674001
409483884 48954969
409484063 mona_myw 409341168 66731381
409484322 66731381
409484367 mybestlily 409482460 66731381
409488260 66731381
409488331 bignoodle
409488674 66731381
409489593 39833775
409489804 kaiyue91 409345249 66731381
409489889 66731381
409490419 66731381
409490750 66731381
409491070 63192137
409494157 66731381
409494453 mybestlily
409494992 66731381
409495215 43674001
409495664 66731381
409498047 kaiyue91 409490419 66731381
409498120 mybestlily 409495664 66731381
409499919 66731381
409500241 42766417
409500447 kaiyue91 409499919 66731381
409500974 66731381
409501592 66731381
409502023 66731381
409502741 37025309
409502861 50819712 409338519 66731381
409505535 66731381
409506043 66731381
409507000 66731381
409507514 49202372
409507686 65780363
409508003 51275069
409508424 mybestlily 409506043 66731381
409508810 66731381
409509320 66731381
409510227 66731381
409510795 kaiyue91 409508810 66731381
409513728 50819712
409514082 RenAlie 409340661 66731381
409514120 63613886
409515994 66731381
409516279 66731381
409516557 49202372
409517861 50819712
409518225 66731381
409518579 66731381
409519720 66731381
409521174 56886614 409482443 georginas
409521285 49202372 409518579 66731381
409521688 50819712 409519720 66731381
409521876 54008336
409521880 kaiyue91 409518225 66731381
409522104 4606090 409341168 66731381
409524233 66731381
409524760 66731381
409524884 3597882
409524989 mybestlily
409525271 mybestlily 409522104 4606090
409525542 55970630
409525587 66731381
409525776 57345681
409525954 kaiyue91 409524233 66731381
409526353 66731381
409526594 clorismile
409526783 sigrid11 409522104 4606090
409527272 66731381
409527774 64056693
409528991 64056693
409529174 56548750
409529534 66731381
409530166 4606090 409524760 66731381
409530683 66731381
409530782 64056693 409350379 66731381
409531076 66731381
409532227 4606090 409526783 sigrid11
409532281 66731381
409532765 imluckyholly
409533499 66731381
409534137 66731381
409535356 66731381
409537055 Zoeeeeeeeee
409538549 66731381
409539127 kaiyue91 409527272 66731381
409539581 51662265
409539845 imluckyholly 409534137 66731381
409541584 32778944
409542159 66731381
409542801 66731381
409543626 66731381
409543969 54988305
409545459 46566856
409546809 63042942 409345249 66731381
409547151 66731381
409547758 66731381
409548781 63042942 409543969 54988305
409549092 meme306
409549374 66731381
409549750 59243752
409550510 58029528
409550858 58029528
409551029 jamie2011 409549374 66731381
409551472 sigrid11 409532227 4606090
409554893 mybestlily
409556790 66662831
409557292 3688148
409558454 3184442
409558804 2854522
409558815 2854522
409558831 58029528
409559590 55273555
409561022 sigrid11
409562348 lyhh1023
409562497 sigrid11 409559590 55273555
409563617 51308609
409563656 sigrid11 409557292 3688148
409569175 63642006
409569363 48670612
409576383 49215104
409577773 55273555 409562497 sigrid11
409577793 49215104
409578238 49215104
409579698 41315219
409580781 66887840
409580954 66887840
409582102 66887840
409583008 58916658
409583721 58916658 409558454 3184442
409583950 sigrid11 409577773 55273555
409584336 58916658 409583950 sigrid11
409585912 sigrid11 409584336 58916658
409586464 58916658 409585912 sigrid11
409586824 66887840
409588592 youjingnian
409589756 sigrid11 409586464 58916658
409590548 60804082
409591039 tinylamb
409591252 58916658
409591925 givenchy_
409592590 sigrid11 409591252 58916658
409593824 58916658 409592590 sigrid11
409594941 50430430
409598362 hanleilei
409598602 50430430 409489889 66731381
409602551 50430430 409507000 66731381
409606460 han8513
409607920 han8513 409414642 AddieAi
409615207 53985911
409617182 66731381
409617496 66731381
409617911 66731381
409618392 66731381
409618480 66731381
409619895 UFOFLY
409620867 taataa
409621479 14295425
409626302 mwheat
409626961 bicthA
409628812 42874903
409634198 66731381
409634438 49215104
409634822 53242458
409634932 49215104
409635098 66731381
409635328 49215104
409635346 50180422
409635380 49215104
409635448 tiffany8911
409774010 66731381
409635632 tiffany8911
409778743 51268635
409778746 xiaoshiyue77
409778953 36304601
409636133 62745893
409780026 ergezuigao
409636166 62745893 409636133 62745893
409780409 1440404
409636270 66731381
409780595 36304601 409521880 kaiyue91
409636569 mybestlily
409637129 62745893
409788067 mis_silvia
409638138 66671504
409788588 53827090
409639212 45724940
409813522 66731381
409813822 66731381
409641203 2789221 409413374 66731381
409814181 66731381
409641433 2789221 409420476 48541605
409814758 63111055
409644240 xiaoshiyue77
409815494 49215104
409645909 26452164
409815612 51268635
409646215 35072482
409646868 leave.me.alone.
409647094 49398509
409815700 66731381
409649701 tiffany8911
409815901 49215104
409816737 66731381
409650365 64235632 409345249 66731381
409817058 49215104
409650999 64075257 409399615 66662831
409817237 naiyoucissy
409651519 57488107
409817607 66731381
409651818 mingkong_jing
409817980 49215104
409651892 58916658
409822094 66731381
409823620 49215104
409651929 lyhh1023 409649701 tiffany8911
409823627 49765388
409823931 49215104
409824705 66731381
409826061 66731381
409827109 mybestlily
409827567 mis_silvia 409815700 66731381
409832279 66662831
409846048 ergezuigao
409849095 50493477
409853964 fzc11510 409345249 66731381
409855142 58916658
409859092 fzc11510
409861803 33400863
409863729 lily-H
409863922 lily-H
409864699 33400863
409870570 61444502
409878906 66731381
409879560 lily-H
409880011 66731381
409880367 ergezuigao
409880670 66731381
409881232 lily-H
409881516 66731381
409881960 wybo8888 409881516 66731381
409882564 58916658
409882612 66731381
409883026 66731381
409883324 66731381
409883340 2772685
409883685 2772685 409817237 naiyoucissy
409883848 66731381
409884546 66731381
409885019 66731381
409885399 51268635
409886708 66731381
409886942 miRroRtic
409887435 66731381
409888448 50430430
409889286 aviva0410
409889764 lily-H
409890550 fzc11510
409891138 66731381
409891248 cherrybomb.
409891532 wybo8888 409883324 66731381
409891687 66731381
409892118 amoxillin
409892711 mis_silvia 409891687 66731381
409892933 lily-H
409892995 66731381
409893603 lily-H
409894091 66731381
409894448 mis_silvia 409894091 66731381
409895257 51268635
409895802 66731381
409896545 51268635 409895802 66731381
409896878 lily-H
409897124 lily-H
409897227 kaiyue91 409780595 36304601
409898613 51439903
409902094 66731381
409902681 66731381
409902862 wendy2011
409902934 66662831 409650999 64075257
409904161 66731381
409904242 66662831
409904437 xiaoloveshu
409905746 50430430 409891138 66731381
409906546 55961364
409907133 55961364
409907522 66731381
409907669 50430430
409908896 66731381
409908995 55961364
409909198 25343014 409341168 66731381
409909438 66731381
409441349 J-S
409441542 46583916
409441746 66731381
409442241 66731381
409442456 55321024
409442598 66731381
409442863 46751179
409443355 66731381
409443523 58029528
409443775 66731381
409444059 46583916
409444111 66731381
409444396 66731381
409444530 53532061
409444661 53532061
409444703 2418385
409444772 Meolo
409444815 66731381
409445011 Meolo 409444703 2418385
409445054 58029528
409445310 3427392
409445415 52509654
409446299 66731381
409446695 J-S
409446892 46583916
409446942 66731381
409447463 37025309 409347326 66731381
409447545 57536464
409447662 42185352
409447946 2418385 409445011 Meolo
409448111 37025309 409352567 66731381
409448141 hotpinktabi
409448593 amlulu
409449009 66731381
409449734 64870164
409450673 JFr
409450901 66731381
409451425 43033196
409451446 sweetsissi
409451578 66731381
409452090 hotpinktabi 409449009 66731381
409452102 66731381
409452477 66731381
409453896 66731381
409454079 37025309 409450901 66731381
409454844 66731381
409455488 Meolo 409447946 2418385
409456070 53532061 409446299 66731381
409456602 66731381
409457029 66731381
409457493 45280422
409458134 46583916
409458235 GlenKnight
409458529 66731381
409458811 66731381
409458922 Meolo 409456602 66731381
409459025 66731381
409459379 gqy14379
409459551 2984241
409459849 ego_y
409460748 ego_y
409461179 37025309 409454844 66731381
409461433 64855352
409461484 37025309
409461547 2418385
409462402 66731381
409462761 45497693 409342134 66731381
409463116 xoxo_ms 409345817 3597882
409464886 Zoeeeeeeeee
409466673 62924391
409467271 yloo
409467559 56493659
409467742 43674001 409343193 66731381
409467819 37675999
409469429 66731381
409469439 ly_xiao
409473049 66731381
409473685 yloo
409474184 mybestlily 409435898 66731381
409474842 43674001 409473049 66731381
409475298 66731381
409475753 Zoeeeeeeeee
409476090 sigrid11 409398641 66731381
409476339 66731381
409477620 66731381
409477846 61422762
409477934 66731381
409478069 50917359
409478394 66731381
409478464 sigrid11 409477620 66731381
409478805 66731381
409478816 mybestlily 409478394 66731381
409479091 J-S
409479351 mybestlily
409479871 66731381
409480641 66671504
409480699 yloo
409481295 66731381
409481875 mybestlily 409481295 66731381
409482069 1643493
409652253 tiffany8911 409651929 lyhh1023
409652383 58916658
409653812 lyhh1023 409652253 tiffany8911
409654336 4198419
409654624 tiffany8911 409653812 lyhh1023
409654651 blueskyky 409441250 66731381
409655057 64075257 409452477 66731381
409655198 lyhh1023
409655658 lyhh1023 409654624 tiffany8911
409656030 64075257 409457493 45280422
409656417 tiffany8911 409655658 lyhh1023
409657258 64075257 409457493 45280422
409658214 61444502
409658367 lyhh1023 409656417 tiffany8911
409658483 lyhh1023 409658214 61444502
409658663 tiffany8911 409658367 lyhh1023
409663061 observateur
409664074 66731381
409666638 58916658
409667026 keyi24
409668645 66731381
409669671 wangdaxing
409670558 43060611
409671391 61444502 409658483 lyhh1023
409671500 66731381
409671576 3678005
409672144 66731381
409672636 66731381
409672954 41566868 409672144 66731381
409673004 fongchueng
409673541 41566868
409674102 51268635
409674411 66731381
409674973 relinrao 409649701 tiffany8911
409675131 56886614
409675353 aileen57
409675884 mybestlily
409676691 tiffany8911
409677272 1688143 409345249 66731381
409677387 66731381
409678017 66731381
409678144 relinrao 409676691 tiffany8911
409678459 destinyzhao
409678920 tiffany8911 409678144 relinrao
409679539 destinyzhao 409347805 66731381
409679991 66731381
409681031 66731381
409681304 41566868 409677387 66731381
409681499 66731381
409682450 66731381
409682898 relinrao
409683545 60976839
409683899 1688143
409684483 62745893
409684868 66731381
409685387 66731381
409685578 folles 409341168 66731381
409686763 66731381
409687208 48369524
409687509 45724940
409690188 relinrao 409678920 tiffany8911
409691025 keyi24
409691160 4234091
409693010 66731381
409693512 66731381
409696369 66731381
409696722 66731381
409696992 66731381
409697755 66731381
409697914 4495072 409618392 66731381
409697931 66731381
409700754 mybestlily
409701119 55898953
409702964 mis_silvia
409706449 58916658 409668645 66731381
409709978 han8513
409714147 66731381
409714258 MentorJo
409720229 66731381
409727364 xiaoshiyue77
409732339 mis_silvia 409720229 66731381
409736221 huanightmare
409736674 mybestlily
409738339 2606729
409756923 3153581
409764517 66731381
409765199 66731381
409765821 xiaoshiyue77
409765978 ergezuigao
409766074 54572190
409766140 66731381
409766378 66731381
409767456 66731381
409767771 xiaoshiyue77 409766378 66731381
409767818 66731381
409768562 stan.reytster 409341067 3245017
409768563 61444502 409418382 MADAY
409768946 66731381
409770288 66731381
409772334 66731381
409910413 66731381
409911030 50430430 409909438 66731381
409911223 66731381
409912950 66731381
409913264 66731381
409914786 45588906
409915110 66662831
409915744 55961364
409916773 4606090
409918431 mybestlily 409908896 66731381
409918846 xilakuyu
409918863 55332058
409919020 lily-H
409919629 66662831
409920190 2835064
409920228 babyshang
409920350 22860349
409920373 55332058 409908896 66731381
409920502 25343014 409357675 66731381
409922220 sigrid11
409923022 66731381
409923315 66731381
409923936 66731381
409924244 25343014 409413374 66731381
409925237 62343622
409926293 66731381
409927598 62528142
409928193 66731381
409928258 49275406
409930430 66731381
409930437 25343014 409467271 yloo
409931017 66731381
409935023 25343014 409931017 66731381
409935481 66731381
409936799 66731381
409937181 thomas173
409938774 66731381
409939638 25343014 409936799 66731381
409939723 57004485
409940016 25343014 409939638 25343014
409941303 66731381
409942037 mybestlily
409942453 58916658
409942746 66731381
409943386 25343014 409937181 thomas173
409943979 58916658 409942746 66731381
409944458 idahoriver
409944965 ergezuigao
409947108 25343014 409941303 66731381
409951228 66908651
409954694 MADAY 409778743 51268635
409955211 32336751
409955770 MADAY 409881516 66731381
409956962 GavinCheung 409345249 66731381
409983852 10196351
409994233 tiffany8911 409690188 relinrao
410005075 48541605 409641433 2789221
410005682 jayyy520
410009906 naiyoucissy 409883685 2772685
410013287 relinrao 409994233 tiffany8911
410013520 tiffany8911 410013287 relinrao
410013661 relinrao 410005682 jayyy520
410013941 relinrao 410013520 tiffany8911
410018129 66731381
410020301 66731381
410027101 25343014 410018129 66731381
410030669 blueskyky
410041219 66731381
410042048 57571893
410043345 bicthA 410041219 66731381
410045926 66731381
410056803 59167768
410066582 49215104
410072044 58916658 410042048 57571893
410078151 33857780
410078735 catylose 410045926 66731381
410079338 51260713 409345249 66731381
410086160 xiaoloveshu 409908896 66731381
410089200 luya_shim
410090758 KameKazuya0808
410096798 46867082
410102528 46867082
410104920 xiaoshiyue77
410150122 61444502 410020301 66731381
410153029 56656278 410041219 66731381
410167306 66731381
410168147 66731381
410169291 65856790
410170551 66731381
410171548 66731381
410171899 59262146 409339776 66731381
410172169 66731381
410172910 66731381
410176336 59262146 409358380 50742987
410177549 66731381
410181571 48005280
410183307 66731381
410183593 66731381
410184790 25343014 410183307 66731381
410185321 66731381
410187433 58475035
410187844 yloo
410189048 56477595 409338519 66731381
410189140 66731381
410189323 56477595 409345249 66731381
410189366 66731381
410189402 49275406
410189647 25343014 410185321 66731381
410189699 56477595 410176336 59262146
410189839 25343014 410187433 58475035
410190070 56477595
410190184 56477595
410190638 56477595 410189402 49275406
410190717 25343014 410190184 56477595
410190752 56477595 410189140 66731381
410190868 56477595 410190717 25343014
410191183 25343014 410190868 56477595
410191211 56477595 409531076 66731381
410191311 56477595 410191183 25343014
410191930 25343014 410190868 56477595
410192187 56477595
410192297 25343014 410192187 56477595
410192363 56477595 410192297 25343014
410192468 56477595
410192579 56477595
410192674 25343014 410192363 56477595
410192700 56477595
410192788 56477595 410192674 25343014
410192974 25343014
410193188 56477595
410193410 56477595 410192974 25343014
410193517 ci_lovecandy
410193607 25343014
410193771 25343014 410193410 56477595
410196363 49275406 410190638 56477595
410196821 56477595 410193607 25343014
410196922 56477595 410193771 25343014
410197058 56477595 410196363 49275406
410197218 25343014 410196922 56477595
410197505 56477595 410197218 25343014
410197684 56477595 410197218 25343014
410198557 25343014 410197684 56477595
410199128 56477595 410198557 25343014
410199842 25343014 410199128 56477595
410200018 56477595 410199842 25343014
410200262 25343014 410200018 56477595
410201492 56477595 410200262 25343014
410203933 57971076
410204827 25343014 410201492 56477595
410205203 67111674
410205468 imluckyholly 409822094 66731381
410206117 56656278 410168147 66731381
410206388 67111674
410207147 56477595 410204827 25343014
410207194 imluckyholly 409904437 xiaoloveshu
410207307 25343014 410205468 imluckyholly
410208172 25343014 410207147 56477595
410208821 56477595 410208172 25343014
410209458 25343014 410208821 56477595
410209759 66731381
410209869 25343014 410209759 66731381
410209927 25343014 410209759 66731381
410210049 67111674
410210112 66731381
410210619 66731381
410210622 56477595 410209458 25343014
410210832 25343014 410210112 66731381
410210958 56477595 410210619 66731381
410211114 66731381
410211141 25343014 410210622 56477595
410211956 66731381
410212635 66731381
410212667 67111674
410212795 25343014 410211956 66731381
410212947 56477595 410211141 25343014
410213059 66731381
410213598 56477595 410212635 66731381
410214000 56477595
410214595 66731381
410214924 lily-H
410214927 lily-H
410214928 lily-H
410215180 67111674 410214924 lily-H
410215334 66731381
410215483 lily-H
410215647 50493477
410215907 lily-H
410216118 lily-H
410216119 lily-H
410216120 lily-H
410216449 56477595
410217379 25343014 410212947 56477595
410217510 67111674
410217687 25343014 410214000 56477595
410217841 66731381
410217985 25343014 410216449 56477595
410218474 67111674 410217841 66731381
410218590 25343014 410217510 67111674
410218825 66731381
410218902 56477595
410219243 25343014 410218825 66731381
410219321 56477595
410219406 25343014 410218902 56477595
410219498 67111674
410219719 56477595
410219840 25343014 410219321 56477595
410219913 56477595
410219922 67111674 410218825 66731381
410220110 56477595 410219840 25343014
410220166 ergezuigao
410220288 25343014 410219498 67111674
410220356 66731381
410220632 67111674 410220288 25343014
410220716 25343014 410219913 56477595
410220762 67111674 410220356 66731381
410220989 25343014 410220356 66731381
410221095 25343014 410220110 56477595
410221276 25343014 410220632 67111674
410221312 66731381
410221362 56477595
410221653 56477595 410221095 25343014
410221717 25343014 410221312 66731381
410221805 67111674 410221362 56477595
410221999 66731381
410222074 67111674 410221999 66731381
410222174 mybestlily
410222665 3851935
410222739 25343014 410221653 56477595
410222824 56477595
410222927 67111674 410222665 3851935
410223129 25343014 410222174 mybestlily
410223210 25343014 410221999 66731381
410223218 56477595 410222665 3851935
410226647 66731381
410227821 67111674 410226647 66731381
410227840 taaaan
410228033 56477595
410228735 50742987 410176336 59262146
410228824 66731381
410228895 66190083
410228908 Sosoo 409341168 66731381
410229690 67111674 410228824 66731381
410230123 66731381
410230572 67111674
410230958 56477595
410231726 66731381
410231811 Sosoo
410231938 56477595 410228908 Sosoo
410232070 Sosoo 410231726 66731381
410232317 66731381
410232359 Sosoo 410231938 56477595
410232497 67111674 410232070 Sosoo
410232570 Sosoo 410232317 66731381
410232676 56477595
410233193 25343014 410230123 66731381
410233251 56477595 410232359 Sosoo
410233531 66731381
410234281 67111674
410234371 Sosoo
410234397 66731381
410234712 67111674
410234904 25343014 410234712 67111674
410234958 66731381
410235252 bucun
410235449 Sosoo 410234958 66731381
410235502 Sosoo 410234958 66731381
410236269 25343014 410234958 66731381
410236371 66731381
410236739 67111674
410236832 67111674 410236371 66731381
410237212 25343014 410236739 67111674
410237220 56477595
410238676 66731381
410239115 67111674 410238676 66731381
410239287 66814142 410221999 66731381
410239305 67111674
410240619 56477595 410238676 66731381
410240665 49215104
410241880 50148824
410242088 66731381
410242370 25343014 410238676 66731381
410242428 56477595 410241880 50148824
410242471 13375568
410242595 51268635
410242679 25343014 410242088 66731381
410242821 50814790
410242942 Sosoo 410238676 66731381
410243193 guitarfan 409358894 50742987
410243517 Sosoo
410243702 50814790
410243865 66731381
410246530 50814790
410247430 50148824 410242428 56477595
410247538 56477595
410247837 50814790
410247913 25343014 410247538 56477595
410248170 jinwater196
410248241 56477595 410247430 50148824
410248620 56477595 410247913 25343014
410248665 66731381
410248808 56477595 410247837 50814790
410248905 50148824 410248241 56477595
410249335 56477595 410248665 66731381
410249659 56477595 410248905 50148824
410250082 50148824 410249659 56477595
410250284 50148824 410249659 56477595
410250302 66731381
410250476 50148824 409338519 66731381
410250708 56477595 410250284 50148824
410251477 66731381
410252266 52268464
410252547 50814790 410248808 56477595
410252723 56477595 410252266 52268464
410252761 66731381
410252908 50814790 410252266 52268464
410253084 25343014 410248620 56477595
410253130 56477595 410252547 50814790
410253312 25343014 410252266 52268464
410253526 56477595 410253084 25343014
410253692 25343014 410250708 56477595
410253762 56477595 410252761 66731381
410253781 52268464
410253842 66720526 409345249 66731381
410254243 56477595 410253692 25343014
410254786 56477595 410253781 52268464
410255040 56477595 410253842 66720526
410255064 64924932
410255119 50814790 410254243 56477595
410255855 66731381
410256003 luya_shim 410217841 66731381
410256200 56477595 410255855 66731381
410256612 56477595 410255119 50814790
410257095 50814790 410255855 66731381
410257516 50814790 410256612 56477595
410257566 mis_silvia 410255855 66731381
410258197 66731381
410258602 50814790 410257566 mis_silvia
410259006 25343014 410253526 56477595
410259339 66731381
410259644 mis_silvia 410258602 50814790
410259841 mis_silvia 410259339 66731381
410259881 56477595 410257516 50814790
410260187 56477595 410259006 25343014
410260315 66731381
410260587 56477595
410260929 66731381
410261475 56477595
410261660 50814790
410262181 mis_silvia 410261660 50814790
410262264 25343014 410254243 56477595
410262546 25343014 410260187 56477595
410262619 56477595 410262264 25343014
410262873 56477595 410262546 25343014
410263303 50814790 410262181 mis_silvia
410263651 56477595
410263707 25343014 410262619 56477595
410263958 66731381
410263977 25343014 410263303 50814790
410264109 wangstef
410307487 25343014
410264416 25343014 410263958 66731381
410307727 56477595
410264426 mis_silvia 410263303 50814790
410307914 3877948
410264541 56477595 410263958 66731381
410308027 56477595 410307487 25343014
410264858 67107498
410308254 56477595 410307914 3877948
410265228 56477595 410263707 25343014
410265242 50493477
410308519 25343014 410307727 56477595
410265404 66731381
410308622 25343014 410308027 56477595
410265505 tonychou
410265755 56477595 410265505 tonychou
410308660 56477595 410308519 25343014
410266164 25343014 410265228 56477595
410308808 25343014 410307914 3877948
410266207 tonychou 410265755 56477595
410308837 56477595 410308622 25343014
410266928 25343014 410265755 56477595
410309164 25343014 410308660 56477595
410267205 56477595 410266164 25343014
410309297 25343014 410308837 56477595
410267415 56477595 410266207 tonychou
410309621 56477595 410309164 25343014
410267990 56477595 410266928 25343014
410309744 56477595 410309297 25343014
410269004 wangstef
410310549 25343014 410309621 56477595
410269483 56477595 410269004 wangstef
410310830 56477595 410310549 25343014
410269541 66731381
410269665 25343014 410267205 56477595
410311099 25343014 410310830 56477595
410270092 50814790 410269665 25343014
410311296 25343014
410270143 56477595 410269541 66731381
410311486 56477595 410311099 25343014
410311498 50814790
410270164 25343014 410267990 56477595
410311675 56477595
410270236 59811530
410270317 59811530
410311933 56477595 410311498 50814790
410270330 56477595 410269665 25343014
410312237 25343014 410310830 56477595
410270349 25343014 410270092 50814790
410312306 62485062 409338519 66731381
410312647 56477595 410312237 25343014
410270645 56477595 410270164 25343014
410312882 56477595 410312306 62485062
410271042 25343014 410270330 56477595
410313045 56477595
410271146 25343014 410270645 56477595
410582199 49215104
410582373 24158136
410586395 66731381
410588213 66731381
410588485 25343014 410586395 66731381
410588560 25343014 410588213 66731381
410591650 50814790
410271561 Li.Doris.
410314002 62485062 409358188 55393439
410314197 35704808
410593660 66731381
410275102 Sosoo
410315608 1769930
410594377 25343014 410593660 66731381
410275562 56477595 410271042 25343014
410594913 66731381
410316096 60980199
410277201 25343014 410275562 56477595
410277332 Sosoo
410318667 ring0214 409338519 66731381
410595312 50814790 410594913 66731381
410277353 6443193
410595760 66731381
410332604 66601792
410279390 56477595 410271146 25343014
410344937 43481215
410595873 25343014 410594913 66731381
410356635 66731381
410279612 56477595 410277201 25343014
410596442 douban0805
410285001 25343014 410279390 56477595
410596924 50814790
410285292 66731381
410357441 66731381
410599074 lizao1992 409332937 xiaoshou.
410357521 49215104
410599264 66731381
410357992 66731381
410285757 25343014 410279612 56477595
410599280 66731381
410358135 66731381
410285812 56477595 410277353 6443193
410599498 50814790
410363391 66731381
410364112 3464388
410599680 50814790 410599280 66731381
410364152 50814790
410600716 luoposhusheng
410364205 50814790
410600814 49215104
410364611 66731381
410602550 50814790 410600814 49215104
410364723 66731381
410602697 lizao1992 409358380 50742987
410364730 50814790 410364611 66731381
410365022 66731381
410365124 66731381
410365350 41502932
410603288 49215104 410602550 50814790
410603695 50814790
410605779 lizao1992 409522104 4606090
410615515 mis_silvia 410603695 50814790
410616380 25343014 410615515 mis_silvia
410365473 taaaan 410363391 66731381
410616554 50814790 410615515 mis_silvia
410367349 50814790 410365124 66731381
410405954 25343014
410367843 MartinLane
410406086 56477595
410616994 mis_silvia 410616554 50814790
410368745 61634172
410406380 56477595
410410506 25343014 410406086 56477595
410368836 xiaoshiyue77
410617444 mis_silvia 410616380 25343014
410411045 66731381
410370627 50814790
410620204 66731381
410411274 66731381
410620452 45588906 410595760 66731381
410372955 49215104
410412009 56477595
410624665 55998310
410412623 readoor
410383783 25343014 410363391 66731381
410625492 66731381
410383968 25343014 410364152 50814790
410412758 66731381
410625884 54827843
410384080 taaaan
410412961 Sosoo
410384974 50814790 410383968 25343014
410626991 63580613
410413158 56477595 410412758 66731381
410386275 taaaan 410316096 60980199
410627347 66731381
410413412 56477595 410412961 Sosoo
410627920 50814790
410628493 EveNotended
410386539 25343014 410384974 50814790
410413582 25343014 410412758 66731381
410628777 Sosoo
410414262 66731381
410389552 dooooop 409334039 41005209
410631789 50814790 410628777 Sosoo
410414665 readoor 410414262 66731381
410390768 56477595
410636371 25343014 410617444 mis_silvia
410391327 66731381
410414947 Sosoo 410413412 56477595
410392025 56477595
410392593 yovitam
410636508 25343014 410625492 66731381
410415683 66731381
410393004 3702912
410651989 62389913
410393496 25343014 410390768 56477595
410416014 mars9 409345249 66731381
410654756 49215104 410627347 66731381
410416353 56477595 410414947 Sosoo
410419518 66731381
410421664 sqreal
410422346 66731381
410394000 56477595 410393496 25343014
410424475 Sosoo 410422346 66731381
410655767 66731381
410394113 66731381
410656531 49215104
410425503 50814790 410422346 66731381
410394372 25343014 410394000 56477595
410662996 25343014
410394488 66731381
410665900 49215104
410425877 56477595 410424475 Sosoo
410667708 66731381
410426011 56477595 410425503 50814790
410395133 56477595
410395825 66731381
410668307 66731381
410426903 25343014 410425503 50814790
410396196 66731381
410670722 49215104
410427636 50814790 410426903 25343014
410285917 25343014 410285292 66731381
410396496 66731381
410427823 50814790 410426011 56477595
410679544 62389913
410286049 56477595 410285292 66731381
410396750 56477595 410396196 66731381
410427970 25343014 410427636 50814790
410286324 56477595 410285001 25343014
410681216 61991282
410396960 56477595
410286449 66731381
410681285 61991282
410428059 56477595 410427823 50814790
410681507 61991282
410428478 two2roubao
410397451 summerlovesprin
410286555 56477595 410285757 25343014
410681668 40639879
410694402 kokoyu
410430642 Sosoo 410425877 56477595
410397839 62263313
410286752 25343014 410285292 66731381
410398271 49215104
410708370 57004485
410432155 50814790
410286877 56477595 410286449 66731381
410717208 mis_silvia
410450550 55804790
410287015 25343014 410286324 56477595
410398455 65856790 410172910 66731381
410450773 56237386
410398564 66731381
410736332 66731381 410628493 EveNotended
410287216 25343014 410286449 66731381
410398845 66731381
410736344 66731381 410628777 Sosoo
410287318 56477595 410286752 25343014
410399307 66731381
410465168 56477595 410430642 Sosoo
410399863 66731381
410736371 66731381 410636508 25343014
410400106 66731381
410287517 56477595 410287015 25343014
410400861 56477595
410465558 56477595 410450550 55804790
410287575 25343014 410287318 56477595
410477983 66731381
410287739 30029218
410478354 66731381
410736398 66731381 410651989 62389913
410401699 66731381
410288280 25343014 410287517 56477595
410479182 66731381
410402019 25343014 410396196 66731381
410288385 mis_silvia 410287739 30029218
410480694 66731381
410402150 56477595 410401699 66731381
410736598 66731381 410654756 49215104
410481725 Sosoo 410479182 66731381
410288410 lily-H
410402313 56477595
410736623 66731381 410656531 49215104
410288805 56477595 410287575 25343014
410487128 59300055 410480694 66731381
410487278 66731381
410402685 50148824
410736646 56477595 410628777 Sosoo
410498866 49215104 410487278 66731381
410288966 56477595 410287739 30029218
410499258 66731381
410736712 66731381 410681216 61991282
410403535 25343014 410402313 56477595
410736713 56477595 410681216 61991282
410499812 flamemaster
410289205 25343014 410288805 56477595
410403910 66731381
410503970 mis_silvia
410736720 66731381 410681668 40639879
410504814 56477595
410736730 56477595
410289273 56477595 410288280 25343014
410505527 mis_silvia 410504814 56477595
410404566 56477595 410403910 66731381
410736836 66731381 410708370 57004485
410289573 56477595 410289205 25343014
410506805 56477595 410505527 mis_silvia
410289896 25343014 410289273 56477595
410736910 66731381 410717208 mis_silvia
410507401 mis_silvia 410506805 56477595
410737118 66731381
410290542 56477595 410289896 25343014
410507405 Sosoo 410487278 66731381
410404771 56477595 410403535 25343014
410291355 lisacat
410737172 bless.sunshine
410291843 66731381
410737581 66731381
410507704 Sosoo 410506805 56477595
410404988 66731381
410292293 50814790 410286449 66731381
410737739 xiehuayingxhy
410292709 50814790
410507835 56477595 410507401 mis_silvia
410405823 25343014 410404771 56477595
410737820 59529260
410737850 bless.sunshine
410508041 56477595 410507704 Sosoo
410737891 53940613
410292721 66731381
410737997 56477595 410737850 bless.sunshine
410293187 56477595 410291843 66731381
410738034 56477595 410737891 53940613
410511581 Sosoo 410508041 56477595
410738113 56477595
410293421 56477595 410292293 50814790
410512026 55804790 410465558 56477595
410293815 lily-H
410512095 56477595 410511581 Sosoo
410294167 50814790
410738203 53940613 410738034 56477595
410294424 56477595 410293815 lily-H
410512516 56477595 410512026 55804790
410294620 51268635
410738474 mis_silvia 410736836 66731381
410513338 Sosoo 410512095 56477595
410738614 66731381
410294818 naver
410294906 66731381
410738910 56477595 410738203 53940613
410513705 56477595 410513338 Sosoo
410296177 56477595 410294620 51268635
410738930 56477595 410738614 66731381
410520207 36304601 409897227 kaiyue91
410520743 66731381
410739992 29471160
410296640 56477595 410294906 66731381
410740507 lemon1121
410522340 66731381
410740569 67090843
410296750 66731381
410741900 66731381
410297490 mis_silvia 410296750 66731381
410523504 66731381
410742847 49215104
410297629 50814790 410296750 66731381
410524148 mis_silvia
410526048 66731381
410746397 56477595
410529627 49215104
410297997 25343014 410289573 56477595
410746476 56477595 410742847 49215104
410530784 66731381
410749919 50814790
410298480 25343014 410290542 56477595
410535101 49215104
410750376 50814790 410749919 50814790
410298771 25343014 410292293 50814790
410535138 UncleLiu 409340661 66731381
410750613 50814790 410742847 49215104
410298897 natsuki_10
410535716 fayeQ
410536166 fayeQ
410299044 56477595 410298480 25343014
410542394 jayee_
410299073 25343014 410292721 66731381
410543385 61991282
410299149 66731381
410544268 66731381
410299250 56477595 410298771 25343014
410544731 49215104
410299287 25343014 410296750 66731381
410299507 56477595 410299149 66731381
410547725 Sosoo 410544268 66731381
410548079 edward-ec
410548852 25343014 410499812 flamemaster
410299731 50814790 410299149 66731381
410549248 55989482
410299795 25343014 410299250 56477595
410549534 25343014 410523504 66731381
410299806 Sosoo 410286449 66731381
410552857 50814790
410300089 56477595 410299806 Sosoo
410553227 25343014 410552857 50814790
410553896 50814790
410300176 25343014 410299731 50814790
410554231 25343014 410553896 50814790
410300373 56477595 410299795 25343014
410554612 25343014
410300439 50814790 410300089 56477595
410558003 ruoranhehe
410558626 50814790
410300523 Sosoo 410300089 56477595
410558956 43640268
410300535 56477595 410300176 25343014
410563032 56477595 410544268 66731381
410300665 25343014 410299806 Sosoo
410568021 56477595
410300672 30029218 410288385 mis_silvia
410571235 46393445
410300781 56477595 410300439 50814790
410571622 56477595 410571235 46393445
410573850 66731381
410300905 25343014 410300373 56477595
410577244 50814790 410573850 66731381
410301011 25343014 410300535 56477595
410301026 56477595 410300523 Sosoo
410578829 25343014 410573850 66731381
410579642 lizao1992
410301253 56477595 410300905 25343014
410301305 25343014 410300439 50814790
410301315 50814790 410300781 56477595
410301372 56477595 410301011 25343014
410301454 25343014 410301253 56477595
410301794 56477595 410301315 50814790
410301839 50814790 410301305 25343014
410301987 56477595 410301454 25343014
410302197 25343014 410301372 56477595
410302406 56477595 410301839 50814790
410302491 50814790 410301454 25343014
410302548 25343014 410301839 50814790
410302692 56477595 410302197 25343014
410302905 25343014 410302491 50814790
410302980 56477595 410302491 50814790
410303169 50814790
410303270 56477595 410302905 25343014
410303526 56477595
410303598 25343014 410302980 56477595
410303843 25343014 410303169 50814790
410303914 56477595 410303598 25343014
410304199 25343014 410303270 56477595
410304371 43607054
410304597 25343014 410303914 56477595
410304982 xiaoshiyue77
410305179 56477595 410304199 25343014
410305435 56477595 410304597 25343014
410305464 25343014 410305179 56477595
410305731 25343014 410305435 56477595
410306195 56477595 410305464 25343014
410306330 56477595 410305731 25343014
410306728 25343014 410306195 56477595
410307137 56477595 410306728 25343014
410307328 25343014 410306330 56477595
410750919 56477595 410750376 50814790
410751178 50814790 410750919 56477595
410751378 ykxtang
410751558 ykxtang
410751598 56477595 410751178 50814790
410751698 56477595 410751378 ykxtang
410752904 ykxtang 410751698 56477595
410753735 xiaoshou. 410599074 lizao1992
410755527 56477595 410752904 ykxtang
410755615 56477595 410753735 xiaoshou.
410756873 53940613 410738910 56477595
410757099 56477595 410756873 53940613
410758309 53940613
410758595 56477595 410758309 53940613
410763417 mis_silvia
410763483 53940613 410758595 56477595
410763821 66731381
410764077 56477595 410763417 mis_silvia
410764083 56477595 410763417 mis_silvia
410764209 56477595 410763483 53940613
410764275 56477595 410763821 66731381
410764520 66731381
410765330 mis_silvia
410765662 57258629
410766283 56477595 410764520 66731381
410766398 56477595
410766529 56477595
410767150 66731381
410768034 66731381
410768402 64187718
410768622 56477595 409339776 66731381
410768822 66731381
410768863 mis_silvia
410769194 66731381
410769734 56477595 410768822 66731381
410770013 56477595 410768863 mis_silvia
410770141 zhutimax
410770172 49215104 410750613 50814790
410770283 muamu
410770438 mis_silvia 410770013 56477595
410770696 66731381
410770804 ykxtang 410755527 56477595
410770965 56477595 410770438 mis_silvia
410771275 66731381
410771307 56477595 410770804 ykxtang
410771444 ykxtang
410771584 xiaoshiyue77
410772054 bucun
410772209 66731381
410772376 mis_silvia 410770965 56477595
410772532 mis_silvia 410771275 66731381
410773199 56477595 410772532 mis_silvia
410773318 56477595 410772376 mis_silvia
410773465 56477595 410772209 66731381
410773890 56477595 410770696 66731381
410774150 mis_silvia 410773199 56477595
410774414 s19910719
410774939 66731381
410775017 56477595 410774150 mis_silvia
410775133 56477595 410774414 s19910719
410776100 mis_silvia 410774939 66731381
410777080 66731381
410777454 56477595 410776100 mis_silvia
410779137 dabaitu115
410779185 66731381
410779665 45302480
410779819 56477595 410779137 dabaitu115
410779893 mis_silvia 410777454 56477595
410779926 56477595 410779185 66731381
410780491 dabaitu115 410779819 56477595
410781018 56477595 410779893 mis_silvia
410781105 56477595 410780491 dabaitu115
410781816 mis_silvia 410781018 56477595
410782027 66731381
410782298 56477595 410781816 mis_silvia
410782535 56477595 410782027 66731381
410783441 56477595
410784031 twotony
410784039 mis_silvia 410782298 56477595
410784361 56477595 410784039 mis_silvia
410784522 56477595 410784031 twotony
410787070 49215104
410787554 56477595 410787070 49215104
410787657 66731381
410787665 56477595 410787070 49215104
410788296 56477595 410787657 66731381
410789128 49215104
410789492 56477595 410789128 49215104
410789627 59335088 409684868 66731381
410790002 66731381
410790147 56477595 410789627 59335088
410791215 66731381
410791386 ykxtang
410791521 49215104
410791881 64924932 409345249 66731381
410793404 66731381
410793885 SSQBS
410796990 66731381
410797157 25343014
410799591 52737624
410800895 66731381
410802379 66731381
410803588 25343014 410800895 66731381
410805973 51312538
410806773 58029528 410401699 66731381
410807672 55869612
410809463 konggil
410812143 66731381
410814705 66731381
410817210 25343014
410820722 1023610
410821747 50814790
410822199 56477595 410791386 ykxtang
410822376 50814790 410822199 56477595
410822520 56477595 410793404 66731381
410822674 25343014 410822199 56477595
410822696 56477595 410800895 66731381
410822785 56477595 410803588 25343014
410822954 56477595
410823413 56477595 410821747 50814790
410823551 56477595 410822674 25343014
410823667 56477595 410817210 25343014
410824565 50814790 410296177 56477595
410825658 56477595 410824565 50814790
410827123 25343014 410824565 50814790
410827248 50814790
410827312 56477595 410827123 25343014
410827544 56477595 410827248 50814790
410828196 50814790 410827123 25343014
410828871 50814790 410827544 56477595
410829027 66731381
410829038 59335088
410829062 56477595 410828871 50814790
410829209 56477595 410828871 50814790
410829301 56477595 410829027 66731381
410829336 25343014 410828196 50814790
410829452 56477595
410829680 25343014 410829027 66731381
410829867 3950330
410830671 50814790 410829027 66731381
410831095 50814790 410829062 56477595
410831194 56477595 410831095 50814790
410832598 EveNotended
410832852 50814790 410831194 56477595
410835747 56477595 410832852 50814790
410835877 50814790 410831194 56477595
410837207 EveNotended 410835877 50814790
410837252 50814790 410835877 50814790
410838205 EveNotended 410835877 50814790
410838987 50814790 410838205 EveNotended
410839133 56477595 410835877 50814790
410839279 56477595 410835877 50814790
410839456 56477595 410837252 50814790
410840197 EveNotended
410840324 50814790 410839456 56477595
410840548 56477595 410840324 50814790
410840977 50814790 410840548 56477595
410841152 mm-miaomiao
410841412 haojiaxuan
410841670 mm-miaomiao
410843110 56477595 410840977 50814790
410843310 56477595 410841152 mm-miaomiao
410843418 56477595 410841412 haojiaxuan
410844787 mm-miaomiao 410843310 56477595
410844793 xiaoshou. 410755615 56477595
410846150 56477595 410844787 mm-miaomiao
410846529 56477595 410844793 xiaoshou.
410848114 xiaoshou. 410846529 56477595
410848822 56477595 410848114 xiaoshou.
410852319 mm-miaomiao
410854312 57004485 410852319 mm-miaomiao
410856930 49215104 410839456 56477595
410860228 ykxtang
410860288 49215104
410861135 25343014 410860288 49215104
410861514 56477595 410856930 49215104
410861582 56477595 410856930 49215104
410861591 56477595 410856930 49215104
410861656 56477595 410856930 49215104
410861729 56477595 410856930 49215104
410861861 56477595 410860228 ykxtang
410862403 56477595 410860228 ykxtang
410871397 4409680 409658483 lyhh1023
410874162 49215104
410876041 56477595 410874162 49215104
410878299 66731381
410880996 56477595 410878299 66731381
410882288 janeenchen 409357833 50742987
410882937 64454830
410884603 49215104
410884875 56477595 410884603 49215104
410885492 56477595 410884603 49215104
410887898 58820653
410888462 mm-miaomiao 410885492 56477595
410891650 56477595 410887898 58820653
410891713 66731381
410891750 56477595 410888462 mm-miaomiao
410893262 66731381
410893899 49215104 410893262 66731381
410894350 49215104 410885492 56477595
410894839 66731381
410894958 56477595 410893262 66731381
410895085 56477595 410894350 49215104
410895999 56477595
410896251 49215104 410894839 66731381
410896788 66731381
410897061 66731381
410897368 56477595 410897061 66731381
410897554 62389913
410897622 49215104 410897061 66731381
410897859 56477595
410897949 66731381
410898202 66731381
410898646 56477595
410898744 49215104 410897949 66731381
410898830 56477595 410897554 62389913
410898882 66731381
410898892 49215104 410898646 56477595
410898907 sp0328
410899147 49215104 410898882 66731381
410899235 56477595 410898202 66731381
410899242 62389913 410898830 56477595
410899411 55869612
410899504 50814790 410898882 66731381
410899583 56477595 410898744 49215104
410899650 56477595 410898882 66731381
410899835 56477595 410899242 62389913
410900513 58820653 410891650 56477595
410900729 49215104 410899411 55869612
410900842 66202308
410900999 55869612
410901342 49215104 410900842 66202308
410901526 55869612 410900729 49215104
410901752 62389913
410901794 56477595 410900513 58820653
410901916 56477595 410900729 49215104
410902005 49215104 410901526 55869612
410902787 66731381
410903076 catsofa
410903631 56477595 410902787 66731381
410903695 55869612 410902005 49215104
410903782 56477595 410902787 66731381
410903846 66731381
410903951 50814790 410902005 49215104
410904149 56477595 410903076 catsofa
410904502 2826366
410904513 49215104 410903631 56477595
410904938 gjc
410904965 66731381
410905059 56477595 410904513 49215104
410905660 56477595 410904938 gjc
410905703 15462238 409424684 50742987
410905993 55869612 410904938 gjc
410906419 66731381
410906597 49215104 410905059 56477595
410906970 66731381
410907093 56477595 410906597 49215104
410907329 49215104 410906970 66731381
410907577 55869612 410906419 66731381
410908240 56477595
410908441 66731381
410908470 56477595 410907577 55869612
410908630 50814790 410907093 56477595
410908926 56477595 410908630 50814790
410909005 66731381
410909037 56477595 410908441 66731381
410909183 49215104 410908926 56477595
410909608 62389913
410910021 55869612 410908470 56477595
410910096 49215104 410909608 62389913
410910114 56477595 410909608 62389913
410910193 56477595 410909183 49215104
410910436 49215104 410910193 56477595
410910593 catsofa
410910724 piyopiyopiyopiy
410910747 62389913 410910114 56477595
410910782 piyopiyopiyopiy
410910817 piyopiyopiyopiy
410910965 56477595 410910436 49215104
410911171 62389913 410910096 49215104
410911194 66731381
410911258 56477595 410910593 catsofa
410911330 49215104 410910965 56477595
410911340 56477595 410910724 piyopiyopiyopiy
410911404 56477595 410910747 62389913
410911460 piyopiyopiyopiy 410911340 56477595
410911634 56477595 410911330 49215104
410911714 52984821
410912106 56477595 410911460 piyopiyopiyopiy
410912396 catsofa 410911258 56477595
410912453 56477595 410911714 52984821
410912615 49215104 410912396 catsofa
410912713 piyopiyopiyopiy 410912106 56477595
410912755 49215104 410911634 56477595
410912887 56477595 410912396 catsofa
410912995 50814790 410907093 56477595
410913195 25343014 410912995 50814790
410913608 gjc 410905993 55869612
410913700 66731381
410913736 56477595 410912713 piyopiyopiyopiy
410913829 56477595 410912755 49215104
410913917 piyopiyopiyopiy 410267415 56477595
410913921 catsofa 410912615 49215104
410913941 56477595 410912995 50814790
410914115 catsofa 410912887 56477595
410914353 56477595 410913921 catsofa
410914415 50814790 410907093 56477595
410914459 56477595 410914115 catsofa
410914951 56477595 410913608 gjc
410915140 50814790 410907093 56477595
410915232 56477595 410914415 50814790
410915459 catsofa 410914459 56477595
410915652 49215104 410913921 catsofa
410915676 66731381
410916153 49215104 410913829 56477595
410916159 56477595 410915459 catsofa
410916234 56477595 410915676 66731381
410916268 gjc 410914951 56477595
410916270 50814790 410907093 56477595
410916307 55869612 410913608 gjc
410916372 49215104 410915676 66731381
410916508 56477595 410915140 50814790
410916509 49215104 410916270 50814790
410916662 55869612 410916268 gjc
410916831 49215104
410916881 56477595 410916153 49215104
410916896 50814790
410917092 66731381
410917381 56477595 410916831 49215104
410917490 56477595 410916896 50814790
410917554 50814790 410916508 56477595
410917655 gjc 410916307 55869612
410917774 56477595 410916268 gjc
410917997 56477595 410916307 55869612
410918145 gjc 410917774 56477595
410918176 56477595 410916372 49215104
410918418 56477595 410917092 66731381
410918713 56477595 410917554 50814790
410918836 62190791
410949381 myqzy
410918861 50814790 410917092 66731381
410949420 56477595
410918893 66731381
410949524 56477595
410919221 50814790 410918713 56477595
410949637 Sosoo 410949420 56477595
410919300 56477595 410918893 66731381
410919388 66731381
410949670 56477595
410949727 56477595 410949637 Sosoo
410919609 56477595 410919221 50814790
410949764 49215104
410919749 56477595 410919388 66731381
410949805 56477595 410949637 Sosoo
410920483 56477595 410919388 66731381
410949817 Sosoo 410949524 56477595
410920666 56477595 410919388 66731381
410949866 56477595 410949764 49215104
410921037 3092910
410949938 56477595 410949817 Sosoo
410922611 gjc
410923450 mm-miaomiao
410949966 Sosoo 410949805 56477595
410925149 catsofa 410915652 49215104
410950655 56477595 410949966 Sosoo
410926151 50814790 410925149 catsofa
410951138 Sosoo 410950655 56477595
410927054 66731381
410951411 50814790 410951138 Sosoo
410928431 catsofa 410926151 50814790
410951540 51953879
410929236 xiaoshou. 410848822 56477595
410932853 66731381
410951630 56477595 410951138 Sosoo
410932884 56477595 410927054 66731381
410951715 56477595 410951411 50814790
410951899 XIADAN4
410933107 56477595 410929236 xiaoshou.
410952076 56477595
410934379 50814790 410927054 66731381
410952518 Sosoo 410951411 50814790
410934732 50814790 410933107 56477595
410952626 55869612
410935092 55869612 410917997 56477595
410952676 62389913
410935710 56477595 410934732 50814790
410952713 56477595 410952518 Sosoo
410935775 56477595 410935092 55869612
410952775 56477595 410952626 55869612
410952975 56477595 410952676 62389913
410936211 62389913 410910593 catsofa
410953061 62389913
410936835 66731381
410953125 48218002 410952626 55869612
410937312 56477595 410936211 62389913
410953276 56477595
410938148 BABJ 409357983 50760633
410953356 coral007
410938784 25343014 410934732 50814790
411001935 56477595
410953931 66731381
410939480 56477595 410938784 25343014
410954763 pengxieve
411002229 49215104
410939670 66731381
410956228 55869612
411003493 49215104
410939771 seanfree
410940084 50814790
411003636 48602360
410957054 48218002 410956228 55869612
410958775 mr-hug
410940249 62389913 410939480 56477595
411004742 66731381
410940478 45831112
410963546 55869612 410957054 48218002
411004858 gylLaura
410963551 66731381
410940850 56477595 410940249 62389913
410964293 66731381
411007930 49215104 411004742 66731381
410941343 50814790
411008542 mis_silvia 411004742 66731381
410942231 62389913 410940850 56477595
410964607 48218002 410963546 55869612
410966961 66731381
411009385 50742987 410882288 janeenchen
410942236 56477595 410941343 50814790
410967219 55869612 410966961 66731381
411009962 ykxtang 410862403 56477595
410942354 56477595 410942231 62389913
411010901 50814790 411009385 50742987
410942476 66731381
410967403 55869612 410964607 48218002
410942828 56477595 410942476 66731381
410968108 63190835
410943769 62389913
411011253 56477595 411004742 66731381
410944656 66731381
410968454 48218002 410967403 55869612
411011431 56477595 411009962 ykxtang
411018261 66731381
410968672 48218002 410968108 63190835
410945563 56477595 410944656 66731381
411019026 56477595 411018261 66731381
410945833 62389913 410944656 66731381
410970039 55869612 410968454 48218002
411020094 EveNotended
410970260 50814790
410970954 63190835
410946622 48218002 409341168 66731381
411020870 56477595 411020094 EveNotended
410971002 66731381
410946967 56477595 410945833 62389913
411022919 66731381
410947064 56477595
411025083 56477595 411022919 66731381
410971027 66731381
411025634 49215104
410947212 junki
410971170 53499908
410971873 49215104
410947299 62389913 410946967 56477595
411026286 66731381
410972138 63190835
410947774 50814790
410972483 66731381
410947890 66731381
411028512 41825783
410973372 51255436
411028988 62389913
410948131 56477595 410947299 62389913
410975158 xiaoshiyue77
411031388 EveNotended
411032216 66731381
410976070 mm-miaomiao 410971027 66731381
411032696 ykxtang 411011431 56477595
410948245 56477595 410947890 66731381
411032901 66731381
410948705 Sosoo
411033002 yee17
410976907 66731381
410948737 66731381
411033058 49215104
410977586 mm-miaomiao 410976907 66731381
411033822 66731381
410948795 62389913 410948245 56477595
411034342 EveNotended
410948921 Sosoo
411034387 66731381
410977721 63190835
410949087 50814790 410948737 66731381
410977927 63190835
411034645 56477595 411033002 yee17
410978297 66731381
411034752 66731381
410978755 66731381
411034987 55941392
410979012 mm-miaomiao 410978297 66731381
411035137 56477595 411032696 ykxtang
410979286 63190835
411035263 49215104
410981425 66731381
410981620 66731381
411035307 56477595 411033822 66731381
411035346 66731381
411035815 66731381
411036375 56477595 411035346 66731381
411036769 49215104
411037307 EveNotended 411036375 56477595
410982141 mm-miaomiao 410981620 66731381
411038152 66731381
410983496 63190835
411038314 66731381
410983821 63190835
411038860 55941392 409404491 66731381
410984401 66731381
411038970 66731381
410984845 63190835
410984942 66731381
411039299 66731381
410986074 49215104
411039840 49215104
410986459 dingmaomao
410986509 66731381
411039994 55941392 411039299 66731381
410986571 50811004
411040256 56477595 411038314 66731381
410986622 50811004
411040733 49215104
410986872 63190835
411041205 66731381
411041541 56477595 411041205 66731381
411041662 49215104
410987633 49215104
411041930 49215104 411041541 56477595
410988971 49424593
410990733 66731381
411042164 EveNotended 411041205 66731381
410991822 56477595
411044651 66731381
411045644 66731381
410992534 49215104
411045651 60185194
410992754 49215104
411046078 49215104
410993500 66731381
411046081 56477595 411045644 66731381
410993902 56477595 410992754 49215104
411046483 66731381
410994042 56477595
411046665 49215104
410994588 66731381
411046952 60185194
410994860 56477595
411047187 49215104
410996414 66731381
411047260 60185194
410996756 49215104
411047376 60185194
410997460 66731381
411047478 49215104 411046952 60185194
410997504 50760633 410938148 BABJ
411047709 60185194
410998911 66731381
411048036 66731381
410999013 56477595 410996414 66731381
411048467 EveNotended
410999203 66731381
411048640 60185194
410999279 52496420
411048889 48487372
411000212 46583916
411049169 49215104
411001138 66731381
411051686 56477595 411048889 48487372
411051961 59966954
411051989 56477595 411048640 60185194
411052449 lyingf
411052669 56477595 411045651 60185194
411052992 56477595 411047187 49215104
411058269 vagrantxinxin
411059585 56477595 411058269 vagrantxinxin
411067906 63190835
411068986 65157075
411076399 56477595
411076516 56477595
411076705 56477595 411068986 65157075
411076917 56477595 411067906 63190835
411081419 56477595
411089235 63400886
411107097 65157075 411076705 56477595
411114532 56477595 411107097 65157075
411114551 56477595 411089235 63400886
411116360 66731381
411116578 mybestlily
411116733 56477595 411116578 mybestlily
411118168 66731381
411124409 66731381
411127281 49215104 411052992 56477595
413639292 25343014
413667211 Alobeing
413685123 59196771
413688051 ray11
413703991 57071325
413753374 67478099
413756156 xiaoshiyue77 413753374 67478099
413763722 66731381
413764189 66731381
413764932 66731381
413765018 66731381
413765232 66731381
413765301 66731381 413685123 59196771
413766253 66731381 413688051 ray11
413766536 66731381 413703991 57071325
413766818 66731381 413753374 67478099
413766835 62389913 413763722 66731381
413768615 52591024
413769698 mis_silvia 413766253 66731381
413822879 57071325 413766536 66731381
413825338 rinyet
413857115 ray11 413766253 66731381
413967339 kaiyue91
413970994 50054208
413978942 59196771 413765301 66731381
414008605 luya_shim 413756156 xiaoshiyue77
414051247 66731381 413825338 rinyet
414051313 66731381 413766835 62389913
414051348 66731381 413768615 52591024
414114417 rinyet 414051247 66731381
414133733 pryo 409454844 66731381
414188489 pryo
414223158 66731381 413967339 kaiyue91
414223852 66731381 413970994 50054208
414223902 66731381 414008605 luya_shim
414223984 66731381 414114417 rinyet
414224347 66731381 414188489 pryo
414224367 folles
414225766 huozhaieve
414250468 rinyet
414261806 ke-z
414315743 pryo 414224347 66731381
414425403 pryo
414467961 66731381 414224367 folles
414468036 66731381 414225766 huozhaieve
414468134 66731381 414250468 rinyet
414468542 66731381 414261806 ke-z
414468648 66731381 414425403 pryo
414474901 66731381
414492884 xiaopanglt
414504292 rinyet
414541839 ke-z
414566561 64549487
414619951 52146134
414755726 66731381 414619951 52146134
414784060 XIADAN4 414755726 66731381
414799762 25343014 414784060 XIADAN4
414842621 52146134 414755726 66731381
414894752 22035892
414903813 green1106
415002831 jinghuaaaa
415176770 66662831
416857024 freddiehou
416863756 softwater
416903640 luya_shim
417307201 mis_silvia
417377600 4827021
419473181 hutusugar
419531681 weiboqigong
419536251 cigarette_sue
419827480 tianshengmeie
419831786 samansa0087
419839312 46033569
419840364 zenoegatto
411466232 49215104
411482658 Apple.J
411486680 mis_silvia 411482658 Apple.J
411562344 64870164
411576201 51260713 409404491 66731381
411598538 sevengreentea 411576201 51260713
411606429 51260713 411598538 sevengreentea
411608502 4672692
411618071 mis_silvia 411608502 4672692
411671046 25343014 410939480 56477595
411674801 57004485
411678921 56477595 411671046 25343014
411705270 philia_bl
411712172 25343014 411116360 66731381
411713418 25343014 411678921 56477595
411782067 56477595 411713418 25343014
411783590 49323484 409346912 66731381
411784165 49323484 409339776 66731381
411784721 57682067
411795903 meiyouxianhua 409364551 alice_nano
411796825 alice_nano 411795903 meiyouxianhua
411799110 59803115 409341168 66731381
411814271 58820653 410901794 56477595
411816736 59803115 409452477 66731381
411838328 54106540
411925583 56477595
411926151 56477595
412025057 25343014 411926151 56477595
413004502 mis_silvia
413186199 54888591
413188257 XIADAN4
413188599 50814790
413194488 66623439
413202213 mis_silvia 413194488 66623439
413216571 66623439 413202213 mis_silvia
413224906 mis_silvia 413216571 66623439
413228032 66623439 413224906 mis_silvia
413228672 mis_silvia 413228032 66623439
413229340 66623439 413228672 mis_silvia
413231423 41986097
413231774 artash
413232042 mis_silvia 413229340 66623439
413233296 Alobeing
413235848 66731381
413242200 50346068
413242501 50346068
413254344 luya_shim 413235848 66731381
413274945 53980392
413312256 50620002
413314853 60359343
413315554 62340736
413323091 51697775
413328096 3619211
413328928 59196771
413353403 64549487
413423760 66731381 411606429 51260713
413423855 66731381 411783590 49323484
413424414 66731381 413188599 50814790
413425024 66731381 413231423 41986097
413425371 66731381 413233296 Alobeing
413426560 66731381 413231774 artash
413427824 66731381 413242501 50346068
413428875 62389913
413430000 lovetree
413430222 66731381 413242200 50346068
413430281 66731381 413254344 luya_shim
413430356 66731381 413312256 50620002
413432912 66731381
413433033 66731381 413323091 51697775
413433103 66731381 413328096 3619211
413433171 66731381 413328928 59196771
413433239 66731381 413353403 64549487
413434100 66731381 413428875 62389913
413434327 66731381 413430000 lovetree
413437627 62389913
413449410 lizao1992
413450385 lizao1992
413471994 35389815
413473079 50443438
413479077 51260713 413423760 66731381
413483358 RENOPARK 413432912 66731381
413486998 mis_silvia 413473079 50443438
413490115 62389913 413486998 mis_silvia
413493204 mis_silvia 413490115 62389913
413496781 62389913 413493204 mis_silvia
413508241 mis_silvia 413496781 62389913
413535850 64829232
413541618 50814790
413542728 50814790
413544082 xiaopanglt
413553221 64549487 413433239 66731381
413553523 45527215
413554163 50247366 409345249 66731381
413554655 50247366
413556116 mis_silvia 413553221 64549487
413556184 mis_silvia 413542728 50814790
413588340 Alobeing
413589466 Alobeing
413627731 41986097 413425024 66731381
413632971 XIADAN4 413589466 Alobeing
411127633 49215104 411118168 66731381
411127910 56477595 411127281 49215104
411127965 56477595 411127633 49215104
411128123 Sosoo 411044651 66731381
411128847 mis_silvia
411128858 55989482
411129176 53940613 410764209 56477595
411132767 pinkygiraffe
411133751 56477595 411128123 Sosoo
411133804 56477595 411128847 mis_silvia
411133895 56477595 411128858 55989482
411133974 56477595 411129176 53940613
411134254 66731381
411135069 66731381
411135263 56477595 411135069 66731381
411135349 49215104 411135263 56477595
411135552 2359051
411135692 55989482 411135069 66731381
411135853 56477595 411135349 49215104
411135985 53940613 411133974 56477595
411136038 66731381
411136133 56477595 411135692 55989482
411136135 50086535
411136270 56477595 411135349 49215104
411136291 1731435
411136298 1731435
411136331 66731381
411136340 55989482 411136133 56477595
411136731 56477595 411136135 50086535
411136794 56477595 411136331 66731381
411137038 56477595 411136340 55989482
411137115 55989482 411136331 66731381
411137190 56477595 411136340 55989482
411137797 55989482 411137190 56477595
411137854 55989482 411136331 66731381
411138465 56477595 411137797 55989482
411138486 mis_silvia 411133804 56477595
411138494 66731381
411138664 56477595 411138486 mis_silvia
411138727 56477595 411138494 66731381
411138857 mis_silvia 411138664 56477595
411139397 56477595 411138857 mis_silvia
411139568 1731435 411138494 66731381
411139749 56477595 411139568 1731435
411139834 mis_silvia 411139397 56477595
411139997 66731381
411140143 56477595 411139834 mis_silvia
411140232 56477595 411139997 66731381
411140569 sevengreentea 409437868 66731381
411140870 63400886 411139397 56477595
411141133 49215104 411140232 56477595
411141196 49215104 411139997 66731381
411141405 3327015
411141721 56477595 411140870 63400886
411141814 56477595 411141133 49215104
411141881 56477595 411141196 49215104
411142698 mis_silvia 411139997 66731381
411142724 mis_silvia 411139997 66731381
411143386 49215104 411141814 56477595
411143469 62533040
411144001 56477595 411142698 mis_silvia
411144110 56477595 411143386 49215104
411144644 xiaoshiyue77
411145018 sevengreentea 410681216 61991282
411145064 62389913 411139834 mis_silvia
411145379 ci_lovecandy 411004742 66731381
411145679 sevengreentea 410776100 mis_silvia
411145813 56477595 411144644 xiaoshiyue77
411146032 56477595
411146114 sevengreentea 410807672 55869612
411146588 mis_silvia 411145064 62389913
411146828 sevengreentea 410910021 55869612
411147171 mis_silvia 411145679 sevengreentea
411147300 66731381
411147959 66731381
411148166 sevengreentea 411147300 66731381
411148449 saralondon
411148593 sevengreentea 411140870 63400886
411148742 56477595 411148449 saralondon
411148826 66731381
411148980 saralondon 411148742 56477595
411149131 sevengreentea 411148449 saralondon
411149229 sevengreentea
411149506 56477595 411148980 saralondon
411149578 saralondon
411149900 66731381
411150126 sevengreentea 411148980 saralondon
411150569 mis_silvia 411148826 66731381
411151523 66731381
411151592 saralondon 411149900 66731381
411151617 56477595
411151698 56477595
411151766 anzhinuosu
411152193 66731381
411152211 sevengreentea
411152708 saralondon
411152743 66731381
411152990 saralondon 411152743 66731381
411153110 sevengreentea 411152193 66731381
411153427 sevengreentea 411152743 66731381
411153619 saralondon
411154645 sevengreentea 409369702 xujiang1127
411155747 56477595
411155758 56477595
411155881 56477595 411152990 saralondon
411156146 Sosoo 411133751 56477595
411156411 56477595 411156146 Sosoo
411158081 sevengreentea
411158782 56477595
411159216 sevengreentea
411159436 56477595
411159518 56477595 411159216 sevengreentea
411161567 56477595
411161642 56477595
411161699 56477595
411161756 mis_silvia
411162309 Sosoo
411162622 42209471
411163596 Sosoo
411169918 50814790
411170944 mis_silvia
411173045 Apple.J
411174428 63400886 411148449 saralondon
411184985 49215104
411195356 66731381
411197333 56477595
411199218 littlebluebaby 409338519 66731381
411201228 saralondon 411174428 63400886
411204229 66731381
411206490 67172062 411173045 Apple.J
411207380 4835184
411207395 Apple.J 411206490 67172062
411207958 4275202
411208417 4275202
411213680 xiaoshiyue77 411207395 Apple.J
411214954 66731381
411215873 66731381
411216118 66731381
411221153 Apple.J
411234697 49215104
411242295 48487372 411051686 56477595
411246729 56477595 411242295 48487372
411247240 56477595
411247990 mis_silvia
411250989 48487372 411246729 56477595
411257002 56477595 411250989 48487372
411257106 56477595 411247990 mis_silvia
411258637 49215104
411259519 66731381
411260376 mis_silvia 411257106 56477595
411261422 49215104
411275347 66731381
411276373 searchhuxiao 409654336 4198419
411276629 66731381
411277749 56477595 411260376 mis_silvia
411278438 EveNotended
411284455 xujiang1127 411154645 sevengreentea
411285844 48091138
411295023 49215104
411295059 50811004
411296787 56477595 411295023 49215104
411298221 59264364
411300886 66731381
411301183 4198419
411304301 49215104 411296787 56477595
411306976 66731381
411308141 mis_silvia
411308308 56477595 411304301 49215104
411309314 mis_silvia 411308308 56477595
411310064 56477595 411309314 mis_silvia
411310583 mis_silvia 411310064 56477595
411310700 brainstew
411310820 56477595 411310583 mis_silvia
411311270 mis_silvia 411310820 56477595
411311493 56477595 411311270 mis_silvia
411316932 mis_silvia
411317189 62389913
411317712 mis_silvia 411317189 62389913
411318851 62389913 411317712 mis_silvia
411319384 mis_silvia 411318851 62389913
411320712 44334684 409345249 66731381
411320781 62389913 411319384 mis_silvia
411322185 mis_silvia
411327741 searchhuxiao 411301183 4198419
411354717 philia_bl
411362778 62389913
411368200 mis_silvia
411373729 41777380
411402187 1023610
411402879 1023610
411406062 Apple.J
411452607 66731381
411455424 66731381
411455605 66731381
411455669 55961364 411455605 66731381
411456459 66416473
411456497 66731381
411456603 66731381
411457212 mis_silvia 411456603 66731381
411458313 mybestlily
