410231156 66908651
410232017 2600403
410232864 zongpanpan
410237029 43775656
410240323 observateur
410243232 no_future
410245476 yangchengjie
410252198 65171725
410292362 66908651 410232017 2600403
410293329 66908651 410232864 zongpanpan
410294488 66908651 410237029 43775656
410295944 66908651 410240323 observateur
410297257 66908651 410243232 no_future
410297867 66908651 410245476 yangchengjie
410298200 naver
410298343 50978745
410298755 66908651 410252198 65171725
410298961 49274329
410301896 66908651 410298200 naver
410302467 66908651 410298343 50978745
410305544 66908651 410298961 49274329
410306189 mmming
410306700 mmming
410309457 43775656 410294488 66908651
410310500 naver 410301896 66908651
410311417 gumantong
410311779 57973179
410312487 xxxxmmmm
410313673 66908651 410306700 mmming
410314352 gianney
410314760 63714144 410313673 66908651
410314799 66908651 410309457 43775656
410316084 66908651 410310500 naver
410316743 62583348
410317402 66908651 410311417 gumantong
410317846 43775656 410314799 66908651
410318047 66908651 410311779 57973179
410318463 57973179 410318047 66908651
410319136 66908651 410312487 xxxxmmmm
410320455 kimihyz
410321946 53921343
410324098 func 410311417 gumantong
410325079 3764299
410325364 gumantong 410324098 func
410325409 hudenghuang
410325614 zoule
410326229 aka7029
410327935 58382374
410333001 3922883 410293329 66908651
410333635 3922883 410295944 66908651
410362787 61678546
410390001 2600403
410503229 66908651 410314352 gianney
410504210 nayumii
410504335 66908651 410314760 63714144
410505134 66908651 410316743 62583348
410507161 66908651 410317846 43775656
410508500 63714144 410504335 66908651
410508950 66908651 410320455 kimihyz
410508958 66379988
410509313 51724210
410509431 66908651 410321946 53921343
410509791 XXXXB
410510695 hcl91
410510787 66908651 410325079 3764299
410511304 66908651 410325409 hudenghuang
410511969 66908651 410325614 zoule
410512643 witk
410512898 66908651 410326229 aka7029
410513128 49398509
410513372 63714144 410510695 hcl91
410513872 66908651 410327935 58382374
410514502 61305960
410515686 66908651 410333635 3922883
410516377 66908651 410362787 61678546
410516792 66908651
410517831 66908651 410504210 nayumii
410518722 66908651 410508500 63714144
410519048 gianney 410503229 66908651
410519439 66908651 410508958 66379988
410519941 66908651 410509313 51724210
410520464 66908651 410509791 XXXXB
410520635 h9952
410521017 F-117
410521154 h9952 410519048 gianney
410521162 66908651 410510695 hcl91
410521299 52687974
410521918 49275406
410522006 66908651 410512643 witk
410522500 66908651 410513128 49398509
410523274 66908651 410514502 61305960
410523961 66908651 410519048 gianney
410524541 wboyu
410525295 66908651 410521017 F-117
410525756 66379988 410519439 66908651
410525853 66908651 410521299 52687974
410527410 66908651 410521918 49275406
410528011 66908651 410524541 wboyu
410528489 66908651 410525756 66379988
410529058 ochung
410529122 8110125
410535709 yooozoh
410537341 58382374 410513872 66908651
410551733 gianney 410523961 66908651
410566953 61678546 410516377 66908651
410633877 52687974 410525853 66908651
410644049 2145567
410646297 66908651 410529058 ochung
410647328 66908651 410535709 yooozoh
410647923 my88626
410648750 kfcmoumou
410667003 ochung 410646297 66908651
410668027 65344159
410668578 47531635
410672232 sonysong
410702326 34090878
410702715 bokunomirai
410752775 rainbowb
410813162 66908651 410537341 58382374
410813909 66908651 410551733 gianney
410814399 66908651 410566953 61678546
410814745 49601395
410814841 66908651 410633877 52687974
410815255 66908651 410644049 2145567
410815932 66908651 410647923 my88626
410816358 66908651 410648750 kfcmoumou
410816547 66908651 410667003 ochung
410816891 66908651 410668027 65344159
410818011 58264543
410818194 66908651 410668578 47531635
410819647 66908651 410672232 sonysong
410820699 66908651 410702326 34090878
410821827 66908651 410702715 bokunomirai
410823679 66908651 410752775 rainbowb
410824179 66908651 410814745 49601395
410824786 66908651 410818011 58264543
410827486 52687974 410814841 66908651
410830266 47531635 410818194 66908651
410832842 66261924
410833227 49601395 410824179 66908651
410833397 66261924 410830266 47531635
410836421 66908651 410827486 52687974
410836936 66908651 410830266 47531635
410841562 55342521
410844324 rainbowb 410823679 66908651
410852299 gianney 410813909 66908651
410883628 66908651 410832842 66261924
410887504 66908651 410841562 55342521
410893037 lefi 410510695 hcl91
410976123 50180422 410519941 66908651
410986168 10857784
410993323 47531635 410833397 66261924
411339511 philia_bl
411350078 66908651 410844324 rainbowb
411351831 66908651 410852299 gianney
411352793 66908651 410976123 50180422
411353716 66908651 410986168 10857784
411354330 66908651 411339511 philia_bl
411356464 philia_bl 411354330 66908651
411356933 61284681
411358433 66908651 411356464 philia_bl
411359904 66908651 411356933 61284681
411367815 66908651 410993323 47531635
411373680 gianney 411351831 66908651
411377303 66908651 411373680 gianney
411378409 47531635 411367815 66908651
411379550 clytzeyue
411380489 sumuzhe
411380662 clytzeyue
411382722 hellstarE
411394281 66908651 411378409 47531635
411395459 66908651 411379550 clytzeyue
411396693 66908651 411380489 sumuzhe
411398428 66908651 411380662 clytzeyue
411399113 gianney 411377303 66908651
411399140 4483146
411400582 66908651 411382722 hellstarE
411402124 66908651 411399140 4483146
411406369 sumuzhe 411396693 66908651
411407970 66908651 411406369 sumuzhe
411417795 50615597
411417817 50615597
411422166 LCF999
411452430 rainbowb 411350078 66908651
411456575 heptahedron
411467749 gogo0213 410317402 66908651
411520483 dsmallb
411558381 xingxiaozhu
411630099 zhangjuntian 410887504 66908651
411672282 mm-miaomiao
411743974 50180422 411352793 66908651
411750498 66908651 411417795 50615597
411750944 66908651 411422166 LCF999
411751258 66908651 411452430 rainbowb
411751716 66908651 411456575 heptahedron
411751877 66908651 411467749 gogo0213
411752088 66908651 411520483 dsmallb
411752964 56844349
411753340 66908651 411558381 xingxiaozhu
411753646 66908651 411630099 zhangjuntian
417225764 66908651
417226153 66908651
417226448 66908651
417227387 66908651
417227798 66908651
417228190 66908651
417232511 57871738
417232791 66908651
417233271 56671992
417233772 66908651
417234007 66908651 417232511 57871738
417234306 14771388
417234529 hanleilei 417232791 66908651
417234543 66908651 417233271 56671992
417234754 66908651 417234306 14771388
417237132 66908651
417239595 hanleilei
417241544 66908651
417247515 14771388 417234754 66908651
417251202 Z1ro
411753689 50811004
411753972 49860767 411359904 66908651
411754044 66908651 411672282 mm-miaomiao
411754383 66908651 411743974 50180422
411754555 66908651 411753972 49860767
411755677 50180422 411754383 66908651
411756461 49860767 411754383 66908651
411763705 Joshua1989
411807999 rainbowb 411751258 66908651
411929895 66908651 411755677 50180422
411930656 66908651 411756461 49860767
411934536 66908651 411763705 Joshua1989
411941419 LCF999 411750944 66908651
411941715 fantasyxuan10
411949358 5581781
411949733 mmking
412093994 49860767 411934536 66908651
412783403 66908651 411941419 LCF999
412783618 66908651 411941715 fantasyxuan10
412784053 66908651
412784336 66908651 411949733 mmking
412786277 66908651 412093994 49860767
412821400 fantasyxuan10 412783618 66908651
413119906 66908651 412821400 fantasyxuan10
413120666 fantasyxuan10 413119906 66908651
413121560 66908651 413120666 fantasyxuan10
414820507 52467095
414895631 66908651 414820507 52467095
414910626 shadowlui
414911724 zshu 410305544 66908651
414911952 fenellarik
414916243 10753413
414955716 66715233
415036303 52467095 414895631 66908651
415095590 Cain_
415097231 Z1ro
415203977 66908651 414910626 shadowlui
415204568 66908651 414911952 fenellarik
415205408 66908651 414916243 10753413
415206020 66908651 414955716 66715233
415206880 66908651 415036303 52467095
415207235 66908651 415097231 Z1ro
415207863 66908651 414911724 zshu
415223100 52467095 415206880 66908651
415235992 66908651 415223100 52467095
415238288 57303520
415254520 mxianxun
415254884 43626200
415255411 43626200
415262275 abbabaab
415262700 feijidapao 415235992 66908651
415670998 66908651 415238288 57303520
415673861 66908651
415676700 66908651 415255411 43626200
415677593 66908651 415262275 abbabaab
415677802 66908651 415262700 feijidapao
415688215 abbabaab 415677593 66908651
415690255 66908651 415688215 abbabaab
415692736 abbabaab 415690255 66908651
415694642 nobodyelse111
415699001 66908651 415692736 abbabaab
415699822 abbabaab 415699001 66908651
415700037 66908651 415694642 nobodyelse111
415700434 66908651 415699822 abbabaab
415703994 abbabaab 415700434 66908651
415705604 66908651 415703994 abbabaab
415705781 abbabaab 415705604 66908651
415706884 63114619
415708578 66908651 415705781 abbabaab
415709582 66908651 415706884 63114619
415715683 55581523
416146281 Z1ro 415207235 66908651
416149474 61514660
416176357 shuonimeivvv
416196335 44227532
416296936 47659392
416561345 57884871
417029862 66908651 415715683 55581523
417030167 66908651 416146281 Z1ro
417030453 66908651 416149474 61514660
417030768 66908651 416176357 shuonimeivvv
417031312 66908651 416196335 44227532
417031931 66908651 416296936 47659392
417032317 66908651 416561345 57884871
417046742 44227532 417031312 66908651
417070837 mengyeyue 410317846 43775656
417071025 52211596
417073276 43775656 417070837 mengyeyue
417075156 mengyeyue 410522006 66908651
417084311 mengyeyue 415235992 66908651
417087658 61514660 417030453 66908651
417089032 mengyeyue
417089165 Yorke
417091203 mengyeyue 417073276 43775656
417093419 mengyeyue 417089165 Yorke
417096798 2588887
417098929 Yorke 417093419 mengyeyue
417101877 mengyeyue 417098929 Yorke
417103512 4202631
417225533 66908651 417070837 mengyeyue
