409758936 3034062
409759919 61444502 409758936 3034062
409784343 akirarukawa
409811038 61444502 409784343 akirarukawa
409843244 65480202
409843568 vanilla.ching
409843703 vanilla.ching 409784343 akirarukawa
409866371 61444502 409843568 vanilla.ching
409866718 61444502 409843703 vanilla.ching
409868067 clavicle7
409868486 61444502 409868067 clavicle7
409917877 61444502 409868067 clavicle7
409921936 xiaoxiao-ly 409917877 61444502
409922782 yitioco 409917877 61444502
409928731 50430430
409934933 61444502 409921936 xiaoxiao-ly
409935066 61444502 409922782 yitioco
409935534 61444502 409928731 50430430
409936379 catylose
409940382 61444502 409936379 catylose
409942270 50430430 409935534 61444502
409990742 61444502 409942270 50430430
409992403 66731381
409992618 66731381
409993748 66662831
409997744 flowerroad
409997751 61444502 409992618 66731381
409998838 61444502 409997744 flowerroad
410000217 50430430 409998838 61444502
410000264 62485062
410000532 50430430
410000764 66662831
410000810 50430430 409990742 61444502
410001117 61444502 410000217 50430430
410001188 61444502
410001386 61444502 410000532 50430430
410001464 45724940
410001720 61444502 410000764 66662831
410001806 kis
410001890 61444502 410000810 50430430
410002392 66662831
410002512 61444502 410001806 kis
410003416 45724940
410003887 kis 410002512 61444502
410004129 mrscorwin
410005167 61444502 410002392 66662831
410006114 61444502
410006616 61444502 410004129 mrscorwin
410008304 mrscorwin 410006616 61444502
410008958 61444502 410008304 mrscorwin
410011913 67050736
410012982 61444502 410011913 67050736
410013868 53827090
410014690 66662831
410015397 tiffany8911
410017435 yu_12
410017474 kis 410006114 61444502
410017910 66731381
410018371 47417205
410020006 66731381
410020868 tooxx
410021938 Lostmisa
410022006 tooxx
410022335 58029959
410025676 54863762
410027802 clavicle7 409935066 61444502
410029320 c4127
410030210 3678005
410032363 61444502 410014690 66662831
410032655 61444502 410015397 tiffany8911
410032812 61444502 410017435 yu_12
410032860 13084040
410033090 61444502 410017474 kis
410034351 62485062 410001188 61444502
410034985 61444502 410018371 47417205
410035231 61444502 410020006 66731381
410035617 62485062
410037787 61444502
410038446 61444502 410021938 Lostmisa
410038898 61444502 410022006 tooxx
410039289 61444502 410032860 13084040
410040383 61444502 410022335 58029959
410040768 61571897
410041042 65570320
410041105 61444502 410025676 54863762
410041512 61444502 410040768 61571897
410041683 3116289
410042565 bicthA
410042658 doraw
410043741 61444502 410042565 bicthA
410045231 destinyzhao
410048557 bicthA 410043741 61444502
410051736 tooxx 410037787 61444502
410053199 51373024
410055724 61444502 410045231 destinyzhao
410058554 61444502 410051736 tooxx
410060440 61444502 410051736 tooxx
410061430 58816486
410064411 61444502 410035617 62485062
410065492 catylose
410443267 KameKazuya0808
410443503 KameKazuya0808 410005167 61444502
410443731 ouganfenghan
410444004 KameKazuya0808 410443503 KameKazuya0808
410444657 61444502 410443267 KameKazuya0808
410444800 61444502 410443503 KameKazuya0808
410445005 57459956
410445259 KameKazuya0808 410444657 61444502
410446838 61444502 410445259 KameKazuya0808
410447036 60976839
410448016 lorrainelau
410451455 61444502 410447036 60976839
410451637 1992193
410452656 KameKazuya0808 410446838 61444502
410452790 60976839 410451455 61444502
410456307 61444502 410452790 60976839
410457622 60976839 410456307 61444502
410459772 61444502 410457622 60976839
410462051 idmonk
410463783 3413910
410468979 suzai
410480087 61444502 410468979 suzai
410480703 51163944 410001890 61444502
410484141 61444502 410480703 51163944
410590104 lizao1992
410591423 61444502 410590104 lizao1992
410599641 46270957
410601414 51163944 410480087 61444502
410602085 61444502 410601414 51163944
410691365 luliy 410480087 61444502
410737506 61444502
410737559 61444502
410933755 duziele
410936115 luliy 410737506 61444502
410936393 61444502
410938810 61444502 410936115 luliy
410939621 61444502 410936115 luliy
410939817 61444502 410936115 luliy
410950790 Sosoo
410954202 61444502 410950790 Sosoo
410954586 Sosoo 410954202 61444502
410958829 61444502 410954586 Sosoo
410999474 50385019
410999970 dingmaomao
411000761 61444502 410999970 dingmaomao
411000878 61444502 410999474 50385019
411014990 dingmaomao 411000761 61444502
411017619 61444502 411014990 dingmaomao
411028639 luliy 410939817 61444502
411030048 61444502 411028639 luliy
411045627 suzai
411050491 61444502 411045627 suzai
411076821 dingmaomao 411017619 61444502
411077563 47531635
411082008 maya-town
411115522 61444502 411076821 dingmaomao
411115755 himawari13
411362364 65157075
411370014 61444502 411362364 65157075
411370091 61444502 411362364 65157075
411374085 65157075 411370091 61444502
411392981 61444502 411374085 65157075
411627445 youziguniang
411635903 61444502 411627445 youziguniang
411682760 65157075 411392981 61444502
411685895 61444502 411682760 65157075
411695687 65157075 411685895 61444502
411698355 61444502 411695687 65157075
411702078 xiaoshiyue77
411706141 xiaoshiyue77
411706210 xiaoshiyue77
411706227 philia_bl
411711655 61444502 411706141 xiaoshiyue77
411711829 61444502 411706227 philia_bl
411718283 philia_bl 411711829 61444502
411718897 61444502 411718283 philia_bl
411719281 61444502 411718283 philia_bl
411732918 65157075 411698355 61444502
411734257 56738136
411737851 philia_bl 411719281 61444502
411780607 61444502 411732918 65157075
411780619 61444502 411732918 65157075
411780655 61444502 411737851 philia_bl
411780702 61444502 411734257 56738136
411780921 66416473
411789718 xiaoshiyue77 411737851 philia_bl
411793511 61444502 411789718 xiaoshiyue77
411795136 xiaoshiyue77 411793511 61444502
411795362 xiaoshiyue77 411793511 61444502
411796500 61444502 411795362 xiaoshiyue77
411796590 61444502 411795136 xiaoshiyue77
411797072 xiaoshiyue77 411796590 61444502
411815872 61444502 411797072 xiaoshiyue77
411821564 xiaoshiyue77 411815872 61444502
411823100 ibuffalo
411896045 philia_bl 411780655 61444502
411909467 61444502 411896045 philia_bl
411913744 philia_bl 411909467 61444502
411926245 4692777
412069709 65157075 411780619 61444502
412070137 youziguniang
412072718 jorzaiy
412083580 61444502 412069709 65157075
412088151 booow 409990742 61444502
412093725 65157075 412083580 61444502
412169264 61444502 412093725 65157075
412477351 61444502 412070137 youziguniang
410065532 61444502 410035617 62485062
410067072 50430430 410001890 61444502
410067864 61444502 410065492 catylose
410068317 44093743
410068360 59341118
410068910 wanderLeann
410069168 61444502 410068317 44093743
410069719 61444502 410068360 59341118
410070237 66662831
410071010 46867082
410073345 63714144
410076798 55639253
410076820 55639253
410076858 55639253
410079550 catylose 410067864 61444502
410081256 catylose
410087341 61444502 410070237 66662831
410087835 61444502 410073345 63714144
410088998 61444502 410079550 catylose
410093443 47417205 410034985 61444502
410104153 61444502 410073345 63714144
410105524 50181153
410113143 63714144 410104153 61444502
410128695 lyhh1023
410129039 59167768 410005167 61444502
410129863 robin-fei
410138672 61444502 410128695 lyhh1023
410140771 61444502 410128695 lyhh1023
410162118 45588906
410166889 bloblosu
410172129 61444502 410162118 45588906
410173438 61444502
410175100 bloblosu 410173438 61444502
410186467 clorismile
410186654 61444502 410175100 bloblosu
410187716 56886614
410189807 xiaoloveshu
410190819 xiaoloveshu 410104153 61444502
410193897 61444502 410186467 clorismile
410194244 clorismile 410193897 61444502
410194701 lyhh1023 410140771 61444502
410197281 61444502 410186467 clorismile
410197641 61444502 410194701 lyhh1023
410197945 61444502 410194244 clorismile
410198203 61444502 410187716 56886614
410198733 61444502 410190819 xiaoloveshu
410198947 61444502 410198733 61444502
410201009 luliy
410205870 xiaoloveshu 410198947 61444502
410210834 imluckyholly
410212252 61444502 410205870 xiaoloveshu
410212501 61444502 410205870 xiaoloveshu
410213039 61444502 410201009 luliy
410213417 61444502 410210834 imluckyholly
410216425 imluckyholly 410213417 61444502
410236600 luliy 410213039 61444502
410250557 61444502 410236600 luliy
410254818 52387440
410259986 61444502 410254818 52387440
410264779 clorismile 410197945 61444502
410267942 62485062 410254818 52387440
410269373 61444502
410269381 62485062 410064411 61444502
410269715 62485062 410269373 61444502
410270224 61444502
410270295 51439903
410270838 61444502 410269715 62485062
410273160 61444502 410270295 51439903
410276006 62485062 410270838 61444502
410278606 61444502 410276006 62485062
410298425 54863762 410041105 61444502
410298960 naver
410303748 45588906 410172129 61444502
410304249 62485062 410278606 61444502
410304299 61444502 410298960 naver
410305784 43607054
410307611 49215104
410308334 49215104
410309218 duziele
410311406 naver 410304299 61444502
410333007 66601792
410360257 tiffany8911 410032655 61444502
410360480 61444502 410309218 duziele
410360498 61444502 410311406 naver
410360990 66731381
410361064 66731381
410361177 61444502 410308334 49215104
410361386 61444502 410360990 66731381
410362402 youziguniang
410362478 youziguniang
410362860 61444502 410362478 youziguniang
410362885 66731381
410364195 41502932
410371838 49215104
410400157 luliy 410250557 61444502
410417741 61444502 410400157 luliy
410436470 luliy 410417741 61444502
410442247 61444502 410436470 luliy
410442481 61444502 410436470 luliy
410442887 48369524
