409793541 63670951
409794894 51268635
409795232 64007823 409793541 63670951
409795434 64007823 409794894 51268635
409796881 59604908
409798593 capa2012
409808643 64007823 409796881 59604908
409812214 63670951 409795232 64007823
409813011 64007823 409812214 63670951
409813035 56896270
409814020 64007823 409813035 56896270
409819619 64389508
409820129 63670951 409813011 64007823
409821714 64007823 409820129 63670951
409821912 64007823 409819619 64389508
409857105 64332103
409857334 64007823 409857105 64332103
409987606 59604908
409998211 64007823 409987606 59604908
410017705 6279539
410024440 64007823 410017705 6279539
410028069 3508469
410029892 onlyme1996
410045755 53663199
410068067 50144618
410068436 3179041
410073651 64007823 410028069 3508469
410074095 64007823 410045755 53663199
410075036 6279539 410024440 64007823
410082801 seven1016
410083182 64007823 410075036 6279539
410083310 64007823 410082801 seven1016
410231092 64007823 409857105 64332103
410245164 3508469 410073651 64007823
410247150 64007823 410245164 3508469
410247383 63482955
410250840 64007823 410247383 63482955
410338239 XC911
410425717 64332103 410231092 64007823
410571262 xz89
410593322 4118592
410595608 58978571 410083182 64007823
410597807 57084033
410607286 3256893
410617991 64007823 410338239 XC911
410618159 64007823 410571262 xz89
410618329 64007823 410593322 4118592
410618579 64007823 410595608 58978571
410618668 64007823 410597807 57084033
410619120 64007823 410607286 3256893
410620113 XC911 410617991 64007823
410620360 64007823 410620113 XC911
410620793 XC911 410620360 64007823
410621164 64007823 410620793 XC911
410624888 XC911 410621164 64007823
410633336 55301066
410647334 4118592
410651478 51778838
410671941 64007823 410624888 XC911
410672798 3256893 410619120 64007823
410672972 64007823
410673238 64007823 410651478 51778838
410673484 64007823
410674018 3256893 410651478 51778838
410675073 4118592 410672972 64007823
410692446 64007823 410674018 3256893
410693351 64007823 410675073 4118592
410693971 4118592 410693351 64007823
410700530 3256893 410692446 64007823
410705219 64007823 410700530 3256893
410829339 3256893
410848327 64007823 410829339 3256893
410852094 64378750
410918550 3256893 410848327 64007823
410940120 64007823 410852094 64378750
410945836 64007823
410952246 65056669
410952811 37675999
410957739 45119625
410964692 4088111
410982104 3256893 410945836 64007823
410984168 3256893
410985685 62159923
410989445 64007823 410982104 3256893
410990191 64007823 410984168 3256893
410990307 64007823
410991082 64007823 410952811 37675999
411000186 64378750 410940120 64007823
411007239 64007823 411000186 64378750
411112237 56702267
411145135 64007823
411174214 56702267 411145135 64007823
411286200 64007823
411441924 28940091
411442465 minco-..
411445479 45509034
411466366 38785303
411466692 3547962
411478023 64007823 411441924 28940091
411478117 64007823 411442465 minco-..
411478241 64007823 411466692 3547962
411482495 ichbindora
411741887 66546604
411756368 53383569
411765026 33193303
411812363 3256893 411145135 64007823
411818918 64007823
411819482 4118592
411822586 jianliang1994
411825624 seven1016
411829837 3256893
411866542 64007823
412072606 youziguniang
412108901 3256893 411866542 64007823
412119270 64007823
412806901 4118592
413015880 64007823 412806901 4118592
413061259 4118592
413063605 64007823 413061259 4118592
413064705 64007823
413073114 4118592
413078996 4202007
413080651 4118592 413078996 4202007
413083958 4202007 413080651 4118592
413084714 4118592
413085662 4118592 413083958 4202007
413086005 4202007 413085662 4118592
413087237 4118592 413086005 4202007
413087706 4202007 413087237 4118592
413088941 4118592 413087706 4202007
413089336 4202007 413088941 4118592
413089880 64007823 413089336 4202007
413090760 4118592 413089336 4202007
413091096 4202007 413089880 64007823
413091665 4202007 413090760 4118592
413092356 4118592 413091665 4202007
413092625 64007823 413084714 4118592
413093179 64007823 413091665 4202007
413093687 64007823 413091096 4202007
413093807 4202007 413093179 64007823
413093936 4202007 413092356 4118592
413094347 4118592 413092625 64007823
413094691 64007823 413093807 4202007
413095451 4202007 413093687 64007823
413095577 4118592 413093936 4202007
413096366 64007823 413094347 4118592
413096409 4118592 413093807 4202007
413097069 4202007 413094691 64007823
413097191 starryjune
413097484 4202007 413095577 4118592
413097714 64007823 413096409 4118592
413097766 4118592
413097913 4202007 413096409 4118592
413098938 64007823 413095451 4202007
413099881 4202007 413098938 64007823
413100056 4202007 413097766 4118592
413100178 64007823 413097766 4118592
413101579 64007823 413097913 4202007
413102203 sunto
413102715 64007823 413097766 4118592
413102959 4202007 413101579 64007823
413103134 64007823 413102203 sunto
413103561 4118592 413102715 64007823
413103988 4118592 413103134 64007823
413104441 64007823 413102959 4202007
413105182 4202007 413104441 64007823
413105204 64007823 413103561 4118592
413105306 sunto 413103134 64007823
413105755 64007823
413106072 64007823 413105306 sunto
413106349 64007823 413105182 4202007
413106560 14295425
413106975 4202007 413106349 64007823
413107110 4118592 413105755 64007823
413107396 4202007 413106349 64007823
413108231 64007823 413107110 4118592
413108773 64007823 413107396 4202007
413114797 4118592
413116843 64007823
413123324 31957021
413143684 benshaoye
413173280 58462933
413180584 64007823 413173280 58462933
414631415 64007823
416030452 66546604
416033236 64007823 416030452 66546604
416039046 66546604 416033236 64007823
416044451 64007823 416039046 66546604
416128130 MXYMXYMXYMXYMXY
416129027 64007823 416128130 MXYMXYMXYMXYMXY
416130486 MXYMXYMXYMXYMXY
416131553 64007823 416130486 MXYMXYMXYMXYMXY
416132593 MXYMXYMXYMXYMXY
416135179 64007823 416132593 MXYMXYMXYMXYMXY
416135611 64007823 416132593 MXYMXYMXYMXYMXY
416135731 keaidesi
416136531 64007823 416132593 MXYMXYMXYMXYMXY
416137829 MXYMXYMXYMXYMXY
416144009 64007823 416137829 MXYMXYMXYMXYMXY
416147933 58174737
416148329 ss0305dd0812
416155333 34910155
416163098 64007823 416155333 34910155
416170342 60157484
416172077 34910155 416163098 64007823
416206499 64007823 416172077 34910155
416412499 49226704
416425272 64007823 416412499 49226704
416429873 34016889
