409870366 51205974
409870707 66980917 409870366 51205974
409871033 62666304
409871154 66980917 409870366 51205974
409871383 66980917 409871033 62666304
409871641 45822283
409871996 66980917 409871641 45822283
409872089 27434289
409872850 66980917 409872089 27434289
409873436 TSUTSUMI
409873524 66980917
409873722 66980917 409873436 TSUTSUMI
409874118 66980917 409873436 TSUTSUMI
409889604 62666304 409871383 66980917
409891269 66980917 409889604 62666304
409891415 47212439
409892516 66980917 409891415 47212439
409892586 ymcq
409894096 leecookie
409894339 51125166
409894831 66980917 409892586 ymcq
409894937 66980917 409894096 leecookie
409895133 60331523
409895179 66980917 409894339 51125166
409895334 66980917 409895133 60331523
409896249 58002314
409896805 66980917 409896249 58002314
409897335 67036679
409897424 47212439 409892516 66980917
409898134 66980917 409897335 67036679
409898663 doraw
409898834 66980917 409898663 doraw
409899009 doraw 409898834 66980917
409899048 51439903
409899774 66980917 409899048 51439903
409900291 66980917 409899009 doraw
409901106 aileen57
409901232 babyshang
409902155 2631247
409902927 60231574
409904323 51439903
409915566 62666304 409891269 66980917
409945050 67036679 409898134 66980917
410131318 TSUTSUMI 409873722 66980917
410549667 2631247
410552496 guangyintree
410557143 25343014 409873722 66980917
410681770 4398202
410684737 naver
410848901 51205974 409871154 66980917
410849366 51205974 409870707 66980917
411287634 66980917 409901106 aileen57
411287771 66980917 410557143 25343014
411287884 66980917
411288175 66980917 409902155 2631247
411288374 66980917 410684737 naver
411288614 66980917 410849366 51205974
411288685 66980917 409904323 51439903
411289050 66980917 409901232 babyshang
411289167 66980917 409902927 60231574
411289581 65745657
411289727 3387325
411289741 66980917 411289581 65745657
411289811 66980917 411289727 3387325
411290425 65745657 411289741 66980917
411290808 66980917 411290425 65745657
411291126 66980917 409915566 62666304
411291436 65745657 411290808 66980917
411292658 66980917 411291436 65745657
411292954 65745657 411292658 66980917
411293014 3387325 411289811 66980917
411293455 66980917 411292954 65745657
411293514 66980917 411293014 3387325
411293728 65745657 411293455 66980917
411296730 guangyintree 411287884 66980917
411296906 66980917 411293728 65745657
411297638 65745657 411296906 66980917
411312253 3387325 411293514 66980917
411312508 66980917 411312253 3387325
411318258 Airsem
411319308 66980917 411318258 Airsem
411321930 3387325 411312508 66980917
411323417 66980917 411321930 3387325
411328203 huozhaieve
411333094 66980917 411328203 huozhaieve
411333104 aileen57 411287634 66980917
411334270 66980917 411333104 aileen57
411334934 huozhaieve 411333094 66980917
411335089 66980917 411334934 huozhaieve
411335425 3387325 411323417 66980917
411337632 52024341
411338111 66980917 411335425 3387325
411338501 66980917 411337632 52024341
411339446 54788554
411339750 66980917 411339446 54788554
411343280 aileen57 411334270 66980917
411344172 66980917 411343280 aileen57
411352427 babyshang 411289050 66980917
411354910 66980917 411352427 babyshang
411502542 3387325 411338111 66980917
411515129 2631247
411517567 66980917 411515129 2631247
411519259 62674174
411519432 66980917 411519259 62674174
411520981 ZSDX
411521781 66980917
411671085 25343014 411287771 66980917
411676211 66980917 411671085 25343014
411714343 25343014 411676211 66980917
416947042 51125166 409895179 66980917
416947443 66980917 416947042 51125166
