409891898 zihebaby
409892034 62558166
409892084 natsuki_10
409892128 Cathy_M
409892333 2126025
409892420 42492242
409892508 gino1107
409892591 2805027
409892869 veronica0701
409893074 44598051 409891898 zihebaby
409893191 w44
409893279 44598051 409892034 62558166
409893695 62558166 409893279 44598051
409893752 44598051 409892084 natsuki_10
409894212 44598051 409893191 w44
409894441 51541270
409894519 44598051 409892128 Cathy_M
409894743 64203461 409892128 Cathy_M
409894807 44598051 409892333 2126025
409895106 Cathy_M 409894743 64203461
409895443 44598051 409892420 42492242
409895901 44598051 409892508 gino1107
409896501 44598051 409892591 2805027
409897021 35330741
409897071 44598051 409894441 51541270
409897967 44598051 409897021 35330741
409898193 AntoineWatteau
409899239 44598051 409898193 AntoineWatteau
409899648 44598051 409893695 62558166
409899718 52868320
409900127 natsuki_10 409893752 44598051
409900882 smylldon
409901099 AntoineWatteau 409899239 44598051
409901411 51541270 409897071 44598051
409901709 44598051 409899718 52868320
409902040 SamanGUY
409902426 52868320 409901709 44598051
409902449 44598051 409900127 natsuki_10
409903098 44598051 409900882 smylldon
409903613 natsuki_10 409902449 44598051
409903974 51439903
409904465 44598051 409902040 SamanGUY
409904829 44598051 409903613 natsuki_10
409905614 44598051 409901099 AntoineWatteau
409905890 jkx
409906079 67046470
409906864 44598051 409906079 67046470
409907016 41338429
409907634 4659859
409907861 44598051 409905890 jkx
409908627 jkx 409907861 44598051
409910204 44598051 409907016 41338429
409910389 47091850
409911095 44598051 409907634 4659859
409911428 44598051 409908627 jkx
409911980 44598051 409910389 47091850
409914246 bbcat
409914925 67046470
409915331 tan55
409915705 4659859
409916280 48372993
409916650 44598051
409916918 37828465
409917675 35735609
409919524 35735609 409915331 tan55
409923460 nekohoney
409925295 35735609 409923460 nekohoney
410014584 nekohoney 409925295 35735609
410160131 44598051 410014584 nekohoney
410161701 nancyxuan
410167522 yloo
410168930 55740129
410170157 57007520
410173989 52121118
410175508 43177985
410178742 64126822
410181301 50890868
410185398 misslllgreen
410188569 turandot1224 409893074 44598051
410189251 ivy0225
410189574 turnthedreamon
410203734 Scaredzeng
410286397 4596707
410286969 44598051 410173989 52121118
410287634 catherine_1006
410287929 44598051 410175508 43177985
410288822 44598051 410189574 turnthedreamon
410289337 44598051 410203734 Scaredzeng
410291014 44598051 410286397 4596707
410291511 44598051 410287634 catherine_1006
410308548 67046470
410308762 67046470
410310294 53219802
410315934 66750407
410351218 2126025 409900127 natsuki_10
410351653 appstore2012
410351744 54255838
410372794 65695929 410308762 67046470
410373534 3744874
410374129 beikabei
410374747 58635530
410375197 2343761
410385941 imsunflower
410387890 losewild 409907861 44598051
410391966 ranrangogo 409901709 44598051
410554520 44598051 409915331 tan55
410555162 44598051 409915705 4659859
410556303 44598051 410310294 53219802
410557294 44598051 410315934 66750407
410557774 44598051 410189251 ivy0225
410558940 44598051
410559114 44598051 410351744 54255838
410559382 toxic717
410559515 44598051 410178742 64126822
410560520 44763247
410560597 JMOs
410560686 44598051
410560807 44598051 410188569 turandot1224
410560948 44598051 410373534 3744874
410561257 59689400
410562276 44598051 410374129 beikabei
410562921 44598051 410351218 2126025
410563101 44598051 410372794 65695929
410563987 44598051 410374747 58635530
410564286 44598051 410375197 2343761
410564877 44598051 410385941 imsunflower
410565154 44598051 410561257 59689400
410565334 44598051 410560597 JMOs
410566198 44598051 409919524 35735609
410566709 44598051 410387890 losewild
410566991 45724180
410567103 45724180
410567229 44598051
410567773 44598051 410566991 45724180
410568663 51724210
410570232 naver
410577225 sixEason
410577580 sixEason 410286969 44598051
410578762 65745657
410579487 4212189
410589010 44598051 410568663 51724210
410589348 44598051 410577580 sixEason
410590174 beikabei 410562276 44598051
410590309 44598051 410579487 4212189
410590903 lillianQ
410591907 60711027 409892034 62558166
410592635 62558166 410591907 60711027
410593454 JMOs 410562276 44598051
410593492 60711027 410592635 62558166
410593837 JMOs 410577580 sixEason
410594113 JMOs 410593837 JMOs
410594214 60711027 410593837 JMOs
410594507 JMOs 410594214 60711027
410594544 62558166 410593492 60711027
410594601 2300993
410594641 sixEason 410593837 JMOs
410594675 jjyy1231
410595044 sixEason 410589348 44598051
410597165 Globalization
410598756 carosff
410598856 thmmdgb
410616556 51724210 410589010 44598051
410690665 misslllgreen
410736841 benbenjiankang
410754420 catherine_1006 410291511 44598051
410762920 funada
410805995 44598051 410590174 beikabei
410806246 44598051 410590903 lillianQ
410806387 44598051 410591907 60711027
410806866 44598051 410593454 JMOs
410807114 44598051 410593492 60711027
410807152 60711027 410806387 44598051
410807464 60711027 410807114 44598051
410807748 44598051
410808032 44598051
410808661 44598051 410598856 thmmdgb
410809270 44598051 410598856 thmmdgb
410809426 42957274 410806866 44598051
410809797 44598051
410810261 44598051 410736841 benbenjiankang
410810537 44598051 410754420 catherine_1006
410812522 67046470 410372794 65695929
410813573 carosff
410814773 67046470
410844614 beikabei 410805995 44598051
410913143 RaFromJing
410950387 JMOs
410972429 66375474 409895443 44598051
410975620 llypsxh
410979777 migushiwoo 409907861 44598051
411084399 34253269
411693186 62525705
412107374 44598051 410844614 beikabei
412107967 44598051 410913143 RaFromJing
412108738 44598051 410972429 66375474
412109019 44598051 410975620 llypsxh
412109956 44598051 411084399 34253269
412110240 49518104
412110241 44598051 410814773 67046470
412110702 44598051 410807464 60711027
412111574 44598051 410809426 42957274
412112273 44598051 412110240 49518104
412112427 42957274 412111574 44598051
412114553 zljym
412121335 44598051 412112427 42957274
412123231 42957274 412121335 44598051
412192215 60711027 412110702 44598051
412203315 RaFromJing 412107967 44598051
412274079 suxiaoyao 409901709 44598051
412290520 11035726
412292219 baekseul
412294831 4154398
412368080 45896128 412112273 44598051
412369512 57862520
412414975 51534578
412419037 59188607
414176894 pinklen
414178063 Anyas
414304960 bluefleabane 412110702 44598051
414305421 mollylittletwo 409895443 44598051
414387670 44598051 412114553 zljym
414387923 44598051 412123231 42957274
414388625 42000596
414389104 44598051 412203315 RaFromJing
414389579 44598051 412203315 RaFromJing
414390078 44598051 412290520 11035726
414390211 44598051 412292219 baekseul
414390356 44598051 412294831 4154398
414390750 44598051
414391435 44598051
414391586 42957274 414387923 44598051
414391763 44598051 412369512 57862520
414392126 44598051 412414975 51534578
414392280 44598051 412419037 59188607
414392720 44598051 414176894 pinklen
414393236 crackpot27
414393742 44598051 414178063 Anyas
414394247 44598051 414304960 bluefleabane
414394400 44598051 414305421 mollylittletwo
414395286 50301231
414395625 44598051 414388625 42000596
414395631 65380671
414396287 44598051 414395286 50301231
414396669 44598051 414395631 65380671
414397168 44598051 414391586 42957274
414397326 52363007
414398180 50301231 414396287 44598051
414398271 42000596 414395625 44598051
414399284 42957274 414397168 44598051
414400224 break86
414402388 46669091
414406482 44598051 414397326 52363007
414407615 44598051 414398180 50301231
414408348 44598051 414398271 42000596
414408819 50301231 414407615 44598051
414409578 44598051
414409866 44598051 414400224 break86
414410004 44598051
414410590 42000596 414408348 44598051
414412178 mollylittletwo 414394400 44598051
414412582 44598051
414418711 42957274 414409578 44598051
414436908 44598051 414410590 42000596
414437036 44598051 414412178 mollylittletwo
414437187 51289692
414437244 44598051
414437372 tonarinototoro
414437500 44598051 414437187 51289692
414437807 42957274 414437244 44598051
414438131 44598051 414437372 tonarinototoro
414438518 tonarinototoro 414438131 44598051
414439008 44598051 414437807 42957274
414439844 51289692 414437500 44598051
414439935 42957274 414439008 44598051
414441898 pinkycon
414459904 44598051 414393236 crackpot27
414460216 44598051 414438518 tonarinototoro
414460691 44598051 414439935 42957274
414462331 49012195
414462961 64390024
414537203 2543166
414762266 46665392 409903098 44598051
414962300 44598051 414462961 64390024
414962619 44598051 414537203 2543166
414963515 44598051 414762266 46665392
414987162 46665392 414963515 44598051
415043018 44598051 414987162 46665392
415043743 46665392 415043018 44598051
415147051 64390024 414962300 44598051
415150963 dizer 409907861 44598051
415151406 dizer
415188187 gxy711
