410107522 45597906
410107931 IwantFree
410108066 IwantFree 410107522 45597906
410111245 46567611
410114213 52800044
410114847 ihower
410114889 58398882
410115441 ihower
410117211 3116289
410117685 55497172
410122373 50890868 410117685 55497172
410127545 Ellyback
410128429 57507835
410143351 IwantFree 410114847 ihower
410144881 IwantFree 410111245 46567611
410145159 IwantFree 410117211 3116289
410147334 49929523
410147336 49929523
410149160 weimao
410151783 3734216
411694153 62525705
411723158 doubandayima
411725873 44147560
411730284 54709144
