410073434 52271202
410073486 67103404
410073488 22251803
410073656 tlll
410073801 mvivian
410074541 67103404 410073434 52271202
410075397 67103404 410073488 22251803
410075589 51488589
410075821 63398446
410076133 67103404 410073656 tlll
410077116 tlll
410077807 67103404 410073801 mvivian
410078606 67103404 410075589 51488589
410078764 67103404 410075821 63398446
410078960 67103404 410077116 tlll
410079474 45790778
410080533 67103404 410079474 45790778
410080571 63398446 410078764 67103404
410081822 sleephere
410082387 53766021
410082550 67103404 410081822 sleephere
410083214 67103404
410083441 jim3
410084041 67103404 410083441 jim3
410085124 59421167
410087683 50005493
410089534 45790778 410080533 67103404
410089974 67103404 410085124 59421167
410090525 51488589 410078606 67103404
410091155 67103404 410087683 50005493
410091775 67103404
410093478 67103404 410090525 51488589
410095626 59421167 410089974 67103404
410096927 67103404 410095626 59421167
410102748 67103404
410103335 51488589 410093478 67103404
410104834 67103404 410103335 51488589
410108318 51488589 410104834 67103404
410239243 67103404
410240777 63768906
410243746 65870767
410245366 46751179
410245669 46751179
410250829 67103404 410243746 65870767
410251909 67103404
410253096 robin-fei
410291272 59028619
410293706 naver
410301000 46751179 410251909 67103404
410941502 67103404 410293706 naver
410941942 67103404 410291272 59028619
412091237 27876050
412091727 27876050 410941942 67103404
412093436 27876050
412167256 damenya3210
412196013 44605826
