410160048 chinaren0123
410160393 25343014
410160880 25343014 410160048 chinaren0123
410161561 25343014 410160048 chinaren0123
410162363 25343014 410160048 chinaren0123
410162419 64478045
410163693 25343014 410162419 64478045
410164147 yangyo
410164228 64478045 410163693 25343014
410164234 25343014 410160048 chinaren0123
410164704 25343014 410164228 64478045
410165218 37939507
410165515 25343014 410164147 yangyo
410165782 25343014 410165218 37939507
410169276 25343014
410170725 25343014
410180244 25343014
410802115 2137969
413250553 Vacancy_agoni
413257748 txqing
413282701 47948460
413363558 25343014 413250553 Vacancy_agoni
413363878 25343014
413364000 25343014 413257748 txqing
413364446 NOVOJACK
413365090 lowkey7
413365202 wa-wa
413366009 48211130
413366021 41036709
413378738 25343014
413378869 25343014 413365202 wa-wa
413378984 25343014 413366021 41036709
413380000 25343014
413381157 wa-wa 413378869 25343014
413383528 25343014 413381157 wa-wa
413383902 wa-wa 413383528 25343014
413384355 56834265
413389152 green6
413391221 25343014 413384355 56834265
413391782 jiongjiong211
413392087 25343014 413389152 green6
413392272 25343014 413391782 jiongjiong211
413398879 25343014
413398961 38729240
413400661 25343014
413401664 25343014 413398961 38729240
413401860 25343014 413391782 jiongjiong211
413406211 45831112
413407076 Zrc
413407723 Zrc
413408043 60737559
413420711 25343014 413406211 45831112
413421117 25343014 413407723 Zrc
413421571 25343014 413408043 60737559
413422275 48369897
413422508 45831112 413420711 25343014
413423517 25343014 413422275 48369897
413424580 25343014
413425820 45831112 413424580 25343014
413426083 2582313
413426473 66476639
413426807 txqing
413427432 bananabalala
413427674 leelulu 413426083 2582313
413427922 61391703
413430967 zuiaidaluobo
413435541 51205974
413437980 vampiretree 413430967 zuiaidaluobo
413438406 25343014 413425820 45831112
413438613 25343014 413426083 2582313
413438896 25343014 413426473 66476639
413439153 25343014 413426807 txqing
413439835 25343014 413427432 bananabalala
413440179 25343014 413430967 zuiaidaluobo
413440347 25343014 413430967 zuiaidaluobo
413440867 25343014 413426807 txqing
413441648 25343014
413443848 YoukouShao
413446037 25343014 413443848 YoukouShao
413447671 38729240 413401664 25343014
413448795 bananabalala
413449148 2582313 413438613 25343014
413456390 65609580
413459414 kathy
413463596 happiness6000
413465652 vison1986 413459414 kathy
413471866 34451113
413481992 37025309
413482152 txqing
413494723 44003813
413601783 25343014 413447671 38729240
413602780 25343014 413448795 bananabalala
413603977 25343014 413463596 happiness6000
413604254 25343014
413604412 25343014 413481992 37025309
413604554 25343014 413494723 44003813
413608992 doladola
413610983 25343014 413608992 doladola
413612813 doladola 413610983 25343014
413614490 34090878
413614543 25343014 413612813 doladola
413615695 25343014
413616652 doladola 413614543 25343014
413620753 kathy 413465652 vison1986
413628463 34090878 413615695 25343014
413637242 25343014 413616652 doladola
413637601 25343014 413628463 34090878
413644256 3188445
413690014 25343014 413644256 3188445
413803800 vison1986 413620753 kathy
413830821 64944381
413839327 Dolphin_yu
414022778 heradarling 413637601 25343014
414041319 huagezai
414075168 25343014 414041319 huagezai
414075274 25343014 414022778 heradarling
414075606 25343014 413830821 64944381
414075673 25343014 413839327 Dolphin_yu
414120620 heradarling 414075274 25343014
414121133 3610235
414209435 25343014 414120620 heradarling
414222647 heradarling 414209435 25343014
414307713 25343014 414222647 heradarling
414380344 38729240 413601783 25343014
414530498 25343014 414380344 38729240
414733216 38729240 414530498 25343014
414785764 25343014 414733216 38729240
414788997 chrysan5
414800284 25343014 414788997 chrysan5
414802399 meter3
414803201 QQ351150304
414808536 nala-sheng
414890835 57454785
414901700 4482375 413604254 25343014
