410344411 51795378
410345008 67046459 410344411 51795378
410345990 naver
410346007 mmming
410346085 erchee
410346571 67046459 410345990 naver
410346599 67046459 410346007 mmming
410346695 67046459 410346085 erchee
410365361 59077061
410413316 67046459 410365361 59077061
410427735 65388326
410482140 67046459 410427735 65388326
410482409 67046459 410427735 65388326
410482752 67046459 410427735 65388326
410493603 65388326 410482752 67046459
410515342 59077061 410413316 67046459
410581070 67046459 410515342 59077061
410581415 67046459 410515342 59077061
410581895 41338429
410581998 67046459 410515342 59077061
410583362 17033223
410600873 67046459 410581895 41338429
410601792 67046459 410583362 17033223
410603048 FSRMD
410604203 56971224
410604712 67046459 410603048 FSRMD
410604872 67046459 410583362 17033223
410608810 56971224
410610933 67046459 410604203 56971224
410611380 67046459
410927550 17033223 410604872 67046459
410950215 39833775
410968238 47772985
411065405 nuanshu0707
411073085 67046459 410927550 17033223
411073449 67046459 410950215 39833775
411073529 67046459 410968238 47772985
411073634 Htqsn
411074043 47772985 411073085 67046459
411074121 keaidesi
411075711 67046459 411065405 nuanshu0707
411075977 67046459 411073634 Htqsn
411076640 67046459 411074043 47772985
411076670 Htqsn 411075977 67046459
411076901 67046459 411074043 47772985
411077425 67046459 411074121 keaidesi
411078187 60644462
411078791 67046459 411078187 60644462
411079200 47772985 411076901 67046459
411079244 67046459 411078187 60644462
411079531 60644462 411079244 67046459
411079947 67046459 411079531 60644462
411079950 60277578
411080319 67046459 411079950 60277578
411080345 60644462 411079947 67046459
411080457 Htqsn
411081288 67046459 411080457 Htqsn
411081911 33284653
411082165 Htqsn 411081288 67046459
411084334 67046459 411081911 33284653
411084654 67046459 411082165 Htqsn
411085094 60079264
411085441 67046459 411085094 60079264
411085831 1861165
411086872 67046459 411085831 1861165
411087009 67046459 411085831 1861165
411087384 lulu0109
411088688 32066609
411089227 67046459 411087384 lulu0109
411089236 33284653 411084334 67046459
411089351 67046459 411088688 32066609
411155652 keaidesi 411077425 67046459
411157122 67046459 411155652 keaidesi
411157532 67046459 411155652 keaidesi
411163015 nuanshu0707
411173250 keaidesi 411157122 67046459
411217344 32066609 411089351 67046459
411219051 37021991
411222523 doladola
411222709 doladola
411227706 51100137 410601792 67046459
411248396 67046459 411163015 nuanshu0707
411248618 67046459 411173250 keaidesi
411249834 67046459 411222709 doladola
411251163 keaidesi 411248618 67046459
411252943 67046459 411219051 37021991
411253289 67046459 411227706 51100137
411253402 67046459 411251163 keaidesi
411301779 56971224 410968238 47772985
411303817 47772985 411301779 56971224
411306287 56971224
411313050 47772985 411306287 56971224
411331402 3376169
411583899 37021991 411252943 67046459
