410319045 57973179
410319488 48468074
410319684 57453206
410320652 tjnews 410319488 48468074
410321332 tjnews
410322089 tjnews 410319684 57453206
410322315 57453206 410322089 tjnews
410322364 48468074
410322365 57973179
410322912 1762955
410322914 sky0824
410322929 48468074 410322089 tjnews
410322965 tjnews
410322987 jim3
410323279 57973179
410323564 tjnews 410322365 57973179
410325027 57973179 410323564 tjnews
410325192 48468074
410325668 32436733 410322987 jim3
410326286 48569791
410326782 62774806
410326925 63004570
410327325 51102360
410329720 42116635
410330219 le-renard
410330502 tjnews 410329720 42116635
410331089 65745657
410331296 tjnews
410331474 tjnews 410331089 65745657
410331905 lishi19
410332165 65745657
410332598 tjnews 410325027 57973179
410332785 tjnews 410332165 65745657
410333244 46960566
410333688 44083883
410333734 mmars
410335880 lacus_won
410336681 sogalin
410337166 55744596
410341789 57973179 410335880 lacus_won
410341998 57973179 410336681 sogalin
410343971 wuzhuan105 410333688 44083883
410345138 dingxinxinxin 410322987 jim3
410345593 dingxinxinxin 410333688 44083883
410346167 dingxinxinxin
410347291 Arsule
410363930 49343818
410364555 2748445
410365727 jim3 410345138 dingxinxinxin
410371931 48108298
410375668 yumengfei
410386843 tjnews 410371931 48108298
410389384 48108298 410386843 tjnews
410395896 44230743
410404013 46960566
410404359 64708590
410406369 46960566
410424552 dingxinxinxin 410365727 jim3
410427484 48468074
410443985 jim3 410424552 dingxinxinxin
410444408 wellrock
410456929 tjnews 410395896 44230743
410460958 tjnews 410444408 wellrock
410468498 44230743 410456929 tjnews
410469478 tjnews 410427484 48468074
410471753 hongguougo
410518601 48108298 410460958 tjnews
410652275 48516406
410653552 48516406 410460958 tjnews
410657695 47243736
410659546 41801403
410660992 tjnews
410665066 gulicogirl
410707656 53985911 410333688 44083883
410846416 66305459
413817803 67487168
413834517 34910155 410404013 46960566
413837903 tjnews
413838505 tjnews 413834517 34910155
413839000 tjnews 413817803 67487168
413953917 34910155
