410739967 46567611
410740119 fuuuuuuck
410740295 bazingaa
410740337 59411911
410741105 56705630
410741184 pinkycon
410741282 62091552 410741105 56705630
410741331 56705630 410739967 46567611
410741689 56705630 410741282 62091552
410741797 55589828
410742504 Sexyeyes
410742611 56705630 410741797 55589828
410742780 56705630 410742504 Sexyeyes
410745362 57458780
410746003 inssxxxx
410746064 56705630 410745362 57458780
410746169 65497302
410746441 thimve
410746455 60688052
410746510 luoxiyi
410746617 56705630
410746893 56705630 410746441 thimve
410747141 56705630 410746455 60688052
410747394 56705630 410746510 luoxiyi
410748278 54914759 410746617 56705630
410749068 knnnn
410749646 56705630 410749068 knnnn
410750224 amrtwong
410751161 56705630 410750224 amrtwong
410751309 alice_nano
410753490 55998310
410754199 56705630 410753490 55998310
410940868 55998310 410754199 56705630
410941713 59200469
410945490 34090878
411188758 57458780 410746064 56705630
411214924 12453373 411188758 57458780
411283150 57458780 411214924 12453373
411283586 Lizzooe
411285281 lawenda-hx
411285791 muerer
411328830 54501889
411330780 66224322
411422824 56705630
411423019 56705630
411424482 56705630
411432743 43948317
411434523 66601792
411434710 RRReason
411435328 jingjingmeimei
411435608 kfcmoumou 410741105 56705630
411437408 53324877
411464091 56705630
411464181 56705630
411466654 48557449
411472701 LittleHoney
411473716 59334462
411474598 4906075
411474797 58376309
411475330 58127757
411475884 58127757 411188758 57458780
411477591 63357556
411481319 52833555
411908100 56705630
411909777 56705630
411910085 56705630
415439526 43514285
415460478 56705630 415439526 43514285
418113580 Whhwodengni
418120403 56705630 418113580 Whhwodengni
418423522 Whhwodengni 418120403 56705630
418481977 56705630 418423522 Whhwodengni
418484850 50016852
418513511 Whhwodengni 418481977 56705630
418772845 51364808
418779093 30630336 411424482 56705630
418780084 FuzzySandy
418781944 dynsky2011
418783703 mary52111
418789986 50853952
418790520 51039980
418810376 m-good
418813078 47777932
419080662 49899575
419122317 67813625
