410756947 38350890
410766134 1156611
410769866 38350890 410766134 1156611
410772749 aliailibuli
410775280 1156611 410769866 38350890
410775713 2276601
410787252 35285366
410789042 38350890 410772749 aliailibuli
410790583 38350890 410775280 1156611
410791954 38350890 410775713 2276601
410792989 siyudengdai
410794219 sasdad
410795318 1156611 410790583 38350890
410796167 67036679
410797437 4240512
410797575 63247594
410797680 2276601 410791954 38350890
410802466 38350890 410787252 35285366
410802751 38350890 410797680 2276601
410804767 62625348
410805159 38350890 410794219 sasdad
410805838 38350890 410796167 67036679
410807023 38350890 410797437 4240512
410811366 38350890 410804767 62625348
410811830 35389815
410811938 finoh
410812857 38350890 410811938 finoh
410813130 38350890 410811830 35389815
410830546 2276601
410830890 62625348 410811366 38350890
410839431 sammy_sxm 410807023 38350890
410848881 38350890 410830546 2276601
410849410 38350890 410830890 62625348
410850097 38350890 410839431 sammy_sxm
410850850 caramel_G
410851285 44700431
410858260 2276601 410848881 38350890
410860491 38350890 410850850 caramel_G
410861310 38350890 410851285 44700431
410861950 38350890 410858260 2276601
410862203 sammy_sxm 410811366 38350890
410866813 49528362
410868654 4890321 410860491 38350890
410868726 38350890 410862203 sammy_sxm
410869640 2276601 410861950 38350890
410871134 caramel_G 410860491 38350890
410872824 43142023
410874925 soulf
410878752 36047568
410879098 38350890 410866813 49528362
410879524 zk1683710
410879936 1240711
410880387 38350890 410868654 4890321
410880552 38350890 410879936 1240711
410881089 38350890
410881871 45254404
410881898 ben2
410881997 4890321 410880387 38350890
410882286 38350890 410869640 2276601
410882527 36047568 410881089 38350890
410882662 38350890 410881871 45254404
410882710 ppppppppppppp
410883238 Sosoo
410883404 38350890 410882527 36047568
410883465 Sosoo
410883542 38350890 410882710 ppppppppppppp
410883869 38350890 410883465 Sosoo
410885167 38350890 410881898 ben2
410885866 38350890 410881997 4890321
410886252 38350890 410883238 Sosoo
410886895 Sosoo 410886252 38350890
410886967 ppppppppppppp 410883542 38350890
410887263 35389815 410813130 38350890
410891036 2276601 410882286 38350890
410892114 45254404 410882662 38350890
410892583 52481628
410894347 38350890 410883238 Sosoo
410894488 38350890 410887263 35389815
410894713 38350890 410886967 ppppppppppppp
410895178 ngfeiyin
410895297 tingzhuangkele
410895661 Sosoo 410894347 38350890
410898134 59750028
410900943 49528362 410892114 45254404
410901702 49528362 410879098 38350890
410902301 sammy_sxm 410892114 45254404
410905144 wywmzyq 410886252 38350890
410905770 wywmzyq
410917268 45254404 410902301 sammy_sxm
410918120 45254404 410900943 49528362
410962199 38350890 410895178 ngfeiyin
410962840 38350890 410895297 tingzhuangkele
410963830 38350890 410895661 Sosoo
410964383 38350890 410892114 45254404
410964882 38350890 410900943 49528362
410965970 4704827
410966734 38350890 410905770 wywmzyq
410969463 38350890
410979412 4704827 410969463 38350890
410979532 4704827
410980335 65977661
410982106 38350890
410982362 38350890 410979412 4704827
410982785 65977661 410982106 38350890
410988461 startravel
410989345 38350890 410982785 65977661
410989602 38350890 410988461 startravel
410992231 startravel 410989602 38350890
410993698 staruiqiao
411000806 67022347
411002996 59529260
411003627 53454341
411006388 38350890 410992231 startravel
411006991 46881075
411007197 38350890 411000806 67022347
411009340 61263788
411009423 46881075
411009734 38350890 410993698 staruiqiao
411010110 38350890 411009423 46881075
411011361 38350890 411009340 61263788
411012094 kiddingkidding
411012568 38350890 411002996 59529260
411012962 staruiqiao 411009734 38350890
411012985 38350890
411015119 38350890 411012962 staruiqiao
411015286 38350890 411012962 staruiqiao
411016005 46881075 411010110 38350890
411016024 38350890 411012962 staruiqiao
411016531 38350890 411016005 46881075
411016891 38350890 411016005 46881075
411017056 staruiqiao 411015286 38350890
411017637 38350890 411017056 staruiqiao
411019841 38350890
411020472 staruiqiao 411017637 38350890
411023397 2916516
411049196 32398568
411119578 tingzhuangkele 410962840 38350890
411121166 67022347 411007197 38350890
411130726 ngfeiyin 410962199 38350890
411133175 46881075 411016891 38350890
411140941 wywmzyq 410966734 38350890
411151726 61664732
411185793 wywmzyq 411000806 67022347
411190314 44700431 410861310 38350890
411227898 billy199199
411302174 38350890 411023397 2916516
411302992 38350890 411119578 tingzhuangkele
411303342 38350890 411121166 67022347
411303599 38350890 411133175 46881075
411304445 38350890 411151726 61664732
411304877 38350890 411185793 wywmzyq
411305170 crazysmallsuger
411305377 38350890 411305170 crazysmallsuger
411305808 crazysmallsuger 411305377 38350890
411306271 61664732 411304445 38350890
411308312 38350890
411309790 38350890 411305808 crazysmallsuger
411311513 44700431
411311595 38350890 411306271 61664732
411312493 38350890 411311513 44700431
411313766 crazysmallsuger 411309790 38350890
411317355 38350890 411313766 crazysmallsuger
411317965 tingzhuangkele 411302992 38350890
411319829 38350890 411317965 tingzhuangkele
411324429 tingzhuangkele 411319829 38350890
411344634 26402529
411462691 46881075 411303599 38350890
411466254 33970033
411600541 2363324
411603362 2727470
411897991 35285366 410802466 38350890
416607264 38033801
417164734 62072144
