410650479 xyzhnag
410651868 6822755
410652932 58341234
410653163 3097821
410653592 50405597
410653721 1044719
410654409 my88626 410650479 xyzhnag
410654604 my88626 410651868 6822755
410654634 charmmycheung
410654817 sausage_lee
410655154 xyzhnag
410655168 my88626 410652932 58341234
410655195 48935233
410655463 my88626 410653163 3097821
410655766 my88626 410653592 50405597
410656198 charmmycheung 410655766 my88626
410656486 42568077
410657195 2305962
410657197 my88626 410653721 1044719
410657520 3764299
410657693 50405597 410655766 my88626
410657833 my88626 410657197 my88626
410657864 shimwu
410658484 1004210
410658583 my88626 410654634 charmmycheung
410658695 50405597 410657197 my88626
410659447 my88626 410658484 1004210
410660031 my88626 410655154 xyzhnag
410660310 my88626 410657520 3764299
410661106 my88626 410658695 50405597
410661676 villus2012
410662469 chloe_
410662600 my88626 410657195 2305962
410662709 41758377
410662902 my88626 410662469 chloe_
410663129 11297431
410663215 sonysong
410663543 my88626 410662709 41758377
410664225 my88626 410663129 11297431
410664684 hibernator
410664917 esgape
410664991 chloe_ 410662902 my88626
410665129 my88626 410663215 sonysong
410665144 11297431 410664225 my88626
410665611 maomomo
410665960 my88626 410664684 hibernator
410666619 my88626 410661676 villus2012
410667030 my88626 410665611 maomomo
410667474 maomomo 410667030 my88626
410668206 1044719
410668483 my88626 410667474 maomomo
410668945 45448194
410669358 shinnodoo
410669637 60448542
410670264 sonysong
410670375 yaoyaotvxq
410671135 my88626
410671466 63757641
410671565 64944381
410671794 my88626 410668945 45448194
410672729 my88626 410671466 63757641
410673320 my88626 410671565 64944381
410674380 1044719
410674408 my88626 410664917 esgape
410675172 63757641
410676109 xinyan
410676235 my88626 410674380 1044719
410676841 my88626 410676109 xinyan
410677198 67050736
410677628 3764299 410660310 my88626
410677776 my88626 410669358 shinnodoo
410679309 1044719
410679641 45034698
410679849 11297431
410679932 56969004
410680738 my88626 410679641 45034698
410680814 64940699
410682329 my88626 410679309 1044719
410682912 my88626 410679932 56969004
410683505 54270167
410684524 48442471
410685357 xinyan
410685782 1044719
410685901 56969004 410682912 my88626
410686275 my88626 410683505 54270167
410687008 54270167
410687667 my88626 410685901 56969004
410688984 MENGYAYAYA
410691068 my88626 410688984 MENGYAYAYA
410691890 56969004 410687667 my88626
410692298 my88626 410684524 48442471
410692902 my88626 410691890 56969004
410693411 54270167
410693465 my88626
410695014 my88626 410693411 54270167
410696372 MENGYAYAYA
410696496 54270167
410697821 my88626 410696372 MENGYAYAYA
410698783 maoyanzhilan
410700369 deliciaaa
411808042 my88626
411813685 yehuanjoy
411816957 wananlanxingren
411819447 my88626
411848482 my88626
411850404 my88626
411878986 28216293
411880763 1701338
411897082 39789289
411909764 52544152
412014325 yehuanjoy
412020553 songflover
412038866 soisyou
412050231 4743765
412196972 my88626
412197661 my88626 412038866 soisyou
412199943 my88626 411897082 39789289
412389875 4743765 412196972 my88626
412390572 48180071
412585206 my88626 412390572 48180071
412739408 41126957
412761430 34147190
412782213 3005354
410700568 deliciaaa
410701290 1044719
410703988 MENGYAYAYA 410697821 my88626
410704322 28591666
410707527 konasherry
410707543 34090878
410708210 konasherry
410756506 esgape 410674408 my88626
410757369 my88626 410707543 34090878
410758911 my88626 410700369 deliciaaa
410761383 my88626 410708210 konasherry
410800163 my88626 410701290 1044719
410804653 3652778 410800163 my88626
410842378 deliciaaa
410853090 60644462
410902429 my88626 410804653 3652778
410902910 my88626 410842378 deliciaaa
410903081 my88626 410853090 60644462
410905987 my88626 410804653 3652778
410906911 veraarev
410908003 my88626 410906911 veraarev
410910229 55922279
410912749 65748652
410913317 my88626
410915171 38886735
410916078 sharonchang1
410916253 57501469
410918479 my88626 410916253 57501469
410919605 Yuki.F
410919895 goldgirl
410920118 my88626 410919895 goldgirl
410920201 goldgirl 410920118 my88626
410920327 my88626 410916078 sharonchang1
410920448 39789289
410920727 goldgirl
410922465 my88626 410920448 39789289
410923805 xwhite
410929363 55922279 410913317 my88626
410934113 39789289 410922465 my88626
410942910 58543450
410963293 2078090
410996514 57501469 410918479 my88626
410998094 63577889
411000546 43110705
411015073 1044719 410800163 my88626
411029051 my88626 410701290 1044719
411030115 my88626 410998094 63577889
411030488 my88626 410996514 57501469
411030792 my88626 410963293 2078090
411031636 my88626 410942910 58543450
411033083 my88626 410913317 my88626
411033872 my88626 411000546 43110705
411039477 miaowumiao
411042391 my88626 411039477 miaowumiao
411043191 miaowumiao
411085238 61598926
411085607 44083207
411086549 32382211
411146547 my88626 411085607 44083207
411147409 my88626 411085238 61598926
411197027 2078090 411030792 my88626
411197195 39249989
411198564 loveoflove
411251811 61598926 411147409 my88626
411298379 2630395
411299169 57501469 411030488 my88626
411565240 47521075
411566365 47910736 410674408 my88626
411567584 56086830
411568141 47910736 410692298 my88626
411569060 62558133
411569548 koisumi
411583942 yeahgy
411665573 my88626 411569548 koisumi
411665844 my88626 411566365 47910736
411666134 my88626 411565240 47521075
411666445 my88626 411298379 2630395
411668901 52496420
411673573 52496420
411675294 46046918
411685567 my88626 411668901 52496420
411687782 my88626
411688908 my88626 411675294 46046918
411691365 39789289
411729066 46046918 411688908 my88626
411732774 59459149
411734947 wananlanxingren
411735240 wananlanxingren
411738375 sweetclara 410664225 my88626
411740645 31957021
411748543 65957040
411753202 42216683
411757329 1701338
411757839 1701338 411748543 65957040
411762324 38542408
411783978 yehuanjoy
411803801 my88626 411738375 sweetclara
411806072 my88626 411783978 yehuanjoy
411806470 3992054
411806587 my88626 411734947 wananlanxingren
