410854384 64976806
410854628 58063633
410854919 62984389
410854962 50367634
410855054 64976806 410854628 58063633
410855112 62954813
410855319 64976806 410854962 50367634
410855545 64976806 410854919 62984389
410855653 64976806 410855112 62954813
410856307 milanmelone
410856310 57458780
410856577 MMMN
410856680 64976806 410856307 milanmelone
410857680 64976806 410856310 57458780
410858136 64976806 410856577 MMMN
410858422 tt120
410858868 64976806 410858422 tt120
410858961 Realgirl
410858989 mumuhuai
410859024 MMMN
410860385 64976806 410858961 Realgirl
410860663 64976806 410859024 MMMN
410860726 64976806 410859024 MMMN
410861012 50367634 410858961 Realgirl
410861217 64976806 410858989 mumuhuai
410862340 milanmelone
410862480 Realgirl
410862975 MMMN 410860663 64976806
410865610 40412411
410874019 64976806 410862340 milanmelone
410874216 64976806 410862975 MMMN
410874405 64976806 410865610 40412411
410902188 40412411 410874405 64976806
410902794 60961960
410906069 64976806 410902188 40412411
410906495 64976806 410902794 60961960
410907259 53532061
410908204 CCCCCCrazy
410908767 64976806 410907259 53532061
410909273 64976806 410908204 CCCCCCrazy
410959089 64976806
410964596 doris_teng
410965413 doris_teng
410966255 64976806 410964596 doris_teng
410967103 64976806 410965413 doris_teng
410999188 64976806
411040390 4019025
411041679 64976806 411040390 4019025
411048694 anysunshine
411049206 anysunshine
411049291 anysunshine
411051554 59201471
411063593 59689400
411063659 65933466 411051554 59201471
411065887 ispdy
411083269 65933466 411065887 ispdy
411083684 39686421
411084408 mmmmmmiko 410854919 62984389
411084588 XC911
411086588 smile4082478
411087062 kiwiiiii
411108263 ispdy 411083269 65933466
411108484 57967414
411112346 66887840 410855319 64976806
411112557 FendiMiuMiu
411112563 66887840
411112642 66887840 411051554 59201471
411112778 66887840 410907259 53532061
411112816 57967414
411113046 cmysunny
411115233 66887840 411112816 57967414
411115318 66887840 411113046 cmysunny
411117794 53459236
411123932 46402442
411128526 64976806 411049206 anysunshine
411128650 64976806 411063593 59689400
411128656 meadow92
411128736 64976806 411051554 59201471
411128828 64976806 411065887 ispdy
411129605 64976806 411108484 57967414
411129667 64976806 411112346 66887840
411130620 iammissg
411131216 59627608
411133232 ispdy 411128828 64976806
411134621 64976806 411133232 ispdy
411134844 64976806 411112557 FendiMiuMiu
411135292 64976806 411115233 66887840
411135450 53242458
411135791 64976806 411112563 66887840
411136084 65933466
411137031 64976806 411128656 meadow92
411137138 64976806 411130620 iammissg
411137494 64976806 411131216 59627608
411137653 64976806 411136084 65933466
411148615 65933466 411137653 64976806
411149445 64976806 411148615 65933466
411151721 65933466 411149445 64976806
411157711 64976806 411151721 65933466
411158820 joywuyan
411159194 59811530
411159247 59811530
411159741 47888750
411160230 64976806 411159247 59811530
411160736 64976806 411159741 47888750
411161290 46402442
411161361 59811530 411160230 64976806
411161751 65933466 411157711 64976806
411163252 shuttlebus 411129605 64976806
411164117 50023585
411164194 50181153
411174638 59627608 411137494 64976806
411179643 64976806 411161751 65933466
411179916 64976806 411164117 50023585
411180352 64976806 411164194 50181153
411180775 64976806 411174638 59627608
411184649 58455398
411187115 61391703
411188081 59689400 411128650 64976806
411188349 50181153 411180352 64976806
411189585 52692936 410907259 53532061
411190310 59627608 411180775 64976806
411190763 41882343
411191123 zhengyan6991
411191265 41882343
411191540 57458780
411191864 57538730
411192159 41882343
411198175 L_memo
411201813 2875513
411210392 iammissg 411137138 64976806
411216351 65933466 411180352 64976806
411221027 64976806 411187115 61391703
411221330 64976806 411188081 59689400
411221641 64976806
411221981 64976806 411190310 59627608
411222188 46960386
411222651 64976806 411190763 41882343
411223943 64976806 411192159 41882343
411224063 64976806 411198175 L_memo
411224414 64976806 411201813 2875513
411224479 64976806 411201813 2875513
411224668 64976806 411216351 65933466
411224932 64976806 411222188 46960386
411233949 65933466
411235131 64976806 411233949 65933466
411236251 65933466
411236664 64976806
411238216 65933466
411238222 53237462
411259544 46960386
411261530 51581451
411263922 garymaycry
411280956 64976806 411238216 65933466
411281120 64976806 411238222 53237462
411281204 64976806 411259544 46960386
411281282 64976806 411261530 51581451
411281340 64976806 411263922 garymaycry
411281414 zihebaby 411180775 64976806
411282383 zihebaby
411283352 64976806 411281414 zihebaby
411283607 64976806
411284101 zihebaby 411283352 64976806
411284366 64976806 411284101 zihebaby
411297241 65601402
411298291 65695929 411112346 66887840
411299125 3544796
411306594 65933466 411280956 64976806
411309620 2875513 411224479 64976806
411310088 52868320
411312361 zihebaby 411284366 64976806
411315446 49452669
411316046 51581451 411281282 64976806
411328972 64976806 411297241 65601402
411329215 64976806 411298291 65695929
411329743 64976806 411299125 3544796
411329953 64976806 411306594 65933466
411330292 64976806 411310088 52868320
411330450 64976806 411315446 49452669
411330638 64976806 411316046 51581451
411333410 52868320
411333994 64976806 411333410 52868320
411335328 ding19840111
411336779 65933466 411329953 64976806
411340273 3544796 411329743 64976806
411347042 64976806 411335328 ding19840111
411347548 64976806
411347896 64976806 411340273 3544796
411353131 mmh007
411353777 64976806 411353131 mmh007
411354092 65933466
411355073 65933466
411355616 52868320 411333994 64976806
411356763 mmh007 411353777 64976806
411357761 65933466 411355616 52868320
411357952 64976806
411358435 64976806
411358929 64976806
411360110 55809728
411360233 65933466 411357952 64976806
411361090 65933466
411361133 64976806 411356763 mmh007
411361466 28216293
411361601 64976806
411361694 55809728
411362245 dingmaomao
411362260 64976806 411361466 28216293
411363261 64976806 411361090 65933466
411363898 64976806 411360110 55809728
411364418 65933466 411361601 64976806
411364589 3546278
411364800 52868320
411365226 64976806 411364418 65933466
411365644 65933466 411364800 52868320
411367355 64976806 411365644 65933466
411367436 65933466 411365226 64976806
411367606 65933466 411367355 64976806
411370088 64976806
411370319 64976806 411367606 65933466
411370537 65933466 411370088 64976806
411371269 64976806 411370537 65933466
411371914 64976806 411370537 65933466
411372840 64976806 411370537 65933466
411373401 65933466 411371269 64976806
411373863 65933466
411376382 64976806 411373863 65933466
411376607 64976806
411377016 56867363
411378009 64976806 411377016 56867363
411378273 65933466 411376607 64976806
411379012 56867363 411378009 64976806
411380308 64976806 411379012 56867363
411380548 64976806
411381207 65933466 411380548 64976806
411381727 65933466
411381958 nicolameng
411382810 64976806 411381207 65933466
411382862 56867363 411380308 64976806
411383104 64976806 411381958 nicolameng
411383944 64976806 411382862 56867363
411384505 64976806 411382862 56867363
411385676 sswords
411386077 sswords
411386341 64976806 411385676 sswords
411386470 52489015 411137138 64976806
411386714 64976806 411386077 sswords
411387058 64976806 411386470 52489015
411388578 52489015
411393188 64976806 411388578 52489015
411404508 4104729
411405534 65933466
411406804 Mellin
411406820 Mellin
411408912 Mellin
411409030 Mellin
411409036 Mellin
411411566 LCF999
411413701 64976806 411405534 65933466
411414012 64976806 411411566 LCF999
411414475 64976806 411408912 Mellin
411426275 Mellin 411414475 64976806
411469651 65933466 411413701 64976806
411470093 65933466 411406804 Mellin
411470368 caomeixiguatang
411470471 62519473
411492020 64976806 411426275 Mellin
411492208 64976806 411469651 65933466
411492535 64976806
411492992 heyt
411494819 64976806
411496057 yiyi861110 410966255 64976806
411496840 64976806 411496057 yiyi861110
411496925 heyt 411494819 64976806
411515897 51581451 411330638 64976806
411517329 59606768
411531205 64976806 411496925 heyt
411531488 64976806 411515897 51581451
411531733 64976806 411517329 59606768
411531760 65497302
411532328 59606768 411531733 64976806
411535041 49213643 410854628 58063633
411536731 64976806 411532328 59606768
411537334 64976806 411535041 49213643
411552514 lady_a
411554078 49213643 411537334 64976806
411554588 64976806
411554671 64976806 411554078 49213643
411581727 caomeixiguatang 411492535 64976806
411584798 64976806
411621502 64976806
411636391 sarah5tata 411180775 64976806
411651098 bokunomirai
411653072 64976806 411636391 sarah5tata
411653303 64976806 411651098 bokunomirai
411654622 HDJCCarter
411658582 64976806 411654622 HDJCCarter
411677882 52700212
411698083 travelingpanda
411699742 64976806
411702525 travelingpanda
411704619 64976806
411704766 59811530
411705022 59658494
411707713 64976806 411705022 59658494
411707921 64976806 411159194 59811530
411709602 59811530 411707921 64976806
411710630 64976806 411709602 59811530
411712072 59811530 411710630 64976806
411714015 64976806 411712072 59811530
411715374 59811530 411714015 64976806
411715865 64976806 411715374 59811530
411716223 59811530
411716414 65118853
411718576 64976806 411716223 59811530
411718765 64976806 411716414 65118853
411720339 4182078
411720862 65118853 411718765 64976806
411721450 64976806 411720339 4182078
411721552 64976806 411720862 65118853
411722882 65118853 411721552 64976806
411724156 64976806 411722882 65118853
411726644 janeenchen
411728365 64976806 411726644 janeenchen
411730424 janeenchen 411728365 64976806
411731207 64976806 411730424 janeenchen
411774263 66887840 411298291 65695929
411774386 66887840
411793344 64976806 411774386 66887840
411832672 65933466
411833713 64976806
411835229 ZillahTiptoe
411836863 65933466 411835229 ZillahTiptoe
411837366 65933466
411840553 64976806 411835229 ZillahTiptoe
411865947 ZillahTiptoe 411840553 64976806
411866446 64976806 411865947 ZillahTiptoe
411866531 ZillahTiptoe 411836863 65933466
411866804 ZillahTiptoe 411866446 64976806
411881627 myselflin
411882733 64976806 411881627 myselflin
411883118 64976806 411866804 ZillahTiptoe
411891626 50181153 411221641 64976806
411895186 65933466 411891626 50181153
411897626 64976806 411891626 50181153
411898070 65933466 411866531 ZillahTiptoe
411898180 64976806 411895186 65933466
411901869 corneactto
411903451 65933466 411898180 64976806
411904155 64976806 411903451 65933466
411904379 64976806 411901869 corneactto
411916796 myselflin
411919613 64976806 411916796 myselflin
411946152 ZillahTiptoe 411898070 65933466
411947060 ZillahTiptoe 411898180 64976806
411979034 64976806 411947060 ZillahTiptoe
412013673 64976806
412053636 macobs
412058035 64976806 412053636 macobs
412060157 macobs
412068662 64976806 412060157 macobs
412076176 macobs
412079331 64976806 412076176 macobs
412082890 macobs
412084360 45796573
412084975 macobs
412085425 64976806 412082890 macobs
412087695 macobs
412088533 64976806 412087695 macobs
412089111 45968141
412089846 4182078 411721450 64976806
412089952 64976806 412084360 45796573
412090038 macobs 412088533 64976806
412093429 64976806 412090038 macobs
412100594 37552057
412102383 4182078
412103354 64976806
412123927 buleann
412182011 64976806
412186576 doris_teng
412187204 sunnypiggy
412188557 50790398 410902188 40412411
412191520 64976806 412187204 sunnypiggy
412191688 64976806 412188557 50790398
412193803 50790398 412191688 64976806
412202900 4182078
412218311 64976806 412202900 4182078
412329269 64976806
412354796 Jelico
412367813 64976806 412354796 Jelico
412404740 65102367
412406274 64976806 412404740 65102367
412410150 65102367
412410999 64976806 412410150 65102367
412411768 65102367 412410999 64976806
412412344 64976806 412411768 65102367
412467652 buleann 412182011 64976806
412469411 64976806 412467652 buleann
412489899 buleann
412492524 64976806
412577663 64976806
412578412 absolutelytff
412580146 annuoknight
412584634 64976806 412580146 annuoknight
412655680 64976806
412682226 annuoknight 412584634 64976806
412684341 64976806 412682226 annuoknight
412707115 Givenchild
412709590 64976806 412707115 Givenchild
413106191 64976806
413118599 65933466 411946152 ZillahTiptoe
413121366 64976806 413118599 65933466
413123799 53033349
413132493 64976806
413135457 56757127
413136571 66893942
413137907 53033349 413132493 64976806
413138336 64976806 413137907 53033349
413139026 64976806
413139776 53033349 413138336 64976806
413141183 64976806 413139776 53033349
413143743 45675384
413144005 57688458
413144241 53033349 413141183 64976806
413146411 64976806 413144005 57688458
413146716 64976806 413143743 45675384
413148002 66893942 413139026 64976806
413148789 64976806 413148002 66893942
413150800 66893942 413148789 64976806
413152378 yiyaodaibiao
413154350 64976806 413152378 yiyaodaibiao
413162864 45714727
413176960 64976806 413162864 45714727
413177041 64976806 413162864 45714727
413177291 65102367
413178189 64976806 413177291 65102367
413178665 65102367
413179412 64976806 413178665 65102367
413179764 65102367 413179412 64976806
413179988 64976806 413179764 65102367
413180205 65102367 413179988 64976806
413180948 64976806 413180205 65102367
413181401 doubletwo
413181883 64976806 413181401 doubletwo
413182143 65102367
413182256 doubletwo
413184881 64976806 413182143 65102367
413189148 51439903
413189511 64976806 413189148 51439903
413189895 51439903 413189511 64976806
413190130 13375568
413190300 64976806 413190130 13375568
413190560 64976806 413189895 51439903
413190662 65102367 413184881 64976806
413191020 13375568 413190300 64976806
413191201 64976806 413190662 65102367
413191383 64976806 413191020 13375568
413191395 65102367 413191201 64976806
413191811 51439903
413192084 64976806 413191811 51439903
413192244 64976806 413191395 65102367
413192262 51439903
413192841 64976806 413192262 51439903
413193464 goodboyyu
413193515 goodboyyu
413193933 64976806 413193464 goodboyyu
413194936 nicetomeetyou
413195702 64976806 413194936 nicetomeetyou
413250186 45714727 413176960 64976806
413252686 64976806 413250186 45714727
413255770 65933466 413121366 64976806
413256653 64976806 413255770 65933466
413258432 ZillahTiptoe 413118599 65933466
413279772 sunze550
413280697 64976806 413279772 sunze550
413281711 43531310
413283877 64976806 413281711 43531310
413291304 45714727 413252686 64976806
413291955 64976806 413291304 45714727
413298149 45714727
413298563 sunze550 413280697 64976806
413299179 64976806 413298149 45714727
413299425 64976806 413298563 sunze550
413299795 45714727
413300143 45714727 413299179 64976806
413300620 64976806 413300143 45714727
413300871 Ssssummer
413301622 64976806 413300871 Ssssummer
413305367 wendy_liu 411180775 64976806
413305376 45714727 413300620 64976806
413306009 wendy_liu 411180775 64976806
413306075 64976806 413305376 45714727
413306348 64976806 413305367 wendy_liu
413306613 45714727 413306075 64976806
413306697 64976806 413306009 wendy_liu
413306760 64976806 413306613 45714727
413307322 wendy_liu 413306697 64976806
413307354 39488047
413308943 53512095
413309808 53512095
413310880 64976806 413308943 53512095
413311157 64976806 413307354 39488047
414465158 43645559
414467233 63888666
414470226 64976806
414470298 64976806 414467233 63888666
414470630 43645559 414470226 64976806
414470887 64976806 414470630 43645559
414471404 43645559 414470887 64976806
414472212 64976806
414475806 63888666 414470298 64976806
414475907 43645559 414472212 64976806
414476140 43645559 414475806 63888666
414476699 64976806 414475806 63888666
414476893 63888666 414476140 43645559
414477185 43645559 414476893 63888666
414477338 43645559 414476699 64976806
414477478 63888666 414476699 64976806
414477591 63888666 414477338 43645559
414478119 43645559 414477591 63888666
414478595 63888666 414478119 43645559
414478915 unusedivan
414481569 64976806 414477338 43645559
414482226 64976806
414492660 56482443
414493575 43645559 414481569 64976806
414497695 64976806 414493575 43645559
414499010 64976806 414492660 56482443
414499141 56482443 414497695 64976806
414499454 56482443 414499010 64976806
414500498 1798226
414500574 43645559 414497695 64976806
414501609 leolennon 410858989 mumuhuai
414503583 64976806 414500574 43645559
414503994 64976806 414500498 1798226
414505747 cchic 410966255 64976806
414506109 46371332
414507083 1798226 414503994 64976806
414510100 43645559 414506109 46371332
414510441 42347461
414510920 43645559 414507083 1798226
414513117 64976806 414505747 cchic
414513471 64976806 414507083 1798226
414513656 49022865
414513998 64976806 414506109 46371332
414514246 1798226 414513471 64976806
414515777 64976806 414514246 1798226
414736649 64976806
414766388 Cain_
414794239 doux
414797122 64976806 414794239 doux
414838201 46371332 414510100 43645559
414838348 46371332 414513998 64976806
414839722 56168117
414897404 doux 414797122 64976806
414898035 64976806 414897404 doux
415084794 64976806
415084856 56482443 415084794 64976806
415123119 64976806 415084856 56482443
415125902 56482443 415123119 64976806
415269835 54872336
415270136 totochang
415282159 65102367
415286571 64976806 415282159 65102367
415288269 56482443
415288473 64976806 415288269 56482443
415289531 65102367 415286571 64976806
415290061 64976806 415289531 65102367
415290844 56482443 415288473 64976806
415305284 3923443
415308762 52046119
415310679 64976806 415308762 52046119
415313857 52046119
415314938 64976806 415313857 52046119
415379005 33006276 411051554 59201471
415433327 2441602
415462632 62057439
415505195 64976806 415433327 2441602
415583766 IIIsland
415664766 felisc 414477185 43645559
415683928 carolzjw
415685789 64976806 415683928 carolzjw
415699703 40211421
415700902 doublef1sh
415715087 64976806
415715163 45105333
415718343 carolzjw 415685789 64976806
415719039 64976806 415718343 carolzjw
415720727 foreversuer
415721009 64976806 415720727 foreversuer
415723925 foreversuer 415721009 64976806
415724516 64976806 415723925 foreversuer
415728765 40211421
415729505 64976806 415728765 40211421
415730160 40211421
415730948 64976806 415730160 40211421
415731463 40211421 415730948 64976806
415731961 64976806 415731463 40211421
415733513 40211421 415731961 64976806
415739491 carolzjw 415719039 64976806
415739773 foreversuer 415724516 64976806
415739796 56482443
413311233 50811004
413313531 Ssssummer
413313558 lazydoor
413314226 64972478
413314379 64976806 413313531 Ssssummer
413314428 64972478
413314569 4057310
413314808 64976806 413314226 64972478
413315082 64972478
413315219 64972478 413314808 64976806
413315664 4055015 411179916 64976806
413315694 64972478
413316043 57451690
413316855 64972478
413317114 64972478
413318998 64976806 413314569 4057310
413319151 64976806 413317114 64972478
413319298 64976806 413316855 64972478
413319427 64976806 413316043 57451690
413319687 64976806 413315082 64972478
413319937 64976806 413315664 4055015
413320197 64976806 413314428 64972478
413350485 65933466 413256653 64976806
413367171 64972478 413319298 64976806
413395649 62193048
413396672 Josy-Yan
413397938 tiantiantian
413417072 64976806 413367171 64972478
413417510 64976806 413350485 65933466
413418047 64976806 413395649 62193048
413418855 inmars
413419320 64976806
413420279 58066077 411112346 66887840
413437729 64972478 413417072 64976806
413438302 vippasser
413483317 64976806 413438302 vippasser
413506143 waittt 411040390 4019025
413506455 64976806 413506143 waittt
413560333 64976806
413565275 waittt 413506455 64976806
413565788 64976806 413565275 waittt
413566268 42495584
413566561 64976806 413566268 42495584
413566844 42495584
413567031 waittt
413567187 64976806 413567031 waittt
413567252 17851257
413570213 17851257
413571413 64976806 413570213 17851257
413572477 17851257 413571413 64976806
413573329 64976806 413572477 17851257
413573780 6338416
413574131 64976806 413573780 6338416
413636182 65933466 413417510 64976806
413637112 65933466 413566268 42495584
413639658 64976806 413636182 65933466
413640124 65933466 413639658 64976806
413640746 64976806 413640124 65933466
413641685 65933466 413640746 64976806
413643318 64976806 413641685 65933466
413643686 fengqingwei
413644110 64976806 413643686 fengqingwei
413707842 4055015 413319937 64976806
413709306 2793003 411134844 64976806
413717189 reneezhuang
413734038 42495584 413637112 65933466
413734143 42495584 413637112 65933466
413740108 64976806 413707842 4055015
413740268 64976806 413717189 reneezhuang
413740342 linyuda0624 410854384 64976806
413741283 64976806 413740342 linyuda0624
413744656 41910408 411233949 65933466
413756499 6338416 413574131 64976806
413759058 46402442
413782924 vippasser 413483317 64976806
413819448 64976806 413759058 46402442
413819514 64976806 413782924 vippasser
414105607 vippasser
414107584 64976806 414105607 vippasser
414114425 54872336
414115027 64976806 414114425 54872336
414376122 64976806
414378508 Samantha99
414403879 64976806 414378508 Samantha99
414404802 53597719 410854962 50367634
414405513 53597719 414114425 54872336
414407452 50367634 414404802 53597719
414412612 53597719 414407452 50367634
414413339 53597719
414417012 Vampire_C
414417728 56482443
414418907 SOWARM
414424041 chilaweng
414424113 50367634 414412612 53597719
414426083 53597719 414424113 50367634
414428823 50367634 414426083 53597719
414444824 54968086
414462992 64976806
414463076 64976806 414424041 chilaweng
414463367 64976806 414444824 54968086
419825844 64976806
419826282 64976806
419826689 64976806
419829046 joyoo0
419829137 joyoo0
419831128 64976806 419829046 joyoo0
419832629 63841061
419833550 63841061
419851473 64976806 419832629 63841061
420048113 64976806
420049068 3790469 419851473 64976806
420049111 3790469 420048113 64976806
420050795 64976806 420049068 3790469
420167098 64976806
420201971 3790469
420202846 64976806
420213294 3790469 420202846 64976806
417446156 64976806
417446184 64976806
417446377 64976806
417446466 64976806
417466467 YSY119
417823233 64976806
417823518 moshitiancai
417826520 64976806 417823518 moshitiancai
417845373 moshitiancai
417853881 64976806 417845373 moshitiancai
417958107 felisc
418003317 64976806 417958107 felisc
418007659 TOYOFF
418018965 felisc 418003317 64976806
418019831 64976806 418018965 felisc
418029982 felisc 418019831 64976806
418035435 13375568
418037871 52618186
418137169 64976806 418035435 13375568
418250903 64976806
418252185 cha90
418252626 64976806 418252185 cha90
418300094 cha90 418252626 64976806
418328180 64976806 418300094 cha90
418328240 64976806 418300094 cha90
418329001 cha90 418328240 64976806
418595590 64976806
418670074 3597468 414115027 64976806
418690054 64976806
418766836 64976806 418690054 64976806
418879815 64976806
419377533 Josy-Yan
419404419 64976806
419411621 2777712
419414172 64976806 419411621 2777712
419420497 41088715 410856577 MMMN
419424491 bossJoyce 410966255 64976806
419425223 bossJoyce
419427559 64976806 419424491 bossJoyce
419427925 64976806 419425223 bossJoyce
419429280 bossJoyce 419427559 64976806
419429511 bossJoyce 419427925 64976806
419434844 64976806 419429280 bossJoyce
419434909 64976806 419429511 bossJoyce
419435883 Jchristmas 410855653 64976806
419440331 bossJoyce 419434909 64976806
419440549 bossJoyce 419434844 64976806
419440763 bossJoyce
419460284 Josy-Yan
419460807 3790469
419461000 3790469 419427559 64976806
419469288 66020765
419492561 64976806 419435883 Jchristmas
419492634 64976806 419440331 bossJoyce
419492743 64976806 419440331 bossJoyce
419492941 64976806 419440763 bossJoyce
419493138 64976806
419493341 64976806
419494891 3790469 419493341 64976806
419495109 3790469 419493138 64976806
419497570 64976806
419497608 64976806
419498394 3790469 419497570 64976806
419678569 64976806 419498394 3790469
419686927 3790469 419678569 64976806
419689875 64976806 419686927 3790469
419691298 unclean
419695509 3790469 419689875 64976806
419695746 3790469
419696386 sanic
419696591 64976806
419696657 64976806 419695746 3790469
419696847 64976806 419695509 3790469
419700042 53495844
419701491 3790469 419696847 64976806
419701807 64680998
419702969 64976806 419701491 3790469
419705544 3790469 419702969 64976806
419707142 64976806
419724537 3790469 419707142 64976806
419728125 64976806
419736226 65117429
419740791 icyq 411180775 64976806
419743269 wangxinjiex
419743855 3790469 419740791 icyq
419744760 3790469 419736226 65117429
419744951 3790469
419756573 65117429
419765481 3790469 419756573 65117429
419765592 3790469 419756573 65117429
419774431 65117429 419765592 3790469
419783541 63841061
419784773 3790469 419774431 65117429
419784874 3790469 419783541 63841061
419785529 63841061 419784874 3790469
419799126 3790469 419785529 63841061
419824059 64976806 419736226 65117429
419824373 64976806 419740791 icyq
419824545 64976806 419744951 3790469
419824977 64976806 419783541 63841061
415745245 56482443 410854962 50367634
415751038 43822962
415828719 serpentv
415838706 64976806
415839062 64976806
415841901 43645559 415664766 felisc
416019589 64976806
416020113 49301915
416022816 4898393
416166207 iluv69
416178108 66887840 413420279 58066077
416353192 64976806
416369152 uknowimalegend
416369816 64976806 416369152 uknowimalegend
416369972 63349348
416377244 51827477
416378432 64976806 416377244 51827477
416380903 uknowimalegend 416369816 64976806
416381777 64976806 416380903 uknowimalegend
416382267 51827477
416382783 26659176
416382861 64976806 416382267 51827477
416383023 64976806 416382783 26659176
416383839 51827477
416385949 64976806 416383839 51827477
416386024 64976806 416383839 51827477
416387557 felisc 415841901 43645559
416392271 51827477 416386024 64976806
416397839 64976806 416392271 51827477
416439228 uknowimalegend
416439741 64976806 416439228 uknowimalegend
416440476 uknowimalegend 416439741 64976806
416441101 64976806 416440476 uknowimalegend
416444045 uknowimalegend 416441101 64976806
416444945 64976806 416444045 uknowimalegend
416445074 64976806 416444045 uknowimalegend
416844757 64976806
416852741 43645559 416387557 felisc
416865612 4898393
416865875 64976806 416865612 4898393
416879612 felisc 416852741 43645559
416880695 4898393 416865875 64976806
416881029 64976806 416880695 4898393
416903563 4898393 416881029 64976806
416929015 64976806 416903563 4898393
416991563 49224119
417000537 60189663
417000739 60189663
417001871 64976806 417000739 60189663
417001905 64976806 417000537 60189663
417002975 hongyy
417004148 64976806 417002975 hongyy
417004411 60189663 417001905 64976806
417005627 64976806 417004411 60189663
417008341 yrkjjcx
417018710 hongyy
417019773 wangxinjiex
417021031 43076826
417024931 64976806 417021031 43076826
417025069 64976806 417019773 wangxinjiex
417025583 wangxinjiex
417026018 64976806 417025583 wangxinjiex
417028356 kristen-11
417043402 65102367
417044566 64976806 417043402 65102367
417050327 Josy-Yan
417053956 64976806 417050327 Josy-Yan
417176083 64976806
417308477 macobs 417176083 64976806
417311693 macobs 417176083 64976806
417312070 58443583
417337487 64976806 417308477 macobs
417337766 64976806 417312070 58443583
417338026 58443583 417337766 64976806
417338410 64976806 417311693 macobs
417338516 64976806 417338026 58443583
417338957 58443583 417338516 64976806
417339844 64976806 417338957 58443583
417340037 58443583 417339844 64976806
417340754 64976806 417340037 58443583
417341657 58443583
417342743 64976806 417341657 58443583
417343509 58443583 417342743 64976806
417343882 64976806 417343509 58443583
417346776 changbai
417347119 64976806 417346776 changbai
417347189 macobs 417339844 64976806
417348029 changbai 417347119 64976806
417349170 1908387
417349639 64976806 417348029 changbai
417349861 64976806 417347189 macobs
417350845 jinzhou429
417370621 64976806 417350845 jinzhou429
417414258 HIMIKU 410907259 53532061
417415380 one1139
417415494 HIMIKU 411189585 52692936
417416660 54857735
417417502 YSY119
417417691 HIMIKU 417000739 60189663
417445899 64976806 417414258 HIMIKU
