410874249 xianzhikongjian
410876192 Mr_Sein
410876414 41273867
410877150 Qulia
410878469 zhendekanbujian
410878701 52682269
410880845 1338192
410880954 1338192 410878701 52682269
410881062 1338192 410878469 zhendekanbujian
410881445 1338192 410877150 Qulia
410881698 janeenchen
410882026 1338192 410876192 Mr_Sein
410882377 1338192 410881698 janeenchen
410883243 48294637
410884921 55635987
410887617 1338192 410884921 55635987
410887823 1338192 410883243 48294637
410891629 RRReason
410895015 2276601
410896171 1338192 410891629 RRReason
410896922 1338192 410895015 2276601
410897251 janeenchen 410882377 1338192
410897361 rickilee
410898642 66927576
410900849 55805035
410901589 constantinecui
410902383 1338192 410900849 55805035
410902546 1338192 410901589 constantinecui
410902851 MomoBaobao
410924321 Mr_Sein 410882026 1338192
410949642 1338192 410924321 Mr_Sein
410949853 1338192 410902851 MomoBaobao
410951127 shellinggao
410952017 Brenda_Chan
410961942 1338192 410952017 Brenda_Chan
410962472 1338192 410951127 shellinggao
410963996 51500670
410964659 48027991 410962472 1338192
410965253 4704827
411027692 2276601 410896922 1338192
411237206 bellemaison
411237742 Guti
411239873 55809728
411248132 48601577
411699067 1338192 411237206 bellemaison
411700369 1338192 411237742 Guti
412211452 1338192 411248132 48601577
412224770 48601577 412211452 1338192
412279106 41126957 410898642 66927576
412292881 1338192 412279106 41126957
412297015 38675416
412297538 2600403
412298318 1338192
412299037 45802713
412299757 mysweety
412300174 1338192 412299037 45802713
412300833 45802713
412301909 1338192 412300833 45802713
412303242 2600403 412298318 1338192
412304930 53955946
412308909 1338192 412303242 2600403
412322913 41126957 412292881 1338192
412347755 45831112
412361558 2600403 412308909 1338192
412496737 bellemaison
412579173 1338192 412496737 bellemaison
412633191 isseyissey
412635674 59600451
412677821 55009291
412680192 futangzhi
412681515 1338192 412680192 futangzhi
412681874 1338192 412633191 isseyissey
412682139 1338192 412677821 55009291
412686749 64594907
412697833 3507179 412681515 1338192
412700395 qigan
412715712 doctorecho
412717541 totochang 412300833 45802713
412760813 1338192 412700395 qigan
412761315 1338192 412697833 3507179
412908641 bellemaison
412920629 sonysong
412922711 51856445
413017514 xianzhikongjian
413030643 1338192 413017514 xianzhikongjian
413030916 1338192 412908641 bellemaison
413032567 58454076
413034836 47971541
413066587 1338192 413032567 58454076
413069085 37505420
413070310 1338192 413069085 37505420
413111718 1338192
413113896 4360161
413114118 65117429
413117953 1338192 413113896 4360161
413119666 64866741
413123499 4360161 413117953 1338192
413127044 xy-mysun
413127120 wywmzyq
413128096 1338192 413127044 xy-mysun
413128496 1338192 413127120 wywmzyq
413134783 Jasmine_hapi
413138572 xy-mysun 413128096 1338192
413169404 chiaicai
413307703 gogo0213
413323049 64594907
413351327 chiaicai
413354262 51113602
413356510 jjm
413358330 reneezhuang
413360037 larcenciel 410882026 1338192
413361338 52243959
413361425 hellostella
413362342 47623216
413362556 1338192 413138572 xy-mysun
413362746 1338192 413361338 52243959
413362974 1338192 413169404 chiaicai
413363964 1338192 413351327 chiaicai
413364566 panda_sissi
413364728 xy-mysun 413362556 1338192
413365221 56645977
413365845 1338192 413360037 larcenciel
413366045 1338192 413365221 56645977
413366407 1338192 413356510 jjm
413367797 chiaicai 413363964 1338192
413367801 1338192 413354262 51113602
413369620 9199006
413373800 1338192 413369620 9199006
413374089 panda_sissi
413377469 49941721
413378336 34659477
413379285 64378750
413384720 1338192 413377469 49941721
413386246 49941721 413384720 1338192
413386729 2870277
413386901 1338192 413378336 34659477
413388164 9199006
413388806 mccartvon
413395605 56645977 413366045 1338192
413397525 1338192 413395605 56645977
413397634 1338192 413388806 mccartvon
413401897 mccartvon 413066587 1338192
413413328 34659477 413386901 1338192
413430004 1116375 413113896 4360161
413453783 1338192 413430004 1116375
413455127 1338192 413379285 64378750
413456351 1338192 413388164 9199006
413457143 vanilla.ching
413467381 45790778
413469427 1338192 413467381 45790778
413498928 1338192
413501977 vo1canooo9
413527901 64559292
413530310 wewewewe
413540827 1338192 413530310 wewewewe
413553254 isseyissey
413562703 wewewewe 413540827 1338192
413575838 1338192 413562703 wewewewe
413601662 wewewewe 413575838 1338192
413614485 56645977
413615556 53570894
413644090 larcenciel
413652124 chiaicai
413689001 qigan 412760813 1338192
415510265 1338192
415511007 1338192 413615556 53570894
415511665 43679194
415520077 53570894 415511007 1338192
415521287 41486105
415522066 1338192 415521287 41486105
415522518 1338192 415511665 43679194
415522651 1338192 415520077 53570894
415660437 bellemaison
415661589 56657307
415688993 1338192 415661589 56657307
415689244 1338192 415660437 bellemaison
415700143 25975650
415894580 chiaicai
415905083 41126957
415923787 1338192 415894580 chiaicai
415923892 1338192 415905083 41126957
415925905 Devin.YOUNG
416574312 bellemaison
416578471 61722137
416582601 51277593
416585726 56992253
416747642 1338192 416585726 56992253
416747855 1338192 416582601 51277593
416747921 1338192 416578471 61722137
416748941 1338192 416574312 bellemaison
416754225 1836254 416748941 1338192
416756233 peoplehaha
416762862 37599023
416780437 Kcelia17
416797339 56992253 416747642 1338192
416827508 26778986
416864565 10753413
416865679 1338192 416827508 26778986
416866101 1338192 416864565 10753413
416866332 1338192 416762862 37599023
416866816 10753413 416866101 1338192
416876461 1338192 416866816 10753413
416942518 10753413 416876461 1338192
416964564 34167353
416974931 1338192 416964564 34167353
417154958 54415439
417158067 2743662
417167664 sammychoo
417235624 48180071
417248174 50395720
417252337 bingning113
417252617 YSY119
417265841 1338192 417248174 50395720
417265897 1338192 417252617 YSY119
417265968 1338192 417252337 bingning113
417269901 foolsnow
417270243 hichenruo
417370718 baiwei_ren
417464957 bellemaison 417265841 1338192
418615934 isseyissey
418684227 3507179
418908333 1338192 418615934 isseyissey
419152046 1338192 417370718 baiwei_ren
420023826 55013210
420097450 1338192
420101688 freakingkid
420102141 bossJoyce
420156902 53173074
420161172 Avenia
