410816728 51268635
410818391 4118592
410821003 47949682
410852872 64594907
410855425 ZY0517
410855870 57824721
410856103 35513182
410870523 64594907
410871885 chinaren0123
410872099 chinaren0123
410876251 64594907
410877485 chinaren0123 410876251 64594907
410884442 3304342
410933142 64594907
410933637 65325624
410933890 65325624
410934352 usuallybaba
410946004 64594907
411192028 64594907
411228147 46408678
411228946 58653031
411279161 64594907
411279704 64594907
411281320 64594907
411695686 64594907 411281320 64594907
411704537 65695929
411708815 51534578
411709764 mlittlebei 411281320 64594907
411823750 64594907 411704537 65695929
411824422 64594907
411825842 64594907 411708815 51534578
411827426 64594907
411830242 62155957
411847059 59065737
411847149 59065737
411848735 62009239
411848877 smylldon
411852726 3034099
411868238 66362456
411874458 52029768
411875401 52029768
411875850 2274968
411906509 mlittlebei 411824422 64594907
411907411 54396140
411908037 hananqi
411996737 65695929 411823750 64594907
411997182 58066077
412026812 64594907 411228147 46408678
412027470 64594907 411830242 62155957
412027874 64594907 411847059 59065737
412028924 64594907 411848735 62009239
412029124 64594907 411852726 3034099
412029727 64594907 411868238 66362456
412030715 64594907 411875401 52029768
412031772 64594907 411997182 58066077
412032120 64594907 411996737 65695929
412032745 64594907 411875850 2274968
412033517 61038001
412033702 64594907 411228946 58653031
412033889 64594907 412033517 61038001
412034037 64594907 411907411 54396140
412035273 64594907 411874458 52029768
412036795 61038001 412033889 64594907
412038685 64594907 412036795 61038001
412113526 CH-H1010
412131245 64594907 412113526 CH-H1010
412136735 39766341
412139991 qiaoxing
412143104 54878823
412180513 66362456 412029727 64594907
412184837 RanceYinYin
412190041 64594907 412139991 qiaoxing
412190595 64594907 412143104 54878823
412191641 64594907 412184837 RanceYinYin
412192147 64594907 412180513 66362456
412194427 46277260
412195564 RanceYinYin 412191641 64594907
412195965 nico_jiang
412196476 54567362
412198371 4452983
412201321 Paper_GaIn
412202341 dearmia
412213402 2247575
412224669 kis
412229657 52029768 412035273 64594907
412230543 52029768 412030715 64594907
412234161 52029768
412234773 45831112
412248565 64594907 412195564 RanceYinYin
412249460 64594907 412230543 52029768
412249645 64594907 412234161 52029768
412249917 64594907 412234773 45831112
412252531 64594907 412195965 nico_jiang
412252689 53007319
412252868 64594907 412196476 54567362
412253681 64594907 412194427 46277260
412254299 45831112 412249917 64594907
412254344 64594907
412254560 64594907 412252689 53007319
412254966 53007319 412254560 64594907
412256124 64594907 412201321 Paper_GaIn
412256638 nico_jiang 412252531 64594907
412257461 64594907
412258015 lizzy_zi
412258164 64594907 412254966 53007319
412258660 64594907 412258015 lizzy_zi
412259499 64594907 412213402 2247575
412260748 64594907 412254299 45831112
412261625 RanceYinYin 412248565 64594907
412262065 64594907 412198371 4452983
412262174 sleep_ago
412262843 64594907 412262174 sleep_ago
412263212 66265968
412264205 48677000
412265406 64594907
412265966 64594907 412263212 66265968
412266904 64594907 412264205 48677000
412268282 64594907 412261625 RanceYinYin
412271754 64594907 412194427 46277260
412272039 aiSn
412272748 64594907
412281279 loveself
412307415 2793003
412311062 6596090
412312065 dearmia 412265406 64594907
412314232 dora.uup 411824422 64594907
412316012 RanceYinYin
412318352 45831112 412260748 64594907
412332884 65566437
412333306 62993223
412333897 xawa
412342665 64594907 412307415 2793003
412342874 64594907 412333897 xawa
412343169 64594907 412333306 62993223
412343618 66265968 412265966 64594907
412343701 64594907 412316012 RanceYinYin
412344286 64594907
412344534 64594907
412344902 xawa 412342874 64594907
412345032 64594907 412311062 6596090
412345526 64594907 412344902 xawa
412346147 xawa 412345526 64594907
412347120 vivianteng
412348006 47488612
412349073 43464790
412350841 lizza
412351018 3442303
412351641 garuda_vane
412352357 64594907
412352772 64594907 412351641 garuda_vane
412353524 64594907 412351018 3442303
412353714 dearmia 412344534 64594907
412354437 3442303 412353524 64594907
412355052 64594907 412347120 vivianteng
412355448 64594907 412354437 3442303
412356284 64594907 412349073 43464790
412356314 3442303 412355448 64594907
412357144 64594907 412346147 xawa
412357305 64594907 412353714 dearmia
412357862 64594907 412356314 3442303
412359120 lizza 412356284 64594907
412359553 xawa 412357144 64594907
412367396 64594907 412359553 xawa
412367727 64594907 412359120 lizza
412368881 xawa 412367396 64594907
412369006 64594907
412371744 64594907 412307415 2793003
412372800 64594907 412229657 52029768
412373805 2793003 412342665 64594907
412375280 64594907 412272039 aiSn
412375538 64594907 412373805 2793003
412384536 3761919
412384972 64594907 412384536 3761919
412390073 4743765
412392082 64594907
412403638 4495202
412404890 64594907 412403638 4495202
412406405 6596090 412345032 64594907
412407674 64594907 412406405 6596090
412421124 aiSn 412375280 64594907
412467333 6596090 412407674 64594907
412471549 helloja
412472146 helloja
412574070 vivianteng 412355052 64594907
412646284 64594907 412467333 6596090
412646611 64594907 412574070 vivianteng
412646930 64594907 412471549 helloja
412672866 64594907
412765822 64594907
412772345 cherry007649 410852872 64594907
412775648 64594907 412772345 cherry007649
412784602 59065737 412027874 64594907
412787292 64594907
412820684 nico_jiang 412256638 nico_jiang
412830233 64594907 412820684 nico_jiang
412839493 nico_jiang 412257461 64594907
412891938 64594907 412839493 nico_jiang
412942358 52029768 412249460 64594907
412965696 Jinglepa
412978632 55783343
416360169 64594907
416360281 64594907
416362814 luluxim 416360281 64594907
416363511 64594907 416362814 luluxim
416365561 56867363
416367016 64594907 416365561 56867363
416367857 56867363 416367016 64594907
416368577 Jeuty1130
416368999 64594907 416367857 56867363
416369411 jinmoli
416369599 64594907 416368577 Jeuty1130
416370379 56867363 416368999 64594907
416370390 45590029
416370571 64594907 416369411 jinmoli
416370926 64594907 416370390 45590029
416371559 64594907 416370379 56867363
416371933 jinmoli 416370571 64594907
416372982 56867363 416371559 64594907
416373300 56867363 416371933 jinmoli
416374340 jinmoli 416373300 56867363
416375393 64594907 416373300 56867363
416376158 64594907 416371933 jinmoli
416376297 66642199
416376638 64594907 416374340 jinmoli
416376748 yokiboboli
416377950 64594907 416376748 yokiboboli
416378110 64594907 416376297 66642199
416378240 49055885
416378365 64594907 416376748 yokiboboli
416379075 glamour
416379444 NeonSpread 411824422 64594907
416381365 64594907 416379075 glamour
416381667 64594907 416379444 NeonSpread
416382156 57831447
416385263 glamour 416381365 64594907
416386741 64594907 416382156 57831447
416387345 64594907 416385263 glamour
416387388 48060150
416388168 64594907 416378240 49055885
416388862 49055885 416388168 64594907
416389796 64594907
416390299 64594907 416387388 48060150
416392060 48060150 416390299 64594907
416392704 64594907 416392060 48060150
416393449 jinmoli 416376638 64594907
416393812 64594907 416393449 jinmoli
416397948 jinmoli 416393812 64594907
416400629 64594907 416397948 jinmoli
416401782 jinmoli 416400629 64594907
416403277 64594907 416401782 jinmoli
416404944 jinmoli 416403277 64594907
416405809 64594907 416404944 jinmoli
416410773 jinmoli 416405809 64594907
416412503 64594907 416410773 jinmoli
416412712 jinmoli 416412503 64594907
416963942 64594907
417112149 64594907
417531534 64594907
418943271 64594907
418956250 newkimiboom 412258660 64594907
418965482 1757157
418965703 64594907 418943271 64594907
418966247 64594907 418965482 1757157
418966610 64594907 418966247 64594907
418968907 1757157 418966247 64594907
418970182 64594907 418968907 1757157
418985674 sophiejf
418990877 64594907 418985674 sophiejf
418997735 sophiejf 418990877 64594907
418998663 64594907 418997735 sophiejf
419017020 sophiejf 418998663 64594907
419019356 64594907 419017020 sophiejf
419255327 sophiejf 419019356 64594907
419260986 56358531
419264011 65745657
419269924 64594907 419260986 56358531
419272839 64594907 419264011 65745657
419273371 64594907 419255327 sophiejf
419275736 56475324
419276315 64594907 419275736 56475324
419276519 56475324 419276315 64594907
419278795 65745657 419272839 64594907
419528811 66870366
419544023 64594907
419546168 62525705
419552043 wendy_liu
419553630 wanzi1994
419568793 64594907 419553630 wanzi1994
419617574 28088228
419777540 64594907 419617574 28088228
419793517 28088228 419777540 64594907
419794957 64594907
420156327 64594907
420157248 64594907
420158296 64594907
420158775 64594907 420157248 64594907
420159341 Avenia
420159382 Avenia
420162927 64594907
420164340 64594907
412979270 55783343
412979397 55783343
412987236 66623439 412252868 64594907
413042379 nico_jiang 412891938 64594907
413045859 64594907 412979270 55783343
413045982 64594907 413042379 nico_jiang
413046520 64594907 412965696 Jinglepa
413047046 64594907 412942358 52029768
413047815 64594907 412978632 55783343
413048503 64594907 412978632 55783343
413052371 42495584
413054776 64594907 413052371 42495584
413054779 nico_jiang 413045982 64594907
413055152 64594907 412987236 66623439
413058229 64594907 413054779 nico_jiang
413087459 60701686 412032745 64594907
413088543 64594907
413130494 nico_jiang 413058229 64594907
413133682 64594907 413130494 nico_jiang
413170916 nico_jiang 413133682 64594907
413171698 64594907
413191443 65380671
413192209 2510124
413192615 64594907
413194154 64594907
413354789 42495584
413428624 64594907 413354789 42495584
413433338 2812420
413435835 64594907 413433338 2812420
413472500 64594907
413474928 Be1s1
413555491 64594907
413602127 58834383
413620313 enjoy199x
413628941 64594907 413620313 enjoy199x
413652363 47034094
413652784 47034094
413659628 enjoy199x 413628941 64594907
413671870 64594907
413673643 64594907 413652363 47034094
413716640 52029768 413047046 64594907
413717225 64594907 413716640 52029768
413740430 52029768 413717225 64594907
413746424 64594907 413740430 52029768
413809442 47034094 413673643 64594907
413894449 66642199
413948309 64594907 413894449 66642199
414064294 64594907
414064386 64594907 413809442 47034094
414066397 14406066
414068136 53403782
414070010 64594907 414068136 53403782
414070098 64594907 414066397 14406066
414241603 14406066 414070098 64594907
414278575 64594907 414241603 14406066
414397362 RanceYinYin 413048503 64594907
414401006 52356806
414482625 64594907 414397362 RanceYinYin
414499725 14406066 414278575 64594907
414500820 51289692
414518463 64594907 414500820 51289692
414519731 42495584
414531348 64594907 414519731 42495584
414587219 42495584 414531348 64594907
414612683 64594907 414587219 42495584
415198223 64594907
415339322 64594907
415342986 61229785
415344007 64594907 415342986 61229785
415346472 61229785
415373159 geminiwiwi
415392219 64594907 415346472 61229785
415393093 64594907 415373159 geminiwiwi
415409649 61229785 415393093 64594907
415409749 61229785
415463881 serpentv
415501936 64594907
415655719 64594907
415660634 61736832 411824422 64594907
415665829 64594907 415660634 61736832
415719862 61736832 415665829 64594907
415942815 geminiwiwi 415393093 64594907
415954184 64594907 415942815 geminiwiwi
415963600 cecilialovelife
415964903 64594907 415963600 cecilialovelife
415966485 53338068
416281050 64594907
416344999 66642199
416350045 64594907 416344999 66642199
416351054 rockicey
416351455 66642199 416350045 64594907
416354323 64594907 416351455 66642199
416354693 64594907 416351054 rockicey
416355173 58044830
416357270 rockicey 416354693 64594907
416358630 64594907 416357270 rockicey
416358779 64594907 416355173 58044830
416359262 luluxim
416360049 64594907 416359262 luluxim
416360079 luluxim 416358779 64594907
420169578 funny_520
420169583 64594907
420169972 40891098
420170129 64594907 420169578 funny_520
420171254 64594907 420169972 40891098
420172215 BOOKGG0
420175378 40891098 420171254 64594907
420178913 She1sSun
420182014 funny_520
420184782 64594907 420175378 40891098
420185124 64594907 420182014 funny_520
420185430 64594907 420178913 She1sSun
420185992 48952316
420217664 nico_jiang
420218529 64594907
