410817427 61890434
410817841 37675999
410818085 44161887
410818334 67139579
410818471 35750649
410818473 67001839 410817427 61890434
410818651 67001839 410817841 37675999
410818752 67001839 410818085 44161887
410819725 vison1986
410819849 61890434 410818473 67001839
410820417 37675999 410818651 67001839
410829236 67001839 410819725 vison1986
410829369 67001839
410845556 vison1986 410829236 67001839
410905567 44161887 410818752 67001839
410909020 46028894
410911089 48442471
411738417 67001839 410845556 vison1986
411738912 67001839 410905567 44161887
411739088 67001839 410909020 46028894
411739588 67001839 410911089 48442471
411742385 50180422
411743986 67001839 411742385 50180422
411744692 Dolphin_yu
411749636 67001839 411744692 Dolphin_yu
411751145 50180422 411743986 67001839
411788608 impedance
411790670 50940545
411791328 35750649
411803484 Dolphin_yu 411749636 67001839
411826553 lickerwang 411738417 67001839
411830712 67001839 411788608 impedance
411831418 67001839 411790670 50940545
411831424 impedance 411830712 67001839
411831555 67001839 411791328 35750649
411831693 67001839 411826553 lickerwang
411832569 67001839 411831424 impedance
411837704 lickerwang 411831693 67001839
411857548 46028894 411739088 67001839
411881120 59643484
411885610 impedance 411832569 67001839
411982795 50940545 411831418 67001839
412134145 44161887 411738912 67001839
412134348 65415761
412140723 45448194
412149000 pansycheng
412153627 K77777
412154214 vermoutha
412155214 misrbb
412162642 67001839 411837704 lickerwang
412162671 67001839 411857548 46028894
412162709 67001839 411881120 59643484
412162765 67001839 411885610 impedance
412162852 67001839 411982795 50940545
412162871 67001839 412134348 65415761
412162946 67001839 412134145 44161887
412162988 67001839 412140723 45448194
412163003 67001839 412153627 K77777
412163039 cherry_hata
412163080 67001839 412149000 pansycheng
412163097 67001839 412154214 vermoutha
412163147 67001839 412155214 misrbb
412163341 vermoutha 412163097 67001839
412163497 67001839 412163341 vermoutha
412163999 vermoutha 412163497 67001839
412167397 67001839 412163999 vermoutha
412167742 ragenee
412168976 erchee
412170958 homosapians
412172719 yanniyanni 411738912 67001839
412182682 67001839 412167742 ragenee
412182768 67001839 412168976 erchee
412183230 67001839 412170958 homosapians
412183559 67001839 412172719 yanniyanni
412185402 67001839 410818334 67139579
412185582 67001839 410818471 35750649
412186804 51953879
412187044 67001839 412186804 51953879
412187546 51953879 412187044 67001839
412188928 63525159
412189863 67001839 412187546 51953879
412190879 51953879 412189863 67001839
412190890 67001839 412188928 63525159
412191517 67001839 412190879 51953879
412196279 homosapians 412183230 67001839
412202695 67001839
412206294 homosapians 412202695 67001839
412207612 homosapians
412214311 67001839 412207612 homosapians
412260681 pansycheng 412163080 67001839
412524999 67001839 412260681 pansycheng
412637148 pansycheng
412637793 laalaalaa
