410963106 50811004
410963348 bignoodle
410964444 cloko
410966109 cloko
410966771 41801403
410967346 hyde666gackt
410967551 3488038
410968633 cloko
410968860 cloko 410967551 3488038
410970350 boingboing
410970887 cloko
410972975 cloko
410974637 cloko
410976187 35278788
410976295 35278788
410977373 cloko
410978296 smile_lyy
410978301 croyn
410978406 cloko
410979127 cloko
410979408 xiehuayingxhy
410979641 2391133
410980728 wangmin2wangmin
410980748 changbai
410981460 35278788
410981957 youfengtang
410982800 bignoodle
410982877 cloko
410983665 cloko
410983904 47772985
410984347 gg871103 410983665 cloko
410984767 51249020
410984828 gaodabing
410985062 35278788
410985279 agathayi
410985794 52141455
410986662 cloko 410985794 52141455
410986828 cloko 410985062 35278788
410987061 cloko
410987215 58224143
410987657 64374283
410988332 xiehuayingxhy
410988521 60692929
410989821 njsunjing
410990761 58461881
410991353 cloko
410992278 1925789 410982877 cloko
410994848 startravel
410996009 isaachcy
410996896 cloko
410997326 ugly3640
411000522 sanner333
411000596 cloko
411001293 6801605
411001724 63365896
411002201 cloko
411003041 yvetteee
411003621 60692929
411004087 60692929
411004384 47772985
411004871 cloko 410992278 1925789
411006157 54968086
411007781 cloko
411009521 muyoushenme
411009988 48285983
411010006 muyoushenme
411010778 cloko
411012624 43917205
411014364 cloko
411014898 tomatoNpotato
411015260 haishini47
411015330 1925789
411016407 49573386
411019159 tomatoNpotato
411024572 cloko
411025633 47772985
411026329 cloko
411026962 1925789
411030065 3796092
411031090 58953536
411031189 55941392
411031460 cloko
411032196 55941392
411033936 3488038
411034681 45449118
411034736 47772985
411035292 cloko 411032196 55941392
411035637 3488038
411036082 cloko 411033936 3488038
411036634 39739448
411037103 cloko 411035637 3488038
411037831 cloko
411037866 HUANGHUI17BAN
411038158 cloko 411034736 47772985
411038724 56844349
411039743 cloko 411037866 HUANGHUI17BAN
411039790 44475729
411040297 44475729
411040548 55941392 411035292 cloko
411041012 6917514
411317769 2910558
411319327 34090878
411319643 cloko
411320818 tomatoNpotato
411320845 1925789
411323098 troytian
411323246 troytian
411325735 cloko
411328549 cloko
411329946 whereislaser
411330160 loveandpoison
411331613 40899520
411332755 48507881
411332994 48258613
411333053 moonjazz
411334517 jiangjiang10
411336570 cloko
411337701 qqmomo
411339013 cloko 411333053 moonjazz
411339384 melzy
411339487 jiangjiang10
411340366 2910558
411342573 cloko
411343632 51377096
411343817 qqmomo
411344098 qqmomo
411344464 cloko
411345828 62805644
411350321 cloko
411350732 jiangjiang10
411352028 jiangjiang10
411352946 49213643
411352969 moonjazz 411339013 cloko
411353467 1925789
411353992 cloko
411354395 cloko 411352969 moonjazz
411355205 28209631
411356369 cloko
411360821 cloko
411362476 53891400
411362574 littlesheep1222
411362990 tomatoNpotato
411363115 49213643 411354395 cloko
411364369 3054972
411365325 57601145
411365505 cloko 411363115 49213643
411374168 40899520
411385037 48014888
411401475 Mellin
411423232 58979932
411428813 59094963
411430720 49929523
411434412 52381346
411494535 LYCIA49
411525527 64374283
411526834 39842242 411003621 60692929
411528660 39842242
411533124 60692929 411526834 39842242
411578349 38782377
412138981 3488038
412139279 3488038
412140097 ZDeer
412706031 ninjaren 412139279 3488038
412724643 BABJ
412817788 3488038
412928867 45542137
412937071 lowdens
414378213 46490825
414395937 aaaaacqa 410970887 cloko
414408820 13084040
418224873 54772441
418246491 grizzlybears 410982877 cloko
411041079 limseulong
411041193 6917514
411041519 37472433
411042459 fishy1973
411042524 44475729
411043058 61132009
411043985 34665454
411044241 44475729
411045367 cloko 411039790 44475729
411047047 44475729
411048053 cloko 411047047 44475729
411048966 60150262
411049239 60150262
411050356 48330115
411052358 clavicle7
411054074 ixierduo
411054251 43120849
411054386 57053341
411056826 cloko 411054074 ixierduo
411057387 4712834
411059540 2216539
411059671 46116510
411060245 35278788
411061366 53698079
411064395 zhou.sb
411064596 ixierduo 411056826 cloko
411064629 ixierduo 411056826 cloko
411082980 1925789
411086261 zimei
411086590 Orange_Nation
411090828 34090878
411090972 hq-happy
411091842 55993588
411094970 57214849
411136842 cloko 411090828 34090878
411141188 cloko 411082980 1925789
411142086 luoziqing
411144868 nancy.chang
411146385 cloko
411147601 38782377
411149448 cloko
411150666 cloko 411147601 38782377
411151234 44475729
411151811 50825880
411152147 44475729
411154169 shinnodoo
411157478 baoduer
411157486 cloko 411151234 44475729
411163119 34686253
411179904 66402071
411184435 33669001
411193441 60692929
411201064 46166647
411207645 qqmomo
411213062 changbai
411215339 38782377 411150666 cloko
411218588 55741490 411146385 cloko
411219843 55741490 411215339 38782377
411221294 55741490 411157486 cloko
411225232 cloko
411227497 cloko
411228466 43947019
411230111 cloko
411236203 troytian
411236997 8460699
411239995 cloko
411244078 cloko
411245748 cloko
411246649 troytian
411248109 dearCharlane
411248398 cloko
411250910 48110434
411252447 cloko 411250910 48110434
411254325 cloko
411255131 38924507
411258645 cloko
411264597 cloko
411267907 cloko
411270494 cloko
411272349 cloko
411272614 Cdude
411278810 2910558
411279215 cloko
411281031 cloko
411281603 tomatoNpotato
411282584 cloko 411281603 tomatoNpotato
411300309 1925789
411303105 cloko 411300309 1925789
411304860 melzy
411305848 cloko
411308843 cloko
411309421 1955003
411310641 cloko
411311032 48507881 411004871 cloko
411314656 cloko
411315272 melzy
411317130 cloko 411311032 48507881
411317444 2910558
411317568 52412280
411317686 52412280
