410953294 magic.rhythm
410953381 48218002
410953511 IwantFree
410953717 3717992
410954002 52566898
410954272 45119625
410954406 52566898
410954501 60798504
410955152 MisaL
410955580 Michelle_Han
410955765 Michelle_Han 410955152 MisaL
410957263 62088998
410957506 52566898
410957529 nyebat
410958499 52566898
410973847 52566898
410974409 52566898
410975207 happytoy1986
410975573 55998310
410976202 41846499
410981158 52566898
410986234 51774408
410986432 57729976
410988072 L0ve-zL
410988826 64374283
410989677 64374283
410997242 52566898
411100425 my774880647
411100585 Nephila
411100702 39686421
411160660 mdhr
411161890 46402442
411183721 64730556
411184676 51799811
411188987 52566898
411193440 zililynn
411195029 64374283
411196424 32446893
411203324 51799811 411188987 52566898
411216680 52566898 411203324 51799811
411216754 52566898 411196424 32446893
411216916 52566898 411183721 64730556
411217076 52566898 410953294 magic.rhythm
411217185 52566898 410953717 3717992
411217259 52566898 410954272 45119625
411217401 52566898 410954501 60798504
411217485 52566898 410955580 Michelle_Han
411217609 50940545
411217708 52566898 410957263 62088998
411217816 airwalk-stef
411217888 52566898 410975207 happytoy1986
411218042 nansila
411218043 59627608
411218058 52566898 410976202 41846499
411218279 52566898 410986234 51774408
411218339 14733012 410953381 48218002
411218566 52566898 410988826 64374283
411218812 52566898 411100425 my774880647
411219005 52566898 410986432 57729976
411219366 52566898 410988072 L0ve-zL
411219547 52566898 411100585 Nephila
411219844 52566898 411100702 39686421
411219917 52566898 411160660 mdhr
411220010 52566898 411161890 46402442
411220415 52566898 411183721 64730556
411220553 52566898 411193440 zililynn
411220722 52566898 411217609 50940545
411220889 52566898 411217816 airwalk-stef
411220965 52566898 411218042 nansila
411221362 52566898 411218043 59627608
411222793 dearednayun
411222878 2195894
411224994 eand
411226585 52566898 411224994 eand
411226821 52566898 411222793 dearednayun
411227032 52566898 411222878 2195894
411227441 64374283
411227693 64374283
411227971 littlelemonhead
411233400 52566898 411227441 64374283
411233506 52566898 411227971 littlelemonhead
411238135 L0ve-zL 411219366 52566898
411239190 Michelle_Han 410957506 52566898
411239411 Kid-Murder
411241887 51799811 411216680 52566898
411243316 bearyaa
411244305 knnnn
411244788 51581451
411244970 qiqi0725 411193440 zililynn
411245069 summersibei
411245154 51778838
411249003 52566898 411241887 51799811
411249166 52566898 411244305 knnnn
411249393 52566898 411244788 51581451
411249528 52566898 411245154 51778838
411249849 janeenchen
411252153 50940545
411252939 knnnn 411249166 52566898
411253098 52566898 411252153 50940545
411253299 52566898 411252939 knnnn
411253341 50811004
411253490 Hey-Hey
411253552 52566898 411253490 Hey-Hey
411254332 warmtoday 411253299 52566898
411254446 warmtoday 411253299 52566898
411254554 50940545 411253098 52566898
411256610 zililynn 411220553 52566898
411264031 52566898 411254446 warmtoday
411264250 52566898 411254554 50940545
411266184 67046459
411268001 50940545 411264250 52566898
411268090 51445012
411268391 52566898 411268001 50940545
411268452 52566898 411268090 51445012
411268655 51445012 411268452 52566898
411275314 61939288
411276735 lisacat
411279110 32430755
411280393 48957874
411283987 52566898
411286254 52566898
411295381 4540622
411299428 58075020
411300263 58415886
411300333 58415886 411300263 58415886
411301550 yumengdou
411335794 3717992
411447041 eillen-han
411481151 sleephere
411481546 62506798
411482676 23502104
411543427 candy8822
411543509 candy8822
411588069 Morning.glory
411632814 40100310
411657828 losingway
411658442 4596707
411658765 weixiaoyijiu
411662713 52566898
411999037 52566898
412002485 always3minutes
412006457 joxy
412009154 56857607
412072886 52566898
412116452 wangsaosao
412121008 60493071
412121231 60493071
412305250 CCCCCCrazy
412374157 52655417
412374624 littleer
412513185 52566898 411268090 51445012
412513350 52566898 411276735 lisacat
412513685 52566898 411295381 4540622
412513971 52566898 411299428 58075020
412514102 52566898 411299428 58075020
412514556 52566898 411335794 3717992
412514730 52566898 411447041 eillen-han
412514876 52566898 411481546 62506798
412514975 52566898 411482676 23502104
412515091 3085350 410953717 3717992
412515142 52566898 411543427 candy8822
412515256 52566898 411588069 Morning.glory
412515337 PoooZz
412515475 62656441
412515510 ann0518
412515797 52566898 411632814 40100310
412515952 52566898 411658442 4596707
412516083 52566898 412002485 always3minutes
412516281 52566898 412006457 joxy
412516427 52566898 412121008 60493071
412516528 52566898 412116452 wangsaosao
412516691 52566898 412009154 56857607
412516907 52566898 412305250 CCCCCCrazy
412517111 52566898
412517317 52566898 412515337 PoooZz
412517450 65745657
412517491 52566898 412515475 62656441
412517811 52566898 412517450 65745657
412519016 52566898 411280393 48957874
412519718 65745657 412517811 52566898
412521533 52566898 412519718 65745657
412521712 56867363 410954002 52566898
412522903 52566898 412521712 56867363
412524030 65745657 412521533 52566898
412524177 56867363 412522903 52566898
412524380 19718718
412525075 52566898 412524177 56867363
412525136 joxy 412516281 52566898
412525275 52566898 412524030 65745657
412525352 52566898 412525136 joxy
412525545 52566898 412524380 19718718
412525607 56867363 412525075 52566898
412525880 sandsaysusan
412525903 65479640 410958499 52566898
412526141 52566898 412525607 56867363
412526909 52566898 412525880 sandsaysusan
412526975 56867363 412526141 52566898
412527394 51040880
412527495 52566898 412525903 65479640
412527594 52566898 412526975 56867363
412527851 52566898 412527394 51040880
412527948 56867363 412527594 52566898
412528083 52566898
412528318 52566898 412527948 56867363
412529089 queer2
412529579 52566898 412529089 queer2
412529767 queer2
412531106 52566898 412529767 queer2
412533351 51445012 412513185 52566898
412572546 sandsaysusan
412574738 4690389
412583068 40100310
412610157 52566898
412666913 46274191
412672852 1256699
412675975 61643466
412687248 48957874 412519016 52566898
412695700 52566898
412744174 PoooZz 412517317 52566898
412745051 52209890
412761801 62920985
412762537 43730670
412826985 62506798 412514876 52566898
413037786 23502104 412514975 52566898
413070279 49777703
413070530 39429434
413073362 27280185
413473695 52566898 412826985 62506798
413474129 52566898 412574738 4690389
413474233 52566898 412583068 40100310
413474738 52566898 412666913 46274191
413475074 52566898 412761801 62920985
413475263 52566898 412761801 62920985
413475352 52566898 412762537 43730670
413477969 hanhancool 411217816 airwalk-stef
413480521 52566898 413477969 hanhancool
413482430 51287016
413483013 zuoxiaobao
413483689 52566898 413482430 51287016
413484649 alice_nano
413485772 52566898 413484649 alice_nano
413486878 49366628
413488755 alice_nano 413485772 52566898
413489351 52566898 413488755 alice_nano
413489612 youcom
413506977 alice_nano 413489351 52566898
413514767 52566898 413489612 youcom
413515818 56031597
413522802 52566898 413515818 56031597
413564575 46274191 413474738 52566898
413615286 hanhancool 413480521 52566898
413628482 14305300
413800887 62920985 413475074 52566898
414144552 56914776
414405977 52566898 413564575 46274191
414407051 52566898 413615286 hanhancool
414407320 52566898 414144552 56914776
414461079 freakingkid
414636518 52566898 414461079 freakingkid
