411338541 52833555
411338875 63111055
411340534 polarisblue 411338541 52833555
411340855 polarisblue 411338875 63111055
411341155 66980917
411341338 jshi
411341653 polarisblue 411338541 52833555
411341741 60287503
411341787 35819210
411341925 polarisblue 411341338 jshi
411342319 polarisblue 411341155 66980917
411343344 3509924
411344047 changancheng
411344181 44700431
411344817 polarisblue 411344181 44700431
411345269 44700431
411345546 52833555
411345662 35086722
411345883 44700431
411345899 polarisblue 411344047 changancheng
411346136 caerdarrow
411346376 44700431 411346136 caerdarrow
411346674 polarisblue 411345662 35086722
411346831 polarisblue 411346136 caerdarrow
411346965 51765695
411347249 polarisblue 411345546 52833555
411347289 dddidadi
411347794 polarisblue 411347289 dddidadi
411348228 polarisblue 411346965 51765695
411348842 51765695
411348925 weweforthetime
411349112 byyyyyys
411349121 qizhinei
411349307 37675999
411349586 44700431
411349966 akaluna
411350073 54470430
411350465 polarisblue 411349112 byyyyyys
411351129 66469772
411351326 polarisblue 411350073 54470430
411352276 polarisblue 411351129 66469772
411352594 54470430 411351326 polarisblue
411352600 2987152
411352756 polarisblue 411349586 44700431
411353194 1969797
411353719 61291666
411354421 polarisblue 411352594 54470430
411355295 52833555 411347249 polarisblue
411355395 polarisblue 411349121 qizhinei
411355801 36977670
411356120 polarisblue 411353719 61291666
411356708 polarisblue 411355801 36977670
411356730 44700431 411352756 polarisblue
411357438 54470430 411354421 polarisblue
411358487 52473550
411359852 43265322 411340534 polarisblue
411361177 polarisblue 411357438 54470430
411362226 khailifong
411363035 polarisblue 411359852 43265322
411363579 54470430 411361177 polarisblue
411363694 56707104 411361177 polarisblue
411366407 polarisblue 411363694 56707104
411500465 61190916
411502039 47733314
411502056 polarisblue 411500465 61190916
411502178 61190916 411502056 polarisblue
411508465 xoxxooxxoxxxxox
411508833 67042062
411509285 62054362
411510109 polarisblue 411508465 xoxxooxxoxxxxox
411510825 polarisblue
411511120 polarisblue 411508833 67042062
411511177 42115610
411511451 62054362 411510825 polarisblue
411511886 polarisblue 411511177 42115610
411512260 58174737
411512393 42115610 411511886 polarisblue
411512834 61834425
411512847 67042062 411511120 polarisblue
411517132 polarisblue 411512847 67042062
411517687 66215239
411517873 66215239
411614693 35127708
411614883 65388326 411345662 35086722
411848788 yingshu8587
411853105 51023930
411924915 58268804 411349112 byyyyyys
411954919 dddidadi 411347794 polarisblue
412075749 63160544
412077677 smartshirley
412082818 smartshirley
412085797 wkwangke
412089302 47880451
412392384 polarisblue 412077677 smartshirley
412392733 polarisblue 412082818 smartshirley
412393299 polarisblue
412395033 50545152
412395644 polarisblue 411954919 dddidadi
412395663 50545152
412417375 61328274 411351129 66469772
412453301 polarisblue
