411335833 lovelyyuchen
411336522 42066452 411335833 lovelyyuchen
411336674 54713564
411337253 42066452 411336674 54713564
411337576 zhen218win
411337964 huozhaieve
411338243 42066452 411337576 zhen218win
411338888 lovelyyuchen
411338899 42066452 411337964 huozhaieve
411338962 47998084
411339457 42066452 411338888 lovelyyuchen
411339669 42066452 411338888 lovelyyuchen
411339823 huozhaieve 411338899 42066452
411339989 42066452 411338962 47998084
411340120 42066452 411339823 huozhaieve
411341822 lovelyyuchen 411339669 42066452
411342217 42066452 411341822 lovelyyuchen
411342580 kid99 411341822 lovelyyuchen
411342834 1157509
411343577 42066452
411343594 58572139
411343797 42066452 411342834 1157509
411343951 42066452 411343594 58572139
411343981 58914708
411345007 42066452 411343981 58914708
411345428 54713564 411343951 42066452
411345675 sarahshady
411345870 42066452 411345428 54713564
411346041 42066452 411345675 sarahshady
411346736 arthurkaka
411346908 58899723
411346971 58914708
411347518 63311932 411343577 42066452
411347535 42066452 411346736 arthurkaka
411347943 42066452 411346908 58899723
411348397 42066452 411346971 58914708
411349102 chsyeniu
411349309 58914708 411348397 42066452
411350006 42066452 411349102 chsyeniu
411350490 chsyeniu 411350006 42066452
411350495 42066452
411351014 42066452 411350490 chsyeniu
411351357 58914708 411350495 42066452
411351434 50180422
411351529 58914708
411351691 42066452 411351434 50180422
411351811 42066452 411351529 58914708
411352223 50180422 411351691 42066452
411353024 42066452 411352223 50180422
411353335 66469772
411353371 58914708 411351811 42066452
411353665 chsyeniu
411354601 babyshang
411355017 42066452 411353335 66469772
411355236 42066452 411353371 58914708
411355553 66469772
411355673 58914708 411355236 42066452
411355999 acid
411356138 42066452 411353665 chsyeniu
411356324 58914708
411356614 42066452 411355553 66469772
411356757 chsyeniu
411356958 42066452 411355999 acid
411357188 42066452 411356324 58914708
411357315 55809728
411357464 acid
411357945 qiyanzhibai
411358188 49807584
411358231 58914708 411357188 42066452
411358415 shujiye
411358668 bywalkman
411358761 42066452 411356757 chsyeniu
411359229 4837269
411359290 42066452 411357315 55809728
411359417 42066452 411357464 acid
411359608 59708885
411359658 42066452 411357945 qiyanzhibai
411359865 42066452 411358415 shujiye
411360219 42066452 411359229 4837269
411360366 66469772 411356614 42066452
411360785 42066452 411359608 59708885
411361022 42066452 411360366 66469772
411361652 33154051
411361726 58914708
411361743 chsyeniu
411362144 naver
411362205 42066452 411361652 33154051
411362373 42066452 411361726 58914708
411362560 59708885
411362644 42066452 411361743 chsyeniu
411362739 58914708 411362373 42066452
411362817 42066452 411362144 naver
411363007 66908651
411363204 42066452 411362560 59708885
411363416 42066452 411362739 58914708
411363571 chsyeniu
411363780 qiyanzhibai
411363831 42066452 411363007 66908651
411363937 58914708 411363416 42066452
411364022 58914708
411431063 66086957
411431371 okiasa
411431531 42066452 411431063 66086957
411431853 42066452 411431371 okiasa
411432428 okiasa
411437449 kittyhomes
411439876 52306214
411461972 zumengyu
411462595 62546587 411347943 42066452
411462769 47191120
411463167 keaner
411466887 nodamelovejogi
411468425 48314832
411484927 1157509 411347535 42066452
411488691 56715213
411489947 37675999
411495765 motivanectarine
411497454 zhen218win 411338243 42066452
411513314 42066452 411432428 okiasa
411513508 42066452 411437449 kittyhomes
411513953 42066452 411439876 52306214
411514376 42066452 411461972 zumengyu
411514588 42066452 411462769 47191120
411514703 42066452
411514988 48314832 411514703 42066452
411515188 42066452 411488691 56715213
411515493 42066452
411516249 56715213 411515188 42066452
411519393 37675999 411515493 42066452
411519648 42066452 411495765 motivanectarine
411519989 42066452 411514988 48314832
411520200 42066452 411484927 1157509
411520621 42066452 411466887 nodamelovejogi
411520957 42066452 411516249 56715213
411521377 56996764
411521413 42066452 411519393 37675999
411522364 42066452 411521377 56996764
411524371 shwa518
411524377 41023185
411524547 shwa518
411524972 42066452 411524371 shwa518
411525109 42066452 411524377 41023185
411525680 48314832 411519989 42066452
411525927 48314832
411526204 41023185 411525109 42066452
411526473 41023185 411525109 42066452
411526506 aiyunque
411526557 42066452 411525680 48314832
411526687 48898575
411526795 48314832 411526557 42066452
411526828 42066452 411525927 48314832
411527087 42066452 411526473 41023185
411527295 42066452
411529254 62039135
411530067 42062652
411530075 42062652
411530722 42066452 411529254 62039135
411536013 okiasa 411513314 42066452
411536398 nodamelovejogi
411537531 41023185 411527087 42066452
411538551 57656511
411538603 48314832 411526828 42066452
411539820 42066452
411539988 42066452 411536398 nodamelovejogi
411540165 42066452 411538551 57656511
411540630 42066452 411538603 48314832
411540676 jinran113 411338243 42066452
411540915 57656511
411541279 okiasa 411539820 42066452
411542586 42066452 411541279 okiasa
411542969 42066452
411543231 42066452 411540915 57656511
411545577 3818567
411545865 48314832 411540630 42066452
411546211 3547622
411547261 42066452 411546211 3547622
411552156 okiasa 411542586 42066452
411560757 52306214 411513953 42066452
411590111 42066452
411592635 VOV-baby
411595356 42066452
411617388 VOV-baby 411513953 42066452
411621456 57656511 411543231 42066452
411623314 60042523
411640997 42066452
411641205 42066452 411623314 60042523
411643450 VOV-baby 411640997 42066452
411646011 42066452
411647701 VOV-baby 411646011 42066452
411649151 xiaopenpen
411650308 56232079 411343577 42066452
411650809 2651909
411653427 56232079 411360785 42066452
411656798 56232079
411656926 42066452
411657326 42066452 411650308 56232079
411657439 42066452 411653427 56232079
411657955 42066452 411650809 2651909
411658353 42066452 411656798 56232079
411658478 ss0305dd0812
411658526 ss0305dd0812
411658813 dianboxibinv
411660070 56232079
411665338 42066452 411660070 56232079
411673622 56232079 411665338 42066452
411674536 42066452 411673622 56232079
411678210 56232079 411674536 42066452
411678782 56232079 411678210 56232079
411680356 42066452 411678782 56232079
411682027 56996764
411682048 52797073
411683880 42066452 411682027 56996764
411684195 42066452 411682048 52797073
411685975 52797073 411684195 42066452
411687419 42066452 411685975 52797073
411688719 56996764 411683880 42066452
411689149 42066452 411688719 56996764
411689249 49571367
411689571 42066452 411689249 49571367
411699863 56996764 411689149 42066452
411700301 42066452 411699863 56996764
411701937 56996764 411700301 42066452
411708170 42066452 411701937 56996764
411708488 ahanjing
411709121 42066452 411708488 ahanjing
411709349 nianzu
411709617 42066452 411709349 nianzu
411713783 silencecry
411720201 zzmanbaby
411721689 42066452 411713783 silencecry
411721825 42066452 411720201 zzmanbaby
411722617 wiwi.
411725060 42066452 411722617 wiwi.
411725516 acid
411725833 42066452 411725516 acid
411726044 acid
411726124 53912562
411726697 42066452 411726044 acid
411726908 42066452 411726124 53912562
411727307 53912562 411726908 42066452
411727620 wiwi. 411725060 42066452
411728605 acid
411728802 42066452 411727307 53912562
411729310 42066452 411728605 acid
411729661 acid 411729310 42066452
411729839 53912562 411728802 42066452
411730144 59634835
411731244 58824428
411737231 ahanjing 411709121 42066452
411737319 48797623
411740581 jayee_
411743562 67298891
411744163 50180422 411353024 42066452
411750741 ternayark
411760183 64559292
411835731 42066452 411727620 wiwi.
411836814 42066452 411729839 53912562
411837683 42066452 411730144 59634835
411838002 42066452 411737231 ahanjing
411838526 42066452 411737319 48797623
411839645 3564168
411839965 42066452 411743562 67298891
411840235 42066452 411744163 50180422
411840552 42066452
411843332 42066452 411760183 64559292
411843723 42066452 411839645 3564168
411846751 wiwi. 411835731 42066452
411851111 42066452 411846751 wiwi.
411854694 41023185 411721689 42066452
411855187 41023185 411728802 42066452
411855599 42066452 411854694 41023185
411855915 42066452 411855187 41023185
411855964 50395720 411854694 41023185
411856204 42066452 411855964 50395720
411856615 50395720
411856727 50395720 411856204 42066452
411856949 41023185 411855599 42066452
411857039 42066452 411856615 50395720
411857200 42066452 411856727 50395720
411857277 41023185 411855915 42066452
411857590 41023185 411855964 50395720
411858185 42066452 411857277 41023185
411858265 37675999 411657955 42066452
411858460 37675999
411858662 50395720 411857039 42066452
411859735 42066452
411860548 millayQ
411860782 42066452 411858662 50395720
411860884 31837817 411338899 42066452
411861061 42066452 411860548 millayQ
411861800 2276601
411862567 37675999
411862727 42066452
411863339 42066452 411861800 2276601
411864036 41023185
411864448 42066452
411864897 42066452 411864036 41023185
411867329 41023185 411864897 42066452
411868028 55961364
411868460 42066452 411867329 41023185
411364233 59708885
411364488 42066452 411363571 chsyeniu
411364965 chsyeniu 411364488 42066452
411365332 illkid99 411338243 42066452
411365353 42066452 411363780 qiyanzhibai
411365857 42066452 411364233 59708885
411366126 42066452 411363937 58914708
411366657 42066452 411364965 chsyeniu
411366693 59708885
411366900 42066452 411365332 illkid99
411367112 58914708 411366126 42066452
411367182 czy713
411367275 qiyanzhibai
411367999 42066452 411366693 59708885
411368390 59708885 411367999 42066452
411368465 42066452 411367112 58914708
411369093 42066452 411367182 czy713
411369540 42066452
411369713 42066452 411368390 59708885
411369941 62153405
411370024 59708885 411369713 42066452
411370107 67139579
411370240 41882343
411371093 42066452 411369941 62153405
411371114 59321315
411371337 42066452 411370107 67139579
411371767 42066452 411370024 59708885
411372153 42066452 411370240 41882343
411372764 56996764
411373405 59708885 411371767 42066452
411373689 violanta
411373895 59708885 411371767 42066452
411374208 1969797
411374371 42066452 411372764 56996764
411374422 gant
411374525 42066452 411373689 violanta
411374827 42066452 411373895 59708885
411375742 59708885 411374827 42066452
411376416 42066452
411376456 62153405 411371093 42066452
411376528 lovellysusu
411376575 56996764 411374371 42066452
411377405 42066452 411374422 gant
411377754 42066452 411375742 59708885
411377969 42066452 411376456 62153405
411378237 42066452 411376528 lovellysusu
411378355 42066452 411376575 56996764
411379576 51186887
411379816 52038416
411379948 42066452 411379576 51186887
411380127 42066452 411379816 52038416
411382961 1969797
411383631 42066452
411383811 1969797
411385421 50395720
411385616 58914708 411378355 42066452
411385652 lemon1121
411387370 42066452 411385421 50395720
411387492 42066452 411385616 58914708
411387640 42066452 411385652 lemon1121
411387912 lemon1121 411387640 42066452
411388730 50395720 411387370 42066452
411389573 59708885 411377754 42066452
411390817 42066452 411387912 lemon1121
411391042 42066452 411388730 50395720
411391638 lemon1121 411390817 42066452
411392353 nianzu
411392660 42066452 411391638 lemon1121
411392912 42066452 411392353 nianzu
411394188 lemon1121 411392660 42066452
411394376 51186887
411395487 42066452 411394376 51186887
411395795 52467095
411396384 42066452 411395795 52467095
411400931 violanta 411374525 42066452
411401100 ddding1108
411409582 42014710
411410386 42066452 411409582 42014710
411412908 42066452
411413108 silencecry
411413940 66779704
411414229 42066452 411413108 silencecry
411414342 42066452 411413940 66779704
411414992 silencecry
411415378 42066452 411414992 silencecry
411416635 silencecry
411419445 1461156 411372153 42066452
411422668 41023185
411422909 1461156
411423481 42066452 411422668 41023185
411424197 42066452 411422909 1461156
411424373 yaodafa
411424518 42066452 411424373 yaodafa
411425974 36008787
411426687 42066452 411425974 36008787
411427884 67036679
411428040 67036679
411428985 42066452 411427884 67036679
411429017 50811004
411429166 42066452 411427884 67036679
411869361 41023185 411868460 42066452
411870086 42066452 411869361 41023185
411870773 41023185 411870086 42066452
411877825 50395720 411857200 42066452
411878397 50395720 411857590 41023185
411878933 50395720 411860782 42066452
411878941 61391703
411882036 31837817
411882344 53912562 411836814 42066452
411882874 42066452 411878933 50395720
411885841 42066452
411886140 42066452 411878397 50395720
411886982 42066452 411882344 53912562
411887437 58897463
411891752 42066452 411887437 58897463
411895064 2276601 411863339 42066452
411895925 42066452 411895064 2276601
411897982 no4loco
411898437 no4loco
411899129 58897463 411891752 42066452
411902199 2276601 411895925 42066452
411906998 42066452 411897982 no4loco
411925332 50395720 411882874 42066452
411930664 xiaozhoushizhu
411942689 42066452 411925332 50395720
411942921 42066452 411930664 xiaozhoushizhu
411943567 xiaozhoushizhu 411942921 42066452
411944411 57436077
411945433 42066452 411943567 xiaozhoushizhu
411945825 42066452 411944411 57436077
411949271 ternayark 411840552 42066452
411951834 xiaozhoushizhu
411952786 42066452 411949271 ternayark
411953185 42066452 411951834 xiaozhoushizhu
411953595 xiaozhoushizhu 411953185 42066452
411954426 31837817
411954859 42066452 411953595 xiaozhoushizhu
411955143 xiaozhoushizhu 411954859 42066452
411957002 42066452
411957568 31837817
411960988 42066452
411962608 31837817 411960988 42066452
411969441 57436077 411945825 42066452
411987894 49571367 411689571 42066452
411997703 43999135
412001747 42066452 411997703 43999135
412045469 53912562 411886982 42066452
412048140 42066452 412045469 53912562
412049044 astrolibrafeng
412050895 42066452 412049044 astrolibrafeng
412053029 dayup
412054231 42066452 412053029 dayup
412057103 astrolibrafeng
412058906 43999135 412001747 42066452
412059304 astrolibrafeng
412059975 no4loco 411906998 42066452
412061611 42066452 412058906 43999135
412064226 42066452 412059304 astrolibrafeng
412064586 42066452
412072872 EveNotended
412077628 50623408
412090795 jjcarolyn0609
412090937 no4loco 412064586 42066452
412092631 renatelli 412064586 42066452
412093666 47034094
412094650 57967083
412095527 42066452 412072872 EveNotended
412095810 42066452 412090795 jjcarolyn0609
412099217 42066452 412092631 renatelli
412099387 42066452 412094650 57967083
412114799 astrolibrafeng
412118305 42066452
412133145 thomastyler
412134549 42066452 412133145 thomastyler
412151028 1800785 412064586 42066452
412180963 hhtytgfgg
412189268 4261340
412196240 50392904
412197103 MonkeyET
412197887 41001358
412197973 shinji923
412202706 thomastyler 412134549 42066452
412209237 thomastyler 412197973 shinji923
412209326 47867892
412221539 42066452 412180963 hhtytgfgg
412222252 42066452 412151028 1800785
412223676 42066452 412189268 4261340
412223951 42066452 412197973 shinji923
412224299 sweetman 411380127 42066452
412225482 42066452 412202706 thomastyler
412225714 42066452 412224299 sweetman
412226119 42066452 412196240 50392904
412226263 42066452 412197103 MonkeyET
412226618 4261340
412228094 42066452 412226618 4261340
412229630 61610613
412235293 sweetman 412225714 42066452
412236515 shinji923
412236685 l66556566
412238940 42066452 412235293 sweetman
418900849 42066452
418901252 42066452
418911468 50860851
418913243 42066452 418911468 50860851
418915257 my2name
418916096 50860851
418917959 42066452 418915257 my2name
418918386 42066452 418916096 50860851
418920994 50860851 418918386 42066452
418921484 42066452 418920994 50860851
418922263 ivylazy
418923436 jesx
418923507 4264603
418924748 50860851 418921484 42066452
418924991 42066452 418923436 jesx
418925273 50860851 418923507 4264603
418925535 42066452 411546211 3547622
418926015 42066452 418923507 4264603
418926347 4264603
418954375 sleepwithoutdre 418900849 42066452
418962518 jesx
418985491 42066452
418986285 42066452 418962518 jesx
418993495 53529244
418994435 42983421
418994518 pima_y
418995379 42066452 418993495 53529244
418996809 42066452 418994435 42983421
418997614 1099682
418997791 42066452
418998291 42066452 418997614 1099682
418998528 52207338
418999369 42066452 418998528 52207338
419000639 58546162
419001004 pima_y
419003321 42066452
419004424 3282142
419005009 42066452 419004424 3282142
419006328 53529244
419006905 42066452 419006328 53529244
419009722 53529244 419006905 42066452
419011069 42066452 419009722 53529244
419011510 42983421
419019050 53529244 419011069 42066452
419021605 pima_y
419066136 1767046
419070710 42066452 419066136 1767046
419071676 48194734
419072780 46482368
419074810 chengzidouban
419126123 59321315
419140161 42066452 419071676 48194734
419140541 42066452 419072780 46482368
419143214 tattoo4747
419148566 W.A.MOZART
419162143 ciweiguliang
419163908 46482368 419140541 42066452
419165057 42066452 419148566 W.A.MOZART
419165429 42066452 419163908 46482368
419167712 W.A.MOZART
419168255 42066452 419167712 W.A.MOZART
419170019 W.A.MOZART 419168255 42066452
419195144 lovellll
419294798 42066452 419195144 lovellll
419372068 lebuny 411461972 zumengyu
419379682 zumengyu 419372068 lebuny
419382548 42066452 419379682 zumengyu
419386203 zumengyu
419448489 50690801 418916096 50860851
419551627 50860851 419448489 50690801
419563479 57321207
419571725 42066452 419563479 57321207
419574190 57321207 419571725 42066452
419584572 gracieyun 411380127 42066452
419586809 pryo
419703532 42066452 419586809 pryo
419703746 42066452 419584572 gracieyun
419723321 59321315
412652391 zyzsunny
412663002 56232079
412669268 59321315
412675098 46828986
412689978 42066452 412663002 56232079
412690411 42066452 412652391 zyzsunny
412692654 56232079 412689978 42066452
412693693 42066452
412694126 42066452 412692654 56232079
412694653 56232079 412692654 56232079
412694714 61401731
412695352 56232079 412694126 42066452
412695860 56232079 412694714 61401731
412701131 42066452 412694653 56232079
412702023 56232079
412702649 42066452 412694714 61401731
412703710 56232079
412703823 42066452 412702023 56232079
412704020 63738483
412704599 42066452 412703710 56232079
412704750 61401731
412705082 42066452 412704020 63738483
412705218 56232079
412705706 42066452 412704750 61401731
412705974 63738483 412705082 42066452
412706173 42066452 412705218 56232079
412706883 april26 412705706 42066452
412707560 april26 412706173 42066452
412707952 63738483
412708031 56232079
412708593 42066452 412705974 63738483
412709200 april26 412703710 56232079
412709736 42066452 412708031 56232079
412710051 42066452 412708031 56232079
412710059 56232079 412706173 42066452
412710211 63738483
412710602 april26 412710059 56232079
412711043 42066452
412711682 42066452 412710211 63738483
412711827 april26
412711860 56232079 412710051 42066452
412712520 42066452
412712818 63738483 412711682 42066452
412713284 56232079
412713292 63738483 412710059 56232079
412713336 lefi 411336522 42066452
412714244 april26 412711860 56232079
412716033 56232079 412707560 april26
412716268 april26 412713284 56232079
412716310 42066452 412711860 56232079
412716640 56232079
412717820 42066452 412712818 63738483
412718013 56232079
412718091 49919817
412719192 63738483
412719624 56232079
412720255 42066452 412718013 56232079
412720389 56232079 412718013 56232079
412721308 56232079
412723716 april26 412719624 56232079
412725446 56232079 412721308 56232079
412727011 56232079 412723716 april26
412727118 42066452 412721308 56232079
412728147 qiyanzhibai
412728613 42066452
412729377 42066452 412728147 qiyanzhibai
412731156 56232079
412731838 56232079
412733323 42066452
412734767 isabel-rene
412738280 56232079 412734767 isabel-rene
412739026 56232079 412733323 42066452
412739105 qiyanzhibai
412739749 isabel-rene 412738280 56232079
412740905 56232079
412743644 56232079 412710602 april26
412746398 isabel-rene 412740905 56232079
412747057 59649523
412797614 bea0819
412810184 66835372
412814165 35522745
412817035 zyzsunny
412898113 42066452 412747057 59649523
412898490 42066452 412739026 56232079
412898904 42066452 412734767 isabel-rene
412903910 42066452 412814165 35522745
412905618 42066452 412817035 zyzsunny
413003341 isabel-rene 412898904 42066452
413043024 59321315
413055367 67298891
413058355 67298891
413063593 35522745
413067916 56232079
413072077 42066452 413063593 35522745
413073711 42066452 413067916 56232079
413074211 14295425
413075543 56232079 413073711 42066452
413076345 21019022
413077849 49103324
413081638 42066452 413075543 56232079
412243837 42066452
412244046 42066452 412236685 l66556566
412244383 4261340
412277441 april26
412278412 april26
412279135 44815697
412282997 66543449
412287842 april26
412292305 silencecry
412323823 crazymurmur
412329878 april26
412330612 april26
412359505 crazymurmur
412376842 42066452
412377843 42066452
412378913 42066452
412381799 42066452
412407382 46828986
412410830 42066452
412416301 1969797
412417059 astrolibrafeng
412417312 astrolibrafeng
412429445 61401731
412440129 wuhanee
412442670 61330896
412443500 53912562
412444681 61289074
412488443 42066452
412488513 46828986
412489125 42066452 412429445 61401731
412489338 42066452 412440129 wuhanee
412489688 42066452 412443500 53912562
412489921 42066452
412491166 50924720 411338899 42066452
412491551 42066452 412488513 46828986
412491932 42066452 412491166 50924720
412492861 50924720 412491932 42066452
412494126 61401731 412489125 42066452
412494875 42066452 412492861 50924720
412495132 1969797
412495535 42066452 412494126 61401731
412495857 42066452 412416301 1969797
412497286 1969797 412495857 42066452
412498559 42066452
412498561 61401731 412495535 42066452
412499107 42066452 412498561 61401731
412499502 46828986
412503152 61401731 412499107 42066452
412503796 42066452 412499502 46828986
412504182 42066452
412504507 61401731 412504182 42066452
412506415 42066452 412504507 61401731
412507332 61401731
412508821 46828986 412503796 42066452
412510682 astrolibrafeng
412515199 wuhanee 412489338 42066452
412525293 2791408
412571715 april26 412381799 42066452
412572020 april26 412443500 53912562
412572526 mars9
412572621 april26
412574526 april26
412575088 37513168
412579527 37675999
412579739 april26
412580480 april26
412584863 april26
412591672 qianqian_tang
412615345 57967083 412099387 42066452
412626122 42066452 412510682 astrolibrafeng
412626797 42066452 412508821 46828986
412627207 42066452 412572526 mars9
412627596 42066452 412515199 wuhanee
412628340 50395720
412628604 42066452 412510682 astrolibrafeng
412630451 42066452
412630737 42066452 412615345 57967083
412631963 42066452
412632544 62920985
412632905 wuhanee 412627596 42066452
412633786 62920985
412634977 62920985
412636143 42066452 412632544 62920985
412636445 42066452 412633786 62920985
412636747 62920985 412636445 42066452
412636981 62920985 412636143 42066452
412637278 42066452 412636747 62920985
412637682 62920985
412638432 44301597
412638788 42066452 412637682 62920985
412639264 42066452 412638432 44301597
412640438 62920985
412643291 42066452
412643833 60510882
412644211 62920985
412645749 astrolibrafeng
412646180 42066452
412647592 42066452
412649836 Muzeek
412651123 60510882
413081806 42066452 413076345 21019022
413082805 56232079
413089420 53678217
413089747 53678217
413119554 56232079
413184532 44632168
413214595 astrolibrafeng
413305923 42066452 413089747 53678217
413308316 42066452 413119554 56232079
413308500 42066452 413184532 44632168
413315000 42066452 413214595 astrolibrafeng
413389179 56232079
413390055 52396881
413390127 56232079
413643073 42066452 413389179 56232079
413643761 42066452 413390055 52396881
413681631 52396881
413686139 42066452 413681631 52396881
413689287 34182751
413698861 sixiazi
413703182 Kotori
413703591 Kotori
413711133 4055015
413746502 67056620
413984394 42066452 413703591 Kotori
413989620 42066452 413711133 4055015
413990005 42066452 413711133 4055015
413990808 42066452 413703591 Kotori
413995233 42066452 413698861 sixiazi
414004035 4055015
414005622 4055015
414008150 42066452 414004035 4055015
414008413 42066452 414005622 4055015
414010720 4055015 414008150 42066452
414013195 42066452 414010720 4055015
414193783 37675999
414201258 42066452
414202801 62269007
414203088 45458670
414203459 58264802
414206870 42066452 414202801 62269007
414209516 62269007
414216479 57613669
414217747 42066452 414216479 57613669
418125872 64559292
418126900 junguo
418129163 4523412
418131300 pinkycon
418133592 paistar
418141366 51145178
418165091 42066452 418126900 junguo
418168833 42066452
418169115 42066452 418133592 paistar
418169380 42066452 418141366 51145178
418174402 pinkycon
418176587 51145178 418169380 42066452
418178148 42066452
418180105 pinkycon
418180709 42066452
418181561 65856790
418181643 57944219 411351014 42066452
418182398 42066452 418181643 57944219
418183712 ray1124
418204687 astrolibrafeng
418205472 astrolibrafeng
418224322 42066452 418205472 astrolibrafeng
418233907 58246845
418234258 42066452 418233907 58246845
418235836 65432687
418298024 57944219 418182398 42066452
418630322 59633547
418631493 42066452 418298024 57944219
418631602 42066452 418630322 59633547
418634272 stan.roytster
418642797 42066452 418634272 stan.roytster
418656621 minminmin
418661306 stan.roytster
418667429 42066452 418661306 stan.roytster
418669678 49467194
418698932 stan.roytster
418707412 Jacobzebra
418707717 Jacobzebra
418726942 42066452
418729080 masakichiyuu
418731288 48954969
418731516 42066452 418707717 Jacobzebra
418734210 42066452 418729080 masakichiyuu
418735398 3640188
418736270 42066452
418736411 Q19920602
418736798 Q19920602
418740068 42066452 418735398 3640188
418752801 57658844
418754491 42066452 418752801 57658844
418781892 50860851
418790638 my2name
418822127 sleepwithoutdre
418897963 42066452 418781892 50860851
418900268 42066452 418790638 my2name
418900607 50690801
