411245746 58009169
411245908 51268635
411246056 61263788
411246063 44700431
411246221 shouhuxiaoxiao
411247069 honwhy
411247078 passant
411247435 60703396 411245746 58009169
411247509 60703396 411245908 51268635
411247595 60703396 411246063 44700431
411247597 48601577
411247672 60703396 411247078 passant
411247706 48601577
411247795 51268635 411247509 60703396
411247823 60703396 411247069 honwhy
411247956 xiaomahou
411247978 60300096
411248072 60703396 411247706 48601577
411248161 60703396
411248253 44885013
411248344 penguin_q
411248355 60703396 411247956 xiaomahou
411248370 51213611
411248610 60703396 411248253 44885013
411248716 Nephila
411248881 60703396 411247795 51268635
411249106 50166173
411249119 44700431
411249380 kklljji
411249587 60703396 411248716 Nephila
411249750 66707340
411249764 yangfan1
411249878 60703396 411249380 kklljji
411250357 60703396 411249764 yangfan1
411250610 xy-mysun
411250695 60703396 411249106 50166173
411251064 60703396 411250610 xy-mysun
411251228 4324626
411252087 sheepherder
411252517 60703396 411251228 4324626
411252606 47648281 411248161 60703396
411252624 no_future 411251228 4324626
411252644 xy-mysun 411251064 60703396
411253366 60703396 411252644 xy-mysun
411253901 60703396 411252624 no_future
411254160 60703396 411252606 47648281
411254787 60703396 411252087 sheepherder
411255490 66996466
411255693 48601577 411248072 60703396
411255853 xy-mysun 411253366 60703396
411256077 48601577 411251064 60703396
411256293 60703396 411255693 48601577
411256834 48601577 411251064 60703396
411257143 60703396 411256077 48601577
411257759 48601577 411257143 60703396
411257812 60703396 411256834 48601577
411257941 48601577 411257143 60703396
411258065 60703396 411257759 48601577
411258156 48601577 411257812 60703396
411258518 48601577 411258065 60703396
411258774 60703396 411257941 48601577
411258864 zumengyu
411259141 60703396
411259499 60703396 411258864 zumengyu
411259903 58255506
411260031 48601577 411258774 60703396
411260183 60703396 411259903 58255506
411260344 44700431
411260613 60703396 411260031 48601577
411260753 48601577
411260864 60703396 411260344 44700431
411261193 48601577 411260613 60703396
411261642 60703396 411261193 48601577
411262017 48601577 411261642 60703396
411262247 acohol
411262453 60703396 411262017 48601577
411262566 60703396 411262247 acohol
411262790 60703396 411262247 acohol
411262838 acohol 411262566 60703396
411263136 acohol 411262790 60703396
411263222 60703396 411262838 acohol
411263387 60703396 411263136 acohol
411263423 Lily-C
411263766 60703396 411263423 Lily-C
411264047 52237873
411264230 63503435
411264274 60703396 411264047 52237873
411264684 14456791
411264862 60703396 411264230 63503435
411265298 60703396
411265326 acohol 411263222 60703396
411265454 48865523 411248610 60703396
411265725 14456791 411265298 60703396
411265736 60703396 411265326 acohol
411266094 acohol 411265736 60703396
411266145 48865523
411266349 60703396 411266094 acohol
411266582 60703396 411266145 48865523
411266685 acohol 411266349 60703396
411266789 60703396
411657671 lawenda-hx
411657818 OO7
411657888 60703396 411657671 lawenda-hx
411657924 lawenda-hx
411658817 60703396 411657818 OO7
411659042 60703396 411657924 lawenda-hx
411659085 48348419
411659106 shuangrenyu
411660658 60703396 411659106 shuangrenyu
411665814 4527458 411659085 48348419
411667682 shuangrenyu 411660658 60703396
411668087 60703396 411667682 shuangrenyu
411727544 zhaojili
411728786 48667259
411753798 51534915
411754053 elephantwoman2b
411796888 prince_lam
411811713 60703396 411796888 prince_lam
411811792 60703396 411753798 51534915
411811893 60703396
411815006 41793502
411817916 cococon
411818334 41793502
411819035 SilentHills
411819126 prince_lam 411811713 60703396
411821422 46028894
411821644 muyoushenme
411822206 bywalkman 411248610 60703396
411823072 58026609
411827994 46018157
411828086 60703396 411817916 cococon
411828232 60703396 411827994 46018157
411828518 60703396 411818334 41793502
411828836 60703396 411819126 prince_lam
411829064 60703396 411822206 bywalkman
411833047 60703396 411821422 46028894
411833355 60703396 411815006 41793502
411833700 46018157
411834183 46018157
411837672 60703396 411833700 46018157
411841207 46018157
411845661 60703396 411841207 46018157
411850898 5299062
411851290 dansx
411855998 aroha923
411860726 48601577
411873913 60703396 411850898 5299062
411874112 60703396 411851290 dansx
411874506 60703396 411860726 48601577
411880329 50351242 411248253 44885013
411887452 60703396 411880329 50351242
412167622 cococon 411811893 60703396
412210843 60703396 412167622 cococon
412223325 67343963
412257955 40437773
412295477 60703396 412223325 67343963
412922040 shad0vv
412923247 shad0vv
412923398 65812168
412924059 shad0vv
412930144 50573431
412930430 50617349
420115931 41793502 411833355 60703396
420137672 41793502 411828518 60703396
411267918 60703396 411263423 Lily-C
411268104 acohol
411268480 60703396 411268104 acohol
411268637 acohol 411268480 60703396
411268809 55961364
411269017 58349644
411269100 binjoo
411269275 60703396 411269017 58349644
411269471 48601577 411265298 60703396
411269494 60703396 411268809 55961364
411269650 48601577
411269835 60703396 411269471 48601577
411269965 60703396 411269650 48601577
411270083 66687321
411270126 60703396 411268637 acohol
411270258 Lily-C 411267918 60703396
411270294 56493659
411270331 60703396 411270083 66687321
411270338 48601577 411269965 60703396
411270862 48601577 411270258 Lily-C
411271434 4527458
411271439 60703396 411270862 48601577
411271547 48601577 411271434 4527458
411271718 Lily-C 411270862 48601577
411272111 60703396 411271434 4527458
411272376 60703396
411272387 48601577
411272876 Lily-C 411272376 60703396
411273147 60703396 411270083 66687321
411273234 sumuzhe 411250610 xy-mysun
411273444 60703396 411273234 sumuzhe
411273550 66687321 411273147 60703396
411274189 sumuzhe 411269835 60703396
411274537 60703396
411275063 sumuzhe
411275266 sumuzhe 411272387 48601577
411275774 60703396 411273234 sumuzhe
411279771 sumuzhe 411275774 60703396
411280354 sumuzhe
411280525 sumuzhe
411286588 60703396 411280525 sumuzhe
411288983 58255506 411260183 60703396
411292210 60703396 411288983 58255506
411292470 xy-mysun 411273234 sumuzhe
411299522 48601577 411280525 sumuzhe
411333725 4527458 411274537 60703396
411365693 58255506 411292210 60703396
411366398 sumuzhe 411299522 48601577
411366546 58255506 411292210 60703396
411607079 48348419
411367654 sumuzhe 411366546 58255506
411607124 bicthA 411246221 shouhuxiaoxiao
411368482 58255506 411367654 sumuzhe
411607287 60703396
411371534 sumuzhe 411368482 58255506
411607605 60703396 411607079 48348419
411372825 54115134 411258518 48601577
411607832 60703396 411607124 bicthA
411373982 54115134 411260031 48601577
411608280 nacuiyouhun 411248072 60703396
411374879 58255506 411371534 sumuzhe
411608309 48348419 411607605 60703396
411374902 50042393
411608507 47200552
411375175 nicolameng
411610031 nacuiyouhun
411375388 sumuzhe 411374879 58255506
411613781 60703396 411608280 nacuiyouhun
411614176 looo0
411375843 54115134 411274537 60703396
411614209 60703396 411610031 nacuiyouhun
411376016 58255506 411375388 sumuzhe
411614677 60703396 411608309 48348419
411376153 sumuzhe 411375175 nicolameng
411614891 60703396 411614176 looo0
411376759 54115134 411374902 50042393
411408247 Deathgame
411617011 Deathgame
411409231 44885013 411248610 60703396
411617748 nacuiyouhun 411613781 60703396
411410377 55886444
411624309 60703396 411617748 nacuiyouhun
411459511 48601577
411625305 66265723
411625923 naver
411501908 60703396 411374902 50042393
411627112 62269007
411502162 60703396 411410377 55886444
411627196 60703396 411625923 naver
411502403 60703396 411408247 Deathgame
411627367 60703396 411627112 62269007
411502701 60703396 411409231 44885013
411627607 60703396 411625305 66265723
411503763 60703396 411333725 4527458
411504728 66265723
411628121 62269007 411627367 60703396
411504774 60703396 411459511 48601577
411628327 57411065 411624309 60703396
411504893 60703396 411504728 66265723
411628533 naver 411627196 60703396
411505125 60703396 411366546 58255506
411506017 aroha923
411628706 60703396 411628121 62269007
411506488 aroha923
411629650 shuise123
411506908 aroha923
411629767 60703396 411628533 naver
411508987 60703396 411506488 aroha923
411629856 62269007 411628706 60703396
411515523 48601577 411504774 60703396
411517312 panda919
411629963 60703396 411629650 shuise123
411518760 60703396 411517312 panda919
411630376 60703396 411629856 62269007
411519140 fans_wall
411630554 60703396 411628327 57411065
411519484 yangmengyuan
411564802 57045606
411632622 62269007 411630376 60703396
411565281 Deathgame 411502403 60703396
411633564 naver 411629767 60703396
411571391 51455521
411635016 60703396 411632622 62269007
411579034 60703396 411571391 51455521
411635136 60703396 411633564 naver
411579161 60703396 411565281 Deathgame
411635732 48348419 411614677 60703396
411579952 60703396 411564802 57045606
411635840 59811530
411580098 marcelo
411636418 62269007 411635016 60703396
411580250 60703396 411571391 51455521
411636937 60703396 411636418 62269007
411580405 60703396 411580098 marcelo
411637216 60703396 411635840 59811530
411580422 67017697
411637519 60703396 411635732 48348419
411580630 60703396 411580422 67017697
411638259 59811530 411637216 60703396
411598621 66265723 411504893 60703396
411600765 63608567
411638786 62269007 411636937 60703396
411603260 60703396 411598621 66265723
411639336 60703396 411638259 59811530
411606371 carlinwind
411639591 60703396 411638786 62269007
411606556 48218002
411639868 shad0vv
411640226 59811530 411639336 60703396
411640832 OO7
411640959 60703396 411639868 shad0vv
411641189 61190916
411641245 60703396 411640226 59811530
411641436 60703396 411640832 OO7
411641622 60703396 411641189 61190916
411641638 shad0vv
411642369 OO7
411643390 60703396 411642369 OO7
411644524 59811530 411641245 60703396
411644619 62269007 411639591 60703396
411645449 60703396 411644524 59811530
411645810 OO7
411645956 60703396 411644619 62269007
411646127 60703396 411645810 OO7
411646343 2134241
411646601 48667259
411646804 59811530 411645449 60703396
411647283 60703396 411646343 2134241
411647416 60703396 411646601 48667259
411647633 62269007 411645956 60703396
411648496 4527458 411608309 48348419
411648748 OO7
411649043 4527458 411639868 shad0vv
411649697 60703396 411646804 59811530
411650041 60703396 411647633 62269007
411650257 60703396 411648748 OO7
411651022 59811530 411649697 60703396
411651105 62269007 411650041 60703396
411651414 ComeOnYo
411651461 listentomysunsh
411652225 60703396 411651022 59811530
411652497 prince_lam
411653014 shuangrenyu
411653215 60703396 411651461 listentomysunsh
411653403 60703396 411651414 ComeOnYo
411653516 60703396 411652497 prince_lam
411653964 53072376
411654091 39007637
411654188 60703396 411653014 shuangrenyu
411654420 60703396 411653964 53072376
411654838 60703396 411654091 39007637
411654880 59811530 411652225 60703396
411655294 60703396
411655580 39007637 411654838 60703396
411656022 60703396 411655580 39007637
411656215 60703396
411656302 60703396
411656334 53072376 411654420 60703396
411656918 60703396 411656334 53072376
411657210 60703396
