411524104 heqiaoshuai
411524228 oQueeno
411524412 45877846 411524104 heqiaoshuai
411524640 heqiaoshuai 411524412 45877846
411524644 45877846 411524228 oQueeno
411524727 53955946
411524730 45877846 411524640 heqiaoshuai
411525054 45877846 411524727 53955946
411525347 53867679
411525378 heqiaoshuai 411524730 45877846
411525530 51426572
411525979 66296903
411525989 66296903
411525990 c0coon
411526685 Nokto
411527240 45877846
411528177 heqiaoshuai
411528744 45877846 411525979 66296903
411529019 45877846 411525990 c0coon
411529225 45877846 411526685 Nokto
411529515 45877846 411528177 heqiaoshuai
411529579 c0coon 411529019 45877846
411529583 66687321
411529775 heqiaoshuai 411529515 45877846
411530000 45877846 411529583 66687321
411530081 suiminori
411530131 45877846 411529579 c0coon
411530398 45877846 411529775 heqiaoshuai
411530490 zy_damn_moe
411530517 c0coon 411530131 45877846
411530666 45877846 411530081 suiminori
411530671 myconcubine
411530679 2987152
411531593 66687321 411530000 45877846
411531648 45877846 411530490 zy_damn_moe
411531895 56253353
411531976 45877846 411530517 c0coon
411532192 45877846
411532360 45877846 411530679 2987152
411532664 45877846 411531593 66687321
411532811 c0coon 411531976 45877846
411532852 heqiaoshuai 411530398 45877846
411532885 Lynn_3
411532972 44418760
411533011 45877846 411531895 56253353
411533214 45877846 411532811 c0coon
411533365 45877846 411532885 Lynn_3
411533494 45877846 411532811 c0coon
411533619 45877846 411532852 heqiaoshuai
411533768 45877846 411532972 44418760
411533950 c0coon 411533494 45877846
411534363 zy_damn_moe 411531648 45877846
411535011 zy_damn_moe
411535363 45877846 411533950 c0coon
411535365 57838427
411535506 heqiaoshuai 411533619 45877846
411535547 45877846 411534363 zy_damn_moe
411535673 45877846 411535365 57838427
411535908 45877846 411535506 heqiaoshuai
411536382 heqiaoshuai 411535908 45877846
411536403 summercandy
411536408 summercandy
411536471 blodles
411537608 66687321 411533214 45877846
411537726 Nokto 411529225 45877846
411537891 66687321 411533619 45877846
411538113 45675384 411524644 45877846
411538667 56253353 411533011 45877846
411538801 62954813
411540163 52253969
411541948 66179739
411545071 35004577
411547794 46003824
411554288 57838427
411557411 46003824 411554288 57838427
411558124 zy_damn_moe 411535547 45877846
411579171 45877846
411579406 heqiaoshuai 411579171 45877846
411579503 45877846 411536403 summercandy
411579676 45877846 411536471 blodles
411579771 45877846 411537608 66687321
411579896 45877846 411537726 Nokto
411579981 63042942
411580058 45877846 411538113 45675384
411580333 45877846
411580518 45877846 411538801 62954813
411580537 44230743
411580841 45877846 411540163 52253969
411581144 45877846 411541948 66179739
411581351 45877846 411545071 35004577
411581369 62970985
411581524 45877846
411581819 45877846 411558124 zy_damn_moe
411581941 45877846 411579406 heqiaoshuai
411582081 45877846 411579981 63042942
411582166 45877846 411580537 44230743
411582234 xixigua
411582367 45877846 411581369 62970985
411582511 45877846 411582234 xixigua
411582661 45877846
411582716 50811004
411582745 45877846
411582751 44230743 411582166 45877846
411583097 45877846 411582751 44230743
411583174 45877846 411582716 50811004
411583434 jellycat
411584036 45877846
411584551 62954813 411580518 45877846
411585427 45877846 411584551 62954813
411585841 46003824 411581524 45877846
411586514 44230743 411583097 45877846
411586667 62954813 411585427 45877846
411586683 Nokto 411579896 45877846
411588045 heqiaoshuai 411581941 45877846
411589254 56253353
411590467 summercandy 411579503 45877846
411591896 63437029
411593288 55967103
411593488 tarax
411594362 62970985 411582367 45877846
411594426 55967103
411596786 63042942 411582081 45877846
411597540 zhouyu198931
411597845 63042942 411582081 45877846
411601265 overwork
411614984 35004577 411581351 45877846
411615068 52253969
411634703 zy_damn_moe
411635179 zy_damn_moe 411614984 35004577
411650028 bokunomirai
411671948 52829870 411530679 2987152
411672485 52829870
411672868 lynns428
411674061 2987152 411671948 52829870
411674145 Tammysay
411690959 44418760 411533768 45877846
411691541 27050888
411694030 57838427
411706085 xixigua 411582511 45877846
411710411 56844740
411762979 45675384 411580058 45877846
411810774 46003824
411812758 violanta
411814370 OliviaKwok0129
411814736 finoh
411869149 57838427 411814736 finoh
411941869 45877846 411585841 46003824
411942027 45877846 411586514 44230743
411942168 45877846 411586667 62954813
411942509 45877846 411586683 Nokto
411942870 45877846 411589254 56253353
411943047 45877846 411590467 summercandy
411943277 fantasyxuan10
411943309 45877846 411591896 63437029
411943963 47952169
411944128 64161888
411944647 45877846 411593288 55967103
411944855 45877846 411593488 tarax
411945159 45877846 411594362 62970985
411945555 45877846 411597845 63042942
411945698 45877846 411597540 zhouyu198931
411946459 45877846 411601265 overwork
411946715 45877846 411614984 35004577
411946857 45877846 411615068 52253969
411947483 62009239
411948111 45877846 411635179 zy_damn_moe
411948966 45877846 411650028 bokunomirai
411949290 45877846 411672868 lynns428
411949648 45877846 411674145 Tammysay
411950023 45877846 411691541 27050888
411950251 45877846 411706085 xixigua
411950445 45877846 411812758 violanta
411950619 45877846 411814370 OliviaKwok0129
411950845 45877846 411814736 finoh
411950999 45877846 411943963 47952169
411951249 45877846 411943277 fantasyxuan10
411951289 cindybaby_82
411951453 45877846 411944128 64161888
411951575 cindybaby_82 411951289 cindybaby_82
411951930 45877846 411947483 62009239
411952046 fantasyxuan10 411951249 45877846
411952095 45877846 411951289 cindybaby_82
411952429 45877846 411952046 fantasyxuan10
411952792 usuallybaba
411952960 fantasyxuan10 411952429 45877846
411953421 47952169 411950999 45877846
411953462 27050888 411950023 45877846
411953471 47952169 411950999 45877846
411953799 cindybaby_82 411952095 45877846
411954331 62988935
411954360 rory-wong
411954850 Nokto 411942509 45877846
411955253 cindybaby_82 411954360 rory-wong
411955781 rory-wong 411955253 cindybaby_82
411956119 62558133
411956120 66952930
411957290 cindybaby_82 411955781 rory-wong
411958065 rory-wong 411957290 cindybaby_82
411960663 60047478
411979970 63437029 411943309 45877846
412007910 zy_damn_moe
412008412 usuallybaba
412049304 56253353 411942870 45877846
412052552 56253353 411942870 45877846
412073328 41065732
412078415 52253969
412080489 64695149
412120709 45877846
412124043 45877846 411952792 usuallybaba
412124173 45877846 411952960 fantasyxuan10
412124350 45877846 411953421 47952169
412124486 45877846 411953462 27050888
412125042 61038001
412125456 45877846 411954360 rory-wong
412125580 fantasyxuan10 412124173 45877846
412125822 45877846 411956119 62558133
412125966 45877846 411960663 60047478
412126148 45877846 411979970 63437029
412126411 45877846
412126514 45877846
412126749 45877846 412073328 41065732
412126854 45877846 412078415 52253969
412126951 45877846 412080489 64695149
412127173 45877846 412125042 61038001
412127790 56253353 412126514 45877846
412128247 45877846 412127790 56253353
412128587 66073458
412128862 56253353 412128247 45877846
412129962 45877846 412128862 56253353
412130047 45877846 412128587 66073458
412130242 56253353 412129962 45877846
412133707 62558133 412125822 45877846
412176469 zy_damn_moe 412120709 45877846
412186623 finoh 411950845 45877846
412186646 finoh 411869149 57838427
412191283 fxuk 412130047 45877846
412191662 51837513
412260564 41065732 411530000 45877846
412316123 45877846 412130242 56253353
412316320 45877846 412176469 zy_damn_moe
412317378 45877846 412191283 fxuk
412317488 45877846 412191662 51837513
412317768 45877846 412260564 41065732
412322765 40606714 411530000 45877846
412352499 63437029 412126148 45877846
412358937 zy_damn_moe 412316320 45877846
412360477 44701159
412365856 rory-wong 412125456 45877846
412403975 tarax 411944855 45877846
412404889 51837513 412317488 45877846
412512713 66073458
412516065 41065732 412317768 45877846
412748787 fxuk 412317378 45877846
412762067 35954968
412815064 62970985 411945159 45877846
413012712 2375864
413045897 Risepon
413074442 49777703
413076643 49777703 412125456 45877846
413083990 51513302
413596426 45877846 412322765 40606714
413596582 45877846 412352499 63437029
413596825 45877846
413596966 45877846 412360477 44701159
413597177 45877846 412365856 rory-wong
413597265 45877846 412403975 tarax
413597482 45877846 412512713 66073458
413597572 45877846 412762067 35954968
413597721 45877846 412815064 62970985
413597932 45877846
413598064 45877846 413045897 Risepon
413598332 45877846 413074442 49777703
413599005 45877846 413076643 49777703
413599154 45877846 413083990 51513302
413600612 CLICKSophia
413631759 66073458
413632656 57034719
413633163 67085039
413639996 41338429
413642892 4422338
413824129 58087176
413824574 2796590
413825224 66175585
413827307 59896085
413835666 zy_damn_moe 413596825 45877846
413868576 62970985 413597721 45877846
413919505 63437029 413596582 45877846
414076731 migrantbirdpeng
414077490 47549972
414091236 54568558
414095177 Jchens
414096405 45039198
414098193 bobim
414098373 65120618
414102464 44365364
