411615107 50811004
411615400 rainko
411615507 yukisnow93
411615512 2798866
411615784 stella0327
411615911 lilyfearless
411616029 airstory
411616065 54088426
411616150 61391703
411616311 49155538
411616366 47038719
411616423 1614749
411616843 50128623
411617183 changbai
411617200 changzaiwoxin
411617296 60359125
411617369 67283514
411617383 lilyfearless
411617526 60359125
411618286 67283514
411618907 bucun
411619072 67283514
411619308 daisy_cheung
411619325 67283514
411619853 vivianteng
411619990 67283514
411620274 67283514 411619853 vivianteng
411621789 54470430
411621881 67283514
411622148 67283514 411621789 54470430
411622425 67283514
411622495 54470430 411622148 67283514
411622531 bucun
411623453 xxxxmmmm
411623944 53669812
411624537 naihemomo
411625097 naihemomo
411625450 naver
411626173 59339557
411626179 8117215
411626944 67283514 411625450 naver
411627575 67283514 411622495 54470430
411627883 67283514 411623453 xxxxmmmm
411627931 naver 411626944 67283514
411628464 67283514 411622531 bucun
411628862 67283514 411625097 naihemomo
411629078 67283514 411626179 8117215
411629183 67283514 411627931 naver
411629556 naihemomo 411629183 67283514
411629727 naihemomo
411629753 doris_teng
411630314 han8513
411630384 4514511
411630389 55961364 411629183 67283514
411635787 2047038
411639952 HowSeem
411646647 67283514 411630384 4514511
411646890 67283514 411639952 HowSeem
411647215 67283514 411630389 55961364
411647958 67283514 411635787 2047038
411648267 67283514 411629753 doris_teng
411648271 4514511 411646647 67283514
411651974 losingway 411625097 naihemomo
411671337 naihemomo 411651974 losingway
411671784 38886735
411672366 45675384
411710684 bucun
411715049 Aglaonema
411725952 41882343
411740582 67283514 411715049 Aglaonema
411741460 67283514 411648271 4514511
411742448 67283514 411725952 41882343
411744884 46224963 411622495 54470430
411745686 67283514 411744884 46224963
411749384 imjanette
411750541 xiaoxiaoshuo
411750817 iamjct
411751171 41882343
411751798 34239333
411753469 4058454
411754283 hr1121
411756747 66835372
411757881 yysunnyy
411764593 67283514 411751171 41882343
411764796 67283514 411757881 yysunnyy
411764851 67283514 411754283 hr1121
411764964 40132414
411765246 51012592 411615107 50811004
411765362 67283514 411749384 imjanette
411765804 Sheldon5
411766253 powderblue
411766567 67283514 411766253 powderblue
411767648 61939288
411768312 53881234
411773109 63610680
411773676 67283514 411773109 63610680
411773809 67283514
411773865 67283514 411767648 61939288
411774851 63610680
411775045 53881234
412158417 67283514
412158534 67283514
412212523 imjanette
412216616 kidnapperzhang
412220598 67283514
412223708 56048593
412235225 67283514 412223708 56048593
412250561 johnny4ever
412252747 47530117
412265313 48937277
412274725 59178275
412330631 17531753
412344808 4345003
412366448 67283514 412344808 4345003
412367054 67283514 412265313 48937277
412368075 67283514 412252747 47530117
412369844 67283514 412216616 kidnapperzhang
412370399 67283514 412250561 johnny4ever
412391838 61571897
412415858 67283514
412440341 61571897
412442768 sssi
412477991 67283514 412440341 61571897
412478181 67283514 412442768 sssi
412479907 67283514
412483987 59321315
412538067 yuki1202
412542064 50000718
412712088 67283514 412542064 50000718
412944739 67283514
411786397 jjm
411818203 vivianteng
411820827 imjanette
411823069 57295336
411827135 54470430 411744884 46224963
411833421 seven1016
411835219 mombar
411841270 hr1121 411764851 67283514
411841660 48180071
411843554 63622474
411845313 my_niki
411846264 jessienj
411847501 65809576
411897542 powderblue 411766567 67283514
411904260 dljr
411909546 36811748
411938116 67283514 411845313 my_niki
411938641 67283514 411904260 dljr
411938737 67283514 411847501 65809576
411939200 67283514 411897542 powderblue
411939474 67283514 411846264 jessienj
411939740 67283514 411843554 63622474
411940480 youanna
411940827 67283514 411835219 mombar
411941470 67283514
411941708 67283514 411841660 48180071
411941864 67283514 411841270 hr1121
411942183 67283514 411818203 vivianteng
411942841 45894834
411942880 67283514 411786397 jjm
411943152 67283514 411942841 45894834
411943345 67283514 411942841 45894834
411943928 67283514 411823069 57295336
411945004 wang19881205
411945265 46740316
411945266 67283514 411774851 63610680
411945593 67283514 411945004 wang19881205
411946099 67283514 411945265 46740316
411946792 67283514
411947407 weixiaozuimeili
411948998 67283514 411947407 weixiaozuimeili
411952535 42582349
411962814 cocoke
411963469 67283514 411962814 cocoke
411964157 catandjay
411964859 42806272
411965724 kittyliu1988
411966136 cocoke 411952535 42582349
411966464 stefanie_fang 411965724 kittyliu1988
411969072 57451690 411963469 67283514
411970232 42582349 411966136 cocoke
411972471 cocoke 411970232 42582349
411973874 45894834 411943345 67283514
411974161 VanDeESLander
411977413 67283514 411964859 42806272
411978741 34239333
411979122 42806272 411977413 67283514
411979221 62782004
411980820 34239333 411841270 hr1121
411983117 67283514 411970232 42582349
411983347 39227555
411983456 67283514 411969072 57451690
411983638 67283514 411979122 42806272
411983935 67283514 411980820 34239333
411984264 johnny4ever
411984506 67283514 411984264 johnny4ever
411987282 34239333 411983935 67283514
411987779 34239333 411984264 johnny4ever
411988747 johnny4ever 411984506 67283514
411989989 34239333 411988747 johnny4ever
411994203 johnny4ever 411989989 34239333
411996499 66927063 411646647 67283514
411999939 34239333 411994203 johnny4ever
412004969 oceancullen
412006510 kidnapperzhang
412007411 38726840
412059729 youanna 411978741 34239333
412061265 imjanette 411946792 67283514
412095168 47034094
412105005 zhangyxiao
412115077 jessienj 411939474 67283514
412138438 49943275
412140503 tangtangtangs
412143512 47530117
412147610 kokoyu
412151840 22223383
412155262 67283514 412151840 22223383
412155665 67283514
412155990 kokoyu
412156369 67283514 412143512 47530117
412156709 67283514 412138438 49943275
412156887 67283514 412115077 jessienj
412157155 67283514 412105005 zhangyxiao
412157266 67283514
412157381 67283514 412006510 kidnapperzhang
412157696 22223383
412157757 67283514 412004969 oceancullen
412157957 67283514 412157696 22223383
412158109 67283514 411994203 johnny4ever
412158305 67283514 411786397 jjm
