411640727 ethanxoxoo
411640908 jingjingmeimei
411640953 59188607
411641012 laurayyw
411641046 fanshuwan
411641258 jingjingmeimei
411641441 64350987 411640908 jingjingmeimei
411641664 xiaopenpen
411641976 64350987
411642669 64350987 411641012 laurayyw
411643293 64350987 411641046 fanshuwan
411643448 64350987 411641258 jingjingmeimei
411643684 VVcook
411643840 64350987 411641664 xiaopenpen
411644230 64350987 411643684 VVcook
411645197 45501065
411645266 mmmmmmiko
411647446 64350987 411645197 45501065
411647707 64350987 411645266 mmmmmmiko
411648038 xiaopenpen 411643840 64350987
411648955 64350987 411648038 xiaopenpen
411649565 6279539
411649746 45501065
411650614 64350987 411649746 45501065
411650883 64350987 411649565 6279539
411651133 tk920730
411651346 Matt_Zhe
411652438 hmy1991
411653344 64350987 411651133 tk920730
411653348 50346068
411653547 64389508
411654264 64350987 411652438 hmy1991
411654490 yoyo621725
411654567 64247352
411654845 64350987 411653348 50346068
411655536 65745657
411655564 51213611
411655762 lawenda-hx
411656133 weixiaoyijiu
411656418 42848014
411656655 64350987 411655564 51213611
411656754 50346068 411654845 64350987
411657005 64350987 411656418 42848014
411657095 lawenda-hx
411657653 64350987 411655536 65745657
411658529 64350987 411657095 lawenda-hx
411658967 55859894 411654264 64350987
411659120 64350987 411655762 lawenda-hx
411659172 songlsy
411659761 3070977 411657653 64350987
411660703 lawenda-hx 411658529 64350987
411660710 64350987 411659761 3070977
411661247 lawenda-hx 411659120 64350987
411661372 65745657 411657653 64350987
411661727 64350987 411659172 songlsy
411661903 3393179
411662238 64350987 411661372 65745657
411662789 64350987 411656754 50346068
411663183 64350987 411661247 lawenda-hx
411664091 65745657 411662238 64350987
411664146 51775613
411664642 eric-fhc
411664925 64350987 411664146 51775613
411664930 songlsy 411661727 64350987
411665504 64350987 411664930 songlsy
411665866 46393188
411666304 64350987 411664642 eric-fhc
411666661 64350987 411665866 46393188
411666862 Givenchild
411666999 64350987 411664091 65745657
411667254 64350987 411666862 Givenchild
411668045 46393188
411668178 Ptah
411669473 eric-fhc
411671145 64350987 411668045 46393188
411671809 Bluechild
411671989 64350987 411668178 Ptah
411672608 lawenda-hx 411663183 64350987
411672861 64350987 411671809 Bluechild
411673106 64350987 411672608 lawenda-hx
411673535 lawenda-hx 411666661 64350987
411673932 lawenda-hx 411669473 eric-fhc
411674244 64350987
411674639 64350987 411669473 eric-fhc
411675584 64350987 411673932 lawenda-hx
411675881 cmx0419
411675889 4270552
411676246 4270552
411677042 64350987 411675889 4270552
411677312 4270552 411677042 64350987
411677415 64350987 411676246 4270552
411677826 AntoineWatteau
411678222 64350987 411677312 4270552
411679305 4270552 411678222 64350987
411679613 64350987 411677826 AntoineWatteau
411680041 64350987 411679305 4270552
411680538 46393188 411671145 64350987
411681430 lawenda-hx 411675584 64350987
411681729 50346068
411681740 59811530
411681777 DanSiung
411682326 64350987 411681777 DanSiung
411682444 lawenda-hx 411673106 64350987
411683982 64350987 411681729 50346068
411684015 40338281 411654264 64350987
411685458 4196011
411686523 64350987 411685458 4196011
411686756 64350987 411684015 40338281
411687058 64350987 411682444 lawenda-hx
411695122 Bluechild 411672861 64350987
411698077 VVcook 411655564 51213611
411698255 VVcook 411657653 64350987
411700748 eric-fhc 411674639 64350987
411701041 eric-fhc 411673932 lawenda-hx
411701255 lawenda-hx 411687058 64350987
411703226 66687321
411706965 52363007
411711347 51213611 411698077 VVcook
411711526 51213611 411656655 64350987
411712295 mmming
411725510 lawenda-hx 411701041 eric-fhc
411727118 eric-fhc 411725510 lawenda-hx
411727748 lawenda-hx 411727118 eric-fhc
411728648 66954920
411730502 eric-fhc 411727748 lawenda-hx
411736797 lawenda-hx 411730502 eric-fhc
411741768 50395720 411653348 50346068
411742247 fanshuwan
411743036 darkcat
411754414 yysunnyy
411793747 64350987 411695122 Bluechild
411793983 64350987 411712295 mmming
411794310 64350987 411698077 VVcook
411794499 64350987 411728648 66954920
411794544 50415311 411654264 64350987
411794620 64350987 411711526 51213611
411794857 64350987 411742247 fanshuwan
411795331 64350987 411743036 darkcat
411795988 64350987 411754414 yysunnyy
411796855 64350987 411706965 52363007
411796976 64350987 411728648 66954920
411798046 hiccup
411828198 64350987 411798046 hiccup
411828498 51004256
411888507 50346068 411683982 64350987
411896561 48707460
411897839 yuhsi
411930648 fanshuwan 411794857 64350987
411959326 44567315
411974027 rainbowb
411988026 64350987 411896561 48707460
411988303 64350987 411897839 yuhsi
411988566 64350987 411974027 rainbowb
411989036 64350987 411959326 44567315
411989710 64350987 411828498 51004256
411990771 4747494
411990791 49695367
411991880 rainbowb 411988566 64350987
411992705 beikabei
412008675 fishgor
412010482 65470682
412015174 MisaL
412046737 64350987 411990791 49695367
412047621 64350987 411991880 rainbowb
412049844 64350987 411992705 beikabei
412050224 64350987 412008675 fishgor
412050874 64350987 412010482 65470682
412051217 64350987 412015174 MisaL
412052266 fishgor
412053880 64350987 412052266 fishgor
412091442 rainbowb 412047621 64350987
412230237 45501065 411650614 64350987
412231190 mjjeje6002
412246718 64350987 412091442 rainbowb
412246806 64350987 412230237 45501065
412246874 64350987 412231190 mjjeje6002
412254102 sweethara
412255797 3184442
412262167 mjjeje6002 412246874 64350987
412438485 MisaL
412568192 wxbwb1582
412569526 nyanyan
412571498 62582467
412757328 64350987 412254102 sweethara
412758497 64350987 412255797 3184442
412758794 64350987 412569526 nyanyan
412765378 yakusoku_aran
412766040 3184442
412767390 yakusoku_aran 412766040 3184442
412768869 3184442 412767390 yakusoku_aran
412772808 yakusoku_aran 412768869 3184442
412791638 3808961
413002756 sweethara 412757328 64350987
413005400 ccat
413009000 64058386
413028533 34659477
