411768991 28545357
411769010 67283514
411769042 mmmmmmiko
411769150 littlebill
411769163 ss0305dd0812
411769340 littlebill
411769425 littlebill
411769506 smilylzy 411769425 littlebill
411769653 45913582
411769719 littlebill
411769842 45913582 411768991 28545357
411769856 42100207
411769883 48112826
411769899 45913582 411769010 67283514
411769915 42100207
411769919 45913582 411769042 mmmmmmiko
411769964 littlebill
411769999 45913582 411769150 littlebill
411770083 45913582 411769163 ss0305dd0812
411770137 53881234
411770169 littlebill 411769999 45913582
411770230 45913582
411770235 45913582
411770376 45913582
411770398 littlebill 411770230 45913582
411770486 45913582
411770498 littlebill 411770376 45913582
411770537 45913582 411769883 48112826
411770565 48425804
411770615 45913582
411770660 littlebill
411770684 45913582
411770738 63610680
411770791 45913582 411770137 53881234
411770805 63610680 411770684 45913582
411770863 littlebill 411770684 45913582
411770905 littlebill 411770738 63610680
411770980 32016570 411770791 45913582
411770983 45913582
411771041 45913582 411770498 littlebill
411771055 48112826 411770537 45913582
411771087 littlebill
411771135 45913582
411771156 littlebill
411771177 60577747
411771326 63960669
411771431 45913582 411770980 32016570
411771443 42100207 411770615 45913582
411771463 45913582 411771055 48112826
411771569 littlebill
411771744 66200546
411771907 49310061
411771970 35887845 411770398 littlebill
411772082 50944093
411772228 54255838
411772463 45913582
411772614 45913582 411771177 60577747
411772643 45913582 411771326 63960669
411772674 45913582 411771443 42100207
411772712 45913582 411771156 littlebill
411772854 45913582 411771569 littlebill
411772869 63610680 411770983 45913582
411772958 45913582 411771744 66200546
411772981 45913582 411771907 49310061
411773008 45913582 411772082 50944093
411773032 63610680 411772712 45913582
411773059 45913582 411772228 54255838
411773133 45913582
411773201 45913582
411773621 45913582 411770738 63610680
411773854 42570768
411774272 45913582 411773854 42570768
411774536 45913582
411774766 63610680 411773133 45913582
411794495 49310061 411772981 45913582
411796631 29441265
411797276 48516406
411797424 66106823
411798568 24681126 411796631 29441265
411798742 blandula
411799053 bananabalala
411799633 thank.you
411800576 55998310
411800908 legendxy
411801859 38961846
411803003 sunyiyun
411803634 61196243
411804160 miaomiaomiao612 411769150 littlebill
411805677 in710
411806075 4130275
411807811 hans0401
411809344 lawenda-hx 411770615 45913582
411809532 lawenda-hx 411770791 45913582
411809604 44703064 411803003 sunyiyun
411809810 J_Unction
411812459 41338429
411813006 41338429
411813101 65745657 411769163 ss0305dd0812
411813503 huary
411814200 48218002
411814326 65745657
411814482 41338429 411813101 65745657
411815092 65745657 411814482 41338429
411815381 OObsidian
411815514 pennie623
411815860 wongorange
411824153 56784787
411824625 64185400 411773854 42570768
411824704 13084040
411826512 TKR-ATM 411769842 45913582
411826766 37025309
411830570 45913582 411794495 49310061
411831462 45913582 411814326 65745657
411833702 45913582 411815381 OObsidian
411834391 45913582 411796631 29441265
411837026 45913582 411797276 48516406
411837601 29441265 411834391 45913582
411837669 64636890
411837899 45913582 411797424 66106823
411838863 45913582 411798742 blandula
411839009 muamu
411839438 45913582 411799053 bananabalala
411839730 45913582 411799633 thank.you
411840328 subaoxi
411840675 50886698
411840689 45913582 411800576 55998310
411840864 53723668
411840987 45913582 411800908 legendxy
411841258 45913582
411842392 45913582 411803003 sunyiyun
411843134 45913582 411803634 61196243
411843919 alice_nano 411770230 45913582
411843982 45913582 411805677 in710
411844235 alice_nano 411770230 45913582
411844281 45913582 411843919 alice_nano
411845012 45913582 411807811 hans0401
411845628 mofei111
411845660 45913582 411809532 lawenda-hx
411845841 45913582 411809810 J_Unction
411846013 boylikegirl
411846251 45913582 411812459 41338429
411846407 NataliePadme
411846675 alice_nano 411844281 45913582
411846875 45913582 411813006 41338429
411847132 wxbwb1582
411847186 39227555
411847442 alice_nano 411813006 41338429
411847772 3085350
411848271 4480792
411848297 alice_nano
411848298 36647250
411848455 45913582 411813503 huary
411848489 65745657 411831462 45913582
411849185 43595713
411849319 56032836
411850232 knnnn
411852507 49205647
411852715 hatsunkeo
411852760 42115610
411853079 48824915 411771970 35887845
411853485 49044832 411770230 45913582
411854005 4691311
411855021 65749826 411769010 67283514
411856782 eric-fhc
411857571 eric-fhc
411857678 eric-fhc
411860692 57239201
411861278 tentwofour
411862142 nicetomeetyou
411862664 52481628
411862874 53078510
411864272 47364529
411865275 46224963
411871109 45913582 411852715 hatsunkeo
411871671 45913582 411852760 42115610
411871712 45913582 411852760 42115610
411872069 45913582 411852507 49205647
411872314 45913582 411850232 knnnn
411872319 45913582 411850232 knnnn
411872907 45913582 411849319 56032836
411873218 GameCEO 411771569 littlebill
411873456 45913582 411848298 36647250
411873704 timrex
411873970 45913582 411848271 4480792
411874126 45913582 411847186 39227555
411874213 55335748
411874637 45600202 411769163 ss0305dd0812
411874653 45913582
411874686 oQueeno
411875302 45913582 411874213 55335748
411875443 2274968
411876912 45913582
411877374 45913582 411824153 56784787
411877609 45913582 411824704 13084040
411877785 50056226
411877874 45913582 411826512 TKR-ATM
411877979 41675235
411878179 45913582 411826766 37025309
411878930 4157067
411878935 45913582 411837601 29441265
413617593 20708008
413620671 1138846
413637631 49946364
413875041 smartshirley 413617593 20708008
413890248 45913582 413875041 smartshirley
413939397 20708008 413875041 smartshirley
413954366 Gatto
413966096 56610599
412554305 45913582
412554579 45913582
412554665 45913582
412554961 28704504 411806075 4130275
412554968 45913582
412555079 shizheyangma
412555131 45913582
412555538 45913582
412555610 Muzeek 411773854 42570768
412556016 45913582
412556088 45913582
412556621 Muzeek
412558055 45913582 412556621 Muzeek
412558884 Muzeek 412558055 45913582
412560099 45913582 412558884 Muzeek
412560170 aist2003
412563924 53966317
412567148 48760361 411826766 37025309
412567676 48760361
412569034 22258354 412554579 45913582
412576851 boylikegirl
412580011 1603832
412580423 52934729 411769163 ss0305dd0812
412581526 51277593
412582282 shizheyangma 412556088 45913582
412585135 skywar123
412586918 Irma26
412588669 5399328
412592242 53532061
412615958 4681914
412618949 axiluya
412619522 3852583
412621089 aliailibuli
412670252 baby-t 412592242 53532061
412672031 21944459
412780994 59156459
412846049 rainbowb
412847629 wuyuedexue
412850120 rainbowb 411800576 55998310
412862621 PrincessAlice
412880765 rainbowb
412889790 rainbowb
412890415 rainbowb
412910483 rabbitsheila 412890415 rainbowb
412912442 rainbowb 412910483 rabbitsheila
412916142 Impzxb
413146473 Xin1984
413148844 62920985
413149961 luoluowuchenxia 411769163 ss0305dd0812
413151306 44486772
413159148 67036679
413159782 62920985 411769163 ss0305dd0812
413160559 62920985 413159148 67036679
413163070 ding19840111
413164162 VOV-baby
413165805 3063561 411769163 ss0305dd0812
413170484 2770924
413180596 ss0305dd0812
413181628 47666486
413187544 toughlene
413188131 58635530
413193082 waiwaide
413196684 1740239
413197227 m1ssfe1
413199221 4023755
413200561 4023755
413201590 scrabblemaster
413201770 47666486
413214350 withoutMrRight
413220027 1234462
413230669 Click-YaNg
413236946 bokunomirai
413240164 50574521
413246656 Carole_
413308236 39874109
413333133 Gatto 411769899 45913582
413508795 Mars33 413246656 Carole_
413509572 Carole_ 413508795 Mars33
413510030 45581073
413517250 39058038 411770905 littlebill
413525622 43292330 411815860 wongorange
413585410 53532061
413585775 wongorange 413525622 43292330
413586474 wongorange 413333133 Gatto
413586555 53184598
413592133 45913582 413585410 53532061
413592534 45913582 413510030 45581073
413593279 45913582 413586474 wongorange
413593513 45913582 413586474 wongorange
413593631 53532061 413592133 45913582
413594010 45913582 413585775 wongorange
413594361 45913582 413593631 53532061
413594965 45913582 413333133 Gatto
413599419 badashou120
413601342 1138846 413599419 badashou120
413602638 ccccoy
413603304 52687974
413604797 esgape
413604826 badashou120
413615453 smartshirley
411879247 45913582 411837669 64636890
411879312 55433652
411879788 45913582 411854005 4691311
411880130 45913582 411860692 57239201
411880470 45913582 411861278 tentwofour
411880659 39946728
411881271 tentwofour 411880470 45913582
411881900 ellenc
411884264 4480792 411873970 45913582
411884937 4691311 411880659 39946728
411886239 zon9 411803003 sunyiyun
411888025 35160721
411891446 34012262
411897554 3775403
411899884 44539836
411899913 61196243 411843134 45913582
411900373 46542183
411900578 46542183
411900680 1899680 411888025 35160721
411902279 44539836 411899913 61196243
411904076 58421280
411907160 52868320
411908106 1603832
411909919 liu773780263 411841258 45913582
411928659 4391458
411938424 39879452
411943063 nju-zj
411943814 aiwoaiwo 411769150 littlebill
411947052 leecho
411958655 64636890 411879247 45913582
411998259 45913582 411958655 64636890
411998439 45913582 411947052 leecho
411998866 45913582
411999240 45913582
411999628 45913582
412000187 45913582 411900373 46542183
412000621 45913582 411899913 61196243
412001133 45913582 411899884 44539836
412001332 45913582 411897554 3775403
412003117 45913582 411884264 4480792
412003285 3883741 411772643 45913582
412004803 45913582 411879312 55433652
412004975 45913582 412003285 3883741
412005694 3883741 412004975 45913582
412006038 45913582 411878930 4157067
412006389 45913582 412005694 3883741
412007145 65660779 411773201 45913582
412020558 61196243 412000621 45913582
412025260 33971272
412030233 53532061
412030696 53532061
412034782 4480792 412003117 45913582
412036558 Xin1984
412060827 35887845 411853079 48824915
412069254 chant-stream 411769150 littlebill
412076268 63610680 411848297 alice_nano
412081942 54914759
412088785 jjcarolyn0609
412102820 64242441 411854005 4691311
412105843 qianqian_tang
412120469 49310061 411830570 45913582
412123827 coolmayi
412128383 mamaoni
412129964 loveariel
412134500 43707075
412135342 52480594 411879247 45913582
412136575 38511569
412461295 66131581
412468766 61180967
412499695 52471140
412500730 58907483 411770083 45913582
412505826 baby-t 411854005 4691311
412508112 baby-t
412537746 fongchueng
412539562 45190993 411834391 45913582
412540514 47948460
412543351 Scaredzeng
412543604 3887536 411769042 mmmmmmiko
412547955 65779294
412550282 59156459
412550459 mmmmmmiko 412543604 3887536
412552162 45913582 411840328 subaoxi
412552278 45913582 411846013 boylikegirl
412552480 45913582 411908106 1603832
412552599 38365301
412552743 45913582 412007145 65660779
412552833 45913582 412020558 61196243
412552884 45913582 412025260 33971272
412552973 45913582 412030696 53532061
412553056 45913582 412030696 53532061
412553113 38365301 412105843 qianqian_tang
412553119 45913582 412081942 54914759
412553166 45913582 412088785 jjcarolyn0609
412553339 45913582 412105843 qianqian_tang
412553442 22258354
412553443 45913582 412120469 49310061
412553586 45913582 412036558 Xin1984
412553703 45913582 412505826 baby-t
412553857 45913582 412539562 45190993
412554224 45913582 412547955 65779294
