411786233 37675999
411786444 If_I_am_Lovett
411786649 51464787
411787460 64749372
411795457 53630155
411857182 57750668 411786444 If_I_am_Lovett
411857627 57750668 411786649 51464787
411857859 57750668 411787460 64749372
411858490 57750668 411795457 53630155
411858668 62928280
411859538 57750668
411865089 58199590
411869166 57750668 411865089 58199590
411869762 esther1115
411917284 47371112
411927399 62126569
411927576 62126569
412043919 57750668 411917284 47371112
412044401 57750668 411927399 62126569
412090025 5470964
412092706 66220742
412097269 57750668 412090025 5470964
412097895 57750668 412092706 66220742
412098474 knnnn
412099200 57750668 412097895 57750668
412100150 simphiwe_zuma
412100451 52365801
412100993 MXYMXYMXYMXYMXY
412101900 57750668 412100150 simphiwe_zuma
412102292 57750668 412100451 52365801
412103078 63357556
412103731 57750668 412103078 63357556
412106101 63357556 412103731 57750668
412250730 4887053
412299767 icysummer
412314816 66330020
412328571 4790191
412354893 huazhensh
412361535 dff1230
412459796 57750668 412299767 icysummer
412460216 57750668 412328571 4790191
