411910663 24331722
411910967 67315178 411910663 24331722
411911189 fishgor
411912086 67315178 411911189 fishgor
411912365 ccchun
411912741 67315178 411912365 ccchun
411912922 65513681
411913294 ccchun 411912741 67315178
411913501 67315178 411912922 65513681
411913504 fishgor 411912086 67315178
411913786 67315178 411913294 ccchun
411914091 34755221
411914231 56559569
411914351 cyh_m
411914421 ccchun 411913786 67315178
411914824 67315178 411913504 fishgor
411915283 67315178 411914351 cyh_m
411915461 66106823
411915540 67315178 411914091 34755221
411916363 cyh_m
411916539 67315178 411914231 56559569
411917415 67315178
412312503 66481223
412314128 2631247
412314322 bbiboy
412314481 50058178
412314743 58542904
412315498 3253697
412317042 59896085
412317804 zuoeyi
412317882 46145920
412322113 40606714 411913786 67315178
415147738 67315178 412314128 2631247
415148689 67315178 412314322 bbiboy
415149389 67315178 412322113 40606714
415152167 57629062 415149389 67315178
415153300 67315178 415152167 57629062
415153927 43197119 415148689 67315178
415153930 goter
415165108 grizzlybears
415166465 3653530
415167009 beralee
415168124 cmsoft
415518797 67315178 415167009 beralee
415521049 sujiaman
415522228 67315178 415521049 sujiaman
415570200 2344063
415587302 sujiaman 415522228 67315178
415588632 laihailong
415588824 jim3
415589281 mojiujiu
415590782 robin-fei
415592214 3876424
415592555 1424236
415594582 boingboing
415605534 shaya.ty
415611618 34659477
415636865 beralee 415518797 67315178
415637343 beralee 415518797 67315178
