411917748 yangchengjie
411918123 3044410
411918222 1496062
411918388 49856494
411918430 mulanqian
411918524 49856494
411918727 4654563
411919012 SANZOU
411919116 naihemomo 411918222 1496062
411919248 naihemomo 411919012 SANZOU
411919250 yumengfei
411919397 cheer312
411919410 3276968
411919427 49856494
411919446 61401731
411919534 66962707
411919606 MADAOPANDA
411919641 59139980
411919977 52967821
411919986 48127390
411920142 46995252
411920193 wa-wa
411920267 daneng
411920494 38560921
411920574 48602360
411920725 chenmugou
411920760 leelulu
411920942 melody-summer
411921164 45484007
411921412 yangyo
411921577 littlerock
411921608 melody-summer 411919534 66962707
411921669 cheer7ove
411921682 49642536
411921796 vi_c_
411921816 wellrock
411922048 57295336
411922823 57303520
411923019 zljym
411923047 53594701
411923456 53955946 411921796 vi_c_
411923471 chrisyan
411923474 49716993
411923645 jmix
411924096 satan1113
411924118 CannyWoo
411924156 57303520
411924371 forever1047
411924658 hindme
411924867 yaya0425
411924968 syuu
411925720 miseria
411926219 yanqichen
411926979 2999003
411927156 doubletwo
411927182 xiaozhoushizhu
411927194 6791819 411921577 littlerock
411928214 48376013
411928216 50054227
411928266 sheroritasaid
411928307 dazhizhizhi
411928338 54467614
411928363 1499714
411928509 sanyuejiyi 411921164 45484007
411928619 44705790
411928724 veronica0809
411928767 45484007 411928509 sanyuejiyi
411929183 4245354
411929398 callmekk
411929575 37874715 411919012 SANZOU
411929779 3424199
411929785 52481628
411929988 41138766
411930101 50149102
411930434 holic_zoe
411930585 doubletwo
411930927 54467614 411924118 CannyWoo
411931040 3424199 411928619 44705790
411932016 notanymore
411932051 dedeluoke
411932468 dazhizhizhi
411932797 ansheng521
411933000 Misunderstand
411933430 heisken
411933433 sanyuejiyi
411933590 godzip
411933594 solemnyyc
411933722 60926975 411931040 3424199
411933788 53955946 411932797 ansheng521
411934358 veenf
411934478 lixinrancc
411934517 46995252
411934529 1499714 411928266 sheroritasaid
411934554 godzip 411929398 callmekk
411934563 60926975
411934927 kfcmoumou
411935030 60926975 411934478 lixinrancc
411935135 57995631
411935561 58314808 411934554 godzip
411935692 1499714 411920193 wa-wa
411935732 hindme
411935843 gegeyang 411934358 veenf
411936152 61997159
411936417 asuka1207
411936546 1499714 411928619 44705790
411937792 60926975 411927156 doubletwo
411938288 Anti-psycho
411938435 woaizhangmaomao
411938470 4814464
411938768 1499714 411930585 doubletwo
411938989 xiaofanvcc
411939147 51059118
411939418 sheroritasaid 411934529 1499714
411939465 xiaofanvcc
411939627 love_yoga
411939630 godzip
411940045 60926975
411940067 beijusenlin 411928266 sheroritasaid
411940584 52365801 411921577 littlerock
411940693 vi_c_ 411923456 53955946
411940708 greypupil
411940826 60331523
411940878 forever1047 411938435 woaizhangmaomao
411941568 yangchengjie
411941693 jsyn
411941978 3960891
411942061 Scarlett1020 411923019 zljym
411942080 woaizhangmaomao 411940878 forever1047
411942198 53955946 411940693 vi_c_
411942452 26920808 411940708 greypupil
411942503 solo3313
411942674 26920808 411941568 yangchengjie
411942743 cutcutdown
411942782 gaasang
411943192 3960891 411942198 53955946
411943216 jsyn
411944313 48310690
411944636 60926975
411944891 zhaizhenaixi
411945157 cheerwendy
411945269 4513266 411929398 callmekk
411945348 shenxueqi 411943216 jsyn
411945473 50708014
411945855 lostcat84
411945972 4513266 411940708 greypupil
411946051 3960891 411944636 60926975
411946173 vi_c_
411946595 SIHNee4ever
411946805 lalalove6002
411947031 fuuuuuuck
411947425 CannyWoo 411930927 54467614
411947651 callmekk 411943216 jsyn
411947982 52911648
411948082 50064069 411920574 48602360
411948097 nuanxiaowang
411948624 solemnyyc
411949053 yangyo 411941568 yangchengjie
411949191 naver
411949408 yangyo 411948097 nuanxiaowang
411949752 28947113
411949792 4373250
411949800 lingoapple 411939465 xiaofanvcc
411950092 lingoapple 411949792 4373250
411950466 tannin 411930927 54467614
411950846 63178125
411950863 ybbdd
411951288 45267441
411951502 54467614 411947425 CannyWoo
411951610 jsyn 411947651 callmekk
411951697 37856239
411951847 honey-summer
411952468 anzhinuosu
411952603 6791819
411952726 37856239 411951610 jsyn
411952801 58149154
411952914 50159079
411953311 50064069 411952726 37856239
411953402 60926975
411953843 callmekk 411951610 jsyn
411953906 64268238 411933430 heisken
411954111 60926975 411953311 50064069
411954498 51346304
411955018 orange511
411955163 shamtoy 411917748 yangchengjie
411955208 niubuhuichineng 411952726 37856239
411955221 bigbamboo
411955341 Nephila
411955519 mantou530
411955773 m1ng-
411956080 mantou530 411955208 niubuhuichineng
411956093 honey-summer 411945473 50708014
411956203 bearyaa
411956229 flyforyou
411956647 50064069 411954111 60926975
411956719 56917736
411956785 mantou530 411952914 50159079
411957091 tannin 411946051 3960891
411957153 huohuoa
411957208 26920808
411957259 26920808
411957301 26920808
411957730 xiariyouqinnvzi 411957091 tannin
411957918 4373250 411950092 lingoapple
411958003 37856239 411955208 niubuhuichineng
411958385 xiariyouqinnvzi
411958772 tannin 411957730 xiariyouqinnvzi
411958945 4238022
411959003 lingoapple 411957918 4373250
411959488 smylldon
411959544 65363986
411959789 jsyn
411960281 xiariyouqinnvzi 411958772 tannin
411960311 tannin 411957730 xiariyouqinnvzi
411960478 xiariyouqinnvzi 411960311 tannin
411960734 65363986
411960789 niubuhuichineng 411958003 37856239
411961075 65363986
411961116 46995252 411957091 tannin
411961327 whisper326
411961670 60926975 411959789 jsyn
411961705 cindy_real
411961853 tannin 411961116 46995252
411962030 46995252 411961853 tannin
411962051 52756099 411927194 6791819
411962533 xiaofanvcc 411949800 lingoapple
411962776 46277260
411962937 65745657 411918222 1496062
411962982 hanrhelen
411962991 3960891 411957091 tannin
411962995 lilychan
411963013 heisken
411963045 64268238 411959789 jsyn
411963423 56917736
411963654 tannin 411962991 3960891
411963921 eudora-26
411964080 3960891 411963654 tannin
411964110 jsyn 411963045 64268238
411964365 heisken 411963045 64268238
411964456 jsyn 411961670 60926975
411964486 64268238 411964110 jsyn
411964537 saminy 411958003 37856239
411964768 6791819 411962051 52756099
411964882 lingoapple 411962533 xiaofanvcc
411965053 2390565
411965224 64268238 411964365 heisken
411965564 lalalove6002 411947031 fuuuuuuck
411965665 DT217
411965783 heisken 411965224 64268238
411965912 lalalove6002 411948082 50064069
411966390 whisper326 411964882 lingoapple
411966636 47708804 411922048 57295336
411966845 51056438
411966956 nana101312 411965224 64268238
411967464 47139285
411967473 jsyn 411964486 64268238
411967586 cindy_real
411967617 smylldon 411960734 65363986
411967771 37856239 411964537 saminy
411967941 lingoapple 411966390 whisper326
411968004 48127390
411968302 3960891 411967473 jsyn
411968424 63402858
411968496 xiaofanvcc 411964882 lingoapple
411968632 only_gyx
411968798 45954588
411969291 whisper326 411967941 lingoapple
411969302 lingoapple 411968496 xiaofanvcc
411969314 64268238 411967473 jsyn
411969535 saminy
411969686 jsyn 411968302 3960891
411969806 xiaofanvcc 411969302 lingoapple
411970395 saminy 411967771 37856239
411970605 2433972 411956229 flyforyou
411970722 49058387 411967473 jsyn
411970735 lingoapple 411969291 whisper326
411970879 lingoapple 411969806 xiaofanvcc
411970955 52816854
411971675 jsyn 411969314 64268238
411972025 44142019
411972302 jsyn
411972496 60926975 411969291 whisper326
411972675 alice_nano
411972712 mmmuzi
411973849 zhaizhenaixi 411962051 52756099
411974178 skywanna
411974469 whisper326 411970735 lingoapple
411974479 zhaizhenaixi 411971675 jsyn
411974783 49058387 411972302 jsyn
411974983 seymiyake
411975076 50159079 411956785 mantou530
411975962 whisper326 411972496 60926975
411975983 sweety811
411976079 55351216
411976295 bigstud
411976575 4287357
411976794 4287357
411976908 jsyn
411977185 2392788
411977742 jsyn 411974479 zhaizhenaixi
411977850 niubuhuichineng 411975962 whisper326
412006638 49465689
412006736 49465689
412007163 mysweety
412007344 dadadadadas
412007475 mengyoumomo
412007624 53319111
412007705 CuteBabyYang
412007987 chengchaoella
412008013 58314808
412008168 52756099 411973849 zhaizhenaixi
412008298 14198997 412007624 53319111
412008519 whisper326
412009159 niubuhuichineng
412009194 6791819
412009607 dadadadadas
412009746 63043115
412009781 april-kid
412009883 seasidecity
412010053 sandsaysusan
412010202 60926975
412010217 Impzxb
412010534 hildazhang
412010789 tannin 412009883 seasidecity
412011021 60926975
412011678 61401731 412009883 seasidecity
412011836 63043115 412011021 60926975
412012388 seasidecity 412010789 tannin
412012617 63769266 412011678 61401731
412013204 44240274
412013827 dongsaner
412014108 58463657
412016343 65363986
412016356 36473201
412016748 61401731 412010789 tannin
412017923 43217204
412018882 54914759
412018938 helloverano 411949752 28947113
412019670 49476677 412010534 hildazhang
412020146 57536464
412020786 50359569
412021630 44854071
412022316 wandu
412022762 54467614
412022800 61409575
412023177 bushuohuisi
412023449 4245354 412011021 60926975
412024072 41185746
412024985 44854071
412025108 plasticme
412025451 lemonbaby
412026183 Lily-C
412026257 44854071 412025108 plasticme
412028497 2667257
412028796 2667257 412022762 54467614
412029171 64164239 412022762 54467614
412029620 50708014 411956093 honey-summer
412030043 64688633
412030097 helloverano
412030216 50708014
412030497 58964015 411942061 Scarlett1020
412030523 58314808
412031394 NHH
412031781 alicebbb
412031877 liris
412033351 zhaoqj
412033455 sabixii
412033470 kazia
412033500 niubuhuichineng 412014108 58463657
412034851 53319111
412034950 49575521
412035469 53319111 412033470 kazia
412035557 61409575 412030523 58314808
412036285 58314808 412035557 61409575
412036839 58314808 412035469 53319111
412036940 63769266
412036968 59200469 412033470 kazia
412037497 58463657
412037498 2405722 411927194 6791819
412038191 50708014 412030523 58314808
412038333 50708014 412031394 NHH
412038369 58463657 412037498 2405722
412038535 boylikegirl 412012388 seasidecity
412038996 58463657 412035469 53319111
412039459 58314808 412038996 58463657
412040018 6791819 412037498 2405722
412040105 mantou530 412031394 NHH
412040567 2405722 411951697 37856239
412041170 mantou530 412033470 kazia
412041583 51277593 412031394 NHH
412041649 2405722 412038369 58463657
412041650 60105823
412042029 64861011
412042052 63769266 412038369 58463657
412042069 godzip 411950863 ybbdd
412042156 58463657
412042408 bubu.ru
412042474 58463657 412042052 63769266
412042569 meiniuer
412042934 58463657 412041649 2405722
412043034 34004703 411924371 forever1047
412094944 bluebell
412094946 doublefantsy
412095089 theyoyo
412095343 eudora-26 412042029 64861011
412097146 60926975
412098947 60926975
412099031 24567946
412100141 60926975
412100706 58314808 412099031 24567946
412100782 42502242
412101453 60331523
412101685 xxxsz
412103214 60926975 412101685 xxxsz
412103439 58314808 412101685 xxxsz
412103854 theyoyo
412103865 50780230
412104129 60331523 412101685 xxxsz
412104685 CH-H1010
412104712 1795210
412105017 60331523 412104712 1795210
412105289 52389180
412105310 58314808 412104685 CH-H1010
412105441 51518556
412105582 asuka1207 412021630 44854071
412105808 janice1124
412105930 watermelon520 412097146 60926975
412106789 58314808 412105930 watermelon520
412106900 36978040
412106992 42502242 412103854 theyoyo
412107185 xxxsz
412107244 51147002
412107460 lilychan
412108744 42502242 412103865 50780230
412108839 watermelon520 412106789 58314808
412108895 42502242 412107244 51147002
412109567 58314808 412108839 watermelon520
412110204 watermelon520
412111159 58314808
412111295 51147002 412108895 42502242
412111371 58014650
412111628 maybetime
412112347 50385651
412113103 42502242 412111628 maybetime
412113740 65363986
412114005 60926975 412110204 watermelon520
412114481 maybetime 412113103 42502242
412114902 watermelon520 412114005 60926975
412115347 watermelon520
412115566 58314808
412116156 65363986 411967617 smylldon
412116225 maybetime 412114902 watermelon520
412116227 xinxindiandian
412116303 fuckpussy
412116680 58314808 412116227 xinxindiandian
412117113 60926975 412114902 watermelon520
412117565 35562177
412117755 xiaoluoli
412118473 43071545
412118760 42502242 412117565 35562177
412118845 37856239 412040567 2405722
412119150 42502242 412118473 43071545
412119281 watermelon520 412117113 60926975
412120413 43071545 412119150 42502242
412120655 shenxueqi 412119281 watermelon520
412121000 watermelon520 412120655 shenxueqi
412121060 kazia
412121823 42502242 412120413 43071545
412122910 zhaizhaizhai
412122960 gyceedoo
412123066 60730012
412123432 42389136
412123665 43071545 412121823 42502242
412123806 60730012 412121060 kazia
412124321 60379865
412124358 shenxueqi 412122960 gyceedoo
412124428 maybetime 412121823 42502242
412124675 60331523 412123432 42389136
412125559 60926975 412119281 watermelon520
412125996 eric-fhc
412126168 fdviviling
412127036 Mokulove
412127348 60926975 412122960 gyceedoo
412127708 blair891
412127801 60926975 412127036 Mokulove
412128214 supermiao
412128394 NHH
412129278 58929602
412129350 luluxim
412130384 42502242 412124428 maybetime
412130428 NHH
412130509 60926975
412130862 60926975 412130428 NHH
412131656 luluxim 412130509 60926975
412131812 58916029
412132596 NHH 412130862 60926975
412132707 50970836
412132786 45954588
412132854 60926975 412131656 luluxim
412133140 eric-fhc 412131656 luluxim
412133261 blair891
412043108 63769266 412042474 58463657
412043495 2405722
412043563 60926975 412023449 4245354
412043645 luluxim
412043684 2405722 412042934 58463657
412043838 58463657 412043108 63769266
412044007 60926975
412044011 58463657 412043684 2405722
412044179 bigbamboo 411967464 47139285
412044595 63466463
412044748 63769266 412043838 58463657
412044809 niubuhuichineng 412037497 58463657
412044822 60926975
412045058 2405722 412044011 58463657
412045104 holicgarden
412045743 58463657 412044809 niubuhuichineng
412046110 whisper326
412046203 58314808 412043645 luluxim
412046583 58463657
412046759 6791819 412043495 2405722
412047097 2405722
412047752 iyding
412047894 6791819
412048325 44854071
412048424 mysweety 411935135 57995631
412048786 50708014 412047752 iyding
412049003 jshi
412049815 cindysummer
412050238 3702105
412050527 41185746
412051020 luluxim
412051107 2453656 411933430 heisken
412052122 51784142
412052425 40005919 412033470 kazia
412052576 52911648 411940708 greypupil
412052650 51784142 412050238 3702105
412053491 whisper326 412051107 2453656
412054648 mmmmmmiko
412055190 flowerstreet
412055800 forever1047 412043034 34004703
412055914 Stephaniepumbaa
412055991 abarairenji
412056654 niubuhuichineng 412045743 58463657
412057624 2453656 412053491 whisper326
412058846 34004703 412055800 forever1047
412060545 57248634
412060811 3280775
412061102 36473201 412056654 niubuhuichineng
412061258 47707752
412062522 36762906
412062613 boylikegirl 411945269 4513266
412063874 xiaofanvcc
412064171 watermelon520
412064583 NHH 412040105 mantou530
412065265 45196429
412066102 58463657 412056654 niubuhuichineng
412066461 NeonSpread
412066687 plspls
412066847 forever1047 412058846 34004703
412067128 coffeing
412067886 2047038
412069317 60926975 412064171 watermelon520
412069411 44854071
412069669 NHH
412070027 42182507
412070107 60926975 412064171 watermelon520
412070480 PrincessAlice
412070822 60926975 412069669 NHH
412071466 niubuhuichineng 412066102 58463657
412073167 58314808 412069669 NHH
412073169 54914759 412069669 NHH
412073425 54914759
412073829 liangwanjin 412069669 NHH
412074040 49943275
412074247 58463657 412071466 niubuhuichineng
412076593 niubuhuichineng 412074247 58463657
412077114 52736215
412077550 watermelon520 412069317 60926975
412077555 54778613 411927194 6791819
412078187 58954966 411921796 vi_c_
412078583 64549487
412079827 zytsubasa
412080499 3710803
412082672 mantou530 412066687 plspls
412083745 nobodyelse111
412084589 watermelon520 412070107 60926975
412084631 60331523
412085079 51784142
412085216 mantou530 412064583 NHH
412085419 wyw515
412085462 wlrz
412085759 60331523
412086972 52389180 412056654 niubuhuichineng
412087207 jjcarolyn0609
412087233 58314808
412087399 lingoapple
412088406 candy001
412088903 kexinhaha
412092081 satan1113 411974983 seymiyake
412092977 3709198
412259883 58314808
412259896 58463657
412260232 60926975
412260489 58463657
412260535 50159079
412260566 63769266
412260814 61229785
412260865 49366628
412260949 fusuyvonne
412261024 60926975 412260566 63769266
412261230 6791819
412261420 58314808 412260489 58463657
412261495 50831981 411924371 forever1047
412261820 58314808 412260949 fusuyvonne
412261894 MS.shaomai 412260489 58463657
412261959 63769266 412261024 60926975
412262097 yoyika
412262116 57616432
412262208 LININI
412262288 50831981 411927194 6791819
412262293 60926975 412261495 50831981
412262462 44713953 412259896 58463657
412262504 50159079 412262116 57616432
412262934 60926975 412262462 44713953
412263030 MS.shaomai
412263043 6791819 412262288 50831981
412263246 50831981 411929398 callmekk
412263253 51518556
412263361 64378750
412263516 sukata
412263748 44713953 412261495 50831981
412263772 ANJATA
412264019 60926975 412263516 sukata
412264261 doublefantsy 412260232 60926975
412264571 49941721
412264585 fusuyvonne
412264614 mocunterry
412264674 58314808 412263516 sukata
412264701 44713953 412262934 60926975
412264886 60926975 412264261 doublefantsy
412265258 57616432 412262504 50159079
412265717 59178275
412266548 umicat
412266582 57616432
412266726 50831981 412262293 60926975
412267491 50831981
412267855 A-Cat
412267927 48211130
412268084 geequeen
412268498 6791819 412267491 50831981
412268582 PrincessAlice
412268650 50831981 412263748 44713953
412268717 doublefantsy 412268582 PrincessAlice
412268749 58314808
412269009 58314808 412268582 PrincessAlice
412269141 jinxiaobai
412269236 56048593
412269390 PrincessAlice
412270428 38372332
412270688 PrincessAlice 412268084 geequeen
412271235 50831981 411940708 greypupil
412271433 45118424
412271545 1256699 412268582 PrincessAlice
412271630 3513225
412271813 geequeen
412271819 50831981 411942061 Scarlett1020
412272069 PrincessAlice
412272472 ybbdd 412042069 godzip
412272636 55279577 412260865 49366628
412273620 PrincessAlice 412271813 geequeen
412273850 49476677
412273990 jun0728
412274168 Anti-psycho
412274410 58463657 412262462 44713953
412274645 4062899
412275115 60926975 412273620 PrincessAlice
412275275 Anti-psycho 412274645 4062899
412275424 63677907
412275882 54478760
412276000 PrincessAlice 412275115 60926975
412277233 56048593 412272636 55279577
412277915 60926975 412273990 jun0728
412278197 Milkdog
412279270 60926975 412278197 Milkdog
412279403 whisper326
412279519 naihemomo
412279585 43686078
412279833 geequeen 412273620 PrincessAlice
412280137 60926975
412280430 xiaogulu
412280861 xiaogulu
412281028 peachday
412281170 42997050
412281506 PrincessAlice
412282092 naihemomo
412282169 60926975
412282569 4816694
412282960 sam42013
412283057 naihemomo 412282569 4816694
412283243 supermiao 412273850 49476677
412133271 luluxim 412132854 60926975
412133841 eric-fhc 412133271 luluxim
412133885 luluxim 412133140 eric-fhc
412134296 eric-fhc 412133885 luluxim
412134392 eric-fhc
412134522 luluxim 412133841 eric-fhc
412134677 60926975 412133271 luluxim
412135051 luluxim 412133261 blair891
412135165 eric-fhc 412134522 luluxim
412135356 3184442
412135431 60926975 412135051 luluxim
412135747 luluxim 412134677 60926975
412135892 53255757
412136131 luluxim 412135431 60926975
412136272 60926975 412135747 luluxim
412136495 60926975 412136131 luluxim
412137000 luluxim 412136495 60926975
412137015 maybetime 412130384 42502242
412137305 maybetime 412135165 eric-fhc
412137485 55630973
412137534 baekseul
412137582 XC911
412137680 60926975 412136131 luluxim
412137951 maybetime 412130384 42502242
412138986 2210415
412139615 57445512
412139655 44087319
412140531 zcx1990
412143136 41081170
412144064 44854071
412145393 eric-fhc 412137305 maybetime
412145532 alicebbb
412147237 smile-always
412148431 44854071
412149242 novy
412149620 roro_mt
412149745 callmekk
412149995 44854071
412150720 lovenca
412150815 callmekk
412151449 31404072
412153100 53980392
412154030 paprik
412154247 59156459
412155087 chaoping
412155461 62993286 412149745 callmekk
412156128 1795210 412105017 60331523
412156623 CatwomanL 411930927 54467614
412159338 kokoyu
412161690 sucre910
412162356 62017187 411940708 greypupil
412167662 laopozi
412167905 doctorecho 411974469 whisper326
412168020 doctorecho
412168043 reneezhuang
412173640 shenxueqi
412175897 54467614 412156623 CatwomanL
412176352 liris
412176393 tengyuanmeihong
412176599 liris
412178062 lawenda-hx
412179830 duoba277
412180639 44705790
412181288 ddeenngg
412181625 56412628
412181673 6279539
412185698 Lily-C
412186603 CannyWoo 412178062 lawenda-hx
412187015 58179270
412187801 1499714 412180639 44705790
412187904 46047251
412188302 Dolphin1201 412085419 wyw515
412188365 46047251
412188556 xellgio
412188606 63659909
412189275 honghuajimu
412190688 61648733
412192819 lawenda-hx 412186603 CannyWoo
412192963 42582349 412181288 ddeenngg
412194730 iammissg
412196457 shenxueqi
412199310 ddeenngg 412192963 42582349
412201483 65527018
412202796 42502242 412137015 maybetime
412204012 shenxueqi
412205165 64688633
412206347 26920808 412016356 36473201
412206570 41995639
412207302 42502242 412137951 maybetime
412207796 32743739
412207880 45604851
412208281 shenxueqi
412210191 fusuyvonne
412210480 26920808 412057624 2453656
412211402 nana101312 412210191 fusuyvonne
412211631 flos
412212056 shenxueqi
412212809 holicgarden
412213377 eric-fhc 412181625 56412628
412213599 forever.b
412283527 gelsey1992
412283533 geequeen 412273990 jun0728
412284289 53581142
412284375 onlymelodsunflo
412284719 4816694
412284759 luanjiang
412285555 4816694 412283057 naihemomo
412285644 Yyq2hqT
412285962 60926975
412286012 naihemomo 412284289 53581142
412286445 duoba277
412286874 53581142 412286012 naihemomo
412287295 56048593
412287853 MsLulu
412288693 geequeen 412280430 xiaogulu
412288965 zhangdudu
412290050 60926975 412287853 MsLulu
412290481 MsLulu 412290050 60926975
412290506 geequeen 412284719 4816694
412290600 4513266
412290984 naihemomo 412284719 4816694
412291490 60926975 412273990 jun0728
412291677 4816694
412292085 naihemomo 412290050 60926975
412292394 geequeen 412291677 4816694
412292396 alicebbb
412292464 naihemomo 412291677 4816694
412292473 60926975
412292839 60926975 412292085 naihemomo
412293025 orangelov3r
412293070 geequeen 412292473 60926975
412293086 cheer7ove
412293105 asui_cx
412293719 4816694 412290984 naihemomo
412293766 57558494
412294429 duoba277
412294459 asui_cx
412294503 60926975 412293070 geequeen
412294956 geequeen 412294503 60926975
412295676 60926975 412294956 geequeen
412295828 naihemomo 412293719 4816694
412296446 geequeen 412295676 60926975
412296564 4816694 412292394 geequeen
412296893 geequeen 412293719 4816694
412297613 60926975
412297705 4015209
412297895 helloverano
412298102 geequeen 412296564 4816694
412298252 naihemomo
412299050 dadadadadas
412299427 4816694 412295828 naihemomo
412299523 geequeen
412299794 4816694 412296893 geequeen
412300241 iris_lee
412300658 56048593
412301076 naihemomo 412299427 4816694
412301292 spongicola
412301543 naihemomo
412301814 realsugar
412302022 4816694 412298102 geequeen
412302043 50159079 412288965 zhangdudu
412304160 StillRenee
412305572 HeLeNNeLeH 411927194 6791819
412305960 HeLeNNeLeH 411934478 lixinrancc
412306020 45489011
412306754 4669708
412306909 60926975
412307180 4816694 411957153 huohuoa
412307188 41185746 412137000 luluxim
412308226 33940482 412031394 NHH
412308247 6791819
412308332 4816694 412301076 naihemomo
412308783 HeLeNNeLeH
412308925 nohero11
412310091 6791819
412310756 HeLeNNeLeH
412311713 naihemomo 412310756 HeLeNNeLeH
412312137 HeLeNNeLeH 412311713 naihemomo
412312630 6791819 412310756 HeLeNNeLeH
412312884 naihemomo 412310756 HeLeNNeLeH
412313325 naihemomo 412312137 HeLeNNeLeH
412313514 naihemomo
412313632 tiancaicai
412313693 42559871
412313887 51410574
412314589 HeLeNNeLeH 412313325 naihemomo
412315782 HeLeNNeLeH
412316428 HeLeNNeLeH
412316785 HeLeNNeLeH
412317654 moooooooon
412318309 forever1047
412321494 3587448
412321745 6791819 412316785 HeLeNNeLeH
412323482 60331523 412273990 jun0728
412323793 honey-summer 412284289 53581142
412324486 60331523 412207880 45604851
412324829 46379813
412324865 zhizhi1222
412325558 60331523
412325701 2390565
412214201 lanran
412214462 wandouss
412214888 26920808 412123432 42389136
412215643 shenxueqi
412215696 forever.b 412214462 wandouss
412217556 26920808 412135892 53255757
412218862 53950449 411920193 wa-wa
412219153 nntk
412219674 nntk
412220925 27432489
412220942 tiancaicai
412221432 53033349
412221872 26920808
412222164 nntk
412222807 56048593
412223625 xiahsoul
412223835 erbility
412224059 erbility
412224509 shenxueqi 412223835 erbility
412224650 mushoom-god
412224922 shenxueqi 412224059 erbility
412225044 yoko1990
412225199 tuesday12
412225363 shenxueqi
412225590 3424199 411933722 60926975
412225942 outshandi 412143136 41081170
412226224 shenxueqi 412225590 3424199
412226416 mushoom-god
412226810 Megan1218
412226827 shenxueqi 412226416 mushoom-god
412227511 mushoom-god
412229981 60268999
412232295 2390565
412233771 lifengbin
412234693 lifengbin 412225590 3424199
412235312 43081137 412150815 callmekk
412235411 mushoom-god
412235522 mushoom-god
412236555 4622808
412236735 mushoom-god
412237159 shenxueqi
412237455 dsbzxt 411976295 bigstud
412237996 3424199 412226416 mushoom-god
412238159 brorain
412238639 4622808
412239128 mushoom-god 412237996 3424199
412239164 m1cy
412239555 m1cy
412239587 3424199
412239775 hikermomo
412240516 mushoom-god 412239587 3424199
412240524 doctorecho 412179830 duoba277
412241342 41502118
412241863 3424199 412240516 mushoom-god
412242336 mushoom-god 412241863 3424199
412243904 dsbzxt 412045743 58463657
412244424 62867570
412244732 1256699
412245946 44713953 411961853 tannin
412247147 roykiraono
412248725 1256699
412249266 erbility 412224922 shenxueqi
412249301 scorpio0_0
412250141 44713953
412250322 CatwomanL 412175897 54467614
412250961 eric-fhc
412251399 58463657 412243904 dsbzxt
412251712 1196520
412251949 58314808
412252227 58314808 412251712 1196520
412252707 58314808
412253618 57594527 411919012 SANZOU
412254173 MS.shaomai
412254415 58964015 412250141 44713953
412254590 60926975
412254790 60926975
412254801 zoohoney
412254804 58463657
412255625 60926975
412255932 theyoyo 412135892 53255757
412256049 58314808
412256489 doublefantsy
412256758 60926975
412257210 60926975 412256489 doublefantsy
412257390 MS.shaomai 412254804 58463657
412257491 58314808
412257710 66529248
412257924 44713953
412257983 56048593
412258020 58314808
412258589 doublefantsy 412257210 60926975
412258779 44713953 412254415 58964015
412258886 63769266
412258930 58314808 412256758 60926975
412258952 MS.shaomai
412259026 48127390
412259127 60926975
412259131 58964015 412258779 44713953
412259658 doublefantsy
412259817 50159079
411978340 niubuhuichineng
411978367 4043302
411978465 59080476 411920942 melody-summer
411978561 39429434
411978663 lingoapple 411974469 whisper326
411978721 60926975
411978841 lingoapple 411978465 59080476
411979565 57729976 411917748 yangchengjie
411979895 48127390
411979922 lingoapple 411978721 60926975
411980046 onemoretime
411980525 50240033
411981176 njndyx
411981614 50350219
411982003 whisper326
411982233 60926975 411981614 50350219
411983383 karenwang 411934358 veenf
411983451 niceperson
411983598 C1yy
411983670 lostcat84
411984029 35911719
411984045 60926975 411979895 48127390
411984921 16654108
411985425 karenwang
411985504 mantou530
411986341 2401820
411986415 50586165
411986878 luluxim
411987026 xlfan7
411987728 58190614
411987839 60926975
411987907 shenxueqi
411989063 mantou530 411987907 shenxueqi
411989084 60926975 411987907 shenxueqi
411989184 xllllate
411989459 lemonbaby
411989463 65363986
411989533 mantou530 411986878 luluxim
411989642 57723686
411990461 65363986
411990476 shenxueqi
411990589 pingyungo
411991270 shenxueqi
411991291 60926975 411990476 shenxueqi
411991314 65363986
411991415 60160396
411991459 shenxueqi
411991596 41986725
411992214 65363986
411992385 65363986
411992465 51439903
411992822 61401731
411992837 58463657 411978340 niubuhuichineng
411992953 2146697 411927194 6791819
411993705 60926975 411978340 niubuhuichineng
411993833 july0707
411993869 miss_leave
411994981 luluxim 411989533 mantou530
411995029 60926975
411995427 lilychan 411991270 shenxueqi
411995569 50571924
411995599 66927063 411917748 yangchengjie
411995927 lingoapple 411995029 60926975
411996089 64164239
411996281 niubuhuichineng 411993705 60926975
411996356 60397920
411996360 3540640
411996572 49476677
411997293 mocunterry
411997599 64268238 411971675 jsyn
411997727 niubuhuichineng 411992837 58463657
411997733 60926975 411996281 niubuhuichineng
411998374 Suro-
411999062 46765874 411978721 60926975
411999184 2146697
411999300 58463657 411997727 niubuhuichineng
411999390 57043850
411999863 48127390
411999927 58314808
412000522 casolove 411924118 CannyWoo
412000863 52800044
412001288 58314808 411929398 callmekk
412001588 62920985
412001755 60926975
412001910 niubuhuichineng 411997733 60926975
412001923 Jane_mayday
412002839 niubuhuichineng 411999300 58463657
412002905 DuoDuoC
412004269 shenxueqi 412002905 DuoDuoC
412004533 66190083
412004548 58463657 412002839 niubuhuichineng
412004856 yankk
412005349 S_han
412005364 mantou530 411990476 shenxueqi
412005441 seasidecity
412006415 63769266
412006487 61401731 412005441 seasidecity
412006561 mantou530 411992214 65363986
412006606 49465689
412006630 shenxueqi 412005441 seasidecity
412436187 janesusu
412436220 63049988
412437868 janesusu
412438195 63769266 412436220 63049988
412438417 61401731
412440087 49476677 412436187 janesusu
412442553 janesusu
412443507 18827171
412443715 49476677
412444248 61401731
412444713 63738483 412444248 61401731
412445428 61401731
412445890 geequeen
412445974 63738483 412445428 61401731
412446530 mashrooooom
412446680 40970497
412446893 63738483
412447755 3513225
412447862 lazy-7
412448009 64526790 412444248 61401731
412448546 64526790 412447755 3513225
412448745 geequeen
412450754 61401731 412448745 geequeen
412451074 61401731
412451589 rbfyqx
412452606 63738483 412448745 geequeen
412452680 geequeen
412453173 geequeen
412453587 64325676
412453711 63738483 412453173 geequeen
412454609 40970497
412454906 3217635
412455084 64325676
412455162 63738483 412451589 rbfyqx
412455973 60926975 412437868 janesusu
412456784 61401731
412457009 roe2011
412457211 heycheer 412037497 58463657
412457237 geequeen 412450754 61401731
412457367 50831981
412458193 geequeen 412453711 63738483
412459143 39068973
412459769 61401731 412457237 geequeen
412463066 geequeen
412464799 geequeen 412459769 61401731
412467330 61401731 412464799 geequeen
412467550 chayan03
412468498 janesusu 412455973 60926975
412474158 sunnysisi 412457237 geequeen
412476589 58463657 412474158 sunnysisi
412478512 muaxinxin
412479650 62920985
412479935 sunnysisi 412476589 58463657
412482025 muaxinxin 412479650 62920985
412482408 62920985 412482025 muaxinxin
412484648 60926975
412484781 58463657 412479935 sunnysisi
412487729 63738483 412484648 60926975
412488049 dj0823
412490557 45661957
412496132 1904200
412500637 50941134
412504996 60926975
412505669 Rapunzel_y 412457237 geequeen
412505882 Rapunzel_y 412479935 sunnysisi
412505906 61401731 412479935 sunnysisi
412506390 Rapunzel_y
412508495 45661957 412455973 60926975
412509394 sunnysisi 412505882 Rapunzel_y
412510089 sunnysisi 412505906 61401731
412510410 sunnysisi 412496132 1904200
412510425 Rapunzel_y 412509394 sunnysisi
412510735 Rapunzel_y 412510089 sunnysisi
412511934 sunnysisi
412514525 Rapunzel_y
412515513 53891400
412515738 sunnysisi
412516116 huisiumui
412517475 jinglinmao
412520449 sherry_mok
412521092 Rapunzel_y 412515738 sunnysisi
412521500 miclv123
412525131 42582349
412526192 lovewallace1130
412529995 60331523 412452680 geequeen
412530073 3513225 412448546 64526790
412530520 60331523
412532747 XC911
412532786 XC911
412536237 60926975 412532747 XC911
412537420 XC911 412536237 60926975
412548008 doctorecho 412279403 whisper326
412548488 doctorecho
412548651 doctorecho 412510089 sunnysisi
412548857 doctorecho 412505906 61401731
412552346 zzzzxw
412565694 49476677 412532747 XC911
412565936 usuallybaba
412576725 iris_lee
412587754 sunnysisi 412548651 doctorecho
412413944 63769266
412413965 49476677
412414080 63769266
412414347 janesusu
412414483 61401731
412414689 janesusu
412415305 janesusu
412415451 63738483 412413965 49476677
412415703 lazy-7 412413944 63769266
412416138 64526790 412415305 janesusu
412416474 63769266 412415703 lazy-7
412416844 49476677 412414483 61401731
412417006 lazy-7 412416474 63769266
412417027 60926975
412417089 tuya-
412417151 38853463
412417829 44713953
412417936 PrincessAlice
412418042 61762050
412418138 60926975
412418164 63769266 412417006 lazy-7
412418649 1496062 411919116 naihemomo
412418775 60926975 412417829 44713953
412419012 lazy-7 412418164 63769266
412419095 61401731 412416844 49476677
412419099 63769266 412417027 60926975
412419341 63769266 412419012 lazy-7
412419557 49476677 412417027 60926975
412419650 lazy-7 412419341 63769266
412419722 60926975 412419099 63769266
412419916 whisper326 412418138 60926975
412420097 janesusu 412416138 64526790
412420172 63738483 412417027 60926975
412420176 60926975
412420367 63769266 412419722 60926975
412420728 63769266 412419650 lazy-7
412420844 60926975
412420866 zhaizhaizhai 412189275 honghuajimu
412420909 63769266
412421038 44713953
412421176 49476677
412421370 63769266 412420866 zhaizhaizhai
412421533 lazy-7 412420728 63769266
412421585 60926975
412421735 44713953 412418775 60926975
412421942 63769266 412421533 lazy-7
412421956 64526790 412420097 janesusu
412422071 2390565
412422221 60926975
412422288 44713953 412268650 50831981
412422603 lazy-7 412422071 2390565
412422676 64526790 412421735 44713953
412422811 60926975 412421735 44713953
412422884 whisper326 412421585 60926975
412422887 64526790 412422221 60926975
412423491 lazy-7 412421942 63769266
412423736 Qln9_.
412423812 44713953 412422811 60926975
412423921 Qln9_.
412423956 63769266 412423491 lazy-7
412424059 61401731
412424343 60926975 412422887 64526790
412424454 49476677 412420176 60926975
412425057 wulao2
412425722 janesusu 412420728 63769266
412425977 lazy-7 412423956 63769266
412426664 63769266 412425977 lazy-7
412426857 janesusu 412424343 60926975
412426924 63769266 412425722 janesusu
412427527 2390565
412427528 naihemomo 412417829 44713953
412428136 lazy-7 412426664 63769266
412428150 xytoo
412428520 63769266 412427528 naihemomo
412428937 63769266 412428136 lazy-7
412429509 44713953 412427528 naihemomo
412429590 naihemomo 412428520 63769266
412429843 lazy-7 412428937 63769266
412429909 63769266 412429590 naihemomo
412430109 60926975 412426857 janesusu
412430316 theyoyo
412430337 naihemomo 412429509 44713953
412430344 63769266 412429843 lazy-7
412430382 49476677 412426664 63769266
412430447 64325676
412430556 yaoyao9211
412430669 63769266 412430316 theyoyo
412430776 63769266 412430556 yaoyao9211
412430896 naihemomo 412429909 63769266
412431249 63769266
412431395 63769266 412430896 naihemomo
412431652 naihemomo 412431395 63769266
412432302 63769266 412431652 naihemomo
412432392 49476677
412432817 61401731
412433649 49691070 412430556 yaoyao9211
412434118 shanshanna
412434793 forever1047
412435021 61717465
412435665 49476677
413459164 60926975
413459909 60926975
413460202 47666486
413460606 60926975
413461160 56048593
413461825 PrincessAlice
413462066 60926975
413462565 2405722
413462584 PrincessAlice
413463954 60926975
413464210 48268082 411935135 57995631
413466287 51778838
413467497 51778838
413467840 PrincessAlice 413459909 60926975
413468469 4157067
413470033 doctorecho
413470749 60926975
413470944 PrincessAlice 413462066 60926975
413471967 56048593
413473038 60926975 413471967 56048593
413474577 huangiqngyu
413475659 SHERYL76
413476674 56048593 413473038 60926975
413478898 63769266
413480739 52148505 413478898 63769266
413485636 63769266 413480739 52148505
413486470 52148505 413485636 63769266
413487392 63769266 413486470 52148505
413491904 60926975 413480739 52148505
413496846 52148505 413491904 60926975
413499235 60926975 413496846 52148505
413501866 52148505 413499235 60926975
413502530 enjoy199x
413502870 rician
413505553 2402516
413507479 rician 413505553 2402516
413508170 2402516 413507479 rician
413516834 PrincessAlice
413521777 lilychan
413524981 rician 413508170 2402516
413525239 59503095
413526223 53200031
413535128 51410574
413548971 loveye
413549348 63230563 411978721 60926975
413549538 63230563
413553514 xlfan7
413560133 ug1yqueen 413553514 xlfan7
413562115 ug1yqueen
413563232 ug1yqueen
413563493 ug1yqueen 413560133 ug1yqueen
413564923 56048593
413565089 blair891
413575729 60926975 413565089 blair891
413575967 60926975
413584516 55412539
413593813 EVA999 413553514 xlfan7
413614704 49476677 413526223 53200031
413620965 49476677
413623804 49476677
413625147 lareinaliv
413627014 49476677
413627684 49476677 413625147 lareinaliv
413644571 56048593
413645426 56048593 411928266 sheroritasaid
413646371 56048593
413755218 lilychan
413759112 xiahsoul
413761361 4824027
413770481 55412539
413776833 64310579
413777994 64310579 411920267 daneng
413778200 64310579 413645426 56048593
413778253 64310579 413625147 lareinaliv
413785497 65020686
413787378 65044753
413788234 49476677
413791195 56048593
413792084 55412539
413796186 wlnewhy
413796633 55412539
413798336 snaccya
413816237 65044753
413842873 65044753
413843361 lutt547
413850422 april26
413852468 april26
413858579 april26
413862896 49476677
413863739 62017187
413867039 55412539
413868599 63769266
413875603 49476677 413863739 62017187
413921322 4523655
413931118 59420168
413933622 4020023
414037257 49465689
414037264 49465689
414037280 49465689
414037821 caonimadouban
412588209 40017309
412597549 lucifarnan
412599373 Rapunzel_y 412548488 doctorecho
412599488 Rapunzel_y 412576725 iris_lee
412603087 iris_lee 412599488 Rapunzel_y
412604136 Rapunzel_y
412605928 alicebbb
412611148 56476122
412611756 iris_lee 412604136 Rapunzel_y
412613392 Rapunzel_y 412611756 iris_lee
412614013 iris_lee
412614795 Rapunzel_y 412614013 iris_lee
412614946 63769266 412587754 sunnysisi
412620633 iris_lee
412622792 61401731 412510089 sunnysisi
412623879 61401731 412548857 doctorecho
412625652 sunnysisi 412622792 61401731
412636591 doctorecho 412587754 sunnysisi
412637359 doctorecho 412599373 Rapunzel_y
412637755 35486198
412637878 doctorecho 412623879 61401731
412638268 doctorecho 412622792 61401731
412640825 2976916 411947031 fuuuuuuck
412643212 yysunnyy
412643369 63769266 412637755 35486198
412647128 fuuuuuuck 412640825 2976916
412647430 2976916
412647691 fuuuuuuck 412647430 2976916
412650735 smylldon 412637755 35486198
412652688 chrisyan
412654470 56048593
412655172 Rapunzel_y 412637359 doctorecho
412663540 1256699 412457367 50831981
412664352 61401731 412637878 doctorecho
412665272 61401731 412638268 doctorecho
412665514 65115982
412671250 sunnysisi 412636591 doctorecho
412671449 miaonimei
412672155 HouraisanKaguya
412672468 sunnysisi
414076622 april26
412674774 52496420
414083482 49476677
412683698 whisper326 412548008 doctorecho
414084230 55412539
414086951 nasa1221
412685218 56048593 412674774 52496420
414154802 53319111
412689513 doctorecho
414157037 60926975 414084230 55412539
412689673 doctorecho 412665272 61401731
414208328 55412539 414157037 60926975
412690447 doctorecho 412671250 sunnysisi
414210065 56837039 411917748 yangchengjie
412690870 doctorecho
412691583 doctorecho
414240220 NuitsBlanches
414242978 thank.you
412692056 sunnysisi 412690870 doctorecho
414255996 hmy1991
412692164 sunnysisi 412691583 doctorecho
414281716 61229785
412695210 4104729
414284570 51778838
412697386 4104729
414285308 51778838
412699601 doctorecho 412692164 sunnysisi
414345224 ChannaDisco 411935692 1499714
412699874 sunnysisi 412699601 doctorecho
414346558 dmza
412700266 doctorecho 412699874 sunnysisi
414351466 olivea
412709461 Rapunzel_y 412691583 doctorecho
414352951 doubletwo
414353847 qiao_ba
412710064 Rapunzel_y
414382994 56048593
412710322 Rapunzel_y 412689513 doctorecho
414387664 55412539
412717404 jiangz
414389065 60331523
412717634 hindme
414390842 59604611 413921322 4523655
412732779 48127390
412740944 BABJ 411917748 yangchengjie
414394342 56048593 414387664 55412539
412801904 50831981 412663540 1256699
414394744 56048593 414394342 56048593
414395157 56048593
412804680 35486198 412643369 63769266
414397766 nntk
412822923 63049988 412438195 63769266
414402381 2826366
412829070 dadadadadas 412145532 alicebbb
414403478 nntk 414402381 2826366
412834635 sunnysisi 412710322 Rapunzel_y
414404920 55412539
412834818 57732562 411944636 60926975
414406362 56048593 414404920 55412539
414406706 31559524
412835813 geequeen 412474158 sunnysisi
414408719 57226279
412845484 64374283 412069669 NHH
414409487 55412539
412846396 64374283 412069669 NHH
414436741 49476677
412858349 sunnysisi 412835813 geequeen
414441303 55412539
412861473 Rapunzel_y 412834635 sunnysisi
414453722 49476677 414441303 55412539
412869490 sunnysisi 412861473 Rapunzel_y
414482062 55412539
414482381 55412539
412870319 Rapunzel_y 412869490 sunnysisi
412871538 43605017
414485570 hmy1991 414453722 49476677
414487759 yangyo
412871712 alicebbb 412829070 dadadadadas
412883215 1422540
414497723 lynndu 411970605 2433972
412886066 40787770
414500685 love-77
412886406 1429499
414501170 lynndu 411970605 2433972
412886752 61401731 412834635 sunnysisi
414504410 lynndu
412889507 wsxh
414504441 59539869
412890768 rerena
414504955 lynndu
412895008 sunnysisi 412886752 61401731
412953689 4020023
414508957 62017187 414482381 55412539
412953986 xytoo 412732779 48127390
414510313 2433972 414501170 lynndu
412954477 10245252
414511537 oringinal.
412955545 MsHsu
414520874 lynndu 414510313 2433972
412970611 64374283
414524169 Hammi
412972471 56048593
412976426 61113270
414569870 49476677
412981802 66623439
414570551 4523655 414390842 59604611
412984457 45526499
412986571 56048593
414571177 49476677 414406362 56048593
412995743 63769266 412970611 64374283
414583925 49476677
412998191 cww7
414586625 TVfXQ
413000155 shenxueqi
413001819 nana101312
414587102 59604611 414570551 4523655
414587493 mimimojo
414593420 63498309
414593714 63498309 414586625 TVfXQ
414622305 1256699
414623696 51387328
414633096 55412539 414508957 62017187
414636365 53618022
414644002 hmy1991
414645790 60926975 414587493 mimimojo
414647669 qiao_ba
413002138 56048593
413003594 48578279
414649673 starburst
414654897 49476677 414647669 qiao_ba
414659181 liris 414453722 49476677
414659753 56972097 411978721 60926975
414662664 49476677 414644002 hmy1991
414666094 49476677 414659181 liris
414671267 liris
414673707 hmy1991
414676678 49476677
414723878 58642317
414741764 54188973
414749619 51152760
414822585 56048593
414864368 serenakk
414866948 39762613
414870489 blodles
414985565 doublefantsy 414866948 39762613
414985953 doublefantsy 414822585 56048593
414988728 Lsanic
415228425 39762613 414985565 doublefantsy
415233741 sodamp
415238908 10350897
415369473 luluxim
415389390 2773167
415425217 66505215
415444104 40209469
415457843 49314891
415457852 49314891
415459189 58314808
415459315 58314808 415369473 luluxim
415460269 2240185
415460668 luluxim
412325851 48841303
412326382 naihemomo 412315782 HeLeNNeLeH
412326587 jsyn
412326712 tiantiantian 412326587 jsyn
412326784 always3minutes
412326862 40119971
412327038 HeLeNNeLeH
412327435 naihemomo 412316785 HeLeNNeLeH
412327685 naihemomo 412327038 HeLeNNeLeH
412327997 afu0821
412328347 HeLeNNeLeH 412327685 naihemomo
412328641 jshi 412324829 46379813
412328693 DOOMSDAY1989
412329410 dawnca
412329671 naihemomo 412328347 HeLeNNeLeH
412330372 HeLeNNeLeH 412329671 naihemomo
412331272 topato
412331301 concertinomo
412334830 tiancaicai 412329410 dawnca
412336006 41185746 412331272 topato
412336359 NuitsBlanches
412338003 Milkdog 412279270 60926975
412338682 honey-summer 412328641 jshi
412340251 fanofmilo
412346703 xiahsoul 412239164 m1cy
412347295 60926975
412349890 26991074
412351409 checy
412352585 34511788
412352591 56048593
412352817 naihemomo
412357294 theyoyo 412301543 naihemomo
412357536 naihemomo 412357294 theyoyo
412358262 49476677
412358500 26991074 412352817 naihemomo
412360764 56515924
412360982 56048593 412358500 26991074
412362866 2848616
412363400 solemnyyc 412283527 gelsey1992
412369859 3424199 412279270 60926975
412371157 60331523 412360982 56048593
412371548 46980337
412372463 56048593
412372547 26991074 412360982 56048593
412373377 49366628 412272636 55279577
412379734 janesusu
412381134 61401731 412064171 watermelon520
412382419 50149102 412254801 zoohoney
412382471 61401731
412383741 48786558
412385173 50149102
412385819 60926975
412386783 49942705
412387681 janesusu 412385819 60926975
412388450 61648733
412389274 2390565
412390437 Milkdog 412379734 janesusu
412391928 50149102 412379734 janesusu
412393335 doublefantsy
412393458 doublefantsy
412393652 doublefantsy 412379734 janesusu
412393745 60331523 412372463 56048593
412394119 Mafias
412394235 50149102 412393458 doublefantsy
412394395 60331523
412394804 janesusu
412395200 50149102 412394804 janesusu
412396187 janesusu
412396550 63769266
412397945 threemonths
412398492 xiaobohe
412402326 53324877
412404884 63738483
412405631 xiaoluoli
412406250 63738483
412406810 63738483 412273850 49476677
412407325 whisper326
412407482 63738483 412396550 63769266
412407884 63769266 412407482 63738483
412408025 RebornTong
412408047 63738483
412408462 63738483 412407884 63769266
412408561 whisper326
412408888 63769266
412409131 vanessa1020
412409213 63738483 412408888 63769266
412409645 63769266 412409213 63738483
412409721 49476677 412382471 61401731
412410694 57248634
412411108 64526790
412411445 49476677
412411789 63769266 412411108 64526790
412411849 64526790
412412045 privateoo
412412218 64526790 412411789 63769266
412412420 63769266
412412633 1875209
412412816 whisper326
412413380 64526790 412412420 63769266
412413406 lazy-7
415460993 61161640 411923019 zljym
415467880 58314808
415468302 58314808 414671267 liris
415607164 bulla
415607200 bulla
415609198 65912094 411924658 hindme
415619946 hypnosker
415638099 45301452
415641665 53012144
415689967 49476677
415706960 49476677
415791372 58314808
415799080 49943275
415853701 mumuen
415890611 56048593
415980074 mumuen 415890611 56048593
415982017 HouseM.D
416014418 51346304
416216626 luoluomicky
416246509 2390565 416216626 luoluomicky
416273520 Givenchild
416288039 61401731
416298707 42977907
416307881 mumuen 416216626 luoluomicky
416310856 PrincessAlice
416311355 PrincessAlice
416348012 57226279
416383041 40815919 411942061 Scarlett1020
416399388 Scarlett1020 416383041 40815919
416406846 liris
416565033 54470430
416566220 mans
416990552 60926975
417745721 65044753 416298707 42977907
417746873 lilychan
417747193 lilychan 415619946 hypnosker
417747748 lilychan
418187617 honghuajimu
418254610 eric-fhc
418257878 51534578 418254610 eric-fhc
418337444 49476677 418257878 51534578
418340105 49476677
418344385 33600338
418347861 dianxin1028
418348528 lilychan 418344385 33600338
418349732 ricky112233
418350071 51534578 418348528 lilychan
419025376 afu0821
419557330 19513740
419568689 56048593 418344385 33600338
419755684 67931271
419766698 50773233
419771135 48709534
413004092 hellohillary
413006626 56684573
413007168 cindydragon
413020903 8633349
413026805 qadlfnyhxf
413027105 1256699 412801904 50831981
413077154 hellohillary
413078822 novy
413086012 27597762
413167877 60926975
413184253 49476677
413200678 novy
413219133 55412539
413225056 44854071
413232424 44854071
413233385 44854071
413239109 xiaomo127
413241716 49476677 413225056 44854071
413242299 xiaomo127
413245709 60926975
413247657 60926975
413248069 34167679
413251337 lilychan
413270265 64536000 413251337 lilychan
413300853 Aggie20
413340819 ug1yqueen
413340950 cww7 412424343 60926975
413341921 doctorecho
413342060 47708804
413342538 ug1yqueen 413342060 47708804
413342557 ug1yqueen 413342060 47708804
413342697 47708804 413342538 ug1yqueen
413351139 alicebbb
413353913 55412539
413357321 jjm
413359672 56048593
413366619 53080124
413389273 jun0728
413392764 54137591
413429298 PrincessAlice
413429384 PrincessAlice
413430608 PrincessAlice
413432003 yyyyy11
413436958 56048593
413442175 whisper326
413442191 bearyaa
413443917 PrincessAlice 413442175 whisper326
413444784 55412539
413445297 56048593 413442175 whisper326
413445623 55412539
413445918 whisper326 413444784 55412539
413446823 56048593 413445623 55412539
413446852 55412539
413446916 whisper326
413447205 45588530 413444784 55412539
413447635 45588530 413446852 55412539
413447882 55412539
413447889 52148505
413447950 59708392 411927194 6791819
413448155 PrincessAlice 413444784 55412539
413448403 56048593 413447635 45588530
413448448 55412539
413449204 theyoyo 413219133 55412539
413449287 45588530 413448448 55412539
413449447 PrincessAlice 413446852 55412539
413449502 55412539
413449783 45588530 413448448 55412539
413449830 56048593 413448448 55412539
413450188 6791819 413447950 59708392
413450786 whisper326
413450987 53280984
413451714 45171799
413451773 56048593 413450786 whisper326
413451991 55412539
413452353 45588530
413452532 PrincessAlice 413450786 whisper326
413452662 whisper326 413451773 56048593
413452799 whisper326
413453431 55412539
413453591 PrincessAlice 413452799 whisper326
413453679 EVA999
413453725 45588530
413454261 56048593 413452662 whisper326
413454329 45588530 413453431 55412539
413454360 whisper326 413453591 PrincessAlice
413454500 55412539
413454623 PrincessAlice 413449502 55412539
413455719 56048593 413454329 45588530
413455733 PrincessAlice 413453431 55412539
413455756 45588530
413455773 EVA999 413454500 55412539
413455837 whisper326
413457078 56048593 413455837 whisper326
413457462 whisper326
413457503 56048593 413455733 PrincessAlice
413457593 55412539
413458091 55412539
413458545 60926975 413429384 PrincessAlice
413458707 56048593
413458823 47862747 413251337 lilychan
