412047091 50811004
412047928 g45
412048394 48153292 412047928 g45
412048441 48153292 412047091 50811004
412048597 52496420
412049045 48153292 412048597 52496420
412057053 48153292
412057360 48488134
412058949 NathanYao
412059526 54331786
412059723 48153292 412059526 54331786
412059929 48153292 412058949 NathanYao
412060017 48153292 412057360 48488134
412061862 losingway
412062347 48153292 412061862 losingway
412064841 4340283
412072966 52496420 412057360 48488134
412073903 48153292 412064841 4340283
412074213 48153292 412072966 52496420
412074258 xiaomeng520
412077622 48153292 412074258 xiaomeng520
412079856 xiaomeng520 412077622 48153292
412081216 49705971
412081629 48153292 412081216 49705971
412081763 48153292 412079856 xiaomeng520
412082294 xiaomeng520 412081763 48153292
412082593 48153292 412082294 xiaomeng520
412083021 xiaomeng520 412082593 48153292
412083892 48153292 412083021 xiaomeng520
412084719 xiaomeng520 412083892 48153292
412086173 48488134 412079856 xiaomeng520
412086841 xiaomeng520 412086173 48488134
412088333 48488134 412072966 52496420
412094136 57694690 412059929 48153292
412097122 51479610
412100536 48153292 412094136 57694690
412100746 48153292 412097122 51479610
412101828 bacioleo
412101843 bacioleo
412102215 4196011
412102245 48153292 412101828 bacioleo
412102352 48153292 412102215 4196011
412102434 48153292
412103306 51479610 412100746 48153292
412103809 4196011 412102352 48153292
412105646 48153292 412103306 51479610
412105872 48153292 412103809 4196011
412106435 52496420 412074213 48153292
412106606 52496420 412088333 48488134
412106876 48153292 412106435 52496420
412107095 4196011 412105872 48153292
412107332 lukelalala 412057360 48488134
412108005 51479610 412105646 48153292
412109251 48153292 412108005 51479610
412109418 48153292 412107095 4196011
412111760 4196011 412109418 48153292
412112555 48153292 412111760 4196011
412113794 4196011 412112555 48153292
412114972 63004570
412115431 48153292 412113794 4196011
412115561 48153292 412114972 63004570
412116644 4196011 412115431 48153292
412117579 48153292 412116644 4196011
412117597 KameKazuya0808
412117783 helloleehello 412074213 48153292
412118532 48488134 412107332 lukelalala
412119482 Uncry
412121791 48153292 412119482 Uncry
412121817 4398202
412122141 48153292 412117783 helloleehello
412122248 48153292 412121817 4398202
412123008 17817128 412111760 4196011
412125732 helloleehello 412117783 helloleehello
412126910 4196011 412123008 17817128
412128392 48153292
412129352 helloleehello 412128392 48153292
412130423 luisa802
412131921 48153292 412129352 helloleehello
412132024 48153292 412130423 luisa802
412133138 58931942
412134279 48153292 412133138 58931942
412134984 ddddddqw
412135157 58931942
412138594 48153292 412134984 ddddddqw
412138736 48153292 412135157 58931942
412139498 55432750
412139522 yeti4ever 412138736 48153292
412140292 48153292
412140352 48153292 412139498 55432750
412143925 55432750 412140352 48153292
412149538 48153292 412143925 55432750
412149867 40590426
412175665 luisa802 412133138 58931942
412177107 murderock
412177779 rainbowb
412181671 58931942 412138736 48153292
412182019 58931942 412175665 luisa802
412193337 luisa802 412182019 58931942
412194510 58931942 412193337 luisa802
412198492 48153292 412177107 murderock
412198633 48153292 412181671 58931942
412199817 58931942 412198633 48153292
412409605 Uncry 412121791 48153292
412433829 murderock 412198492 48153292
412439664 48153292 412433829 murderock
412454965 murderock 412439664 48153292
