412084820 60783463
412086644 44854071
412089600 zhinan911
412092074 50780230
412099281 yangchengjie
412099926 65277175
412100296 24567946 412099281 yangchengjie
412100711 48602360
412103299 50780230
412106727 52431351 412099281 yangchengjie
412110883 4336349
412111705 34655323
412112730 28940091
412114640 51217502
412126204 lingduwq0203
412129983 thelongestyard
412130982 3013517 412099281 yangchengjie
412133006 GoodbyeSo
412134881 1883087
412143450 57504225
412145000 59676260
412145754 njndyx
412149798 eric-fhc
412151255 q---u
412164107 marspanda
412164816 CatwomanL 412086644 44854071
412165288 marspanda
412165463 Mr.atm
412166626 miserying
412176476 qinb1925
412179104 dadadadadas
412179838 lazyworld
412180325 ring96
412181157 6279539
412181660 46911182
412183339 longleave
412185051 xawa
412186382 4053068
412190707 3393179
412191068 Mloan
412191896 lingoapple
412205217 62455232
412206559 iluv69
412209613 espressocat
412216564 63627619
412231918 ssssssssgsssss
412231934 ssssssssgsssss
412238709 49166139
412240698 freekingdom 412238709 49166139
412243406 60783463
412243693 60783463 412114640 51217502
412244582 60783463 412238709 49166139
412244783 60783463 412190707 3393179
412247422 sulam 412243693 60783463
412255334 thelongestyard 412243406 60783463
412276553 49166139 412244582 60783463
412276873 49166139 412240698 freekingdom
412279957 xawa 412238709 49166139
412282995 49166139 412279957 xawa
412550254 65779294
412551020 ejfn
413009093 60783463 412282995 49166139
413039295 43059214
413064048 exoticas
