412242856 babypink-7
412244187 nico_jiang
412244841 nico_jiang
412246146 38372332
412248858 49968854
412255894 nico_jiang
412256316 nico_jiang 412246146 38372332
412258023 38372332 412256316 nico_jiang
412262328 nico_jiang 412258023 38372332
412263079 61229785
412263933 38372332 412263079 61229785
412264286 lingoapple 412255894 nico_jiang
412265740 nico_jiang 412263079 61229785
412266626 nico_jiang 412264286 lingoapple
412275383 Toblerone
412276764 39766341 412275383 Toblerone
412277473 jiaoyin722
412282636 nico_jiang 412275383 Toblerone
412283123 nico_jiang 412277473 jiaoyin722
412287498 49968854 412255894 nico_jiang
412388479 nico_jiang
412493559 vivi-rainbow
412515186 59201471
412517180 joyce19920111
412537081 yuki1202
412673787 nico_jiang 412515186 59201471
412674607 nico_jiang 412537081 yuki1202
412676063 nico_jiang
412676919 63405603
412678130 63177731
412678642 nico_jiang 412678130 63177731
412679631 dreamdream-C
412679995 4814464
412681530 63177731 412678642 nico_jiang
412682693 45831112
412683189 19679260
412684876 neverfound
412685465 QQ214
412720191 63177731 412681530 63177731
412724910 65660779
412739639 nico_jiang 412683189 19679260
412740147 nico_jiang 412682693 45831112
412740625 nico_jiang 412684876 neverfound
412741381 50954507
412744017 53281495
412744212 nico_jiang 412741381 50954507
412745020 19679260 412739639 nico_jiang
412745380 nico_jiang 412744017 53281495
412745468 50954507 412744212 nico_jiang
412746776 nico_jiang
412747133 50954507 412746776 nico_jiang
412747199 47862747
412747789 54761863
412750505 48501307
412755900 15820819
412757008 nico_jiang 412747789 54761863
412757524 nico_jiang 412750505 48501307
412757968 nico_jiang 412747133 50954507
412759093 nico_jiang 412755900 15820819
412759360 nico_jiang 412747199 47862747
412760991 43730670 412263079 61229785
412764940 50954507 412747199 47862747
412765762 61769150 412255894 nico_jiang
412766792 nico_jiang 412765762 61769150
412767569 63627619
412769662 kaakaa1126
412770890 47862747 412764940 50954507
412771116 47862747 412764940 50954507
412771560 47862747 412759360 nico_jiang
412772817 mocunterry
412773036 3184442
412773531 goter
412773816 53562893
412775213 64182909
412777231 nico_jiang 412773036 3184442
412777459 nico_jiang 412771560 47862747
412777561 43595713
412777871 nico_jiang 412773036 3184442
412778462 nico_jiang 412775213 64182909
412778585 huisiumui 412263079 61229785
412779162 nico_jiang 412778585 huisiumui
412779671 ljn0824
412780072 huisiumui 412744212 nico_jiang
412780234 orianaspeak 412779671 ljn0824
412780512 huisiumui 412747133 50954507
412780735 nico_jiang 412780512 huisiumui
412780961 nico_jiang 412779671 ljn0824
412781023 huisiumui 412759093 nico_jiang
412781372 nico_jiang
412781870 64182909 412778462 nico_jiang
412782070 huisiumui 412779162 nico_jiang
412782310 huisiumui 412780961 nico_jiang
412783255 nico_jiang 412782310 huisiumui
412784012 49240709
412784153 3184442 412777871 nico_jiang
412786176 wiwi.
412786576 50408775
412788524 huisiumui 412786576 50408775
412789105 nico_jiang 412784153 3184442
412789656 nico_jiang
412789913 nico_jiang 412784012 49240709
412790036 nico_jiang
412790264 nico_jiang 412788524 huisiumui
412790496 nico_jiang 412786176 wiwi.
412793133 52061282
412795196 58199590 412493559 vivi-rainbow
412797497 64247352 412757524 nico_jiang
412798370 45702272 412263079 61229785
412798942 41172647
412799899 yoyosuko
412808690 wiwi. 412790496 nico_jiang
412811749 nico_jiang 412797497 64247352
412812122 nico_jiang 412798942 41172647
412813421 nico_jiang 412798370 45702272
412817392 41172647 412812122 nico_jiang
412818845 nico_jiang 412817392 41172647
412819679 41172647 412818845 nico_jiang
412820286 nico_jiang 412819679 41172647
412821069 41172647 412820286 nico_jiang
412821562 55426646 412757524 nico_jiang
412839703 nico_jiang 412821562 55426646
412840891 xianwawa
412842338 taliyan
412863629 nico_jiang 412840891 xianwawa
412863880 nico_jiang 412842338 taliyan
412875106 xianwawa 412863629 nico_jiang
412881234 nico_jiang 412875106 xianwawa
412886826 foreversumm 412790264 nico_jiang
412892071 xianwawa 412881234 nico_jiang
412943783 okiasa 412747199 47862747
412971097 45831112 412740147 nico_jiang
412971790 45831112
413030077 huisiumui 412790264 nico_jiang
413040382 nico_jiang 412892071 xianwawa
413040780 nico_jiang 413030077 huisiumui
413041020 nico_jiang 412886826 foreversumm
413041946 nico_jiang
413044389 foreversumm 413041020 nico_jiang
413045762 huisiumui
413046894 huisiumui 413044389 foreversumm
413047742 57451690 412724910 65660779
413070098 45831112 413041946 nico_jiang
413190390 foreversumm
413311260 gogo0213
413311473 gogo0213
413312095 66958230
413430376 nico_jiang 413312095 66958230
413452789 66958230 413430376 nico_jiang
413631027 14245722
413811401 nico_jiang
413842493 65660779 413047742 57451690
414411979 35004577
414420604 54470430
