412172840 56233962
412172901 62363506
412172976 46565759
412174876 oneburn
412175186 jane.zhu
412175955 healthyharmless
412176211 50690654
412176529 2640189
412176630 rexzheng
412176806 d10bar
412176922 xieyujia
412177580 45878309
412177644 50589518
412178830 drb
412183684 46383057
412184103 forever1047
412184913 sunnypiggy
412185141 46381138
412185188 CHeeeeer__
412185338 forever1047 412184913 sunnypiggy
412185357 jinghongyipie00
412186267 55546470 412172840 56233962
412186454 55546470 412172901 62363506
412186717 46519089
412186727 55546470 412172976 46565759
412186742 sunnypiggy 412185338 forever1047
412187060 55546470 412174876 oneburn
412187269 2505256
412187284 55546470 412175186 jane.zhu
412187386 55546470 412175955 healthyharmless
412187538 65089967
412187693 62340736
412188648 ddxiaoyu
412188814 40933922
412189072 1156611
412189335 51412736
412189432 meihaoran
412189518 46397277
412189781 lopkino
412189835 fxuk
412210563 55546470 412176211 50690654
412210821 55546470 412178830 drb
412211098 55546470 412185141 46381138
412211506 55546470 412176529 2640189
412212178 55546470 412176630 rexzheng
412212332 55546470 412176806 d10bar
412213525 55546470 412187538 65089967
412213915 now_ao
412214076 55546470 412176922 xieyujia
412214268 55546470 412189335 51412736
412214431 55546470 412187693 62340736
412214732 55546470 412177580 45878309
412215387 51412736 412214268 55546470
412215429 55546470 412177644 50589518
412215960 CHeeeeer__
412216172 55546470 412183684 46383057
412216742 55546470 412184913 sunnypiggy
412217035 55546470 412185141 46381138
412217309 55546470 412185188 CHeeeeer__
412217330 muamu
412217922 chinaren0123
412218060 55546470 412189072 1156611
412218299 duadu2008
412218426 55546470 412185357 jinghongyipie00
412219295 55546470 412186717 46519089
412219771 55546470 412186742 sunnypiggy
412220053 xiariyouqinnvzi
412220125 1156611 412218060 55546470
412220370 55546470 412187269 2505256
412220805 55546470 412189432 meihaoran
412220907 2505256 412220370 55546470
412221404 55546470 412189781 lopkino
412222043 55546470 412213915 now_ao
412222938 ricohjing
412223113 55546470 412217330 muamu
412223362 64359662
412223699 55546470 412217922 chinaren0123
412224679 chinaren0123 412223699 55546470
412224887 55546470
412225273 55546470 412220053 xiariyouqinnvzi
412225434 55546470 412220125 1156611
412226069 55546470 412220907 2505256
412226858 2505256 412226069 55546470
412227477 55546470
412227751 rexzheng 412212178 55546470
412227835 55546470 412223362 64359662
412227840 jinghongyipie00 412218426 55546470
412228522 55546470 412224679 chinaren0123
412228823 46003824
412229249 55546470 412226858 2505256
412229544 55546470 412227751 rexzheng
412229731 2505256 412229249 55546470
412229820 chinaren0123 412228522 55546470
412229874 55546470 412227840 jinghongyipie00
412230060 55546470 412229731 2505256
412230512 55546470 412229820 chinaren0123
412230930 chinaren0123 412230512 55546470
412231168 20652328
412231257 xyzhnag
412231493 summer_77
413530062 NeilGuo521
413531473 64829232
413532584 55589828
413533669 55978325
413534150 1156611 413533669 55978325
413536014 zaonielaohuo
413536031 55978325 413534150 1156611
413537863 1156611 413536031 55978325
413541999 sharlcity
413542245 sharlcity
413543082 shanlaishanqu
413673816 wunan30
413759043 55546470
413759241 55546470
413759349 55546470 413531473 64829232
413759427 55546470 413532584 55589828
413759533 64829232 413759349 55546470
413759534 55546470 413533669 55978325
413760166 55546470 413536014 zaonielaohuo
413760379 55546470 413541999 sharlcity
413760510 55546470 413542245 sharlcity
413760855 55546470 413673816 wunan30
413761365 55546470 413759533 64829232
413761702 sammy_sxm
413840432 52743960
413841722 48845159
413844966 66782293
413845301 K-say
414089705 55546470 413840432 52743960
414090051 55546470 413844966 66782293
414090111 55546470 413845301 K-say
414092259 66782293 414090051 55546470
414094355 57068318
414096221 66687321
414100905 55546470 414096221 66687321
414101033 55546470 414092259 66782293
414101139 55546470 414094355 57068318
414101402 1700455
414104061 57068318 414101139 55546470
414108503 Yoi1990
414129182 66687321 414100905 55546470
414165824 52743960 414089705 55546470
414172818 manlimonkey
414174830 40057716
414223306 45840537
414223595 boporsky
414231329 hakes
414425775 55546470 414101402 1700455
414425995 55546470 414108503 Yoi1990
414426693 55546470 414108503 Yoi1990
414427190 55546470 414129182 66687321
414427896 55546470 414165824 52743960
414428222 55546470 414231329 hakes
414442156 Yoi1990 414426693 55546470
414592984 52743960 414427896 55546470
415121169 55546470 414592984 52743960
415121453 55546470 414442156 Yoi1990
416325920 sharlcity
416559668 55546470 416325920 sharlcity
412232778 ricohjing
412232830 2505256 412230060 55546470
412234878 55546470
412235364 jinghongyipie00 412229874 55546470
412235906 55546470 412230930 chinaren0123
412236026 55546470 412235364 jinghongyipie00
412236347 55546470 412232778 ricohjing
412236942 jinghongyipie00 412231493 summer_77
412237504 55546470 412231168 20652328
412238091 55546470 412231257 xyzhnag
412238347 55546470 412231493 summer_77
412239007 55546470 412236942 jinghongyipie00
412245909 meihaoran 412220805 55546470
412246238 6443193
412256967 49452669
412273022 jinghongyipie00 412256967 49452669
412275989 50405597
412282568 65089967 412213525 55546470
412286910 55332058 412239007 55546470
412287411 zhangxiaoyan
412293116 55546470 412246238 6443193
412293307 55546470 412286910 55332058
412294436 55546470 412256967 49452669
412295214 55546470 412275989 50405597
412296637 50405597 412295214 55546470
412296716 deadless
412302778 rexzheng 412229544 55546470
412414397 now_ao 412222043 55546470
412461751 62363506 412186454 55546470
412463290 60673463
412464245 little-bladder
412475688 57721873
412478828 4202007
412582908 60673463 412211098 55546470
412651337 55546470 412296637 50405597
412652653 55546470 412296716 deadless
412653281 55546470 412414397 now_ao
412654677 55546470 412463290 60673463
412655371 55546470 412464245 little-bladder
412655528 2640189
412656084 55546470 412475688 57721873
412656551 55546470 412478828 4202007
412656992 55546470 412655528 2640189
412662716 lclu....
412668392 2640189 412656992 55546470
412704649 jinghongyipie00 412668392 2640189
412704711 4202007 412656551 55546470
412710414 55546470 412662716 lclu....
412711198 55546470 412668392 2640189
412711434 55546470 412704649 jinghongyipie00
412715293 chuky501 412711434 55546470
412716994 jinghongyipie00 412704711 4202007
412717266 jinghongyipie00
412720607 coldshoulder
412721671 shuirudan
412722336 chuky501 412717266 jinghongyipie00
412722634 cecilia1010
412724652 jinghongyipie00 412722634 cecilia1010
412738578 4202007 412716994 jinghongyipie00
412743903 jinghongyipie00 412738578 4202007
412756302 LLB4
412757100 vanessa1020
412762140 4202007 412743903 jinghongyipie00
412779331 jinghongyipie00 412762140 4202007
412811586 4202007 412779331 jinghongyipie00
412814426 34659477
413034323 55546470 412720607 coldshoulder
413035503 55546470 412721671 shuirudan
413035780 55546470 412722634 cecilia1010
413036203 55546470 412756302 LLB4
413036962 55546470 412757100 vanessa1020
413038009 jue.W
413038314 55546470 412814426 34659477
413038591 55546470
413039096 55546470
413039253 adai1906
413039418 jue.W
413039888 jue.W 413039096 55546470
413041610 sophiechxf
413043033 55546470
413044199 jue.W
413044323 55546470
413044487 55546470 413044199 jue.W
413045090 55546470 413044199 jue.W
413045415 55546470 413041610 sophiechxf
413046759 jue.W 413045090 55546470
413047115 jue.W 413044487 55546470
413048876 55546470 413047115 jue.W
413049612 jue.W 413048876 55546470
413055668 hash_duan
413381507 55546470 413055668 hash_duan
413388123 zxy85
413407439 hash_duan 413381507 55546470
413408133 migrantbirdpeng
413482771 55546470 413388123 zxy85
413483624 55546470 413407439 hash_duan
413488593 hash_duan 413483624 55546470
413527309 donny
413529637 Chopin_mo
413529962 NeilGuo521
