412195145 2286552
412195209 zhendeyoudan
412195254 65530987
412195609 39080056
412197092 mixcloud 412195145 2286552
412197304 mixcloud 412195209 zhendeyoudan
412197677 Zali
412197692 Zali
412199040 mixcloud 412197677 Zali
412200021 58931942
412200212 mixcloud 412200021 58931942
412200835 58931942 412200212 mixcloud
412200982 42582349
412201665 qiuqiu92215
412201690 mixcloud 412200835 58931942
412201838 myconcubine
412202030 mixcloud 412200982 42582349
412202091 58931942 412201690 mixcloud
412202307 panwenjing
412202515 mixcloud 412201838 myconcubine
412202758 mixcloud 412202307 panwenjing
412202806 61678546
412203287 myconcubine 412202515 mixcloud
412203382 mixcloud 412201665 qiuqiu92215
412203532 mixcloud 412202806 61678546
412204599 mixcloud 412203287 myconcubine
412204844 mixcloud 412202091 58931942
412205415 myconcubine 412204599 mixcloud
412205771 49560328 412205415 myconcubine
412206094 32222992
412207468 mixcloud 412205415 myconcubine
412207523 64064346
412207602 mixcloud 412206094 32222992
412207897 mixcloud 412207523 64064346
412208788 64064346 412207897 mixcloud
412213321 myconcubine 412207468 mixcloud
412217038 64112629
412217280 44716190
412218141 54540314
412242077 nemofishhome
412374906 48264542
412375540 42056822
412375848 61038001
412376791 40369149
412377089 chihuahuaD
412377244 seanfree 412197092 mixcloud
412402037 48601577 412197092 mixcloud
412433971 50787468
412453479 42014710
412455241 babyshang
412468418 mixcloud 412402037 48601577
412468717 mixcloud 412374906 48264542
412469206 mixcloud 412217280 44716190
412469628 mixcloud 412453479 42014710
412470021 mixcloud 412455241 babyshang
412470362 mixcloud 412377244 seanfree
412470782 mixcloud 412377089 chihuahuaD
412471188 mixcloud 412217038 64112629
412471998 melody95
412473201 mixcloud 412471998 melody95
412501090 45802249
412502625 mixcloud 412501090 45802249
412517320 4398202
412519490 65755000
412527128 mixcloud 412519490 65755000
412527832 mixcloud 412517320 4398202
412545574 Jerez
412545661 Jerez
412546404 Scaredzeng
412547845 mixcloud 412545661 Jerez
412548358 64696998
412548522 44668134
412549271 mixcloud 412548358 64696998
412549364 mixcloud 412548522 44668134
412549450 erchee
412552527 44668134 412549364 mixcloud
412590124 48601577
412594191 4398202 412527832 mixcloud
412627309 65755000 412527128 mixcloud
412627593 4814464
412631073 twinkletears
412631412 50058178
412653216 48388719
412679858 mixcloud 412631073 twinkletears
412680042 mixcloud 412653216 48388719
412680190 mixcloud 412631412 50058178
412680258 mixcloud 412627593 4814464
412680448 mixcloud 412627309 65755000
412680865 50058178 412680190 mixcloud
412680932 mixcloud 412590124 48601577
412681374 mixcloud 412594191 4398202
412681909 mixcloud 412680865 50058178
412682597 50058178
412707691 4814464 412680258 mixcloud
412768545 65755000 412680448 mixcloud
413121955 48388719 412594191 4398202
413123821 sujiaman
413157085 twinkletears
