412228001 1181919
412229315 65415761 412228001 1181919
412229944 63597304
412230410 65415761 412229944 63597304
412230564 guitarqiu
412230565 2904315
412231228 44230743
412231531 57973179
412232032 J_E
412232190 Alonelytramp
412232376 65415761 412230564 guitarqiu
412232726 57973179
412232849 65415761 412230565 2904315
412232974 65415761 412231228 44230743
412233166 65415761 412231531 57973179
412233328 dsecho
412233531 2904315 412232974 65415761
412233642 65415761 412232032 J_E
412233745 57973179 412233166 65415761
412234158 65415761 412233745 57973179
412234265 65415761 412233328 dsecho
412234415 65415761 412233531 2904315
412234520 limochou
412235374 2904315 412234415 65415761
412235578 J_E 412233642 65415761
412235621 57973179 412234158 65415761
412235836 J_E 412232726 57973179
412236172 guitarqiu 412232376 65415761
412236576 65415761 412234520 limochou
412236671 65415761 412235374 2904315
412236858 65415761 412235578 J_E
412236882 21944459
412237075 44230743 412232974 65415761
412237210 limochou 412236576 65415761
412237378 65415761 412236172 guitarqiu
412238281 65415761 412236882 21944459
412238329 shuikuai
412238679 65415761 412235621 57973179
412238788 65772534
412239056 65415761 412238329 shuikuai
412239231 65415761 412238788 65772534
412239249 57973179 412238679 65415761
412239507 guitarqiu 412237378 65415761
412239557 65415761 412239249 57973179
412240413 57973179 412239557 65415761
412240601 21944459 412238281 65415761
412244330 65415761 412240413 57973179
412244712 65415761 412240601 21944459
412244851 65415761 412239507 guitarqiu
412245057 65772534 412239231 65415761
412247830 21944459 412244712 65415761
412249913 65415761 412247830 21944459
412250746 54168840
412253183 65415761
412541811 52489019
412543828 65415761 412541811 52489019
412544609 14295425
412546483 57616432
413075944 cecilia1010
414266308 64196555
414277300 34778294
414286478 10403936
414421405 45702272
414488365 65415761 414421405 45702272
414489953 65415761 414286478 10403936
414490646 31885973
414490871 65415761 414277300 34778294
414491001 65415761 414277300 34778294
414491874 65415761 413075944 cecilia1010
414492062 65415761 414266308 64196555
414492177 65415761 414490646 31885973
414494151 3653530
414494976 65415761 414494151 3653530
414496428 61676843
414497235 65415761 414496428 61676843
414497577 nofeatherwing
414498108 61676843
414498379 65415761 414497577 nofeatherwing
414500884 nofeatherwing
414506368 66917951
414506467 55934586
414508703 iamokay
414509694 3653530
414514503 42347461
414614890 45702272 414488365 65415761
414615864 chenmingm
414633068 55827198
414634826 carlococo
414636991 49870713
415254769 57973179
415378285 66652557
415431321 58393583
415432193 59247137
