412302670 1504758
412302938 53955946
412303205 44645880
412303455 51863100 412302670 1504758
412303631 51863100 412302938 53955946
412303821 51863100 412303205 44645880
412305866 44645880 412303821 51863100
412306448 51863100 412305866 44645880
412306674 minijunki
412308088 51863100 412306674 minijunki
412308614 in-pest
412310029 51863100 412308614 in-pest
412310544 66330020
412310570 44645880 412310029 51863100
412312060 51863100 412310544 66330020
412312927 51863100 412310570 44645880
412318027 lizza
413177272 hyy3
413177424 huohuoa
413177733 62898271
413178445 47666486
413178612 65495108
413181429 retro
413184310 sophiesu
413186389 xy-mysun
413188083 sunruhan
413190149 kittyliu1988
413190798 littlebill 413190149 kittyliu1988
413192541 3116289
413474981 51863100 412318027 lizza
413475849 51863100 413177272 hyy3
413476005 51863100 413177424 huohuoa
413476111 51863100 413177733 62898271
413476361 43094551 413190149 kittyliu1988
413476979 51863100 413178445 47666486
413477788 51863100 413178612 65495108
413477919 51863100 413181429 retro
413478074 naver
413478309 58268804
413478499 58268804
413478521 51863100 413184310 sophiesu
413478703 51863100 413186389 xy-mysun
413478945 51863100 413188083 sunruhan
413479133 51863100 413190149 kittyliu1988
413479864 51863100 413192541 3116289
413480402 51863100 413478074 naver
413480702 51863100 413478309 58268804
413481268 35389815
413481599 52324913
413502885 naver 413480402 51863100
413547777 2201670
413549138 xiaochanzi
413551836 64408373
413568218 huohuoa 413476005 51863100
413577270 saralondon
413582799 3116289 413479864 51863100
413600094 51863100 413481268 35389815
413600214 51863100 413481599 52324913
413600514 66980917
413600542 51863100 413502885 naver
413600733 51863100 413549138 xiaochanzi
413601074 51863100 413551836 64408373
413601720 51863100 413568218 huohuoa
413603372 51863100 413577270 saralondon
413603663 51863100 413582799 3116289
413605019 51863100 413600514 66980917
413607662 3116289 413603663 51863100
413608944 51863100 413607662 3116289
413611634 52692936
413611853 3116289 413608944 51863100
413616071 huohuoa 413601720 51863100
413622473 51863100 413611634 52692936
413622926 51863100
413623599 47345484
413624522 51863100 413616071 huohuoa
413625086 50624863
413625334 51863100 413623599 47345484
413625621 51863100 413625086 50624863
413625936 57034719
413626252 50624863 413625621 51863100
413626519 51863100 413625936 57034719
413626748 3116289 413622926 51863100
413627251 57034719 413626519 51863100
413627988 51863100 413626252 50624863
413628271 50624863 413627988 51863100
413628495 51863100 413627251 57034719
413628841 51863100
413629064 zoe0613
413629092 51863100 413628271 50624863
413629204 4834943
413629245 57034719 413628495 51863100
413629286 51863100 413629064 zoe0613
413629484 51863100 413629204 4834943
413629784 50624863 413629092 51863100
413630034 4834943 413629484 51863100
413630148 xiaochanzi
413630254 51863100 413629245 57034719
413630398 51863100 413630034 4834943
413630635 57034719 413630254 51863100
413630657 4834943 413630398 51863100
413630718 3116289 413628841 51863100
413630836 37675999
413630893 51863100 413630148 xiaochanzi
413631422 51863100 413630635 57034719
413631773 57034719 413631422 51863100
413631845 xiaochanzi 413630893 51863100
413632338 51863100 413630657 4834943
413632639 51863100 413631773 57034719
413632832 51863100 413631845 xiaochanzi
413632978 57034719 413632639 51863100
413633174 4834943 413632338 51863100
413633527 42618634
413633550 64408373 413601074 51863100
413633667 42618634
413635377 huohuoa 413624522 51863100
413673619 35389815 413600094 51863100
413732372 66224322
413734756 lilith9
413737466 49289685
413743515 saralondon 413603372 51863100
413746409 49128905
413770516 51863100 413630718 3116289
413771303 51863100 413635377 huohuoa
413771463 51863100 413734756 lilith9
413771688 51863100 413737466 49289685
413771834 51863100 413743515 saralondon
413772033 51863100 413746409 49128905
413772440 51863100 413633667 42618634
413773964 61299389
413774087 51863100 413633550 64408373
413774300 51863100 413773964 61299389
413777624 61299389 413774300 51863100
413797728 saralondon 413771834 51863100
413798575 zannalulu
413868455 3116289 413732372 66224322
413973042 64408373 413774087 51863100
414072962 vivian1991
414076688 mian213
414078992 xxxrose
414100624 47145910 413607662 3116289
414246609 51863100 413777624 61299389
414247432 51863100 413973042 64408373
414247969 51863100 413797728 saralondon
414249081 51863100 413798575 zannalulu
414249583 51863100 414072962 vivian1991
414249790 51863100 414076688 mian213
416118228 65887913
414249970 51863100 414078992 xxxrose
416128231 64408373
416130020 1795484
414250359 51863100 414100624 47145910
416198577 3870975
414251956 lawenda-hx
416217971 53497704
414253525 lawenda-hx 413480702 51863100
414254481 lawenda-hx 413600542 51863100
414254750 51863100 414251956 lawenda-hx
414255153 51863100 414253525 lawenda-hx
414255873 51863100 414254481 lawenda-hx
414257745 34182751 414255873 51863100
414260645 51863100 414257745 34182751
414261388 34182751 414260645 51863100
414263291 46224963
414264183 51863100 414261388 34182751
414264699 51863100 414263291 46224963
414265663 46224963 414264699 51863100
414266316 2707745
414267146 34182751 414264183 51863100
414268526 51863100 414267146 34182751
414269540 51863100 414266316 2707745
414270133 51863100 414265663 46224963
414271919 46224963 414270133 51863100
414279728 51863100 414271919 46224963
414288743 lawenda-hx 414255153 51863100
414290373 lawenda-hx 414255873 51863100
414291052 lawenda-hx 414257745 34182751
414291671 lawenda-hx 414257745 34182751
414294193 51863100 414291671 lawenda-hx
414294522 51863100 414291052 lawenda-hx
414295498 35127708
414295651 51863100 414290373 lawenda-hx
414295830 51863100 414295498 35127708
414299138 lawenda-hx 414294193 51863100
414299485 lawenda-hx 414295651 51863100
414302075 51863100 414299138 lawenda-hx
414302440 51863100 414299485 lawenda-hx
414305299 lawenda-hx 414302075 51863100
414305760 snowkit
414305935 51863100 414305299 lawenda-hx
414305976 DeepThroat402
414306311 51863100 414305976 DeepThroat402
414306325 lawenda-hx 414302440 51863100
414307147 51863100 414305760 snowkit
414307994 snowkit
414308123 51863100 414306325 lawenda-hx
414308395 51863100 414307994 snowkit
414310115 34182751 414291671 lawenda-hx
414312482 lawenda-hx 414310115 34182751
414314266 34182751 414312482 lawenda-hx
414315556 lawenda-hx 414314266 34182751
414320249 34182751 414315556 lawenda-hx
414328912 66224322 413868455 3116289
414333172 tomodexueren
414333979 ellerywen
414334301 ellerywen
414334844 60128951
414334924 ellerywen 414333172 tomodexueren
414335659 64408373 414247432 51863100
414590383 51863100 414333172 tomodexueren
414590748 51863100 414334844 60128951
414591173 51863100 414335659 64408373
414591637 51863100 414320249 34182751
414595855 51549108
414596729 51863100 414595855 51549108
414601429 51549108 414596729 51863100
414607943 Jason-Bourne
414612166 54557980
414612883 34182751 414591637 51863100
414613413 26659176
414613497 64866741
414615845 52971953
414617328 52971953
414619709 51863100 414601429 51549108
414619927 51863100 414607943 Jason-Bourne
414620013 51863100 414612166 54557980
414620327 51863100 414612883 34182751
414620530 51863100 414613413 26659176
414621094 51863100 414613497 64866741
414621861 51863100 414615845 52971953
414621967 64866741 414621094 51863100
414622626 51863100 414617328 52971953
414622982 2010007
414623173 52606469 414334301 ellerywen
414623577 51863100 414621967 64866741
414623993 51863100 414622982 2010007
414624561 64866741 414623577 51863100
414625465 49767506
414625572 66202140
414626214 2010007 414623993 51863100
414626958 MsHsu
414627295 51863100 414624561 64866741
414627421 51863100 414625465 49767506
414627485 51863100 414625572 66202140
414628348 51863100 414626214 2010007
414628506 64866741 414627295 51863100
414628555 66202140 413476111 51863100
414629242 51863100 414626958 MsHsu
414630575 51863100 414628506 64866741
414630681 51863100 414628555 66202140
414632382 26659176 414620530 51863100
414633041 2010007 414628348 51863100
414633482 64866741 414630575 51863100
414634490 3246025
414637825 54557980 414620013 51863100
414643475 51863100 414633482 64866741
414643834 51863100 414632382 26659176
414644530 51863100 414634490 3246025
414644651 51863100 414637825 54557980
414646660 3246025
414647691 51863100 414646660 3246025
414650430 3246025
414651020 26659176 414643834 51863100
414654321 54557980 414644651 51863100
414687658 ellerywen 414623173 52606469
414795461 47733314
414830781 64408373 414617328 52971953
414831277 60191640 412306448 51863100
414831617 60191640 414627421 51863100
414850111 51863100 414831277 60191640
414850394 51863100 414831617 60191640
414850918 51863100 414795461 47733314
414851098 60191640 414850111 51863100
414851607 60191640 414850394 51863100
414852368 51863100 414851098 60191640
414852749 60191640 414852368 51863100
414853155 51863100 414852749 60191640
414853695 60191640 414853155 51863100
415206998 66202140 414630681 51863100
415209536 3116289 414328912 66224322
415215168 53497704
415259127 52263972
415406534 51863100 415206998 66202140
415406745 51863100 415215168 53497704
415407105 HeLeNNeLeH
415408053 51863100 415407105 HeLeNNeLeH
415409180 66202140 415406534 51863100
415409676 51863100 415409180 66202140
415423888 66202140 415409676 51863100
415424441 muge29 413629484 51863100
415424980 muge29
415427964 sherrytown
415430179 47074004
415499582 HeLeNNeLeH 415408053 51863100
415721647 51863100 415423888 66202140
415722071 51863100
415722335 51863100 415424980 muge29
415722456 51863100 415427964 sherrytown
415722815 51863100 415430179 47074004
415723124 51863100 415499582 HeLeNNeLeH
415723892 HeLeNNeLeH 415723124 51863100
415730633 chen.hong
416080025 52971953 414830781 64408373
416080519 63349348
416089378 51863100 416080519 63349348
416089737 51863100 415730633 chen.hong
