412309516 24331722
412309715 47862747 412309516 24331722
412310049 woshiyigexiaodo
412310403 47862747
412311053 47862747
412314612 woshiyigexiaodo 412311053 47862747
412315237 47862747 412314612 woshiyigexiaodo
412324280 50871930
412324733 50871930
412331509 54713564
412331986 47862747 412331509 54713564
412332081 54713564
412332950 47862747 412332081 54713564
412337104 54713564
412339079 54713564
412339596 54713564 412332950 47862747
412339744 54713564 412331986 47862747
412345708 47862747 412337104 54713564
412345892 47862747
412348673 54713564 412345892 47862747
412349069 54713564 412345708 47862747
412349475 47862747 412349069 54713564
412361132 55741490
412366689 47862747 412361132 55741490
412372099 61038001
412473917 50871930
412476771 50871930
