412390757 50811004
412392683 niege
412393942 65138630 412392683 niege
412394018 65138630 412390757 50811004
412395865 wzshowli
412396214 45892383
412396296 66996466
412396600 wait4sty
412396734 60958017
412396739 wait4sty
412398515 45344476
412399873 p_summer
412402538 49452669
412406045 65138630 412395865 wzshowli
412406176 65138630 412396214 45892383
412406387 65138630 412396296 66996466
412406653 66996466 412406387 65138630
412406829 65138630 412396600 wait4sty
412406948 YIYOUMI
412407053 65138630 412396734 60958017
412407373 65138630 412396739 wait4sty
412407424 65138630 412398515 45344476
412408200 65138630 412402538 49452669
412408485 65138630 412406653 66996466
412409196 65138630 412406948 YIYOUMI
412409314 66996466 412408485 65138630
412409560 65138630 412399873 p_summer
412409569 52853458
412410138 preciseness 412408200 65138630
412410850 65138630 412409569 52853458
412411069 65138630 412410138 preciseness
412411899 52853458 412410850 65138630
412412288 vvjimi
412412568 65138630 412411899 52853458
412413199 65138630 412412288 vvjimi
412413555 52853458 412412568 65138630
412414215 YIYOUMI 412409196 65138630
412414242 54991918
412414940 65138630 412413555 52853458
412415042 vvjimi 412413199 65138630
412416019 65138630
412416121 65138630 412414242 54991918
412416353 65138630 412415042 vvjimi
412417135 54991918 412416121 65138630
412417147 52853458 412414940 65138630
412417275 vvjimi 412416353 65138630
412418288 65138630 412417275 vvjimi
412418388 65138630 412417135 54991918
412418615 65138630 412417147 52853458
412419135 54991918 412418388 65138630
412419273 37245035
412420299 vvjimi 412418288 65138630
412420511 65138630 412419273 37245035
412421309 65138630 412420299 vvjimi
412428545 niege 412393942 65138630
412429468 ysy316
412431391 meery52
412431718 58324255
412455518 65138630 412428545 niege
412457895 65138630 412431718 58324255
412459364 65138630
412461736 FionaStayReal
412467029 59745167
412467435 darlinfish
412472177 niege 412455518 65138630
412478493 65138630
412479222 65138630
412479914 65138630 412467029 59745167
412480946 65138630 412472177 niege
412481502 roe2011
412482510 49836625 412393942 65138630
412482863 65138630 412481502 roe2011
412483182 65138630 412482510 49836625
412484177 65138630 412482510 49836625
412484409 niege 412480946 65138630
412484760 SHITTT
412484848 65138630 412484409 niege
412485038 65138630 412484760 SHITTT
412485348 SHITTT
412486473 FionaStayReal 412479914 65138630
412487195 65138630 412486473 FionaStayReal
412488151 kimihyz
412490038 FionaStayReal 412487195 65138630
412490720 65138630
412491342 65138630 412490038 FionaStayReal
412493100 kimihyz 412490720 65138630
412494608 65138630 412493100 kimihyz
412494992 FionaStayReal 412491342 65138630
412496304 65138630 412494992 FionaStayReal
412498132 50796255
412498612 58087176
412501328 40057716
412502674 65138630 412498132 50796255
412502915 65138630 412498612 58087176
412503461 65138630 412501328 40057716
412503619 50796255
412503823 10346700
412504769 40057716
412505416 40057716 412503461 65138630
412506898 65138630 412505416 40057716
412507076 65138630 412503619 50796255
412507284 65138630 412503823 10346700
412507386 40057716 412506898 65138630
412507525 65138630 412504769 40057716
412507865 65138630 412507386 40057716
412507943 40057716 412507525 65138630
412508014 10346700 412507284 65138630
412508553 40057716 412507284 65138630
412508997 Qln9_.
412509557 kimrabbit
412509676 65138630 412507943 40057716
412510390 65138630 412508014 10346700
412510511 65138630 412508553 40057716
412510592 65138630 412508997 Qln9_.
412510731 roe2011
412511000 40057716
412511040 10346700 412510390 65138630
412511208 65138630 412509557 kimrabbit
412511394 65138630 412510731 roe2011
412511648 65138630
412511768 kimrabbit 412511208 65138630
412512377 40057716
412512426 10346700 412412288 vvjimi
412512452 57898042
412512629 10346700
412512869 roe2011 412511394 65138630
412512964 40057716
412513078 kimrabbit 412512629 10346700
412513303 roe2011
412513471 65138630
412514045 65138630 412512452 57898042
412515480 40057716 412514045 65138630
412515524 65138630 412512869 roe2011
412516036 65138630 412515480 40057716
412516283 65138630 412512964 40057716
412516867 40057716 412516036 65138630
412517836 40057716 412516283 65138630
412518026 65138630 412513078 kimrabbit
412518250 65138630 412517836 40057716
412519911 roe2011 412515524 65138630
412520496 65138630 412519911 roe2011
412522902 roe2011
412523312 65138630 412522902 roe2011
412524586 fongchueng
412524611 roe2011 412523312 65138630
412524821 65138630 412524586 fongchueng
412525098 65138630 412524611 roe2011
412534103 3567011
412534876 roe2011
412539172 fongchueng 412524821 65138630
412545256 65138630 412534876 roe2011
412545273 65138630 412534103 3567011
412546577 guitarqiu
412546846 65779294
412552748 65138630 412546846 65779294
412554137 67070236
412591038 65138630
412624271 65779294 412552748 65138630
412637964 57766501
412639762 57766501
412796860 65138630 412639762 57766501
412797033 65138630 412624271 65779294
412800070 eve_lyons
413665525 57838427
412802896 eve_lyons
413665903 65138630
412811651 65138630 412802896 eve_lyons
413666128 65138630 413665525 57838427
412812961 65138630 412554137 67070236
413666448 48285479
412834440 43265322
413667279 65138630
412840421 62608772
412844699 eve_lyons
413668902 65138630 412395865 wzshowli
413669015 24059916
412881885 65138630 412840421 62608772
413669062 65138630 413666448 48285479
412882424 65138630 412844699 eve_lyons
413671034 midnightmocca
412895023 56011185
413673347 37645073
412903065 mangojoan
413678469 24059916
412904734 65138630 412895023 56011185
413679688 wzshowli 413668902 65138630
412906315 65138630 412903065 mangojoan
413679882 48285479
412962640 56011185
413679890 wzshowli 413668902 65138630
412962982 56011185
413681682 sxgnxww
412995220 mangojoan
413681723 fcaoer
413005857 43265322
413683852 61722137
413014871 4396761
413685621 65138630
413075490 65138630 412962640 56011185
413685819 65138630 413683852 61722137
413076780 65138630 412995220 mangojoan
413685865 65138630 413681682 sxgnxww
413077296 65138630 413005857 43265322
413686283 65138630 413679890 wzshowli
413078237 65138630 413014871 4396761
413118129 65138630
413686642 65138630 413679882 48285479
413153840 56011185
413687248 65138630 413673347 37645073
413164433 57687603
413687439 65138630 413671034 midnightmocca
413171069 65138630 413153840 56011185
413687892 fcaoer
413171877 65138630
413180354 34016889
413688368 65138630 413687892 fcaoer
413181978 65138630 413180354 34016889
413688688 1752402 412395865 wzshowli
413689920 24059916
413191697 joyjoy123
413690904 whereturtleis
413220435 34016889 413181978 65138630
413691299 whereturtleis
413242947 mangojoan
413691313 49735296
413691465 whereturtleis
413243525 65138630 413191697 joyjoy123
413691516 65138630 413691313 49735296
413244260 65138630 413242947 mangojoan
413691593 65138630 413690904 whereturtleis
413249489 mangojoan 413244260 65138630
413691652 65138630 413689920 24059916
413249503 65138630 413220435 34016889
413691841 65138630 413688688 1752402
413249601 65138630 413249489 mangojoan
413692269 whereturtleis
413692436 whereturtleis
413250256 mangojoan 413249601 65138630
413692616 iloveEminem 412485348 SHITTT
413692621 whereturtleis
413692969 1752402 413691841 65138630
413694423 65138630 413692621 whereturtleis
413694473 65138630 413692969 1752402
413695193 whereturtleis
413695293 28088228
413695621 whereturtleis
413695803 28088228
413695891 whereturtleis
413696065 64529643
413697008 65138630 413695293 28088228
413697295 65138630 413696065 64529643
413697463 65138630 413695621 whereturtleis
413699311 whereturtleis
413699680 HeLeNNeLeH 412407053 65138630
413700534 HeLeNNeLeH 412502915 65138630
413702985 65138630 413699311 whereturtleis
413703019 65138630 413699680 HeLeNNeLeH
413703353 65138630
413703563 HeLeNNeLeH 413703353 65138630
413703680 HeLeNNeLeH 413703019 65138630
413704886 whereturtleis
413705062 65138630 413703563 HeLeNNeLeH
413705115 65138630 413703680 HeLeNNeLeH
413705272 65138630 413704886 whereturtleis
413706287 61528908
413706495 65138630 413706287 61528908
413706921 whereturtleis
413707798 61528908 413706495 65138630
413709195 65138630 413707798 61528908
413709981 65138630 413706921 whereturtleis
413711023 61528908 413709195 65138630
413712503 65138630 413711023 61528908
413714102 dwzdyf
413716484 65138630 413714102 dwzdyf
413740642 whereturtleis
413762765 ahacathayx
413766709 48739144
413767808 midnightmocca 413687439 65138630
413771308 xuexiaoxiaowa
413785103 dwzdyf 413716484 65138630
413815841 37645073 413687248 65138630
413825111 1752402 413694473 65138630
413838487 35389815
413846549 44398742
413846696 44398742
413863583 58914533
413880014 xIElI123450218
414001842 28088228 413697008 65138630
414046935 57715527
414051372 freakingkid
414161076 65138630 413740642 whereturtleis
414161460 65138630 413762765 ahacathayx
414161677 65138630 413766709 48739144
414161793 65138630 413767808 midnightmocca
414161994 65138630 413785103 dwzdyf
414162409 sanic
414162487 65138630 413815841 37645073
414162662 65138630 413846696 44398742
414162952 65138630 413863583 58914533
414163435 sucre910
413286813 34016889
413337739 65138630 413286813 34016889
413369785 57687603
413373978 34016889 413337739 65138630
413377930 58914533
413387554 34016889
413450315 49836625 412483182 65138630
413456220 58549782
413469333 51778838
413471781 51778838
413472970 51778838
413475799 65138630
413476530 65138630 413373978 34016889
413476616 59939345
413477127 65138630 413377930 58914533
413478275 65138630 413387554 34016889
413479043 65138630 413450315 49836625
413480260 65138630 413456220 58549782
413481503 65138630 413471781 51778838
413482169 65138630 413476616 59939345
413488476 50443438
413500755 34016889 413478275 65138630
413508320 58549782 413480260 65138630
413510986 54291569
413515924 51778838
413516965 51778838
413517787 65138630
413518392 65138630 413510986 54291569
413518514 65138630 413508320 58549782
413519297 65138630 413500755 34016889
413519657 65138630 413488476 50443438
413521833 57838427
413521998 13084040 412390757 50811004
413523276 50443438 413519657 65138630
413528086 panda_sissi
413529362 mning1116
413532124 65138630 413521833 57838427
413533627 65138630 413529362 mning1116
413534114 65138630 413528086 panda_sissi
413537593 54291569
413537722 panda_sissi 413534114 65138630
413537968 14912700
413538672 43265322
413540584 hatestrawberry
413540911 exist_cjx
413542147 61321389
413542545 65138630 413537968 14912700
413542614 65138630
413542790 65138630 413537722 panda_sissi
413543018 65138630 413540584 hatestrawberry
413543320 65138630 413540911 exist_cjx
413543703 65138630 413542147 61321389
413543712 exist_cjx 413543320 65138630
413544158 65138630 413543712 exist_cjx
413544625 exist_cjx 413544158 65138630
413545506 65138630 413544625 exist_cjx
413545820 4128922
413550156 51778838 413517787 65138630
413560709 34016889 413519297 65138630
413560885 59939345
413569309 65138630 413545820 4128922
413569739 65138630
413569826 65138630 413560709 34016889
413569875 65138630 413560885 59939345
413570551 34016889 413569826 65138630
413571140 65138630 413570551 34016889
413571279 jamesfang
413572130 34016889 413571140 65138630
413574740 49836625 413479043 65138630
413586091 65138630 413574740 49836625
413587016 65138630 413572130 34016889
413587114 65138630 413572130 34016889
413587236 65138630 413571279 jamesfang
413593659 34016889 413587016 65138630
413594123 61539906 412534876 roe2011
413602453 24424854
413611438 65138630 413594123 61539906
413612122 65138630 413602453 24424854
413612713 24424854
413614968 roe2011 413594123 61539906
413617668 65138630 413612713 24424854
413617682 61539906 413614968 roe2011
413629916 xIElI123450218
413632772 65138630 413629916 xIElI123450218
413633558 zoe0613
413647177 57838427 413532124 65138630
413650352 65138630 413633558 zoe0613
413650642 65138630 413647177 57838427
413651230 66132551 413650642 65138630
413655313 66132551 413650642 65138630
413658933 37645073
413659893 65138630 413651230 66132551
413661156 65138630 413658933 37645073
413662723 65138630 413658933 37645073
413662745 66132551 413659893 65138630
413663309 65138630 413662745 66132551
413663358 37645073 413661156 65138630
413664061 66132551 413663309 65138630
413664271 66132551
413665140 65138630 413663358 37645073
415740415 57197702
415747083 65138630 415740415 57197702
415748329 57197702
415750829 2490599
415755257 3667524 412420511 65138630
415777467 65138630 415750829 2490599
415777577 65138630 415755257 3667524
415777819 65138630 415748329 57197702
416042589 47804317
416057934 65138630 416042589 47804317
416146574 66652557 416057934 65138630
416678143 zozododo
416686323 daxiaojie2011
416692511 loveandpoison
417030867 65775708
417034137 53399449
419438305 sxgnxww
414163452 65138630 413880014 xIElI123450218
414163615 65138630 414001842 28088228
414163826 65138630 414046935 57715527
414163975 65138630 414051372 freakingkid
414164105 65138630 414163435 sucre910
414164579 LorraineHsu
414164589 hongxx
414168202 37645073 414163452 65138630
414170494 3891094
414179205 65138630 414164579 LorraineHsu
414179302 65138630 414168202 37645073
414179768 65138630 414170494 3891094
414179961 anlesi
414181006 65138630 414164589 hongxx
414184057 3891094 414179768 65138630
414199092 58914533 414162952 65138630
414201810 65138630 414184057 3891094
414201909 xIElI123450218 414163452 65138630
414202010 65138630 414199092 58914533
414202455 65138630 414201909 xIElI123450218
414204212 xIElI123450218 414202455 65138630
414205006 xIElI123450218
414206426 37364863
414208273 1371804 414202455 65138630
414209226 45954588
414209264 3891094 414201810 65138630
414230681 65138630 414208273 1371804
414231455 65138630 414209264 3891094
414231678 65138630 414209226 45954588
414232246 1371804 414230681 65138630
414232276 65138630 414206426 37364863
414232370 65138630 414205006 xIElI123450218
414232779 65138630 414232246 1371804
414233084 1371804 414232779 65138630
414233795 45954588 414231678 65138630
414234200 65138630 414233084 1371804
414234456 65138630 414233795 45954588
414235397 3891094
414236452 65138630 414235397 3891094
414237701 3891094 414236452 65138630
414238301 mybestlily
414247674 goodboyyu
414248283 65138630 414238301 mybestlily
414248569 65138630 414237701 3891094
414257134 1371804 414234200 65138630
414268465 3891094 414248569 65138630
414279292 LorraineHsu 414179205 65138630
414279788 65138630 414279292 LorraineHsu
414282672 65138630 414257134 1371804
414282923 65138630 414268465 3891094
414284438 LorraineHsu 414279788 65138630
414286116 65138630
414294157 LorraineHsu 414286116 65138630
414295757 65138630
414299115 3891094 414282923 65138630
414299569 LorraineHsu 414295757 65138630
414319283 freakingkid 414163975 65138630
414327217 34016889
414329700 65138630 414327217 34016889
414329951 65138630 414319283 freakingkid
414330077 65138630 414299569 LorraineHsu
414333570 64723947
414333612 LorraineHsu 414330077 65138630
414333992 34016889 414329700 65138630
414340352 65138630 414333570 64723947
414340620 65138630 414333992 34016889
414342484 34016889 414340620 65138630
414347545 38532227
414347737 65138630 414342484 34016889
414347850 65138630 414347545 38532227
414349460 38532227 414347850 65138630
414365066 freakingkid 414329951 65138630
414373668 34016889 414347737 65138630
414381467 2189122
414394236 56715213
414398664 59945601
414405229 William_Xin
414409251 4676356
414628974 61253982
414646342 67552104
414672893 65138630 414646342 67552104
414673052 65138630 414628974 61253982
414673528 65138630 414409251 4676356
414673547 64382788
414673729 65138630 414398664 59945601
414673854 65138630
414674330 65138630 414394236 56715213
414675145 65138630 414381467 2189122
414675591 65138630 414373668 34016889
414675752 65138630 414365066 freakingkid
414676112 65138630 414349460 38532227
414686186 4676356
414732252 56715213 414674330 65138630
414739974 2189122 414675145 65138630
414752148 61253982 414673052 65138630
414765625 37891285
414768406 54277954
414778496 xianxianaa
414778620 xianxianaa
414868852 65138630 414686186 4676356
414869067 65138630 414732252 56715213
414869333 56715213 414869067 65138630
414871174 65138630 414739974 2189122
414871231 65138630 414869333 56715213
414871432 65138630 414752148 61253982
414872892 65138630 414765625 37891285
414873349 65138630 414768406 54277954
414873774 65138630 414778496 xianxianaa
414879496 50808565
414883356 65138630 414879496 50808565
414883626 65138630 414879496 50808565
414884755 67435027
414886721 rory-wong
414886930 50808565 414883626 65138630
414888140 65138630 414886930 50808565
414888320 65138630 414884755 67435027
414888824 65138630 414886721 rory-wong
414890281 52434782
414890362 rory-wong 414888824 65138630
414890669 50808565 414888140 65138630
414891024 ke-z
414905398 65138630 414890281 52434782
414905609 65138630 414890362 rory-wong
414906777 65138630 414890669 50808565
414907541 65138630 414891024 ke-z
414908671 rory-wong 414907541 65138630
414909573 65138630 414908671 rory-wong
414911781 ke-z 414907541 65138630
414913064 65138630 414911781 ke-z
414914072 rory-wong 414909573 65138630
414915263 49089619
414916569 65138630 414915263 49089619
414916761 65138630
414917059 49089619 414916569 65138630
414917386 52423096
414917874 65138630 414917059 49089619
414918210 65138630 414917386 52423096
414919432 rory-wong 414916761 65138630
414921246 48911765
414923143 52423096 414918210 65138630
414923718 61664732 414883626 65138630
414928175 65138630
414928287 65138630 414921246 48911765
414928402 65138630 414923143 52423096
414928744 65138630 414923718 61664732
414929265 carrieon
414933121 xianxianaa
414933279 rory-wong
414933573 66834557
414935683 65138630 414933573 66834557
414935883 65138630 414933121 xianxianaa
414936238 65138630 414933279 rory-wong
414937051 rory-wong 414936238 65138630
414937574 61664732 414928744 65138630
414939216 66834557 414935683 65138630
414955907 65138630
414956102 65138630 414937574 61664732
414956249 65138630 414939216 66834557
414967491 48911765 414928287 65138630
414978792 67552104 414905609 65138630
414981513 bokunomirai
414987619 65138630 414981513 bokunomirai
414987964 51564571
414988186 bokunomirai 414987619 65138630
414988412 bokunomirai
414995649 65138630 414978792 67552104
414995919 65138630 414988412 bokunomirai
414997370 65138630 414987964 51564571
415000580 51564571 414997370 65138630
415000882 bokunomirai 414995919 65138630
415004883 65138630 415000580 51564571
415005106 65138630 415000882 bokunomirai
415005568 51564571 415004883 65138630
415028835 bokunomirai 415005106 65138630
415050786 54277954
415053913 FuzzySandy
415134707 65138630
415138377 59411911
415281651 65138630 415050786 54277954
415282068 65138630 415053913 FuzzySandy
415282649 65138630 415028835 bokunomirai
415285171 64052661
415429941 57197702
415433303 FuzzySandy 415282068 65138630
415592460 67552104
415598986 61664732
415637691 37645073
415637921 zoewcy
415648081 65138630 415637921 zoewcy
415648352 65138630 415637691 37645073
415648449 65138630 415598986 61664732
415648644 65138630 415592460 67552104
415648749 65138630 415429941 57197702
415649318 65138630 415285171 64052661
415659360 61664732 415648449 65138630
415661493 rebecca0209
415671832 65138630 415661493 rebecca0209
415672756 65138630 415659360 61664732
415713816 zoewcy 415648081 65138630
415734623 65138630 415713816 zoewcy
