412647268 49240709
412647735 49240709
412648085 44603493
412648512 49240709 412648085 44603493
412649238 47608474
412649942 48919228 412649238 47608474
412651143 49240709 412649238 47608474
412659111 JuddTrump
412660178 wrshi
412661385 qizhinei
412662424 MeMeLT
412662822 50181153
412668128 53103908
412669061 54470430
412786447 49240709 412659111 JuddTrump
412786806 31404072
412889794 40787770
412892110 lutt547
412892738 66958230 412786806 31404072
412892949 66958230 412892110 lutt547
412894268 1429499
412896908 lutt547 412892949 66958230
412897451 66958230 412896908 lutt547
412898353 Rona_Shen
412904836 han8513
412907553 fengheju
412910754 63004570
413096686 49240709 412892738 66958230
413122766 66958230 413096686 49240709
