412712405 61956360
412713835 doll7flower
412714469 63738483
412716118 doll7flower 412714469 63738483
412716943 63738483 412716118 doll7flower
412727934 doll7flower 412716943 63738483
412728739 58809543
412729584 59059501
412730279 laurayyw
412732393 33621344
412732738 doll7flower 412728739 58809543
412734403 55444790 412729584 59059501
412761255 nico_jiang
412764327 mysweety
412771285 doll7flower
412777505 tengyuanmeihong
412786956 saralondon
412790817 Crayon_J
412791372 47556741
412793240 doll7flower 412786956 saralondon
412794255 3808961
412904993 39691270
412906454 61497133
412907859 19718718
412908900 fanini
412929948 yuanlaiyaai
