412774444 38740478
412775369 50471333
412775871 26434122 412774444 38740478
412776182 4070863
412776789 26434122 412775369 50471333
412777163 38740478 412775871 26434122
412777190 26434122 412776182 4070863
412777595 26434122 412777163 38740478
412778389 60644462
412778953 26434122 412778389 60644462
412779087 7199120
412779215 7199120
412779407 60644462 412778953 26434122
412779596 38740478
412779691 26434122 412779087 7199120
412780480 26434122 412779596 38740478
412780991 26434122 412779407 60644462
412781159 58349644
412781367 61299389
412781481 26434122 412779215 7199120
412781511 38740478 412780480 26434122
412781950 dororo.
412782060 60644462 412780991 26434122
412782222 26434122 412781950 dororo.
412782497 26434122 412782060 60644462
412783542 dororo. 412782222 26434122
412783665 38740478
412783772 7199120 412781367 61299389
412783988 dorian1019
412784398 7199120
412784609 26434122 412783542 dororo.
412784754 26434122 412783665 38740478
412785042 38740478 412784754 26434122
412785209 dororo.
412785790 26434122 412784398 7199120
412785914 26434122 412783988 dorian1019
412786562 26434122 412785209 dororo.
412787027 26434122 412785042 38740478
412787269 38740478 412787027 26434122
412787917 dororo. 412786562 26434122
412798438 26434122 412787269 38740478
412800396 26434122 412787917 dororo.
412804220 51439903
412805464 dadasshen
412806084 26434122 412804220 51439903
412807145 S-ing
412809743 tizzchu
412816246 lucyandcity
412816845 55998424
412876290 26434122 412809743 tizzchu
412877239 42484601
412910466 26434122
412915291 26434122 412787917 dororo.
412917244 rockbabycat
412922505 panda919
412923666 51856445
412926441 50138467
412927809 4327702
412959305 26434122 412917244 rockbabycat
412959394 26434122
412959438 26434122 412926441 50138467
412964738 3623030
412966620 38740478
412969980 47161351
412974978 61299389 412783772 7199120
412981193 2191342
412990230 7199120 412974978 61299389
412991939 61299389 412990230 7199120
412991985 34850821
413000143 sumi_chan
413002862 7199120 412991939 61299389
413015053 44467205
413026253 64502689
413035806 61299389 413002862 7199120
413041859 58537187
413048901 naver
413059185 40562854
413062809 52365801 412974978 61299389
413069806 4316732
413072287 likeaery
413077730 50138467
413078762 61299389 413062809 52365801
413082698 Yee7
413087981 44876848
413095483 56572992
413115755 26434122 412966620 38740478
413120822 eunhaedictator
413121419 hana0815
413122516 4372308
413126132 38740478 413115755 26434122
413132294 7890891
413148095 26434122 412991985 34850821
413150552 26434122 413000143 sumi_chan
413152071 62032115
413153829 58462933
413165217 26434122 413026253 64502689
413165409 26434122 413041859 58537187
413170910 26434122 413077730 50138467
413171628 26434122 413087981 44876848
413172019 44876848 413171628 26434122
413190738 26434122 413048901 naver
413190952 kexinhaha 412775871 26434122
413192533 26434122 413122516 4372308
413193202 26434122 413190952 kexinhaha
413194598 Lily-C
413199440 26434122 413194598 Lily-C
413199634 knnnn
413200248 Lily-C
413206014 26434122 413199634 knnnn
413207009 26434122 413200248 Lily-C
413211535 26434122 413200248 Lily-C
413212561 26434122 413077730 50138467
413237133 naver 413190738 26434122
413237515 naver 413211535 26434122
413259018 26434122 413237133 naver
413259444 26434122 413237515 naver
413273014 naver 413259018 26434122
413273375 naver 413259444 26434122
413292316 64593126
413295075 26434122 413273375 naver
413295385 26434122 413273014 naver
413296652 26434122 413292316 64593126
413296655 naver 413295385 26434122
413297269 64593126 413296652 26434122
413298554 26434122 413296655 naver
413298932 26434122 413297269 64593126
413299555 26434122 413296655 naver
413299597 64593126 413298932 26434122
413300582 mo_ou
413301858 26434122 413299597 64593126
413302192 26434122 413300582 mo_ou
413303494 64593126 413301858 26434122
413304750 naver 413298554 26434122
413305891 naver 413299555 26434122
413309772 enjoyYClee
413343593 26434122 413304750 naver
413343873 26434122 413309772 enjoyYClee
413344171 m1ss0ver
413345751 45913582
413346155 26434122 413305891 naver
413347133 45913582
413347998 26434122 413347133 45913582
413357720 45913582
413367875 naver 413343593 26434122
413368266 naver 413346155 26434122
413390129 2543166
413446733 26434122 413367875 naver
413447579 48864731
413447736 48864731
413448318 26434122 413390129 2543166
413451007 26434122 413447736 48864731
413451015 bearyaa
413453673 26434122 413447579 48864731
413469495 64963227
413489438 45913582
413505505 49452669
413508081 bananabalala
413539280 26434122 413489438 45913582
413540267 26434122 413505505 49452669
413540354 26434122 413508081 bananabalala
413541773 26434122 413469495 64963227
413542656 60817341
413552063 26434122 413542656 60817341
413558474 64963227 413541773 26434122
413560320 42487442
413560718 55664253
413571570 26434122 413558474 64963227
413571939 26434122 413560718 55664253
413579308 56329062
413580384 naver 413542656 60817341
413581025 60817341 413580384 naver
413586388 4563332 413540354 26434122
413588922 26434122 413581025 60817341
413589436 26434122 413586388 4563332
413590194 4563332 413589436 26434122
413591322 foreversuer
413591795 linzhenyi566
413592494 26434122 413590194 4563332
413592795 26434122 413591322 foreversuer
413593022 26434122 413591795 linzhenyi566
413606352 4563332 413592494 26434122
413616604 foreversuer 413592795 26434122
413625989 26434122
413626981 26434122 413606352 4563332
413629542 34090878
413646128 48864731 413453673 26434122
413656702 3883741
413656731 3883741
413659615 53814933
413669595 4563332 413626981 26434122
413672174 foreversuer 413625989 26434122
413674466 33301209
413676236 26434122
413677570 jessica9128
413677735 foreversuer 413676236 26434122
413678191 26434122 413629542 34090878
413680384 26434122 413656702 3883741
413680531 47288929
413680929 26434122 413677570 jessica9128
413681155 26434122
413681497 59811530
413687691 amuletvander
413698713 foreversuer 413681155 26434122
413714319 26434122 413687691 amuletvander
413727344 freakingkid
413732181 3883741 413680384 26434122
413774053 52699590
413775711 tammyli
413780662 47771208
413946097 26434122 413727344 freakingkid
413946690 26434122 413732181 3883741
413947487 26434122 413774053 52699590
413950722 26434122 413775711 tammyli
413951961 26434122 413780662 47771208
413952144 tammyli 413950722 26434122
413952695 3883741 413946690 26434122
413953020 3883741
413953648 3507153
413954035 51488589
413957624 66066061
414043185 26434122 413952144 tammyli
414043407 26434122 413952695 3883741
414043495 26434122 413954035 51488589
414064182 3883741 414043407 26434122
414067328 circleone
414090409 38749668
414237708 26434122
414350624 26434122 414064182 3883741
414352290 52418637
414352576 3376368
414354624 volcano611
414354933 26434122 414352290 52418637
414354962 26434122 414352576 3376368
414355090 26434122 414354624 volcano611
414355389 52418637 413347998 26434122
414355931 YYangping
414358553 26434122 414355931 YYangping
414358889 26434122 414355389 52418637
414370655 42085738
414381100 35367252 413300582 mo_ou
414385132 3070715
414394825 54470430
414399193 64963227 413571570 26434122
414404517 52507108
414408790 51529613
414453777 mo_ou 414381100 35367252
414487058 35367252 413347998 26434122
414487481 35367252 414453777 mo_ou
414491164 61118932
414493926 58345434
414494139 58345434 414493926 58345434
414536619 26434122 414399193 64963227
414538391 26434122 414493926 58345434
414538580 64963227 414536619 26434122
414540380 26434122 414538580 64963227
414540667 26434122 414487058 35367252
414541879 4070863
414548436 vampiretree
414556305 58345434 414538391 26434122
414558529 richard1991
414563989 glamour
414584593 26434122 414381100 35367252
414584846 monkeyman
414584960 26434122 414541879 4070863
414586070 26434122 414563989 glamour
414586297 26434122 414584846 monkeyman
414586441 milkan
414588155 monkeyman
414588664 monkeyman
414593470 56743400
414595069 TVfXQ
414599305 4070863 414584960 26434122
414602721 yooozoh
414620344 37025574
414621150 glamour 414586070 26434122
414692355 45262459
414695343 4497330
414701468 3764299
414702394 53516116
414706691 26434122 414588664 monkeyman
414707228 stillwannab
414707643 58537187 413165409 26434122
414707736 26434122 414621150 glamour
414708005 61939814
414708458 26434122
414708649 26434122 414707643 58537187
414708710 26434122 414708005 61939814
414708779 26434122 414701468 3764299
414766271 Cain_
414778412 Cain_
414788752 15056420
414902706 26434122 414766271 Cain_
414902990 26434122 414778412 Cain_
414903437 26434122 414788752 15056420
414906305 iamokay 412775871 26434122
414906587 26434122 414906305 iamokay
414908705 miss-puff
414911149 iamokay 414906587 26434122
414912105 37497832
414912538 58044830 414355090 26434122
419174937 26434122
419175208 26434122
416222326 aatogether
416231860 54788554
416236086 26434122 416222326 aatogether
416237557 26434122 416231860 54788554
416794420 58537187 414708649 26434122
416810028 26434122 416794420 58537187
416833018 45543265
417308200 57558494
417316204 26434122 417308200 57558494
417319136 4457767
417328074 26434122 417319136 4457767
417370220 kuraaaaa
417373004 26434122 417370220 kuraaaaa
417373537 kuraaaaa
417384973 26434122 417373537 kuraaaaa
417418437 4457767
417418705 53219802
417419247 4457767
417419331 48624039
417419783 3351277
417420712 suro
417423077 64191265
417435595 26434122 417418437 4457767
417435753 26434122 417418705 53219802
417435809 26434122 417419247 4457767
417436105 26434122 417419331 48624039
417436175 26434122 417419783 3351277
417436201 26434122 417420712 suro
417436244 shushudai
417437776 26434122 417436244 shushudai
417453566 magicuknow
417504406 53219802 417435753 26434122
417506252 58533781
417518207 26434122 417504406 53219802
417522046 26434122 417506252 58533781
417531961 anchuntvxq752
417533354 58533781 417522046 26434122
417535192 farseerl
417556585 45543265
417561986 47536759
417570867 26434122 417531961 anchuntvxq752
417576081 26434122 417533354 58533781
417576172 26434122 417535192 farseerl
417576460 26434122 417556585 45543265
417576500 26434122 417561986 47536759
417582814 vivian8211279
417593420 just_4_yueqiu
417604599 26434122 417582814 vivian8211279
417604732 26434122 417593420 just_4_yueqiu
417735750 45543265
417751879 26434122 417735750 45543265
417762915 54258626
417770476 44765235
417781552 45543265 417751879 26434122
417796653 26434122 417781552 45543265
417979210 45543265 417796653 26434122
418040378 47890857
418077529 26434122 417979210 45543265
418077775 26434122 418040378 47890857
418079295 4169973
418081711 1044719
418092975 26434122 418081711 1044719
418093094 26434122 418079295 4169973
418093505 1044719 418092975 26434122
418094715 52897665
418094795 4169973
418097644 PzIHan 412781481 26434122
418098504 49274670
418102243 26434122 418093505 1044719
418102501 26434122 418094715 52897665
418102762 26434122 418094795 4169973
418102946 26434122 418097644 PzIHan
418103054 26434122 418098504 49274670
418105353 1044719 418102243 26434122
418113627 26434122 418105353 1044719
418113757 1044719 418113627 26434122
418151894 49274670 418103054 26434122
418256860 26434122 418151894 49274670
418259303 26434122 418113757 1044719
418264974 Sea-sl
418275706 PzIHan 418102946 26434122
418280464 26434122
418282250 PzIHan 418280464 26434122
418282708 26434122 418264974 Sea-sl
418283502 26434122 418282250 PzIHan
418284171 PzIHan 418283502 26434122
418285111 harrypotter999 412780991 26434122
418301847 26434122 418285111 harrypotter999
418303626 harrypotter999 418301847 26434122
418333963 26434122 418303626 harrypotter999
418820243 47501556
418853990 26434122 418820243 47501556
418929363 62904067
418944892 51039032
418947065 44350031
418947215 55801593
418948558 57773330
418949133 50163767
418991005 26434122
419098453 53590156
414912584 50811004
414917282 26434122 414908705 miss-puff
414917356 26434122 414912538 58044830
414919390 30210248
414923590 Sa_
414926877 51854809
414927589 50304215
414938769 26434122 414927589 50304215
414939326 26434122 414926877 51854809
414939396 26434122 414923590 Sa_
414939459 26434122 414919390 30210248
414941405 30210248
414950545 48064378
414955026 48064378
414961401 65928242
414967378 26434122 414941405 30210248
414968865 26434122 414955026 48064378
414969534 26434122 414941405 30210248
414971917 26434122 414961401 65928242
414975920 chenzhengchz
414983238 4621541
414983319 49669044
414992972 yeyiyi
415017333 haskstan
415032639 26434122 414975920 chenzhengchz
415033094 26434122 414992972 yeyiyi
415033511 26434122 415017333 haskstan
415034501 26434122 414983238 4621541
415034616 26434122 414983319 49669044
415039849 48839698
415042323 xiangjiao77
415042355 pumpkin1121
415043099 51533831 413078762 61299389
415044709 61452577
415045044 60106473
415046413 26434122 415044709 61452577
415047296 26434122 415045044 60106473
415048204 26434122 415039849 48839698
415048245 26434122 415042355 pumpkin1121
415050867 60106473 415047296 26434122
415119366 1681531
415124889 yeyiyi
415128280 26434122 415119366 1681531
415128614 26434122 415124889 yeyiyi
415130871 cupandshoe
415133887 cupandshoe
415136823 52365801
415159439 26434122 415133887 cupandshoe
415159593 26434122 415136823 52365801
415163377 1681531 413347998 26434122
415167125 4619450
415171966 60761046
415180501 26434122 415163377 1681531
415180598 26434122 415167125 4619450
415180666 26434122 415171966 60761046
415517018 1681531 415180501 26434122
415554015 missorz
415565324 57484955
415585003 rayspider
415593930 38729240
415595067 dororo. 412915291 26434122
415601290 50583820
415606959 65836020
415609300 42266893
415611267 beyondhide52
415612275 peony814
415617665 26434122 415595067 dororo.
415618702 26434122 415554015 missorz
415618768 26434122 415565324 57484955
415619689 26434122
415625039 56130484
415628594 51064674
415632668 liyanqi
415633788 misspeach333
415638392 21019022 413552063 26434122
415639090 52990156
415652939 26434122 415638392 21019022
415654697 26434122 415625039 56130484
415654790 26434122 415628594 51064674
415654880 26434122 415632668 liyanqi
415654918 26434122 415633788 misspeach333
415654974 26434122 415639090 52990156
415679307 51140782
415691735 26434122 415679307 51140782
416137380 PanPlusone
416191250 26434122 416137380 PanPlusone
416197757 3870975
416210667 42419628
416212565 56723702
416215426 54788554
416215767 54788554
416217832 60010274
416219295 2460442
416220300 26434122 416215426 54788554
416220594 26434122 416217832 60010274
416221656 26434122 416197757 3870975
416221698 26434122 416210667 42419628
416221751 26434122 416212565 56723702
416221820 26434122 416215767 54788554
416221886 26434122 416217832 60010274
