412988958 48247154
412989280 gumantong
412989700 bohemain98
412989816 myselfsese
412990666 59248364
412991746 19475324 412988958 48247154
412992409 46606046
412992457 19475324 412989280 gumantong
412992533 happy_yezi
412993558 chongfu 412992533 happy_yezi
412994518 34511788
412994694 19475324 412989816 myselfsese
412995851 19475324 412990666 59248364
412996243 19475324 412992533 happy_yezi
412996950 19475324 412994518 34511788
412997028 35389815
412998118 19475324 412997028 35389815
412998854 52503040
412999253 60161074 412996243 19475324
413000453 34511788 412996950 19475324
413002212 19475324
413002530 19475324 412998854 52503040
413003975 19475324 413000453 34511788
413005355 48779865
413005902 2565028
413006328 56742692 412991746 19475324
413007773 Cayden001
413008087 19475324 413005902 2565028
413010625 19475324 413006328 56742692
413010898 19475324 413007773 Cayden001
413012373 Cayden001 413010898 19475324
413012757 56742692
413014239 19475324 413012757 56742692
413014644 19475324 413012757 56742692
413014748 56742692 413014239 19475324
413015152 41771065
413016949 34511788 413005902 2565028
413018666 19475324 413014748 56742692
413018779 19475324 413016949 34511788
413019057 19475324 413015152 41771065
413020158 56742692 413018666 19475324
413020508 19475324 413020158 56742692
413020582 2793003
413021052 56742692 413020508 19475324
413022065 19475324 413020582 2793003
413022439 19475324 413021052 56742692
413024046 56742692 413022439 19475324
413039820 34659477
413041884 52984821
413043054 3135431
413068929 DIdi-DAda
413072019 52503040 413002530 19475324
413073395 43712162
413076508 EarlyJune
413078917 48211130
413081471 happy_yezi
413087764 zuocg
413088477 2565028 413008087 19475324
413088497 19475324 413072019 52503040
413088761 2565028 413016949 34511788
413089304 19475324 413068929 DIdi-DAda
413090303 19475324
413091473 19475324 413076508 EarlyJune
413092864 19475324 413039820 34659477
413096494 zuocg 413090303 19475324
413098292 DIdi-DAda 413089304 19475324
413099132 19475324 413096494 zuocg
413100305 19475324
413100684 DOOMSDAY1989
413103355 hulagirl
413105270 52744397
413107543 54243794
413107980 19475324 413103355 hulagirl
413108638 19475324
413108865 19475324 413107543 54243794
413134331 61254480
413165308 19475324 413134331 61254480
413181956 52503040 413088497 19475324
413185233 19475324 413181956 52503040
413192907 52123215 413185233 19475324
413200896 64375890
413207957 19475324 413192907 52123215
413208365 19475324 413200896 64375890
413214978 64375890
413216165 19475324 413214978 64375890
413216780 19475324 413214978 64375890
413217045 19475324
413218666 QQ214
413219268 64375890 413216780 19475324
413219908 64375890 413217045 19475324
413220378 19475324 413218666 QQ214
413220836 19475324 413219908 64375890
413220935 55998310
413221045 53184598
413222412 64375890 413220836 19475324
413223697 QQ214 413220378 19475324
413226140 19475324 413223697 QQ214
413228523 QQ214 413226140 19475324
413234815 hulagirl
413246662 64375890
413251435 19475324 413246662 64375890
413253865 64375890
413259385 52123215
413259923 64375890
413263251 lucong
413274275 19475324 413259385 52123215
413276256 19475324 413259923 64375890
413280746 64375890
413281139 tianxiaozai
413282592 19475324 413281139 tianxiaozai
413282926 61890153
413283132 45158606
413283414 45158606
413283784 tianxiaozai 413282592 19475324
413284017 19475324 413280746 64375890
413285217 19475324 413283784 tianxiaozai
413286406 tianxiaozai 413285217 19475324
413286478 joanne_do
413286657 ballozeng
413286844 ballozeng
413289011 19475324 413286406 tianxiaozai
413289650 tianxiaozai 413289011 19475324
413290162 19475324 413286478 joanne_do
413290559 64375890 413284017 19475324
413291155 joanne_do 413290162 19475324
413291323 19475324 413286657 ballozeng
413291831 40722884
413291843 40722884
413292061 19475324 413289650 tianxiaozai
413293056 tianxiaozai 413292061 19475324
413293249 19475324 413290559 64375890
413294423 19475324 413293056 tianxiaozai
413295258 19475324 413293056 tianxiaozai
413299463 52123215 413274275 19475324
413299732 tianxiaozai 413295258 19475324
413300351 19475324 413299463 52123215
413301425 19475324 413299732 tianxiaozai
413303126 tianxiaozai 413301425 19475324
413304623 19475324 413303126 tianxiaozai
413306909 tianxiaozai 413304623 19475324
413310630 52123215 413300351 19475324
413312004 64375890
413312133 19475324 413306909 tianxiaozai
413312701 19475324 413310630 52123215
413312881 zhjulia123
413314106 jaejoong52
413315643 mocunterry
413316738 64375890 413293249 19475324
413318129 19475324 413312881 zhjulia123
413318381 19475324 413314106 jaejoong52
413319175 19475324 413315643 mocunterry
413319349 19475324 413316738 64375890
413319854 19475324 413312004 64375890
413320208 19475324 413315643 mocunterry
413320697 64375890 413319854 19475324
413322171 jaejoong52 413318381 19475324
413322234 19475324 413320697 64375890
413322416 19475324 413322171 jaejoong52
413323281 64375890 413322234 19475324
413324394 19475324 413323281 64375890
413324623 jaejoong52 413322416 19475324
413325040 19475324 413324623 jaejoong52
413325351 jaejoong52 413325040 19475324
413325505 inmars
413325934 19475324 413325351 jaejoong52
413326470 47145910
413328864 19475324
413342154 buliaogai
413356407 64375890 413326470 47145910
413372067 ballozeng
413384158 52503040 413185233 19475324
413385793 19475324 413342154 buliaogai
413387137 19475324 413372067 ballozeng
413404991 38489803
413430071 19475324 413404991 38489803
413569343 45158606
413581412 45119000
413588278 62608772
413602787 38489803 413430071 19475324
413625877 64375890
413750938 19475324 413569343 45158606
413751537 19475324 413581412 45119000
413751880 19475324 413625877 64375890
413976620 45158606 413750938 19475324
414843661 tianxiaozai
414959365 19475324 414843661 tianxiaozai
414965281 4286288 413134331 61254480
414973574 54470430
415048540 3464131
415119663 19475324 414965281 4286288
415120149 19475324 415048540 3464131
