413016211 jesuisretard
413016666 1861165
413017989 60302021 413016211 jesuisretard
413018130 60302021 413016666 1861165
413018892 amandyu
413019299 58826916
413019748 tangdou9
413020818 60302021 413018892 amandyu
413021275 60302021 413019299 58826916
413021413 60302021 413019748 tangdou9
413022759 1158662
413023603 amandyu 413020818 60302021
413023739 58826916 413021275 60302021
413025098 yogiiiii 413021413 60302021
413028661 66224322
413029297 42877755
413030169 60490078
413044129 1329159
413045837 tangdou9
413047288 60302021 413022759 1158662
413047887 60302021 413023603 amandyu
413048214 dansx
413048713 60302021 413023739 58826916
413048886 60302021 413028661 66224322
413049270 60302021
413049674 42470431
413050036 60302021 413030169 60490078
413050253 c4127
413050268 hans0401
413050319 42877755 413049270 60302021
413051027 2687541
413051101 60302021 413044129 1329159
413051277 42877755 413050268 hans0401
413051449 60302021 413048214 dansx
413051549 57707744
413051608 42470431 413050319 42877755
413051723 52923871
413052050 60302021 413049674 42470431
413052558 1329159 413051101 60302021
413053000 hans0401 413051277 42877755
413053082 Anatomy
413053249 x7x7
413053898 49196465
413054175 wxwsnoopy
413054388 49196465
413054759 hans0401 413053898 49196465
413054915 60302021 413050253 c4127
413055245 60302021 413050268 hans0401
413055638 49196465 413054759 hans0401
413055779 60302021 413050319 42877755
413056410 60302021 413051027 2687541
413056519 c4127 413054915 60302021
413056888 60302021
413057432 60302021 413051723 52923871
413057439 hans0401 413055245 60302021
413057689 60302021 413052558 1329159
413058144 60302021
413058473 60302021 413053249 x7x7
413059447 60302021 413053898 49196465
413060172 67298891
413060723 3544774
413061001 56232079 413021413 60302021
413062405 dansx
413063483 64969080
413065436 60302021 413056519 c4127
413066381 60302021 413054388 49196465
413066813 60302021 413054759 hans0401
413067500 60302021 413060172 67298891
413067991 60302021 413055638 49196465
413068175 60302021 413057439 hans0401
413068429 60302021 413060723 3544774
413068569 55311377
413068642 60302021 413061001 56232079
413068936 heyt
413069343 60302021 413048214 dansx
413069381 66674212
413070107 60302021 413063483 64969080
413070636 60302021 413068569 55311377
413071051 60302021 413068936 heyt
413071548 60302021
413072683 3057946
413075114 60302021 413072683 3057946
413075608 46491823
413077103 63402858
413077920 60302021 413075608 46491823
413078033 60302021
413078233 60302021 413077103 63402858
413079396 49196465 413067991 60302021
413079839 60302021 413079396 49196465
413080395 49990221
413080425 49196465 413059447 60302021
413080640 49196465 413079839 60302021
413083740 60302021 413080395 49990221
413084172 60302021 413080425 49196465
413085830 49990221 413083740 60302021
413087133 60302021 413085830 49990221
413089945 49990221 413087133 60302021
413094717 60302021 413089945 49990221
413095638 49990221 413094717 60302021
413095732 1158662
413304283 60302021
413306996 30395839
413309436 60302021 413306996 30395839
413311918 60302021
413313471 coloryuyu
413316176 56638355
413347087 rocklifecat
413347153 rocklifecat
413347962 gzy0517 413311918 60302021
413355284 66224322
413367463 60302021 413313471 coloryuyu
413368745 57687603
413369093 60302021
413374650 turnandcoral
413375099 60302021
413376902 60302021 413347153 rocklifecat
413377377 60302021
413378309 57687603 413377377 60302021
413380227 gerry_zhang
413381233 60302021 413374650 turnandcoral
413394222 turnandcoral 413381233 60302021
413413465 60302021 413378309 57687603
413470682 63368061
413473540 happytoy1986
413485478 hulagirl
413509711 60302021 413473540 happytoy1986
413519986 50790398
413577192 momodata
413577738 56461056
413618000 60302021 413519986 50790398
413658404 43607054
413669956 50086437
413724799 67384467
413746494 43607054
413889779 60302021 413669956 50086437
413890512 60302021 413724799 67384467
413890606 60302021 413746494 43607054
413099173 hulagirl
413099612 hulagirl
413109633 60302021 413099173 hulagirl
413110052 60302021 413099612 hulagirl
413110165 60302021 413095732 1158662
413114096 32491732
413114895 60302021
413116184 zaishilaozi
413118196 donny
413118627 tasangmo 413045837 tangdou9
413124124 60302021 413118196 donny
413130037 58826916 413048713 60302021
413132559 60302021 413130037 58826916
413133537 rocklifecat
413141854 58826916 413132559 60302021
413146026 49196465 413084172 60302021
413151379 57687603
413151700 52271202
413152680 45448194
413158011 naeo
413159493 1925789
413160502 mutiilator
413162206 willlogion
413164527 49343818
413168591 1507252
413172653 tianyuanty
413176557 x7x7
413232865 1329159 413054915 60302021
413233807 10123895
413234861 1329159 413233807 10123895
413234988 gzy0517
413235395 1329159 413133537 rocklifecat
413235695 hulagirl 413110052 60302021
413236179 10123895 413234861 1329159
413237480 momodata
413239833 56832457
413243739 sleepygod
413245042 32436733 413021413 60302021
413263024 60302021 413133537 rocklifecat
413263453 60302021 413141854 58826916
413263717 60302021 413146026 49196465
413264141 60302021
413264601 60302021 413151700 52271202
413264839 60302021 413152680 45448194
413265402 gerry_zhang
413265584 60302021 413158011 naeo
413266349 60302021 413159493 1925789
413267274 60302021 413164527 49343818
413267641 60302021 413172653 tianyuanty
413267834 60302021 413245042 32436733
413268202 49196465 413263717 60302021
413268482 60302021 413176557 x7x7
413268864 bedouins9
413269290 60302021 413232865 1329159
413269983 60302021 413233807 10123895
413270423 60302021 413268202 49196465
413271439 60302021 413234988 gzy0517
413271713 60302021 413235395 1329159
413272284 60302021 413235695 hulagirl
413273004 60302021 413236179 10123895
413273425 60302021 413237480 momodata
413273681 gzy0517 413271439 60302021
413274332 60302021 413239833 56832457
413275192 60302021 413268864 bedouins9
413276347 mattraulsolmike
413276682 60302021 413243739 sleepygod
413277222 60302021 413265402 gerry_zhang
413280328 60302021 413273681 gzy0517
413281337 60302021 413276347 mattraulsolmike
413281681 gzy0517 413280328 60302021
413281892 10123895 413273004 60302021
413281953 58874888
413283228 60302021 413281953 58874888
413283338 gzy0517
413283998 61244549
413284814 58826916 413263453 60302021
413284870 60302021 413283998 61244549
413285145 60302021 413284814 58826916
413286364 56638355
413286894 60302021 413286364 56638355
413286918 57034719
413288083 60302021 413286918 57034719
413289363 Septem28
413290009 60302021 413289363 Septem28
413290457 57034719 413288083 60302021
413290556 58826916 413285145 60302021
413291222 60302021 413290457 57034719
413291454 60302021 413290556 58826916
413291720 jamesfang
413293442 60302021 413291720 jamesfang
413293912 jamesfang 413293442 60302021
413295461 2149695
413297764 60302021 413293912 jamesfang
413298086 60302021 413295461 2149695
413298147 49196465 413270423 60302021
413300910 66224322 413048886 60302021
413301239 30395839
413303172 60302021 413298147 49196465
413303246 50811004
413303592 60302021 413300910 66224322
