412943466 48488134
412943584 67413262 412943466 48488134
412943627 cheering
412943843 67413262 412943627 cheering
412944422 9796257
412944770 67413262 412944422 9796257
412944796 cheering
412944930 67413262 412944796 cheering
412945340 48648932
412945865 67413262 412945340 48648932
412945959 48648932 412945865 67413262
412946155 67413262 412945959 48648932
412946318 cheering
412946346 Kanakubo
412946662 67413262 412946318 cheering
412946866 1788753
412946925 67413262
412947219 67413262 412946866 1788753
412947962 67413262
413007126 37505420
413019919 67413262 413007126 37505420
413056124 9796257 412944770 67413262
413066128 37505420 413019919 67413262
413247088 67413262
413247583 67413262 413056124 9796257
413249095 67413262 413066128 37505420
413249450 53988337
413249713 60278362
413253443 67413262 413249713 60278362
413253624 67413262 413249450 53988337
413255676 53988337 413253624 67413262
413256350 67413262 413255676 53988337
413259648 60278362 413253443 67413262
413270455 67413262 413259648 60278362
413271641 60127628
413274334 67413262 413271641 60127628
413274703 9796257
413277719 60278362 413270455 67413262
413278845 67413262 413274703 9796257
413281250 67413262 413274703 9796257
413281748 yiyuanqian
413283099 67413262 413277719 60278362
413283660 67413262 413281748 yiyuanqian
413283778 yiyuanqian 413283660 67413262
413290452 53988337 413256350 67413262
413293099 4252859
413296629 gogo0213
413301159 67413262 413290452 53988337
413301328 67413262 413296629 gogo0213
413301634 67413262 413293099 4252859
413302528 gogo0213 413301328 67413262
413303084 3764299
413303140 67413262 413302528 gogo0213
413303397 67413262 413302528 gogo0213
413304329 eleennana
413304835 givenchy_ 413302528 gogo0213
413305229 51756932
413305979 26822185
413328031 67413262 413304329 eleennana
413328698 67413262 413305229 51756932
413329232 67413262 413305979 26822185
413329875 67413262 413305979 26822185
413330795 3567011
413332718 67413262 413330795 3567011
413333199 H-huan
413333248 46764993
413334570 longlasting
413336285 3567011 413332718 67413262
413350720 4252859 413301634 67413262
413471804 51756932 413328698 67413262
413574284 67413262 413333199 H-huan
413575240 H-huan 413574284 67413262
413575305 67413262 413333248 46764993
413575707 65670463
413576318 67413262 413334570 longlasting
413576556 67413262 413350720 4252859
413577093 67413262 413471804 51756932
413577199 36616266
413577693 67413262 413575240 H-huan
413578002 67413262 413577199 36616266
413578412 65670463 413575707 65670463
413578466 Christinnnnnnnn 413333199 H-huan
413578913 57445512
413579049 67413262 413575707 65670463
413579396 65670463 413579049 67413262
413579721 67413262 413579396 65670463
413579980 H-huan
413579996 67413262 413578913 57445512
413580804 Christinnnnnnnn
413580920 44240274
413581897 H-huan
413582976 Christinnnnnnnn 413581897 H-huan
413584104 H-huan
413584873 53532061
413586198 67413262 413584873 53532061
413588128 53532061 413586198 67413262
413588990 36616266 413578002 67413262
413590167 67413262 413588128 53532061
413591226 67413262 413588990 36616266
413591384 27803329
414068340 67413262
414068585 67413262
414068648 iamokay
414068685 53524780
414069016 67413262
414069491 53126610
414072047 67413262
414072101 67413262 414069491 53126610
414072169 67413262 414068685 53524780
414072273 67413262 414068648 iamokay
414077816 53524780 414072169 67413262
414078296 Uncry 414068585 67413262
414078651 iamokay 414072273 67413262
414079495 woaixiner
414116669 genial
414152544 pinklen
414154847 fushengwei
414174330 67413262 414077816 53524780
414174591 67413262 414078296 Uncry
414174809 67413262 414154847 fushengwei
414175081 67413262 414079495 woaixiner
414175351 XIADAN4
414175968 4077090
414176003 67413262 414078651 iamokay
414176472 67413262 414152544 pinklen
414178528 nanx
414183116 pinklen 414176472 67413262
414186916 59007407
414195205 57605822
414205083 iamokay 414176003 67413262
414227085 67413262 414175351 XIADAN4
414227203 67413262 414175968 4077090
414227262 67413262 414205083 iamokay
414227441 67413262
414227760 67413262 414186916 59007407
414228134 67413262 414183116 pinklen
414228608 XIADAN4 414227085 67413262
414228655 67413262 414178528 nanx
414230637 67413262 414228608 XIADAN4
414247279 59007407 414227760 67413262
414249596 67413262 414247279 59007407
414250132 67413262 414247279 59007407
414253384 iamokay 414227262 67413262
414255347 51439903
414275092 56837111
414347996 67413262 414253384 iamokay
414348257 67413262 414275092 56837111
414348329 67413262 414255347 51439903
414352385 51775613
414365429 iamokay 414347996 67413262
414439233 pinklen 414228134 67413262
414603417 60127628 413274334 67413262
414618007 hfan
414620463 parkjungsoo
414675237 shadowlui
414683637 46060202
414787133 67413262
414787260 67413262 414683637 46060202
414787375 67413262 414675237 shadowlui
414788217 67413262 414618007 hfan
414789457 67413262 414352385 51775613
414789655 67413262 414603417 60127628
414789918 67413262 414365429 iamokay
414790353 67413262 414439233 pinklen
414792799 43433217 413590167 67413262
414807200 iamokay 414789918 67413262
414812448 60127628 414789655 67413262
415393675 67413262
415393950 67413262 414792799 43433217
415406403 51775613 414789457 67413262
415407249 iamokay 415393675 67413262
415411484 44128562
415414354 50053519
415414707 67019452
415450351 67413262
415450364 67413262 415414354 50053519
415450388 67413262 415406403 51775613
415450398 67413262 415414707 67019452
415450428 67413262 415411484 44128562
415450766 kleinefuenf
415451038 43292330 413249713 60278362
415497738 60278362 415451038 43292330
413593549 47076430
413593750 47076430 413593549 47076430
413593962 67413262 413580920 44240274
413596664 36616266 413591226 67413262
413628721 65670463 413579721 67413262
413632291 34090878
413731577 67413262 413628721 65670463
413731615 67413262 413632291 34090878
413731662 67413262 413593750 47076430
413731677 67413262 413596664 36616266
413731868 67413262 413591384 27803329
413732298 36616266 413731677 67413262
413732449 64859542
413733253 56610599
413733857 36950966
413738747 nannanH401
413739344 3148487
413768813 51756932 413577093 67413262
413769617 Mr_Sein
413771351 bair
413774085 topato
413797270 67413262 413732449 64859542
413797553 67413262 413771351 bair
413797685 62558133
413797837 67413262 413733253 56610599
413797984 67413262 413738747 nannanH401
413798258 67413262 413769617 Mr_Sein
413798395 67413262 413768813 51756932
413799346 67413262
413799510 67413262 413733857 36950966
413799643 67413262 413732298 36616266
413799850 67413262 413738747 nannanH401
413800072 67413262 413739344 3148487
413800292 64859542 413797270 67413262
413800604 67413262 413303084 3764299
413801036 67413262 413800292 64859542
413802417 64859542 413801036 67413262
413803241 50874715
413803953 67413262 413802417 64859542
413804133 64859542 413803953 67413262
413804214 67413262 413803241 50874715
413804590 50874715 413804214 67413262
413805956 67413262 413797685 62558133
413806408 67413262 413804590 50874715
413806745 61514481
413807130 67413262 413806745 61514481
413807224 67413262 413806745 61514481
413808080 50874715 413806408 67413262
413808735 nannanH401 413797984 67413262
413809489 67413262 413808080 50874715
413809747 67413262 413808080 50874715
413809906 67413262 413808735 nannanH401
413810296 L_memo
413810508 50874715 413809747 67413262
413816104 Mr_Sein 413798258 67413262
413816756 super_guang
413817185 super_guang
413819162 topato
413825244 36616266 413799643 67413262
413828578 67413262 413810508 50874715
413828976 67413262 413816104 Mr_Sein
413829328 67413262 413817185 super_guang
413829743 51171592
413830162 67413262 413819162 topato
413830356 42766417
413830688 67413262 413825244 36616266
413831138 66782293
413831640 50874715 413828578 67413262
413832898 66782293
413833703 36616266 413830688 67413262
413835323 67413262 413830356 42766417
413835528 67413262 413831138 66782293
413835739 66782293 413828976 67413262
413835822 67413262 413832898 66782293
413836023 67413262 413833703 36616266
413836160 topato 413831138 66782293
413836650 HeLeNNeLeH
413836801 67413262 413835739 66782293
413838085 66782293 413836160 topato
413839880 62558133 413805956 67413262
413841514 topato 413836650 HeLeNNeLeH
413841841 66782293 413836801 67413262
413872794 3764299 413800604 67413262
413880743 niconlinecity 413247088 67413262
413882063 67413262 413880743 niconlinecity
413882229 67413262 413841841 66782293
413883208 67413262 413839880 62558133
413883427 62558133 413883208 67413262
413883696 chrisyan
413884626 67413262 413841514 topato
413885024 67413262 413883696 chrisyan
413885184 67413262 413883427 62558133
413885565 louis15yao
413886158 Uncry
413887695 gxlengxue 413883696 chrisyan
413887989 gxlengxue
413907729 27803329 413731868 67413262
414038870 65919457
414038874 65919457
414050908 MsHsu
