413077231 precious1
413078366 65967266
413079085 59546193
413079267 65967266
413079444 65967266 413079085 59546193
413079844 tammyli
413079913 51640129
413079939 66674212
413080227 51640129
413080456 eric-fhc
413080754 65967266 413079844 tammyli
413081121 65967266 413079913 51640129
413081412 65967266 413080456 eric-fhc
413081674 65967266 413080227 51640129
413082874 eric-fhc 413081412 65967266
413083163 65967266
413083558 65967266 413082874 eric-fhc
413084672 eric-fhc 413083558 65967266
413085356 65967266 413084672 eric-fhc
413087873 65967266
413087893 eric-fhc 413085356 65967266
413088545 65967266 413087893 eric-fhc
413088613 51640129
413094905 65967266 413088613 51640129
413205597 59546193
413206121 1429499
413206198 64594907
413209240 66958230
413302118 65967266 413205597 59546193
413302439 65967266
413302729 65967266
413303050 65967266 413209240 66958230
413305776 50995942
413310461 66958230 413303050 65967266
413313254 49399464
413346270 59974644
413346554 angel888 413346270 59974644
413493936 65967266 413305776 50995942
413494404 65967266 413310461 66958230
413494873 65967266 413313254 49399464
413495168 65967266 413346270 59974644
413497009 66958230 413494404 65967266
413498842 65967266 413497009 66958230
413499457 66958230 413498842 65967266
414037333 59974644 413346554 angel888
414307127 65967266
414313337 65967266
414316573 47591307
414317445 65967266 414316573 47591307
