413072598 girl_9
413072727 hahadeng
413072739 misspaopao
413072805 61180967
413073559 49178543
413091598 tonyskyfly
413091918 39080056
413092235 CandyCC
413092747 53759444
413094198 64963227
413102489 maomao329
413103660 ymssssssssss
413107438 tonyskyfly
413120143 tk920730
413121087 victor2013
413121392 2711526
413143051 48091159 413094198 64963227
413143292 48091159 413102489 maomao329
413143502 3670436
413143989 48091159 413120143 tk920730
413144052 45675384
413144249 48091159 413121392 2711526
413144496 48091159 413144052 45675384
413144741 48091159 413143502 3670436
413144996 3670436 413144741 48091159
413145516 48091159 413144996 3670436
413145679 3670436 413145516 48091159
413152532 38696331
413164472 48091159 413152532 38696331
413198243 the-last-alien
413198760 muamu
413203094 baguio
413214809 hibernator
413219431 48091159
413220265 48091159 413198243 the-last-alien
413220962 48091159 413203094 baguio
413222672 50332687
413224310 muamu
413225527 MsLulu
413226003 46916197
413227799 66696236
413228151 66696236
413235556 48091159 413228151 66696236
413238797 48091159 413226003 46916197
413240009 12934324
413242174 66696236 413235556 48091159
413242971 46916197 413238797 48091159
413301904 48091159 413242971 46916197
413301958 48091159 413242174 66696236
413302111 48091159 413240009 12934324
413302778 jamesfang
413304288 63004570
413304622 48091159 413302778 jamesfang
413305073 jamesfang
413305504 48091159 413305073 jamesfang
413305870 jamesfang
413306032 54291569
413306349 48091159 413305870 jamesfang
413306691 jamesfang 413306349 48091159
413306761 48091159 413306032 54291569
413328498 50250168
413328850 xiehuayingxhy
413343699 eraser326
413344392 59974644
413351375 54291569
413359860 smartshirley
413360395 60765369
413391018 2543166
413494035 48091159 413328850 xiehuayingxhy
413494464 48091159 413343699 eraser326
413494622 48091159 413391018 2543166
413495178 48091159 413351375 54291569
413495383 63438910
413495489 taki714
413495638 48091159 413360395 60765369
413495922 AV_VA
413496193 48091159 413495489 taki714
413496803 48091159 413495922 AV_VA
413497322 AV_VA
413497814 taki714
413515332 66696236 413301958 48091159
414560439 woo_niu
414562479 xiaoloveshu
414564102 ke-z
414856861 48091159 414562479 xiaoloveshu
414857284 48091159 414564102 ke-z
414858172 48091159 414560439 woo_niu
414859169 abbabaab
414872429 57941466
414875361 55596008
414875634 55596008
414879118 woo_niu
414885236 65779294
414887009 soooyoung
414887927 ke-z
414888226 2771396
414951450 58199590 413102489 maomao329
414953887 xiaomaxiaoma
414956264 calm_down
415051376 48091159 414875634 55596008
416611410 62963142
416611672 62963142
416615773 M926
416758660 67667841
416759341 67667841
416771742 54721413
416774896 54721413
416782199 Xyingying
416834106 jojoboom
416847310 urmyeyes
416854860 49866906 416774896 54721413
416856382 49866906 416771742 54721413
416992537 48091159
416992856 48091159 416834106 jojoboom
417247544 jojoboom
417374414 54721413 416856382 49866906
417374641 54721413 416992537 48091159
417379940 28686896
417403999 48091159 417247544 jojoboom
417413228 HIMIKU
417442311 49866906 417413228 HIMIKU
417446194 67740747
417476313 48091159 417413228 HIMIKU
417476573 48091159 417446194 67740747
417486242 HIMIKU
417486778 HIMIKU 417476573 48091159
417504802 49610955
417505668 56992253
417507173 67684735
417510902 40900709 417504802 49610955
417512838 48091159 417486778 HIMIKU
417512947 48091159 417504802 49610955
417513222 48091159 417504802 49610955
417513477 48091159 417486242 HIMIKU
417536000 46867082
417536866 mjj19871111
417579881 wangxiangbaituo 413328850 xiehuayingxhy
418407193 jojoboom
419619221 57903379
419626714 3530079
419628012 3530079
419629326 2764729
419629596 veenf
415051562 48091159 414885236 65779294
415052112 48091159 414887927 ke-z
415052225 48091159 414888226 2771396
415052411 48091159
415052583 48091159 414953887 xiaomaxiaoma
415052801 48091159 414956264 calm_down
415053564 pagecho
415085803 nanguodehaizi 413359860 smartshirley
415086802 60280624
415090841 45894834
415094452 51145178
415254791 60280624
415267973 lalalalala
415269542 6041204
415271135 56715213
415272107 28837543
415298573 59378001
415300265 Qulia
415306862 36421209
415310637 44455427 415272107 28837543
415314744 58114518
415358589 28837543 415310637 44455427
415372243 44455427 415358589 28837543
415377882 28837543 415372243 44455427
415397927 48091159 415053564 pagecho
415398384 48091159 415086802 60280624
415398574 48091159 415094452 51145178
415399122 48091159 415272107 28837543
415399913 48091159 415267973 lalalalala
415406475 44702716
415407396 pinkdehouse
415487824 48091159
415503480 44455427 415377882 28837543
415504643 49866906
415573518 55596008
415575995 immortal_3
415578288 heyt
415579504 57525198
415582198 yangzhuo322
415593688 yoyo12
415673725 48091159 415579504 57525198
415674088 48091159 415582198 yangzhuo322
415674742 48091159 415593688 yoyo12
415678023 48091159
415679841 48091159
415691664 63650961
415694982 58199590 414887927 ke-z
415695229 tianxincat
415695268 yoyo12
415696987 48091159
415697927 48091159
415699708 47028170 413305870 jamesfang
415709700 yoyo12
415720988 51364296
415723397 49630596 413145679 3670436
415726644 jonathan_ive
415784750 48091159
415785028 ss0305dd0812
415785083 48091159 415726644 jonathan_ive
415785377 48091159 415785028 ss0305dd0812
415789014 jonathan_ive 415785083 48091159
415830796 FakePunk
416258861 jojoboom
416354834 48091159 416258861 jojoboom
416355209 48091159 415830796 FakePunk
416530527 jojoboom
416531621 48091159 416530527 jojoboom
416531844 50585487 413305504 48091159
416543142 64154837
416544249 64154837 415578288 heyt
416546164 54721413
416547381 Junringu_GE
416547697 ziliuziliu
416547806 49866906 416546164 54721413
416547849 64972478
416548026 29290250
416549232 beichangtan
416552683 47337766
416573823 48091159 416546164 54721413
416574011 48091159
416574196 48091159 416548026 29290250
416574391 67384467
416574798 48091159 416549232 beichangtan
416575574 48091159 416547806 49866906
416576059 48091159 416574391 67384467
416576907 Pizza01
416577293 48091159 416576907 Pizza01
416577964 58352973
416580286 45550943
416581780 62963142
416582234 biaoliwo
416590207 62963142 415051562 48091159
416593653 67667841
416600607 49866906 416593653 67667841
416604682 48091159 416581780 62963142
416605320 62963142 416604682 48091159
416605359 48091159 416577964 58352973
416606197 48091159 416605320 62963142
416606677 48091159 416577964 58352973
416608227 58352973 416606677 48091159
