413246691 42932884
413246960 2396969
413247496 42932884
413247716 58463657 413247496 42932884
413247894 chongshang
413247900 42932884 413246960 2396969
413248098 42932884 413247716 58463657
413248140 62519473
413248257 hidarinotabi
413248469 15840469
413248642 42932884 413247894 chongshang
413248967 60827761
413248979 42932884 413248257 hidarinotabi
413249032 40835104
413249365 chongshang 413248642 42932884
413249375 42932884 413248967 60827761
413249518 52473550
413249675 42932884 413248469 15840469
413249936 alisaaaaa
413249996 tangdou9
413250013 42932884 413249518 52473550
413250166 nicolexoxo 413248469 15840469
413250249 42932884 413249996 tangdou9
413250260 alisaaaaa
413250673 xbunny
413250925 16654108
413251114 42932884 413250260 alisaaaaa
413251547 42932884 413250673 xbunny
413251637 51489820
413251840 alisaaaaa 413251114 42932884
413251957 46716971
413252162 42932884
413252570 42932884 413251957 46716971
413252967 42932884 413251840 alisaaaaa
413253022 58463657 413248098 42932884
413253338 42932884 413251637 51489820
413253720 46716971 413252570 42932884
413254599 51489820 413253338 42932884
413254692 42932884 413249365 chongshang
413255341 42932884 413254599 51489820
413255640 sunnysisi
413255821 yoko1990
413255917 fannychan
413256154 51489820 413255341 42932884
413256548 42932884 413255640 sunnysisi
413256814 42932884 413256154 51489820
413257406 42932884 413255917 fannychan
413257981 sunnysisi 413256548 42932884
413258493 42932884 413257981 sunnysisi
413258661 65209802
413259208 cicicool 413258661 65209802
413259723 4499039
413260066 48499481
413260527 41481993
413260539 65209802 413259208 cicicool
413260936 16640230
413261038 heradarling
413263095 sunnysisi 413259208 cicicool
413264062 billy199199
413264640 MQ828
413266184 sunnysisi 413264640 MQ828
413266979 MQ828 413266184 sunnysisi
413268971 4104450
413270621 sunnysisi 413266979 MQ828
413271096 3107478
413271266 MQ828 413270621 sunnysisi
413282547 42932884 413259723 4499039
413361428 hidarinotabi 413256548 42932884
413361725 45320054
413364375 63951663
413364701 zlan0607
413374697 oct10th
413374899 oct10th
413375191 tobexn
413377473 39526914
413383933 sunyiyun
413384765 42932884 413364375 63951663
413385444 sunyiyun
413386968 42932884 413385444 sunyiyun
413387267 49941721
413387922 Nikki.C 413268971 4104450
413387980 51911106
413388859 sunyiyun
413390602 42932884 413387980 51911106
413396121 54339131
413397333 56054989
413398344 33805699
413402917 48875638 413256154 51489820
413403991 42741125
413408484 iwillchange 413246691 42932884
413409161 iwillchange 413250166 nicolexoxo
413410566 iwillchange 413264640 MQ828
413410938 iwillchange 413266979 MQ828
413411823 49128378
413413278 48918277
413413586 iwillchange 413385444 sunyiyun
413414698 42932884 413402917 48875638
413415256 51368374
413415401 42932884 413411823 49128378
413415616 42877755
413416136 3575819
413416297 49128378 413415401 42932884
413416315 42877755 413415401 42932884
413416438 Domo-King
413416450 54410019
413424264 42932884 413416315 42877755
413424407 Domo-King
413424569 shadowofcloud
413429318 beralee
413459080 47733314
413459484 22258354
413478653 30003991
413504855 42932884 413478653 30003991
413516189 22812617
413516401 alisaaaaa 413252967 42932884
413518747 panda_sissi 413251547 42932884
413537342 58087176
413546684 48963392 413248140 62519473
413548543 51489820 413402917 48875638
413549129 37674741 413416438 Domo-King
413550761 48195724
413803344 15840469
413851173 64470273 413424569 shadowofcloud
413870602 shadowofcloud 413851173 64470273
413870651 shadowofcloud
414729484 14305300
414729623 wiwi. 413246960 2396969
414730852 maixiaoxin
414732648 michellelyn
414733000 49016492
414733058 Tse-H
414733204 k-boy 413271096 3107478
414755825 MartaOrAria
414994838 42932884 414732648 michellelyn
414998956 michellelyn 414994838 42932884
415000827 42932884 414755825 MartaOrAria
415001466 42932884 414998956 michellelyn
415004531 58653031
415141382 MartaOrAria 415000827 42932884
415148372 49906043
415245875 42932884 415141382 MartaOrAria
415248944 MartaOrAria 415245875 42932884
415250059 52446857
415253474 4730859
415257600 45404553
415380602 42932884
415380838 42932884 415250059 52446857
415392512 52446857 415380838 42932884
415395690 xinxin10abc
