413322870 50811004
413323018 62519473
413323143 jk670057284
413323483 60644462
413323525 43028931
413325861 2156986
413327026 39012416
413337729 47552148
413345323 59974644
413345514 49680310
413345740 43262256
413345745 66666251
413346610 vigayy
413349119 50502637
413349328 60310193
413350566 harjol
413350750 4236859
413351413 sixty3mm
413353741 Snlin
413353799 huary
413354107 28259361
413354620 34383624
413354765 48936303
413355382 6279539
413356704 ylamb
413356710 48932443 413354107 28259361
413358085 26653324
413382650 Yoi1990
413384146 62675224
413395208 66895542
413396130 64944381
413401704 yuanlaiyaai
413407222 jessica728
413408453 48484503
413408611 58769317
413409031 61422074
413409360 36937880
413411962 44230743
413439956 48625367
413445770 61571897
413449112 60300095
413449863 44085796
413454538 65609580
413461793 59321315
413464414 67432599
413466663 serilyn
413467115 13084040
413468214 54370447
413470547 66858010
413470927 5851793
413507899 vickeyyoung
413509028 38920901
413515126 ivydreamer17
413522865 1363549
413524752 3641045
413527555 eric-fhc
413550035 naver
413654544 52148864
413654793 3883741
413662898 2248411
413676823 43044949
