413317853 42117203
413318050 ceciliayangcc 413317853 42117203
413318865 51680077
413319094 61038001
413319225 65185031
413321372 63849557
413540105 A1isonL
413609400 ceciliayangcc
413609650 ceciliayangcc 413319094 61038001
413609721 ceciliayangcc 413319225 65185031
413609845 ceciliayangcc 413321372 63849557
413609963 ceciliayangcc 413318865 51680077
413610168 ceciliayangcc 413540105 A1isonL
413611563 57979645
413611928 calm_down
413612884 ceciliayangcc 413611563 57979645
413613262 ceciliayangcc 413611928 calm_down
413613673 nadir-evian
413614390 49036261
413616801 57979645
413617265 44276074
413617732 50561580
413618930 ceciliayangcc 413613673 nadir-evian
413619454 ballozeng
413619669 ceciliayangcc 413614390 49036261
413619900 ceciliayangcc 413617265 44276074
413620329 ceciliayangcc 413617732 50561580
413621430 ceciliayangcc 413619454 ballozeng
413622789 ballozeng
413623027 ceciliayangcc 413616801 57979645
413623062 ballozeng
413624465 ceciliayangcc
413625291 ballozeng
413625791 hellolok
413626741 ceciliayangcc 413625291 ballozeng
413627203 ceciliayangcc 413625791 hellolok
413628075 57979645
413629492 ceciliayangcc 413628075 57979645
413629709 34090878
413630503 17850109
413631974 ceciliayangcc 413629709 34090878
413632203 ceciliayangcc 413630503 17850109
413632933 34090878 413631974 ceciliayangcc
413634743 17850109 413632203 ceciliayangcc
413634789 ceciliayangcc 413632933 34090878
413635074 ceciliayangcc 413634743 17850109
413637820 34090878
413638731 59708885
413638815 ceciliayangcc 413637820 34090878
413639158 ceciliayangcc 413638731 59708885
413640905 59708885 413639158 ceciliayangcc
413642889 53751208
413645226 ceciliayangcc 413640905 59708885
413645894 ceciliayangcc 413642889 53751208
413654868 59708885
413655056 59708885
413657582 ceciliayangcc 413655056 59708885
413727833 59708885 413657582 ceciliayangcc
413732055 67056620
413733978 heyhom
413734494 luvsherry
413736250 53751208
413737715 ceciliayangcc
413737809 candy001
413737908 48601577
413737913 ceciliayangcc 413734494 luvsherry
413739670 ceciliayangcc 413727833 59708885
413740170 ceciliayangcc 413737809 candy001
413747048 48180071
413760475 ceciliayangcc 413732055 67056620
413760736 ceciliayangcc 413733978 heyhom
413762387 ceciliayangcc 413737908 48601577
413762725 ceciliayangcc 413747048 48180071
413762922 ceciliayangcc 413736250 53751208
413771457 ceciliayangcc
413772144 48601577
413772271 freakingkid
413773508 48601577
413778406 59708885 413739670 ceciliayangcc
413810337 luvsherry 413737913 ceciliayangcc
413810599 nutshells
413850334 67056620 413737809 candy001
413851018 67056620 413760475 ceciliayangcc
413851510 ceciliayangcc
413874183 xueerzi
413874195 59708885
413940252 ceciliayangcc 413772271 freakingkid
413941209 ceciliayangcc 413773508 48601577
413941392 ceciliayangcc
413945439 ceciliayangcc 413810337 luvsherry
413945826 ceciliayangcc 413810599 nutshells
413949256 6298195
413950800 dabuliuxiaoxi
413952892 ceciliayangcc
413954903 ceciliayangcc 413874183 xueerzi
413957007 ceciliayangcc 413874195 59708885
413957749 51486959
413961745 ceciliayangcc 413949256 6298195
413961961 nutshells
413963062 ceciliayangcc 413950800 dabuliuxiaoxi
413963379 ceciliayangcc 413957749 51486959
413963910 51486959
413965258 50561580 413620329 ceciliayangcc
413965531 ceciliayangcc 413961961 nutshells
413965867 14295425
413966455 ceciliayangcc 413963910 51486959
413967629 ceciliayangcc
413967752 55563448
413967951 ceciliayangcc 413965867 14295425
413968416 ceciliayangcc 413967752 55563448
413968583 14295425
413969172 ceciliayangcc 413968583 14295425
413969896 14295425
413971781 6298195
413972378 49001098
413972480 toame
413972485 toame
413972999 ceciliayangcc 413971781 6298195
413973719 50561580
413974609 ceciliayangcc 413972378 49001098
413974916 6298195
413975762 ceciliayangcc 413972480 toame
413976372 ceciliayangcc
413977361 ceciliayangcc 413974916 6298195
413978009 ceciliayangcc 413974916 6298195
413978852 67056620
413978901 50166173
413979123 50166173
413980206 6298195
413980635 6298195
413980953 50561580
413984068 ceciliayangcc
413984965 6298195
413985382 nutshells
413985729 ceciliayangcc 413980635 6298195
413987451 6298195 413985729 ceciliayangcc
413988347 ceciliayangcc
413988611 49001098
413989014 chenzhengchz
413992751 ceciliayangcc 413985382 nutshells
413993137 ceciliayangcc 413987451 6298195
413993480 ceciliayangcc 413988611 49001098
413993928 ceciliayangcc 413978901 50166173
413994746 ceciliayangcc 413989014 chenzhengchz
413996285 6298195
413996468 6298195
413999978 ceciliayangcc 413996468 6298195
414000666 ceciliayangcc 413979123 50166173
414001999 50166173
414002061 ceciliayangcc
414006660 49001098
414008284 6298195
414008826 3856960
414009882 6298195
414018396 shshenmexin
414025806 nutshells
414026502 heradarling
414051326 MsHsu
414073332 heyhom
414074401 67056620 413974916 6298195
414074660 67056620 413980206 6298195
414075406 ceciliayangcc
414076231 67056620
414076818 6298195 414074401 67056620
414076995 6298195 414074660 67056620
414077523 chenzhengchz
414078228 67056620 414026502 heradarling
414078354 36842161
414079175 67056620 414076995 6298195
414080438 67056620 414008284 6298195
414083373 56715213
414098206 3535359
414104001 xueerzi
414297575 50561580 413988347 ceciliayangcc
414359697 ceciliayangcc
414359774 ceciliayangcc 414006660 49001098
414359922 ceciliayangcc 414008284 6298195
414360509 damnhalley
414363705 ceciliayangcc 414008826 3856960
414363791 ceciliayangcc 414018396 shshenmexin
414363914 ceciliayangcc 414025806 nutshells
414364316 ceciliayangcc 414026502 heradarling
414364526 ceciliayangcc 414073332 heyhom
414364885 ceciliayangcc
414364932 ceciliayangcc 414078354 36842161
414366844 ceciliayangcc 414098206 3535359
414367043 ceciliayangcc
414367125 ceciliayangcc
414367151 ceciliayangcc
414378392 heyhom
414383965 shshenmexin
414391243 xueerzi
414392076 aboutUs
414392821 aboutUs
414396097 miss1990 414392076 aboutUs
414397707 4275202
414404941 in710
414410486 shshenmexin 414404941 in710
414410567 67453889
414412529 dumingzhou
415016527 ceciliayangcc
415016762 ceciliayangcc
415018725 winey717267 415016762 ceciliayangcc
415019834 ceciliayangcc
415022512 53669812
415027811 lijialiu
415028828 48980429
415209334 heyhom
415219840 48601577
415222618 50463851
415330703 ceciliayangcc 415022512 53669812
415330847 ceciliayangcc 415027811 lijialiu
415331280 ceciliayangcc 415028828 48980429
415333098 urmyeyes
415334497 ceciliayangcc 415222618 50463851
415334824 ceciliayangcc 415333098 urmyeyes
415358521 urmyeyes
415368686 57859299
415370043 57859299
415374544 57859299
415375938 ceciliayangcc 415368686 57859299
415376487 ceciliayangcc 415370043 57859299
415376980 67360978
415377443 khailifong
415377615 ceciliayangcc 415374544 57859299
415379396 ceciliayangcc 415376980 67360978
415380958 ceciliayangcc 415377443 khailifong
415390540 63849557
415396331 57859299
415401990 ceciliayangcc 415396331 57859299
415403146 44128562
415404558 ceciliayangcc 415403146 44128562
415409235 44128562 415404558 ceciliayangcc
415411225 59141730
415416359 ceciliayangcc
415416505 ceciliayangcc 415411225 59141730
415420408 46076682
415420995 44128562
415421068 46076682
415423753 ceciliayangcc 415420408 46076682
415424500 ceciliayangcc 415420995 44128562
415424867 51173874
415425336 44128562
415457978 in710
415460483 57859299
415460734 57859299
415466027 urmyeyes
415714526 ceciliayangcc 415424867 51173874
415715039 ceciliayangcc 415460483 57859299
415715325 ceciliayangcc 415460734 57859299
415715517 ceciliayangcc 415466027 urmyeyes
415719296 64313394
415722989 57859299
415726634 ceciliayangcc 415722989 57859299
415746665 57859299
415748771 57859299
415750596 ceciliayangcc 415719296 64313394
415751545 ceciliayangcc 415748771 57859299
415752944 52897643
415753321 57859299
415762348 ceciliayangcc 415752944 52897643
415762769 ceciliayangcc 415753321 57859299
415765196 57859299
415765883 ceciliayangcc 415765196 57859299
415785389 zy_Jean
415801942 eason000
415805075 53597493
416063214 ceciliayangcc 415801942 eason000
416066010 ceciliayangcc
416068463 53597493
416072273 ceciliayangcc
416084513 53597493
416123364 64313394
416126416 ceciliayangcc 416123364 64313394
416568492 64211572
416705800 ceciliayangcc 416568492 64211572
417875445 JACKLIEWOLF
414419483 in710 414410486 shshenmexin
414420156 63639307
414428794 67056620
414433351 3535359
414447524 ceciliayangcc
414451357 ceciliayangcc 414378392 heyhom
414452350 51289692
414453816 ceciliayangcc 414383965 shshenmexin
414455048 ceciliayangcc 414391243 xueerzi
414457287 ceciliayangcc 414392076 aboutUs
414457763 ceciliayangcc 414392821 aboutUs
414458209 2287037
414459496 ceciliayangcc 414396097 miss1990
414461752 54490566
414462793 ceciliayangcc 414397707 4275202
414465231 ceciliayangcc 414404941 in710
414466270 ceciliayangcc 414410486 shshenmexin
414466998 ceciliayangcc
414467198 ceciliayangcc 414412529 dumingzhou
414470709 36015583
414494009 aboutUs
414494437 aboutUs 414396097 miss1990
414495845 66833533
414499714 miss1990
414518267 3535359
414519684 aboutUs 414499714 miss1990
414520382 36842161 414364932 ceciliayangcc
414522088 nutshells 414363914 ceciliayangcc
414529319 4077090
414537527 53669812
414538988 xxwwinnie
414539410 xxwwinnie
414576531 dumingzhou 414467198 ceciliayangcc
414586207 ceciliayangcc 414420156 63639307
414586447 ceciliayangcc
414587097 ceciliayangcc 414452350 51289692
414587862 ceciliayangcc
414589005 ceciliayangcc 414495845 66833533
414589289 ceciliayangcc 414520382 36842161
414589809 54502871
414591784 ceciliayangcc 414461752 54490566
414597901 ceciliayangcc 414529319 4077090
414598467 ceciliayangcc
414599810 54490566
414599814 66833533 414589005 ceciliayangcc
414600318 4077090
414602977 kaylynn
414603795 ceciliayangcc 414458209 2287037
414605621 2287037 414603795 ceciliayangcc
414607574 ceciliayangcc
414609389 ceciliayangcc
414609742 ceciliayangcc 414599810 54490566
414610968 ceciliayangcc 414599814 66833533
414611441 ceciliayangcc 414600318 4077090
414611675 ceciliayangcc 414602977 kaylynn
414612224 ceciliayangcc 414605621 2287037
414617760 2287037 414612224 ceciliayangcc
414621430 66833533
414624220 29270755
414626136 66622303
414627524 ceciliayangcc 414621430 66833533
414628310 jiayan007
414629662 ceciliayangcc 414624220 29270755
414631230 ceciliayangcc
414633778 66833533
414634501 ceciliayangcc 414628310 jiayan007
414634524 4077090 414633778 66833533
414637078 ceciliayangcc 414633778 66833533
414641362 66833533 414637078 ceciliayangcc
414645612 17664032
414654523 54490566 414609742 ceciliayangcc
414721353 48601577 413941209 ceciliayangcc
414736814 xueerzi
414794242 heyhom
414815586 4077090
414890515 57454785
414970414 ceciliayangcc
414970522 ceciliayangcc 414654523 54490566
414970596 ceciliayangcc 414721353 48601577
414971684 ceciliayangcc 414794242 heyhom
414971843 ceciliayangcc 414815586 4077090
414972694 ceciliayangcc 414890515 57454785
414972889 ceciliayangcc
414973269 ceciliayangcc 414537527 53669812
414976334 ceciliayangcc 414538988 xxwwinnie
414981305 53669812 414973269 ceciliayangcc
415001276 4077090 414971843 ceciliayangcc
415002078 winey717267
415005035 4077090
415006967 ceciliayangcc 414981305 53669812
415007189 ceciliayangcc 415001276 4077090
415007588 ceciliayangcc 415002078 winey717267
415008416 ceciliayangcc 415005035 4077090
415008703 winey717267
415008765 48980429
415009011 49836625
415010085 ceciliayangcc 415008703 winey717267
415011236 winey717267 415010085 ceciliayangcc
415011348 lijialiu
415015737 ceciliayangcc 415008765 48980429
