413428035 35510577
413428242 3381153
413428323 60479369
413428438 ostrichenrich
413428921 qiangshuai 413428438 ostrichenrich
413428986 bananabalala
413429052 67042062
413429135 47666486
413429144 67042062
413429230 zlan0607
413429254 koisumi
413429300 59103798
413429477 qiangshuai 413429230 zlan0607
413429674 zlan0607 413429477 qiangshuai
413429767 35510577
413430196 3894225 413428921 qiangshuai
413430208 40273938
413430303 imvesper
413430411 catflyinthesky
413431139 50702934
413431519 61978467
413431772 66469772
413432734 catflyinthesky 413431139 50702934
413433267 catflyinthesky 413431772 66469772
413433894 50702934 413432734 catflyinthesky
413434635 mlittlebei
413435223 45281430 413431139 50702934
413436128 45281430 413433894 50702934
413436165 6769611
413437423 50702934 413436128 45281430
413437462 54688220
413438131 54888591
413452807 ostrichenrich 413428921 qiangshuai
413457282 breath123
413850230 laalaalaa
413850724 61040917
413852298 27871699
413858151 48937793
413871136 47477458
414176105 drb 413429477 qiangshuai
414232997 2670524
414239753 2375408 414176105 drb
414241754 sono_chou
414346626 qiangshuai 414241754 sono_chou
414358601 35510577
414359070 54875058
414359139 54875058
414490783 sono_chou 414346626 qiangshuai
414495129 65117429
414495657 54470452
414496565 leisuresummer
416736277 32836055
