413542244 nicolameng
413542426 bananabalala
413542816 2000757 413542244 nicolameng
413542881 2000757 413542426 bananabalala
413542917 56482443
413542946 48375756
413543056 2000757 413542917 56482443
413543127 nicolameng
413543163 2000757 413542946 48375756
413543229 2000757 413543127 nicolameng
413543304 56482443 413543056 2000757
413543543 geniejiang
413543624 2000757 413543304 56482443
413543792 56482443 413543624 2000757
413543803 2000757 413543543 geniejiang
413543821 8067187
413544097 2000757 413543821 8067187
413544179 chinaren0123
413544296 inmall
413544371 aiaiaiwo
413544383 2000757 413544179 chinaren0123
413544485 2000757 413544296 inmall
413544595 2000757 413544371 aiaiaiwo
413544905 aiaiaiwo
413545221 2000757 413544905 aiaiaiwo
413546135 62159923
413546786 2000757
413548998 38791998
413549004 62159923
413549156 2000757 413548998 38791998
413549222 2000757 413549004 62159923
413549506 beikabei
413549800 2000757 413549506 beikabei
413550346 apple01363
413551142 2000757 413550346 apple01363
413552911 apple01363 413551142 2000757
413553353 apple01363 413551142 2000757
413553415 yuuuuuuuuu
413553553 2000757 413552911 apple01363
413553799 2000757 413553353 apple01363
413554129 2000757 413553415 yuuuuuuuuu
413554479 apple01363
413554664 2000757 413554479 apple01363
413554797 roe2011
413556664 apple01363
413557075 2000757 413554797 roe2011
413557489 2000757 413556664 apple01363
413558101 apple01363 413557489 2000757
413558251 apple01363
413558287 2000757 413558101 apple01363
413558339 oops77
413558452 2000757 413558251 apple01363
413558520 2000757 413558339 oops77
413558879 apple01363
413559126 2000757 413558879 apple01363
413559270 2600403
413559415 49330892
413559498 57239201
413559632 oops77 413558520 2000757
413559659 2000757 413559270 2600403
413559818 2000757 413559415 49330892
413559894 2000757 413559498 57239201
413560059 apple01363
413560178 apple01363 413559659 2000757
413560308 2000757
413560735 2000757 413560059 apple01363
413560783 2000757 413560178 apple01363
413560797 turnandcoral
413560807 oops77
413561085 57239201 413559894 2000757
413561092 2000757 413560797 turnandcoral
413561231 49330892 413559818 2000757
413561354 2000757
413561488 2000757 413561085 57239201
413561567 2000757 413561231 49330892
413561715 57239201 413561488 2000757
413561847 apple01363 413560735 2000757
413561951 oops77 413561354 2000757
413562062 2000757 413561951 oops77
413562087 48625367
413562146 2000757 413561715 57239201
413562393 2000757 413561847 apple01363
413562460 2000757 413562087 48625367
413562469 57239201 413562146 2000757
413562605 apple01363
413562619 2000757 413562469 57239201
413562740 2000757 413562605 apple01363
413563350 57239201 413562619 2000757
413563468 oops77 413562740 2000757
413563606 2000757 413563468 oops77
413563658 2000757 413563350 57239201
413563847 62583348
413564045 oops77 413563606 2000757
413564226 3523693
413564332 2000757 413563847 62583348
413564422 2000757 413564045 oops77
413564786 2000757 413564226 3523693
413564905 oops77 413564422 2000757
413565238 2000757
413566273 49330892 413561567 2000757
413778840 yakusoku_aran
413779273 2000757 413778840 yakusoku_aran
413786384 51346304
413786649 2000757 413786384 51346304
413798437 xiaopenpen
413799114 2000757 413798437 xiaopenpen
413800582 61501651 413786649 2000757
413803522 51346304 413786649 2000757
413803869 xiaopenpen 413799114 2000757
413808824 2000757 413803869 xiaopenpen
413822767 60832491
413828587 2000757 413822767 60832491
413830380 sosilkke
413830724 2000757 413830380 sosilkke
413831262 manyue_keita
413834955 48190561
413836585 2000757 413831262 manyue_keita
413836623 2000757 413834955 48190561
413877517 xueerzi
413877662 apple01363
413950850 sixteen16
413968791 buliaogai
413990517 2000757 413877517 xueerzi
413991194 2000757 413877662 apple01363
413991410 2000757 413950850 sixteen16
413991490 2000757 413968791 buliaogai
413993322 51346304 413786649 2000757
413996851 2000757 413993322 51346304
414104620 xueerzi 413990517 2000757
414105814 66927576
414157773 aaaaacqa
414158623 bxy 413548998 38791998
414286836 2000757 414105814 66927576
414287323 2000757 414157773 aaaaacqa
414289776 66201216
414291405 2000757 414289776 66201216
414295231 50685777
414302485 apple01363
414346529 2000757 414302485 apple01363
414346929 2000757 414295231 50685777
414347888 2000757 413800582 61501651
414347943 2000757 413993322 51346304
414380201 aaaaacqa 414287323 2000757
414382021 heyhom
414387192 apple01363
414496915 2000757 414380201 aaaaacqa
414497084 2000757 414382021 heyhom
414497179 2000757 414387192 apple01363
414498614 apple01363 414497084 2000757
414499174 apple01363 414497179 2000757
414500497 fatbook
414500500 aaaaacqa 414496915 2000757
414501532 damenya3210
414530246 2000757 414498614 apple01363
414530841 2000757 414499174 apple01363
414531049 2000757 414500497 fatbook
414531295 2000757 414500500 aaaaacqa
414531865 fatbook 414531049 2000757
414532118 2000757 414501532 damenya3210
414532565 diao_ge
414533096 2000757 414531865 fatbook
414533304 2000757 414532565 diao_ge
414533376 49061717
414533597 2000757 414533376 49061717
414534608 apple01363
414536871 53669812
414539785 2000757 414534608 apple01363
414540003 2000757 414536871 53669812
414540122 fatbook 414533096 2000757
414540313 fushengwei
414540946 2000757 414540122 fatbook
414541649 2000757 414540313 fushengwei
414547754 57459956
414559614 2000757 414547754 57459956
414594651 53669812 414540003 2000757
414621546 fushengwei
414622376 fushengwei 414541649 2000757
414623627 aaaaacqa 414531295 2000757
414644816 shadowlui 414622376 fushengwei
414645676 shadowlui
414752836 apple01363 414644816 shadowlui
414760298 35389815
414766813 2000757 414621546 fushengwei
414766935 2000757 414594651 53669812
414767332 2000757 414622376 fushengwei
414767842 2000757 414623627 aaaaacqa
414768391 2000757 414645676 shadowlui
414779699 aaaaacqa 414767842 2000757
414789004 53669812 414766935 2000757
414815139 57459956
414827086 isabel-rene
414830044 shadowlui
414855755 2000757
414855991 2000757 414779699 aaaaacqa
414857032 2000757
414857534 2000757
414859637 shadowlui 414857534 2000757
414860789 2000757 414859637 shadowlui
414864186 shadowlui 414860789 2000757
414873403 aaaaacqa 414855991 2000757
413668386 50811004
413668438 2000757
413668690 2000757
413669031 lc2610 413668438 2000757
413669060 sarah5tata
413669247 2000757 413669031 lc2610
413669250 vinnsy
413669666 2000757 413669060 sarah5tata
413670177 lc2610 413669247 2000757
413670466 2000757 413670177 lc2610
413670622 sarah5tata 413669666 2000757
413670806 apple01363
413671048 lc2610 413670466 2000757
413671312 2000757 413670622 sarah5tata
413671634 2000757 413670806 apple01363
413671862 2000757 413671048 lc2610
413672407 lc2610 413671862 2000757
413672554 z_red
413672592 2000757 413672407 lc2610
413672719 2000757 413672554 z_red
413672956 sarah5tata 413671312 2000757
413673250 2000757 413672956 sarah5tata
413673268 mayirgo
413673396 lc2610 413672592 2000757
413673511 2000757 413673268 mayirgo
413673754 2000757 413673396 lc2610
413673869 lc2610 413673754 2000757
413674427 55606051
413674519 sarah5tata 413673250 2000757
413674851 2000757 413674427 55606051
413675068 apple01363
413675103 z_red 413672719 2000757
413675173 fcaoer
413675376 z_red 413672956 sarah5tata
413675480 2000757
413675624 2000757 413675068 apple01363
413675778 2000757
413675951 2000757 413675376 z_red
413676526 3111201 413672554 z_red
413677024 55606051 413674851 2000757
413678300 sarah5tata 413675480 2000757
413679825 2000757 413677024 55606051
413679831 apple01363 413678300 sarah5tata
413679964 2000757 413678300 sarah5tata
413680246 2000757 413679831 apple01363
413680284 sarah5tata 413679831 apple01363
413680988 59654890
416237105 apple01363
413681381 z_red 413676526 3111201
416255703 2000757 416237105 apple01363
413681477 2000757 413680284 sarah5tata
413681557 2000757 413680988 59654890
413681618 apple01363 413680246 2000757
413681832 2000757 413681618 apple01363
413681980 2000757
413682025 apple01363 413681381 z_red
413682309 apple01363 413681980 2000757
413682401 2000757 413682025 apple01363
413682450 3111201 413681381 z_red
413682595 sarah5tata 413681477 2000757
413682658 2000757 413682309 apple01363
413682885 2000757 413682595 sarah5tata
413683035 2000757 413682450 3111201
413683683 z_red 413682025 apple01363
413683959 2000757
413684033 z_red 413682450 3111201
413684240 apple01363 413682595 sarah5tata
413684531 sarah5tata 413682885 2000757
413684882 apple01363 413682658 2000757
413685014 2000757
413685396 sarah5tata 413684240 apple01363
413685402 2000757 413684882 apple01363
413685639 apple01363 413683959 2000757
413686819 apple01363 413685014 2000757
413688645 buliaogai
413699155 61528908
413700571 ergezuigao
413700757 sixteen16
413701177 stonejane
413744030 2000757 413685639 apple01363
413744076 2000757 413686819 apple01363
413744170 2000757 413688645 buliaogai
413744411 2000757 413699155 61528908
413744503 2000757 413700757 sixteen16
413744541 2000757 413701177 stonejane
413762867 apple01363
413770002 2000757 413762867 apple01363
413771521 yakusoku_aran
413772039 2000757 413771521 yakusoku_aran
413772562 51346304
413772911 2000757 413772562 51346304
413773337 45210860
413773664 2000757 413773337 45210860
413774821 yakusoku_aran 413772039 2000757
413775212 mayirgo 413673511 2000757
413775496 chentushi
413775815 2000757 413774821 yakusoku_aran
413775844 buliaogai 413744170 2000757
413776460 2000757 413775496 chentushi
413776717 2000757 413775844 buliaogai
413777064 yakusoku_aran 413775815 2000757
413777437 2000757 413777064 yakusoku_aran
413566799 2000757 413566273 49330892
413566862 2000757
413567532 49330892 413566862 2000757
413567795 aiaiaiwo 413545221 2000757
413570466 lvmesolv
413570729 49330892 413566799 2000757
413571480 apple01363
413571977 apple01363
413572062 Travel.Dawn
413573901 48625367
413576248 48375756 413543163 2000757
413577881 2000757 413570466 lvmesolv
413578047 2000757 413570729 49330892
413578329 2000757 413571480 apple01363
413578715 2000757 413572062 Travel.Dawn
413579006 2000757 413573901 48625367
413579264 2000757 413576248 48375756
413580750 lvmesolv 413577881 2000757
413581077 2000757
413581821 58040567
413582293 2000757 413581821 58040567
413582603 apple01363
413583032 lvmesolv 413581077 2000757
413583227 58040567 413582293 2000757
413583450 2000757 413582603 apple01363
413583703 2000757 413583032 lvmesolv
413583887 2000757 413583227 58040567
413584280 apple01363
413584477 2000757 413584280 apple01363
413585109 apple01363
413585615 2000757 413585109 apple01363
413588260 58040567
413589777 2000757 413588260 58040567
413589833 lvmesolv 413583703 2000757
413590184 2000757
413590565 58040567 413589777 2000757
413591130 2000757 413590565 58040567
413592433 58040567 413591130 2000757
413592630 apple01363
413592780 sequel
413593456 61501651
413593547 2000757 413592433 58040567
413593765 2000757 413585109 apple01363
413594061 2000757 413592780 sequel
413594208 2000757 413593456 61501651
413594700 apple01363
413594992 sequel 413594061 2000757
413595323 apple01363
413595716 2000757 413594992 sequel
413595783 2000757 413594700 apple01363
413595967 2000757 413595323 apple01363
413596303 sequel 413595716 2000757
413598236 apple01363
413598608 2000757 413596303 sequel
413598828 2000757 413598236 apple01363
413602469 61501651 413594208 2000757
413603367 2000757 413602469 61501651
413604958 wanderLeann
413605339 2000757 413604958 wanderLeann
413605606 2000757 413604958 wanderLeann
413606819 apple01363
413606996 wanderLeann 413605606 2000757
413607012 2000757 413606819 apple01363
413607603 apple01363
413607726 ballozeng
413607900 2000757 413606996 wanderLeann
413608005 2000757 413607603 apple01363
413608272 2000757 413607726 ballozeng
413608601 ballozeng 413608272 2000757
413608762 2000757 413608601 ballozeng
413610066 RENOPARK
413610876 2000757 413610066 RENOPARK
413611975 RENOPARK 413610876 2000757
413612318 2000757 413611975 RENOPARK
413613904 RENOPARK
413614501 2000757
413616721 46995252
413616732 46654668
413617200 2000757 413616721 46995252
413617311 2000757 413616732 46654668
413618674 46995252 413617200 2000757
413619179 53814933
413620214 RENOPARK 413614501 2000757
413622418 2000757
413622628 2000757 413618674 46995252
413622907 2000757 413619179 53814933
413623772 jamesfang
413624155 2000757 413623772 jamesfang
413624159 wanderLeann 413605339 2000757
413624537 2000757 413624159 wanderLeann
413625942 52046651
413626453 2000757 413625942 52046651
413626540 46654668 413617311 2000757
413626545 RENOPARK
413626847 2000757 413626540 46654668
413627098 jamesfang 413624155 2000757
413627538 2000757
413627573 46654668 413626847 2000757
413627675 2000757 413627098 jamesfang
413627792 2000757 413627573 46654668
413628192 jamesfang 413627675 2000757
413628528 2000757 413628192 jamesfang
413628614 RENOPARK 413627573 46654668
413628805 wanderLeann 413624537 2000757
413629112 49870192
413629412 2000757 413628805 wanderLeann
413629584 2000757
413631271 RENOPARK 413629412 2000757
413631627 4275202
413632292 52046651 413626453 2000757
413632460 2000757 413631271 RENOPARK
413632589 2000757 413631627 4275202
413633123 2000757 413632292 52046651
413633670 4275202 413632589 2000757
413633985 RENOPARK 413632460 2000757
413637810 2000757 413633670 4275202
413638115 2000757 413633985 RENOPARK
413641569 4275202 413637810 2000757
413641766 2000757 413641569 4275202
413645047 48822501
413645399 4275202 413641766 2000757
413646380 33126524
413646713 2000757 413645047 48822501
413646800 RENOPARK 413638115 2000757
413646893 2000757 413645399 4275202
413646983 2000757 413646380 33126524
413647254 2000757 413646800 RENOPARK
413648379 aftersummer
413649047 3111201
413649067 33126524 413646983 2000757
413649107 2000757 413648379 aftersummer
413649261 2000757 413649047 3111201
413649541 2000757 413649067 33126524
413650400 3111201 413649261 2000757
413651482 2000757 413650400 3111201
413651574 33126524
413651603 37691659
413651882 cindylovealex
413652072 2000757 413651603 37691659
413652690 2000757 413651882 cindylovealex
413652933 3111201 413651482 2000757
413653289 cindylovealex 413652690 2000757
413653348 2000757 413652933 3111201
413653554 2000757 413653289 cindylovealex
413653673 33126524
413654150 3111201 413653348 2000757
413654915 2000757 413654150 3111201
413655066 2000757 413653673 33126524
413657489 apple01363
413657519 3111201 413654915 2000757
413657659 z_red
413657766 2000757 413657519 3111201
413657907 2000757 413657659 z_red
413658788 33126524 413655066 2000757
413658859 37691659 413652072 2000757
413658912 3111201 413657766 2000757
413658979 2000757 413658859 37691659
413659230 z_red 413658912 3111201
413659288 2000757 413658912 3111201
413659691 37691659 413658979 2000757
413660170 2000757 413658788 33126524
413660423 apple01363
413660563 3111201 413659230 z_red
413660853 2000757 413660423 apple01363
413660942 ergezuigao
413661211 3111201 413659288 2000757
413661582 2000757
413661919 2000757 413661211 3111201
413662211 go-out
413662396 2000757 413662211 go-out
413662762 z_red 413661211 3111201
413663162 c11sunflowers
413663269 sarah5tata 413542881 2000757
413663762 2000757 413663269 sarah5tata
413663811 3111201 413662762 z_red
413664113 2000757 413663811 3111201
413664291 56844349
413664378 lc2610
413664419 apple01363 413606996 wanderLeann
413664688 2000757
413664890 2000757 413664378 lc2610
413664927 z_red 413559659 2000757
413665089 lc2610 413664890 2000757
413665125 sarah5tata 413663762 2000757
413665380 2000757 413664927 z_red
413665885 2000757 413665089 lc2610
413665933 44802698
413666099 2000757
413666283 2000757 413665933 44802698
413666487 3111201 413664113 2000757
413666647 z_red 413665380 2000757
413666706 apple01363
413666887 sarah5tata 413666099 2000757
413666923 3111201 413664927 z_red
413667661 2000757 413666647 z_red
413667796 2000757 413666706 apple01363
413667920 lc2610 413665885 2000757
413667996 apple01363 413665885 2000757
413668034 2000757
413668299 2000757 413667996 apple01363
414928279 2000757 414864186 shadowlui
414928450 2000757 414873403 aaaaacqa
414929391 shadowlui 414928279 2000757
414931583 2000757 414929391 shadowlui
414957225 66927576 414286836 2000757
414959691 2000757 414957225 66927576
414961446 xiaozhouhou 413543163 2000757
414963640 2000757 414961446 xiaozhouhou
414964897 xiaozhouhou 414963640 2000757
414965361 2000757 414964897 xiaozhouhou
414966334 xiaozhouhou 414965361 2000757
414966931 2000757 414966334 xiaozhouhou
415098830 apple01363 414767842 2000757
415134194 2000757 415098830 apple01363
415263495 66927576 414959691 2000757
415264107 2000757 415263495 66927576
415266655 66927576
415270604 LUODANWHY
415273879 2000757 415266655 66927576
415273911 2000757 415270604 LUODANWHY
415274860 66927576 415273879 2000757
415275428 2000757 415274860 66927576
415278014 66927576 415275428 2000757
415283154 apple01363 415275428 2000757
415283451 2000757 415283154 apple01363
415283687 apple01363 415283451 2000757
415284147 6647293
415285046 2000757 415283687 apple01363
415285120 2000757 415284147 6647293
415287241 apple01363
415287946 2000757 415287241 apple01363
415339735 vanny0128
415364041 2000757 415339735 vanny0128
415366289 ceciliaycx
415368170 2000757 415366289 ceciliaycx
415370058 ceciliaycx
415370491 2000757 415370058 ceciliaycx
415400506 vanessaa
415402739 51355013
415403264 2000757 415400506 vanessaa
415403316 2000757 415402739 51355013
415502452 LUODANWHY 415273911 2000757
415510329 2000757 415502452 LUODANWHY
415574241 vanessaa 415403264 2000757
415575706 2000757 415574241 vanessaa
415783578 4414640
415785031 2000757 415783578 4414640
415791343 4414640
415791827 2000757 415791343 4414640
415792632 4414640 415791827 2000757
415793104 2000757 415792632 4414640
415793164 2000757 415792632 4414640
415793755 4414640 415793164 2000757
415793934 4414640 415793104 2000757
415794370 2000757 415793755 4414640
415794487 2000757 415793934 4414640
415796421 61353438
415796806 2000757 415796421 61353438
415797026 4414640
415797083 4414640 415794487 2000757
415798028 2000757 415797026 4414640
415798564 4414640 415798028 2000757
415798974 4414640
415798982 2000757 415798564 4414640
415799564 4414640 415798982 2000757
415799691 2000757 415798974 4414640
415801723 4414640 415799691 2000757
415807673 yan-fay
415834811 miRroRtic
415845343 2000757 415807673 yan-fay
415911076 yan-fay 415845343 2000757
415943492 2000757 415911076 yan-fay
415966763 63349348
415970935 2000757 415966763 63349348
415976092 63349348 415970935 2000757
415976280 2000757 415976092 63349348
415976802 63349348 415976280 2000757
415977266 2000757 415976802 63349348
415980953 64478045
415981620 2000757 415980953 64478045
415982562 64478045 415981620 2000757
415983082 2000757 415982562 64478045
415983327 21019022 413557075 2000757
415983451 64478045 415983082 2000757
415984184 2000757 415983327 21019022
415984332 2000757 415983451 64478045
415985004 64478045 415984332 2000757
415985970 2000757 415985004 64478045
415986372 64478045 415985970 2000757
415986823 44605826
415987113 2000757 415986372 64478045
415987190 2000757 415986823 44605826
415987365 64478045 415987113 2000757
415987623 2000757 415987365 64478045
415990463 44605826 415987190 2000757
416051709 2000757 415990463 44605826
416064804 58610246
416066648 2000757 416064804 58610246
416102443 44605826 416051709 2000757
416109700 2000757 416102443 44605826
