413529381 littlebill
413529486 55277617
413529823 65745657 413529381 littlebill
413530014 49833584
413530015 64866741
413530064 65745657 413529486 55277617
413530392 63572476
413530540 44633252
413530921 65745657 413530540 44633252
413531030 65745657 413530392 63572476
413531131 65745657 413530015 64866741
413531466 54583864
413531469 65745657 413530014 49833584
413531506 pongpongpong
413531518 58398882
413531951 PANNINI
413531966 52034612
413532015 49833584 413531469 65745657
413532131 65745657 413531506 pongpongpong
413532184 54583864
413532320 65745657 413531466 54583864
413532505 65745657 413531518 58398882
413532806 65745657 413531951 PANNINI
413532909 65745657 413532015 49833584
413532919 goo1007
413533180 66541005
413533297 65745657 413531966 52034612
413533380 duobiyeye
413533455 65745657 413532184 54583864
413533717 cutesillyrabbit
413534067 65745657 413532919 goo1007
413534190 54583864
413534396 65745657 413533380 duobiyeye
413534622 goo1007
413534681 54583864
413534716 nicolameng
413534936 65745657 413533180 66541005
413535136 32336751
413535357 65745657 413534716 nicolameng
413535422 65745657 413534190 54583864
413535652 63572476 413531030 65745657
413535904 onlybelove
413535948 65745657 413533717 cutesillyrabbit
413536207 65745657 413534622 goo1007
413536435 cutesillyrabbit 413535948 65745657
413536532 65745657 413535904 onlybelove
413536732 goo1007
413536888 65745657 413535136 32336751
413536894 onlybelove 413536532 65745657
413536970 danmeilang471 413530015 64866741
413537307 65745657 413536894 onlybelove
413537438 65745657 413536732 goo1007
413537634 Sabire
413537676 65745657 413536435 cutesillyrabbit
413537860 32336751 413536888 65745657
413537890 67424716
413538056 65745657 413537890 67424716
413538318 65745657 413537860 32336751
413538326 wuhanee 413536435 cutesillyrabbit
413538486 65745657 413536970 danmeilang471
413538576 52446874
413538677 57239201 413530064 65745657
413538711 65745657 413537634 Sabire
413538828 57239201
413538882 56651599
413539115 67424716 413538056 65745657
413539136 65745657 413538576 52446874
413539224 cutesillyrabbit 413537676 65745657
413539235 65745657 413538677 57239201
413539317 65745657 413538882 56651599
413539425 56434024
413539541 cutesillyrabbit 413538326 wuhanee
413539866 56651599 413539317 65745657
413540064 ninemo
413540404 32336751 413538318 65745657
413540607 52446874 413539136 65745657
413540932 55589828
413541040 65745657 413539425 56434024
413541059 wuhanee 413537860 32336751
413541623 HouseM.D
413541672 65745657 413539115 67424716
413541931 65745657 413539115 67424716
413542041 64866741 413540404 32336751
413542393 Funfuner
413542513 65745657 413540404 32336751
413542648 65745657 413541623 HouseM.D
413542746 55277617 413530064 65745657
413542920 52892632
413543090 HouseM.D 413542648 65745657
413543095 65745657 413540607 52446874
413543719 67424716 413541931 65745657
413543768 65745657 413543090 HouseM.D
413544224 65745657 413542920 52892632
413544454 65745657 413542746 55277617
413544594 HouseM.D 413543768 65745657
413544679 hans0401
413544818 65745657 413543719 67424716
413545098 65745657 413544679 hans0401
413545417 67424716 413544818 65745657
413545443 65745657
413545698 65745657 413545417 67424716
413546103 HouseM.D 413545443 65745657
413547036 Expelliarmus
413547187 65745657 413547036 Expelliarmus
413547249 65745657 413546103 HouseM.D
413547933 cici-mind
413550560 wuhanee 413539541 cutesillyrabbit
413550855 65745657 413547933 cici-mind
413550901 65745657 413547933 cici-mind
413551477 8067187
413551988 54225522
413552876 wuhanee 413546103 HouseM.D
413553755 jamie2011
413554904 54583864 413533455 65745657
413556174 54583864 413544679 hans0401
413558236 52446874 413543095 65745657
413560450 60947716
413560842 50408775
413561479 wuhanee
413564784 littlebill 413541672 65745657
413565245 60192284
413566155 cici-mind 413550855 65745657
413567912 52496420
413568064 seven1016
413568070 HouseM.D 413552876 wuhanee
413571407 wuhanee
413574393 67424716 413541672 65745657
413578218 49330892
413583869 ninemo
413606983 38082892
413607446 65171725 413531131 65745657
413608143 gzj8924685
413608889 65745657 413607446 65171725
413609054 65745657 413560842 50408775
413609276 65745657 413606983 38082892
413609349 59156459
413610465 m1ss0ver
413613064 65745657 413558236 52446874
413613419 65745657 413583869 ninemo
413620677 65745657 413567912 52496420
413629009 fishgor 413550560 wuhanee
413630193 fishgor
413631206 ziliuziliu
413632620 65745657 413631206 ziliuziliu
413633701 ziliuziliu 413632620 65745657
413634078 jamesfang
413634994 65745657 413634078 jamesfang
413635452 65745657 413630193 fishgor
413635843 57034719
413636010 jamesfang 413634994 65745657
413636575 65745657 413635843 57034719
413636768 65745657 413636010 jamesfang
413638686 52496420 413620677 65745657
413638729 taozinanan
413638980 taozinanan
413643988 ninemo 413613419 65745657
413644546 64673449 413547187 65745657
413645795 65745657 413643988 ninemo
413645991 65745657 413644546 64673449
413646515 wuhanee 413629009 fishgor
413648171 wuhanee 413643988 ninemo
413649605 64673449 413645991 65745657
413650887 58902818
413651413 jim3
413652174 youyou09
413652632 1157509 413529823 65745657
413653569 65745657 413652632 1157509
413653667 65745657 413650887 58902818
413654078 65745657 413649605 64673449
413654415 56434024 413541040 65745657
413654492 53966317
413654803 52319145
413655128 65745657 413654492 53966317
413655259 65745657 413654415 56434024
413655494 65745657 413654803 52319145
413655802 53966317 413655128 65745657
413656246 56867363 413655494 65745657
413657972 65745657 413656246 56867363
413658170 65745657
413658598 56434024 413655259 65745657
413659209 65745657 413658598 56434024
413660438 49343818
413661785 sizaijiuyue
413662009 jiaqiqi
413662738 65745657 413660438 49343818
413662907 65745657 413661785 sizaijiuyue
413663018 65745657 413662009 jiaqiqi
413663634 49051392
413664477 flyingpark
413665275 57645706
413665869 65745657 413665275 57645706
413665952 sizaijiuyue 413662907 65745657
413665974 65745657 413664477 flyingpark
413665997 47462500
413666320 48598641
413666689 65745657 413666320 48598641
413666737 jiaqiqi 413663018 65745657
413667226 65745657 413665997 47462500
413667422 jiaqiqi
413667546 65745657 413665952 sizaijiuyue
413667616 65745657 413663634 49051392
413667787 47462500 413667226 65745657
413667830 49203293
413668177 65745657 413666737 jiaqiqi
413668456 65745657 413667422 jiaqiqi
413668857 65745657 413667830 49203293
413669181 jiaqiqi 413668177 65745657
413669282 65745657 413667787 47462500
413669923 65745657 413669181 jiaqiqi
413670283 jiaqiqi 413669923 65745657
413670306 6856264
413670782 65745657
413671105 65745657 413670306 6856264
413671164 jiaqiqi 413670782 65745657
413671397 65745657 413671164 jiaqiqi
413673707 sizaijiuyue 413667546 65745657
413674092 65745657 413673707 sizaijiuyue
413674540 14295425
413675455 48884401
413683719 49051392 413667616 65745657
413701528 huizihua
413701934 YoungZhang
413702071 duobiyeye 413534396 65745657
413710569 goo1007
413710629 goo1007
413724029 32336751 413542041 64866741
413725166 handlady
413725618 55948475
413726475 1543871
413726714 49179347
413734012 migrantbirdpeng
413751993 66541005 413534936 65745657
413754265 selavi
413754707 2047038
413755913 49203293 413668857 65745657
413756352 51281665
413756641 2047038 413754707 2047038
413762812 subaoxi
413763310 subaoxi
413763865 52446874 413613064 65745657
413769684 IIIsland
413770765 65745657 413734012 migrantbirdpeng
413770908 65745657 413769684 IIIsland
413774349 IIIsland 413770908 65745657
413775516 65745657 413774349 IIIsland
413779334 IIIsland 413775516 65745657
413780136 65745657 413779334 IIIsland
413780675 54557980
413780943 AdelaY0
413784812 65745657 413780675 54557980
413787056 IIIsland 413780136 65745657
413803530 48687703
413804532 xiaoxinmaidou
413806144 BeibyCherry
413809592 flyingpark 413665974 65745657
413834340 65870767
413838398 52730746
413839042 62093944
413841680 37553288
413842696 65745657 413841680 37553288
413846043 cutesillyrabbit 413550560 wuhanee
413852039 wuhanee 413846043 cutesillyrabbit
413855520 56527713
413861084 66986325
413861422 64866741 413724029 32336751
413862667 55589828
413866256 65745657 413862667 55589828
413866413 65745657 413861084 66986325
413866437 65745657 413855520 56527713
413871143 62340736
413871376 65745657 413871143 62340736
413876655 55589828 413866256 65745657
413877027 65745657 413876655 55589828
413877585 lawenda-hx 413531131 65745657
413877621 55589828 413877027 65745657
413878266 42724279
413880236 51564571
413883218 62172118
413914261 62340736 413871376 65745657
413915421 65745657 413914261 62340736
413915424 65745657 413914261 62340736
413916425 66240010 413534622 goo1007
413916645 32409024
413917636 65745657 413916645 32409024
413931076 weixiao321
414032611 45059718
414033376 65370041
414038090 60248391
414038964 67348167
414046770 32336751 413861422 64866741
414049898 53418325 413545443 65745657
414050064 53418325 414049898 53418325
414050309 quqixiaobing 413537307 65745657
414056935 61026706
414057862 5643394 413533455 65745657
414058053 5643394
414059097 huozhaieve
414149722 32409024 413917636 65745657
414151823 55466493
414607815 54109088
414607868 54109088
414642849 3992054
414643498 cheristorm
414648905 61528908
414650302 65745657 414642849 3992054
414652532 63916011
414663005 3992054
414663466 allenmango
414663730 65745657 414663466 allenmango
414663768 65745657 414663005 3992054
414663846 wanan520
414664384 43060611
414668981 36983355
414669323 65745657 414663846 wanan520
414669487 65745657 414664384 43060611
414670159 30162846
414670968 61353438
414671366 65745657 414670968 61353438
414671879 43563199
414672098 61353438 414671366 65745657
414673224 65745657 414671879 43563199
414673237 65745657 414671879 43563199
414675846 ffyuan 414673224 65745657
414676622 yamina
414677592 3992054
414677762 54592029
414678239 36983355
414680090 celia_022
414686824 4055015
414693121 65779294
414693731 2713167
414698500 yoyo.wan
414703753 43563199 414673224 65745657
414759857 65745657 414703753 43563199
414759904 65745657 414693121 65779294
414789584 cherish3L
414790785 65745657 414789584 cherish3L
414791531 30162846
414793147 65745657 414791531 30162846
414795425 43438135
414797034 30162846
414798367 65745657
414798740 62446249
414799373 30162846 414798367 65745657
414799690 lordlin
414873914 36089544
414874112 36089544
414884297 56407208
414884772 48625367
414943539 allenmango 414663730 65745657
414956180 4106219
415018871 43321808 413534716 nicolameng
415022477 67119506
415149779 Lee_ssang
415150337 53219802
415179542 65745657 415149779 Lee_ssang
415179790 Lee_ssang 415179542 65745657
415180067 kfcmoumou
415180370 65745657 415179790 Lee_ssang
415180423 65745657 415180067 kfcmoumou
415180914 51911106
415181207 Lee_ssang 415180370 65745657
415181425 kfcmoumou 415180423 65745657
415181576 65745657 415181207 Lee_ssang
415181624 65745657 415180914 51911106
415181760 tonarinototoro
415181821 65745657 415181425 kfcmoumou
415182291 44191583
415182598 66666803
415184687 Lee_ssang 415181576 65745657
415185658 Lalala.
415186836 51911106
415187288 67107498
415191361 66412594
415192326 celia_022
415245974 65745657 415184687 Lee_ssang
415247016 Lee_ssang 415245974 65745657
415248623 65745657 415247016 Lee_ssang
415249500 48218002
415250901 felic
415251787 Lee_ssang 415248623 65745657
415253633 65745657 415251787 Lee_ssang
415255024 65745657 415250901 felic
415255328 65745657 415185658 Lalala.
415255394 65745657 415182291 44191583
415255814 annobaby 413530392 63572476
415341464 vanny0128
415361621 64866741 415341464 vanny0128
415368588 49095299 413537890 67424716
415369344 49095299 415341464 vanny0128
415370128 49095299 415180067 kfcmoumou
415370672 48880582
415371602 49095299 414693731 2713167
415372003 LinaIsHere
415372621 43575612
415372754 49095299
415399217 65745657 415372754 49095299
416020756 felic 415255024 65745657
416022502 31559524
416606301 vanny0128 415361621 64866741
416606344 50811004
416690077 48189547
416717334 66296903
416789853 deliciaaa
416801471 h_deanz
416801620 markie_
416804492 46224963 413540607 52446874
416841059 65745657 416801471 h_deanz
416841400 yec509
416843038 46654668
416845243 45686329
416845951 9256961
416846754 taaaan
416864162 61190916
416868339 65000789
416905757 glassballball 416868339 65000789
416906941 glassballball 416868339 65000789
416907000 glassballball
416910948 52446874 416804492 46224963
416911790 yadan165
416961871 50725841
416964579 superwe
416965164 superwe 416905757 glassballball
416965356 57883912
416970915 glassballball 416965164 superwe
416976936 48824915 413666737 jiaqiqi
416978720 pinklen
416980691 66082156 413538711 65745657
416997969 h_deanz 416846754 taaaan
417000181 46224963 416910948 52446874
417001883 52446874 417000181 46224963
417001941 52446874 417000181 46224963
417002229 57467616
417004448 65745657 416964579 superwe
417011284 46224963 417001941 52446874
417013152 66848987
417024840 60832491
417026146 42209471
417034703 52446874 417011284 46224963
417083571 46224963 417034703 52446874
417083783 52687974
417084376 39245038
417089920 14633333
417192860 52446874 417083571 46224963
