413575735 yangchengjie
413576672 Yoi1990
413579658 naver
413580569 YYangping
413581052 3083490
413582051 liuyuyang
413586410 48625367
413603665 ONLY-mm
413606459 ss0305dd0812
413606623 bilibalaboom
413606870 46564815
413607121 46564815
413636825 63233012
413636982 63233012
413641887 cherry528
413658861 onlybelove
413663349 aabc555
413778487 38699705
413779952 qicocoa
413813394 47025373
413830752 48625367
413840565 51949652
413847789 Farewellxxx
413916120 kongkong7
413942339 48625367 413916120 kongkong7
413958091 kinphone
413992125 momo1227
414012551 48806989
414022989 54568558
414084648 kongkong7
414481079 iqinqian
414482373 52242727
414484245 yuanlaiyaai
414485244 SANZOU 414481079 iqinqian
414489959 estherruth
414516120 61539371
414518036 yangchengjie 414481079 iqinqian
414525811 48625367 414084648 kongkong7
414526492 kongkong7 414525811 48625367
414526722 48625367 414516120 61539371
414526881 48625367 414526492 kongkong7
414527562 kongkong7
414535299 48625367 414527562 kongkong7
414541524 Gzq359719979
414561355 48625367 414541524 Gzq359719979
414792568 48625367
414823672 47596617
414826988 54568558
414847307 64380151
414849008 givemesunshine
414854708 48625367 414849008 givemesunshine
414858947 48625367 414847307 64380151
414859569 yangchengjie 414849008 givemesunshine
414870926 givemesunshine 414859569 yangchengjie
414871838 39306210
414881581 yangchengjie 414870926 givemesunshine
414890413 momo28
414907614 yuuuuuuuuu
414908488 53950449
414986040 48625367 414908488 53950449
414989214 53950449 414986040 48625367
415175599 65834765
415188925 48625367 415175599 65834765
415637223 65834765 415188925 48625367
417104441 aabc555
