413759332 53955946
413759435 2000757
413759862 53955946
413759905 53955946
413760242 67170789 413759332 53955946
413760348 Laofucius
413760843 67170789 413759435 2000757
413760912 67170789 413759862 53955946
413761055 67170789 413760348 Laofucius
413763342 Laofucius 413761055 67170789
413763688 x550xt
413763798 x550xt
413763925 43775656
413764305 55606051
413764578 55606051
413764735 67170789 413763342 Laofucius
413764890 67170789 413763688 x550xt
413765005 48788145
413765016 precious1
413765840 Laofucius 413764735 67170789
413769944 67170789 413763798 x550xt
413770067 67170789 413764305 55606051
413770387 67170789 413764578 55606051
413770610 55486222
413770613 67170789 413765005 48788145
413770879 67170789 413765016 precious1
413771015 67170789 413770610 55486222
413772319 48788145 413770613 67170789
413774718 48375756
413782386 3883741
413783561 fudian2011
413856369 55486222 413771015 67170789
413857588 3611334
413859999 Novembersnow
415383197 goobee_psyche
415412006 56715213
415464470 serpentv
415464702 feiyou
