413724170 1044719
413724196 lynnesay
413724204 65600524
413724430 14295425
413724472 agehazz 413724170 1044719
413724491 lynnesay
413724521 agehazz 413724196 lynnesay
413724560 agehazz 413724491 lynnesay
413724626 agehazz 413724430 14295425
413724771 2113781
413724809 42803127
413724845 14295425
413725200 agehazz 413724771 2113781
413725224 agehazz 413724809 42803127
413725316 agehazz 413724845 14295425
413725553 simphiwe_zuma
413728170 2113781 413725200 agehazz
413728352 janesusu
413728796 66958230
413728802 calla
413730197 rician
413730898 42056130
413731064 adrian0807
413739429 66779718
413745647 42803127 413725224 agehazz
413746682 48180071
