413766898 xionggulu
413767325 15461434 413766898 xionggulu
413767404 xionggulu 413767325 15461434
413767530 lgysg
413767571 15461434 413767404 xionggulu
413767631 xionggulu 413767571 15461434
413767651 15461434 413767530 lgysg
413767710 15461434 413767631 xionggulu
413767754 xionggulu 413767710 15461434
413767774 62633495
413767922 51061892
413767947 15461434 413767754 xionggulu
413768032 xionggulu 413767947 15461434
413768126 15461434 413767922 51061892
413768194 15461434 413768032 xionggulu
413768256 xionggulu 413768194 15461434
413769050 jodiexie
413770198 63597304
413770739 15461434 413769050 jodiexie
413770884 15461434 413770198 63597304
413772482 63597304 413770884 15461434
413776118 57687603
413777009 15461434 413776118 57687603
413781256 57687603 413777009 15461434
413781474 15461434 413781256 57687603
413781488 57245571
413782503 15461434 413781488 57245571
413782910 groplacebo
413782974 57245571 413782503 15461434
413783351 15461434 413782910 groplacebo
413783485 fudian2011
413783552 cemily
413783592 45190993 413770739 15461434
413783829 15461434 413783485 fudian2011
413783954 15461434 413783552 cemily
413784063 15461434 413783592 45190993
413784180 Lolisan
413784745 15461434
413785221 Lolisan 413784745 15461434
413785523 2904315
413785775 15461434 413785221 Lolisan
413785892 15461434 413785523 2904315
413786334 2904315 413785892 15461434
413788241 Lolisan 413785775 15461434
413789155 Aprildreammsyyy
413789677 15461434
413789930 15461434 413789155 Aprildreammsyyy
413790532 4419514
413790625 56715213
413791582 15461434 413790532 4419514
413791634 15461434 413790625 56715213
413791726 53404913
413792277 15461434 413791726 53404913
413792599 56715213
413792701 fanxiaoci
413793399 53404913 413792277 15461434
413793890 15461434 413792599 56715213
413794377 15461434 413793399 53404913
413794474 mycp
413794563 56715213
413795069 muddying
413795300 sophy499
413795590 15461434 413794474 mycp
413795819 15461434 413794563 56715213
413795902 15461434 413795069 muddying
413796082 15461434 413795300 sophy499
413797447 56715213 413795819 15461434
413797874 15461434 413797447 56715213
413798134 56715213
413798402 36196353
413798760 15461434 413798402 36196353
413799171 15461434 413798134 56715213
413799410 63963437
413799695 15461434 413799410 63963437
413799742 56715213
413800560 15461434 413799742 56715213
413801865 muddying 413795902 15461434
413802730 15461434 413801865 muddying
413802975 muddying
413803129 63963437 413799695 15461434
413803145 15461434 413802975 muddying
413803217 15461434 413803129 63963437
413803659 muddying 413803145 15461434
413803707 63963437 413803217 15461434
413803757 36348332
413803931 poppyt
413804100 52534942
413804354 46093255 413767325 15461434
413804456 15461434 413803659 muddying
413804531 15461434 413803707 63963437
413804562 yuuuuuuuuu
413804613 15461434 413803757 36348332
413804699 15461434 413804562 yuuuuuuuuu
413805060 15461434
413805193 yuuuuuuuuu 413804699 15461434
413805231 15461434 413804100 52534942
413805310 15461434 413804354 46093255
413805328 63963437 413804531 15461434
413805451 15461434 413805193 yuuuuuuuuu
413806070 holliow
413806216 15461434 413805328 63963437
413806403 15461434 413806070 holliow
413806602 63963437
413806838 15461434 413806602 63963437
413807577 63963437 413806838 15461434
413807645 holliow 413806403 15461434
413807699 20708008
413808067 15461434 413807699 20708008
413808099 64075303
413808156 15461434 413807645 holliow
413808538 15461434 413808099 64075303
413808691 53814933
413809036 50719468
413809372 15461434 413809036 50719468
413811692 47633655
413815534 iamxiaof
413815974 15461434 413815534 iamxiaof
413817721 57924612
413825482 64075303
413835780 52534942 413805231 15461434
413836078 flowervegetable
413838486 20708008 413808067 15461434
413840018 15461434 413838486 20708008
413841620 34871546
413842399 34871546
413843676 58748653
413845695 bicthA
413847338 15461434
413847529 47729763
413847582 bicthA 413847338 15461434
413847887 15461434
413849428 dingxinxinxin
413849685 15461434 413849428 dingxinxinxin
413850449 dingxinxinxin 413849685 15461434
413851718 15461434 413850449 dingxinxinxin
413880475 xueerzi
413880767 15461434 413880475 xueerzi
413882773 xueerzi 413880767 15461434
413883058 55386181
413884470 15461434 413883058 55386181
413931319 50719468 413809372 15461434
413936755 46093255 413805310 15461434
413937099 6013078
413940210 15461434 413931319 50719468
413940337 15461434 413937099 6013078
413943433 50719468 413940210 15461434
413943996 15461434 413943433 50719468
413945913 heyiheyiheyi
413949456 15461434 413945913 heyiheyiheyi
413951224 50719468 413943996 15461434
413953848 50928470
413954305 heyiheyiheyi 413949456 15461434
413954327 36978040 413784063 15461434
413955899 57478739
417038015 dengjian1997080
417924179 44203315
417957328 52864373
417959248 15461434 417924179 44203315
417959374 15461434 417957328 52864373
417965625 54770404
417966438 15461434 417965625 54770404
417968763 summer0507
417968866 44626404
417986809 15461434 417968866 44626404
417987055 15461434
418021455 44626404 417986809 15461434
418024590 tfyt
418037743 67462551
418344571 15461434 418021455 44626404
418344648 15461434 418037743 67462551
418380493 44673389
418382953 15461434 418380493 44673389
418393441 44626404 418344571 15461434
418398759 15461434 418393441 44626404
418401365 26754683
418402151 64830661
418402394 ambershen 413784063 15461434
418407830 51562411
418408107 15461434 418402151 64830661
418408276 15461434 418402394 ambershen
418409025 51562411
418409404 51562411
418409638 15461434 418407830 51562411
418413917 sleepwithoutdre
418414316 ergezuigao
418415191 onlylaura
418415879 65144981
418417011 onlylaura
418418258 15461434 418413917 sleepwithoutdre
418418352 60917567
418418598 15461434 418414316 ergezuigao
418418806 15461434 418415879 65144981
418419077 Karenwon
418419137 15461434 418417011 onlylaura
418419365 15461434 418419077 Karenwon
418419411 jingxiaobing
418419724 15461434
418419807 15461434 418419411 jingxiaobing
418419957 ergezuigao 418418598 15461434
418420351 Karenwon 418419365 15461434
418420649 66629372
418420683 gengtian
418420714 onlylaura 418419137 15461434
418425060 sleepwithoutdre 418418258 15461434
418425438 15461434 418420683 gengtian
418425911 15461434 418420714 onlylaura
418426254 15461434 418425060 sleepwithoutdre
418429919 52864373
418432316 gengtian
418441068 sleepwithoutdre 418426254 15461434
418473520 ivycuddle
418475701 50517805
418475888 33611960
418476029 lirongze
418495941 app1e_na
419051608 15461434 418429919 52864373
419051677 15461434 418432316 gengtian
419051806 15461434 418473520 ivycuddle
419051922 15461434 418475888 33611960
419052106 15461434 418495941 app1e_na
419052160 4019025
419053611 15461434 419052160 4019025
419084319 52864373 419051608 15461434
419162899 15461434 419084319 52864373
419301898 52864373
419304116 45297261
419305496 50061325
419310021 15461434 419305496 50061325
419311030 15461434 419305496 50061325
419311933 50308860
419313392 siyue1988
419318238 15461434 419311933 50308860
419462529 onlylaura
419464448 49630596
419487980 15461434 419462529 onlylaura
419488611 46188316 413783592 45190993
419489231 46188316
419490865 45190993 419488611 46188316
419490992 15461434 419489231 46188316
419491384 46188316 419490865 45190993
419491632 46188316 419490992 15461434
419492050 xhyjyz_123
419492495 15461434 419492050 xhyjyz_123
419492651 15461434 419491632 46188316
419493163 xhyjyz_123
419493361 50408775
419493580 15461434 419493163 xhyjyz_123
419493755 15461434 419493361 50408775
419493936 xhyjyz_123
419494198 15461434 419493936 xhyjyz_123
419496358 50408775 419493755 15461434
419496936 15461434
419497181 44605826
419500046 15461434 419497181 44605826
419501814 44605826 419500046 15461434
419999214 dengjian1997080
420051684 15461434 419999214 dengjian1997080
