414009734 66339609
414009807 43231526
414009830 xionggulu
414009937 anada0630
414010077 52374945
414010165 dongyejiannuan
414010277 6298195 414009830 xionggulu
414010443 14406066
414010471 6298195 414010077 52374945
414010553 6298195 414009807 43231526
414010647 41172647
414010677 6298195 414010165 dongyejiannuan
414010936 6298195 414009937 anada0630
414011159 6298195 414010443 14406066
414011262 dongyejiannuan 414010677 6298195
414011355 6298195 414010647 41172647
414011525 41172647 414011355 6298195
414011625 6298195 414011262 dongyejiannuan
414011816 14406066
414011828 6298195 414011525 41172647
414012090 41172647 414011828 6298195
414012295 4055015
414012324 65287264
414013217 6298195 414011816 14406066
414013671 6298195 414012295 4055015
414013807 6298195 414012324 65287264
414014026 6298195 414012090 41172647
414014075 41172647 414014026 6298195
414014587 4055015 414013671 6298195
414015133 6298195 414014587 4055015
414015667 65287264
414015824 65287264
414015956 6298195 414012324 65287264
414016257 65287264
414016494 6298195 414016257 65287264
414017092 4055015 414015133 6298195
414018627 6298195 414017092 4055015
414020106 godblesspengyu
414020395 53087436
414020471 6298195 414020106 godblesspengyu
414020585 6298195 414020395 53087436
414020734 53087436 414020585 6298195
414020832 6298195 414020734 53087436
414020935 sparkzml
414020998 6298195 414020935 sparkzml
414021048 53087436 414020935 sparkzml
414021261 6298195 414021048 53087436
414021339 53087436 414021261 6298195
414021439 6298195 414021339 53087436
414021573 godblesspengyu 414020471 6298195
414021621 53087436 414021439 6298195
414021748 4296707
414021860 sparkzml 414021573 godblesspengyu
414021970 sparkzml 414021748 4296707
414022155 6298195 414021573 godblesspengyu
414022210 6298195 414021621 53087436
414022364 53087436 414022210 6298195
414022369 6298195 414021748 4296707
414022551 4296707 414022369 6298195
414022588 6298195 414022364 53087436
414022660 6298195 414022551 4296707
414022712 4296707 414021970 sparkzml
414022748 53087436 414022588 6298195
414022815 4296707 414022660 6298195
414022855 6298195 414022712 4296707
414022856 godblesspengyu 414022155 6298195
414022957 6298195 414022815 4296707
414023121 4296707 414022855 6298195
414023411 4296707 414022957 6298195
414023455 6298195 414022856 godblesspengyu
414023681 6298195 414023411 4296707
414023938 4296707 414023681 6298195
414024960 godblesspengyu 414023455 6298195
414026228 46180334
414039457 67348167
414044810 yoyomu
414055146 59529260
414056082 hcl91
414056980 58110966
414057377 65039699
414057618 59609956
414058025 48180071
414058840 3489514
414060962 wodetaiyang
414064064 imluckyholly 414018627 6298195
414066284 45790778
414066297 14406066
414067631 53000618
414067919 51756932
414068121 4837269
414068313 51145178
414069072 6298195 414022748 53087436
414069182 6298195 414064064 imluckyholly
414069401 6298195 414068313 51145178
414069511 6298195 414067919 51756932
414069607 6298195 414068121 4837269
414069723 6298195 414066284 45790778
414069949 6298195 414060962 wodetaiyang
414070166 rothschildyuan
414070393 rothschildyuan
416854054 63610680
416855806 56089297
416857812 34731445
416859918 th3rdcat 416857812 34731445
416865925 34731445 416859918 th3rdcat
416869253 th3rdcat
416956798 9836748
416981723 joey212
417296072 heyhom
417300625 4457767
417315942 45627027
417339896 KinginNutshell
417349875 26510989
417373686 4827021
417376415 4827021 416855806 56089297
417388522 saoirse
417408908 51767312
417409420 42219679 417376415 4827021
417409826 53941020 414013217 6298195
418966594 51039032
414070447 boingboing
414070518 61401731
414071040 6298195 414058840 3489514
414071107 6298195 414070393 rothschildyuan
414071239 wodetaiyang 414069949 6298195
414071984 6298195 414070518 61401731
414072006 3054972 414012090 41172647
414072210 6298195 414072006 3054972
414072496 3054972 414072210 6298195
414072511 6298195 414070447 boingboing
414072868 zy_damn_moe
414072961 6298195 414044810 yoyomu
414073246 6298195 414023938 4296707
414073432 6298195 414072868 zy_damn_moe
414073532 2600403
414073537 61401731 414071984 6298195
414073769 rothschildyuan 414072961 6298195
414073965 6298195 414057618 59609956
414074122 nala-sheng
414074134 6298195 414010077 52374945
414074749 6298195 414073537 61401731
414074966 rothschildyuan 414074122 nala-sheng
414075170 6298195 414074122 nala-sheng
414075257 6298195 414074966 rothschildyuan
414075683 rothschildyuan 414075257 6298195
414075733 6298195 414073769 rothschildyuan
414075846 6298195 414075683 rothschildyuan
414075966 6298195
414075982 rothschildyuan 414075733 6298195
414076179 63597304 414009937 anada0630
414076206 6298195 414075982 rothschildyuan
414076392 6298195 414076179 63597304
414076529 Jombin 414020734 53087436
414077555 2600403 414075966 6298195
414078416 6298195
414078983 nala-sheng 414074966 rothschildyuan
414079376 66687321
416023788 4898393
414079467 63597304 414076392 6298195
416024231 2606729 416023788 4898393
416026021 47787817
414079816 6298195 414079467 63597304
416026918 67456324 414020106 godblesspengyu
414080018 rothschildyuan 414078983 nala-sheng
416029090 Nikonikodo
414080023 impedance
416030414 yodadashi
414080210 63597304 414079816 6298195
416063146 4898393 416024231 2606729
414080471 6298195 414080210 63597304
416066693 14686386 414024960 godblesspengyu
414081309 63597304 414080471 6298195
416067837 14686386 414022155 6298195
414081471 nala-sheng 414080018 rothschildyuan
416068809 14686386 414021573 godblesspengyu
416093311 2606729 416063146 4898393
416097963 4898393 416093311 2606729
416159168 njxule
416160299 58019101
416160400 58019101 416159168 njxule
416160947 58019101 414070447 boingboing
416161438 52757969
416162127 58019101
416162212 xy22
416162325 52434707
414081862 pai31415926
416163113 14686386 416162127 58019101
414082720 eric-fhc
416163251 14686386 416160299 58019101
414082947 rothschildyuan 414076206 6298195
414083149 60191640
416163671 58019101 416163113 14686386
414083269 rothschildyuan 414083149 60191640
416163751 58019101 416163251 14686386
414084516 boingboing 414072511 6298195
416163860 14686386 416163671 58019101
414084726 67022347
416167302 56028983
416175435 54237773
416203243 godblesspengyu 416068809 14686386
416203480 godblesspengyu 416066693 14686386
416250158 14686386 416203243 godblesspengyu
416252731 49036261
416253494 douche 414013671 6298195
414088475 14406066
416253814 58979653
416256964 pima_y
414111662 65287264 414016494 6298195
414111839 65287264
416257894 godblesspengyu 416250158 14686386
416259125 ray1124
414112159 67413727 414009937 anada0630
416259545 koisumi
414112384 anada0630 414112159 67413727
416260049 14686386 416257894 godblesspengyu
414112897 67413727 414112384 anada0630
414113241 anada0630 414112897 67413727
416261422 godblesspengyu 416260049 14686386
414114627 stinway
414114937 laurel1030 414082947 rothschildyuan
414117582 v0409
414120453 destiny1990
414121115 4102828 414012295 4055015
414121916 60105823
414124021 rothschildyuan 414114937 laurel1030
414129090 wodetaiyang 414078983 nala-sheng
414133036 laurel1030 414124021 rothschildyuan
414182014 nala-sheng 414129090 wodetaiyang
414185758 36246525
414186083 rothschildyuan
414189270 52374945 414074134 6298195
414199145 Emirates1oo86
414232152 41172647 414072006 3054972
416263742 njxule 416160400 58019101
414232347 chengchaoella
416265070 14686386 416261422 godblesspengyu
414249539 3054972 414232152 41172647
414250334 41172647 414249539 3054972
414253061 3054972 414250334 41172647
414254338 41172647 414253061 3054972
414256015 66945676
414257044 51350191
414257510 rothschildyuan 414257044 51350191
414258327 3054972 414254338 41172647
414259680 41172647 414258327 3054972
414259923 57930867
414260166 muxiaokui 414257510 rothschildyuan
416271568 godblesspengyu 416265070 14686386
414264245 3054972 414259680 41172647
416272357 14686386 416271568 godblesspengyu
414265080 41172647 414264245 3054972
416342692 9836748 414250334 41172647
414269437 3054972 414265080 41172647
416343288 papax 414010277 6298195
414270676 heyhom
416343922 44537743
416345234 susantse
414271208 41172647 414269437 3054972
416345689 yang7si
414304955 53985911
414305548 cheese_touch
416472673 49165924
416021854 60832491
416488122 3109954
416022464 65313409
416512548 41172647 416342692 9836748
416599658 43321808 414070518 61401731
416599921 1798885
416600633 43321808 414270676 heyhom
416602535 43321808 416599921 1798885
416022655 st.bluesoul
416717447 heyhom 416600633 43321808
416023408 4898393
416720305 43321808 416717447 heyhom
416023410 2606729 414121916 60105823
416722167 heyhom
416023493 2606729 416023408 4898393
416722475 fenellarik 414257510 rothschildyuan
416023730 st.bluesoul
416723674 50705995 414010077 52374945
416724229 fenellarik
416724813 darkcat
416726448 43321808 416724229 fenellarik
416727165 25463407
416728137 63349348 416068809 14686386
416728721 fenellarik 416726448 43321808
416730272 26510989
416733160 2276160
416733432 62579648
416734454 43321808 416727165 25463407
416734637 36196353
416735076 43321808
416736398 rothschildyuan
416736572 14686386 416727165 25463407
416737469 43321808 416736572 14686386
416737760 25463407
416738199 64405131 416737469 43321808
416739158 43321808 416737760 25463407
416739891 25463407 416739158 43321808
416740841 43321808 416739891 25463407
416743392 25463407 416740841 43321808
416744629 42141884
416745873 fenellarik 416735076 43321808
416746572 xawa 414057618 59609956
416750432 3109954 416722167 heyhom
416757184 51586370
416762373 63042942
416795543 49192738 416762373 63042942
416796811 49192738 416159168 njxule
416840215 1447862 414066284 45790778
416842477 just_4_yueqiu 416733432 62579648
416843621 jinxlovedouban
416844632 46907365
416844832 lijialiu 414018627 6298195
416845801 47794891 416844632 46907365
416846138 47794891 416762373 63042942
416847560 63042942 416846138 47794891
416850553 47794891 416847560 63042942
416852453 52481628
416852507 52481628
