413985175 57343919
413985299 JunoZ
413985367 1767280
413985512 45233114
413985951 61899797 413985299 JunoZ
413986208 61899797 413985512 45233114
413986361 50144618
413986395 61899797 413985367 1767280
413987232 61899797 413986361 50144618
413987860 50144618 413987232 61899797
413988070 64247352
413988122 x-930
413988291 45036251
413989219 64706284
413989355 61899797 413987860 50144618
413989513 61899797 413989219 64706284
413989743 61899797 413988291 45036251
413990206 61899797 413988070 64247352
413990360 50144618 413989355 61899797
413991028 64706284
413991062 geminer
413991214 64247352 413990206 61899797
413991499 61899797 413988122 x-930
413991621 60285051
413991691 61899797 413991214 64247352
413991879 61899797 413991028 64706284
413992487 61899797
413992676 61899797 413991062 geminer
413993244 61899797 413991621 60285051
413993272 60011840
413993568 geminer 413992676 61899797
413993663 61899797 413993272 60011840
413993856 61899797 413993568 geminer
413993963 64706284 413991879 61899797
413994314 geminer 413993856 61899797
413994591 61899797 413993963 64706284
413994849 61899797 413994314 geminer
413994927 61613184
413995036 x-930 413991499 61899797
413995416 geminer 413994849 61899797
413995655 61899797 413994927 61613184
413995707 61899797 413995416 geminer
413995898 61899797 413995036 x-930
413996162 64706284 413994591 61899797
413996175 63541506 413991062 geminer
413996670 63541506 413991621 60285051
413997148 x-930 413995898 61899797
413997240 61899797 413996670 63541506
413997399 61899797 413996162 64706284
413997585 63541506 413997240 61899797
413997589 50144618
413997714 61899797 413997148 x-930
413997967 knnnn
413998020 61899797 413997585 63541506
413998403 60011840
413998408 61899797 413997589 50144618
413998469 x-930 413997714 61899797
413999079 61899797 413998403 60011840
413999129 62047000 413998408 61899797
413999276 61899797 413997967 knnnn
413999458 61899797 413998469 x-930
413999838 61310314
413999847 61899797 413999129 62047000
414000027 61899797 413999838 61310314
414000712 62047000 413999847 61899797
414001323 geminer 413996175 63541506
414002531 geminer
414003033 61899797 414002531 geminer
414003180 46564815
414003536 geminer
414003839 28837543
414003886 61899797 414000712 62047000
414004036 61899797 414003180 46564815
414004142 56205055
414004199 geminer 414003180 46564815
414004291 61899797 414003839 28837543
414004642 61899797 414004142 56205055
414004731 misrbb
414005010 61899797 414004731 misrbb
414005881 geminer
414006100 weilaiweilai
414006202 46564815
414006363 62047000 414003886 61899797
414006379 harjol
414006732 49956323 413990206 61899797
414007327 49956323 414002531 geminer
414007979 misrbb 414005010 61899797
414007992 61899797 414005881 geminer
414008266 geminer 414006100 weilaiweilai
414008385 32511079
414008453 61899797 414006100 weilaiweilai
414008596 61899797 414006202 46564815
414008837 62159923
414009125 geminer 414007327 49956323
414009265 61899797 414006363 62047000
414009315 66666251
414009502 61899797 414006379 harjol
414009711 3510790
414009785 61899797 414006732 49956323
414009850 3850275
414342339 61899797
414342522 61899797
414342604 61899797
414343076 45281430 414342339 61899797
414343446 61899797 414343076 45281430
414343539 66240010 414342604 61899797
414343916 66666251
414347915 67413262
414348205 61899797 414343539 66240010
414348326 61899797 414343916 66666251
414348395 61899797 414347915 67413262
414352161 weilaiweilai
414392213 62047000
414394939 61899797 414352161 weilaiweilai
414396152 61899797 414392213 62047000
414396810 thosethings
414398790 56702267
414398985 4275202
414407850 61899797 414396810 thosethings
414408597 61899797
414409358 61899797 414398985 4275202
414409836 dff1230
414412100 64187718
414412995 61899797 414412100 64187718
414414022 64187718 414412995 61899797
414426028 61899797 414414022 64187718
414426241 61899797 414398985 4275202
414428831 64187718 414426028 61899797
414430403 bokunomirai
414437730 thosethings 414407850 61899797
414441304 56675092 414009850 3850275
414452844 61899797 414430403 bokunomirai
414453950 61899797 414428831 64187718
414454596 61899797 414437730 thosethings
414462524 64187718 414453950 61899797
414463368 61899797 414462524 64187718
414463606 54399680
414466198 61978467
414478412 61899797 414466198 61978467
414478500 61899797 414463606 54399680
414480662 61310314
414510678 bokunomirai 414452844 61899797
414511897 57687603
414513854 xia0su
414516990 ggai
414565625 61899797 414480662 61310314
414565712 61899797 414511897 57687603
414565742 61899797 414510678 bokunomirai
414565824 61899797 414513854 xia0su
414565909 61899797 414516990 ggai
414594633 66666251 414348326 61899797
414597854 57922580
414598503 54399680 414478500 61899797
414598988 26826098
414599576 61899797 414594633 66666251
414599967 61899797 414597854 57922580
414601097 61899797 414598503 54399680
414601286 61899797 414598988 26826098
414602336 47867126
414602402 47999633 414601286 61899797
414603359 52144118 413994591 61899797
414605135 61899797 414602402 47999633
414605291 61899797 414603359 52144118
414605589 61899797 414602336 47867126
414607961 soloHero
414609590 47867126 414605589 61899797
414611332 54399680 414601097 61899797
414620295 xia0su 414565824 61899797
414671785 61899797 414611332 54399680
414673785 yyy318
414674325 yyy318
414674963 30650522
414675358 yyy318
414700633 66666251 414599576 61899797
414729589 61899797 414607961 soloHero
414730029 61899797 414700633 66666251
414730308 61899797 414674963 30650522
414730676 60832491
414730845 61899797 414620295 xia0su
414731002 61899797 414730676 60832491
414731331 60832491 414731002 61899797
414732940 52144118 414605291 61899797
414733276 61899797 414731331 60832491
414733514 61899797 414732940 52144118
414841365 61899797
414734687 60832491 414733276 61899797
414842410 BITCHES
414855947 61899797 414842410 BITCHES
414736900 61899797 414734687 60832491
414857418 4450967 413999838 61310314
414739204 60832491 414736900 61899797
414858799 BITCHES 414855947 61899797
414749703 ifyoutell
414859702 4450967
414765155 berryandrose
414883326 9942185
414793596 54399680 414671785 61899797
414887847 61899797 414857418 4450967
414794247 guonan0811 413991028 64706284
414888142 61899797 414883326 9942185
414798261 liusongandy
414888387 61899797 414859702 4450967
414808256 citysue
414903706 xia0su 414730845 61899797
414827511 61899797 414739204 60832491
414925933 61899797 414903706 xia0su
414827856 61899797 414749703 ifyoutell
414828034 61899797 414793596 54399680
414931249 61899797
414828167 61899797 414794247 guonan0811
414942706 3850275 414441304 56675092
414943920 chocoliar
414828324 61899797
414945358 sweetclara
414829122 61899797 414798261 liusongandy
414946300 61899797 414943920 chocoliar
414838242 BITCHES
414946330 61899797 414945358 sweetclara
414949567 x550xt
414950582 z7890006999
414950745 yaosia
414952002 61899797 414949567 x550xt
414952041 61899797 414950745 yaosia
414952304 x550xt 414952002 61899797
414952501 61899797 414950582 z7890006999
414952849 61899797 414952304 x550xt
414953814 yaosia 414952041 61899797
414954151 yaosia 414855947 61899797
414954182 61899797 414953814 yaosia
414954398 61899797 414954151 yaosia
414954909 yaosia 414954182 61899797
414955066 61899797 414954909 yaosia
414955184 yaosia 414955066 61899797
414959629 56776247
414969264 61899797 414959629 56776247
414970115 61899797 414955184 yaosia
414978079 56776247 414969264 61899797
414990901 54399680 414828034 61899797
415001801 61899797 414990901 54399680
415001937 61899797 414978079 56776247
415008556 berryandrose
415028121 54399680 415001801 61899797
415035941 61899797
415036187 61899797 415028121 54399680
415078359 44149116
415093296 61899797 415078359 44149116
415106457 moldu 413987232 61899797
415114436 61899797 415106457 moldu
415115250 poepoe
415116133 61310314 414857418 4450967
415116753 65677914
415140704 62465316
415152795 47992993
415153194 47992993
415166400 54399680 415036187 61899797
415227930 4450967 415116133 61310314
415257405 61310314 415227930 4450967
415257706 33487671
415368598 66908651
415415271 61899797 415115250 poepoe
415415448 61899797 415116753 65677914
415417215 61899797
415417345 61899797 415152795 47992993
415417424 61899797 415166400 54399680
415417549 61899797 415257706 33487671
415417615 61899797 415368598 66908651
415457422 33487671 415417549 61899797
415461277 3464388
415466889 56776247 415457422 33487671
415515981 54399680 415417424 61899797
415538385 61899797 415515981 54399680
415539428 61899797
415541179 61899797 415457422 33487671
415549101 66738647
415574377 47433631 414005010 61899797
415653492 61899797 415549101 66738647
415653613 61899797 415574377 47433631
415681882 66738647 415653492 61899797
415684461 61899797 415681882 66738647
415684477 carolzjw
415684588 61899797 415684477 carolzjw
415719232 carolzjw 415684588 61899797
415724481 61899797 415719232 carolzjw
415730793 carolzjw 415724481 61899797
415734976 61899797 415730793 carolzjw
415740300 carolzjw 415734976 61899797
415756532 dear_baihe
415757017 61899797 415740300 carolzjw
415757309 61899797 415756532 dear_baihe
415911228 carolzjw 415757017 61899797
415916368 61899797 415911228 carolzjw
415917254 akaluna
415918980 60924793 413991062 geminer
415952798 65677914 415415448 61899797
415972956 61899797 415917254 akaluna
415973183 61899797 415952798 65677914
416250373 57807157 414675358 yyy318
418513778 samansa0087
419467138 dear_baihe 413988291 45036251
414009917 4055015
414010039 61899797 414007327 49956323
414010313 61899797 414007979 misrbb
414010444 61899797 414008385 32511079
414010739 32511079 414010444 61899797
414010940 61899797 414008837 62159923
414011087 32511079
414011370 61899797 414009315 66666251
414011800 66666251 414011370 61899797
414011804 61899797 414009711 3510790
414011935 61899797 414009850 3850275
414012115 48806989
414012253 61899797 414009917 4055015
414012377 61899797 414011087 32511079
414012540 32511079 414012377 61899797
414012684 turandot1224 413985512 45233114
414012929 4055015 414012540 32511079
414012952 x-930 413999458 61899797
414013352 4055015 414012253 61899797
414013594 32511079 414009917 4055015
414014091 SillyGodDisco
414014287 63598326
414014445 44661492
414015601 4055015 414013594 32511079
414016080 32511079 414015601 4055015
414017487 4055015 414016080 32511079
414017875 32511079 414017487 4055015
414018458 openfan1992
414018587 4055015 414017875 32511079
414020298 63541506 414003180 46564815
414022187 48739144
414061113 60285051 413996670 63541506
414061786 49213803
414087497 62047000 414009265 61899797
414087912 rothschildyuan
414114611 63541506 414022187 48739144
414114764 60723787
414114876 rinyet
414115227 63541506 414018458 openfan1992
414115892 JenniferFay
414156663 50144618 413998408 61899797
414181797 46564815 414020298 63541506
414183239 46564815 414008596 61899797
414229568 67413262
414230403 7402001 413987232 61899797
414231737 7402001 414010444 61899797
414233113 deathway
414236940 deathway
414237249 63714144
414262258 weilaiweilai 414008266 geminer
414264008 61310314 414000027 61899797
414264595 weilaiweilai 414008453 61899797
414267195 thosethings 413987232 61899797
414267356 38082892
414268158 57807157
414269308 50353732
414272640 57807157
414287033 openfan1992 414115227 63541506
414292270 61899797 414009917 4055015
414292433 61899797 414264008 61310314
414293192 61899797 414269308 50353732
414293390 61899797 414268158 57807157
414293625 61899797 414264595 weilaiweilai
414293749 61899797 414267195 thosethings
414293884 61899797 414267356 38082892
414294080 17390770
414304693 61899797 414011800 66666251
414304975 61899797 414012115 48806989
414305775 61899797 414012540 32511079
414305798 66666251 414304693 61899797
414306068 50353732 414272640 57807157
414306785 61899797 414014091 SillyGodDisco
414306941 61899797 414014287 63598326
414309240 61899797 414014445 44661492
414310171 45281430
414310258 61978467
414310301 64735779
414310336 61899797 414018587 4055015
414310529 61899797 414022187 48739144
414310604 bokunomirai
414310855 45281430 414309240 61899797
414311004 61899797 414061786 49213803
414311693 61899797 414087497 62047000
414321429 SillyGodDisco 414306785 61899797
414339550 61899797 414087912 rothschildyuan
414339904 61899797 414114764 60723787
414340086 61899797 414114876 rinyet
414340137 61899797 414115892 JenniferFay
414340216 61899797 414156663 50144618
414340319 61899797 414183239 46564815
414340391 61899797 414229568 67413262
414340640 61899797 414230403 7402001
414341063 61899797 414236940 deathway
414341259 61899797 414305798 66666251
414341400 61899797 414294080 17390770
414341597 61899797 414310171 45281430
414341694 66240010
414341698 61899797 414310258 61978467
414341807 61899797 414310301 64735779
414342216 61899797 414310604 bokunomirai
