414018310 24331722
414018353 24331722
414018928 62614197
414020980 39375533
414022581 62614197
414023025 65914819
414023360 62614197
414024271 62614197
414024573 lucifergd525
414026416 62614197
414027047 62614197
414030265 leabc
414031149 beralee
414031496 2819211
414032457 20875558
414033027 toughlene
414062311 62614197 414030265 leabc
414062734 62614197 414031149 beralee
414064159 62614197 414032457 20875558
414064593 rickilee
414064857 eillen-han
414065776 62614197 414033027 toughlene
414066258 62614197 414064593 rickilee
414066360 62614197 414064857 eillen-han
414067167 S-ing
414067327 hahahahhasinb
414067374 dreamseaworld
414068214 62614197 414067167 S-ing
414068285 44058788
414068372 62614197 414067327 hahahahhasinb
414068640 62614197 414067374 dreamseaworld
414069903 1115481
414070164 62614197 414068285 44058788
414070378 hahahahhasinb 414068372 62614197
414070779 62614197 414069903 1115481
414070800 44670712
414071053 62614197 414070378 hahahahhasinb
414071264 62614197 414070800 44670712
414071652 rickilee 414066258 62614197
414071695 62614197 414070378 hahahahhasinb
414071803 44670712 414071264 62614197
414071991 65914819
414072043 62614197 414071652 rickilee
414072277 62614197 414071991 65914819
414072347 hahahahhasinb 414071695 62614197
414072386 62614197 414071991 65914819
414072516 hahahahhasinb 414071695 62614197
414073316 62614197 414072516 hahahahhasinb
414073767 1115481 414070779 62614197
414074036 65914819
414074447 53772338
414074739 62614197 414073767 1115481
414075273 62614197 414074036 65914819
414076100 65914819 414075273 62614197
414076687 62614197 414074447 53772338
414079309 44058788 414070164 62614197
414081909 keinokei
414084661 62614197
414087745 eillen-han 414066360 62614197
414089329 62614197
414089965 62614197 414081909 keinokei
414092144 63547117
414093435 62614197 414092144 63547117
414093792 41751653
414094021 62614197 414093792 41751653
414094099 jsdevision 414026416 62614197
414094762 62614197 414094099 jsdevision
414095085 lucan110
414095168 50896162
414095299 jsdevision 414094762 62614197
414107791 62614197
414116539 amen_six
414116986 67440581
414119265 62614197 414116539 amen_six
414120064 62614197 414116986 67440581
414120964 amen_six 414119265 62614197
414122554 62614197
414126274 amen_six 414122554 62614197
414127517 62614197
414132188 42556313
414135300 enjoysmile
414136135 jxshuo
414152975 pinklen
414158963 62614197 414132188 42556313
414159674 62614197 414136135 jxshuo
414160640 12132049
414163163 58415886
414164405 50906152 414159674 62614197
414170741 43759085
414170912 64374283
414210052 62614197 414164405 50906152
414210821 30017710
414212532 52689540 414064857 eillen-han
414212970 eillen-han 414212532 52689540
414215031 52689540 414212970 eillen-han
414226977 huozhaieve
414300255 hahahahhasinb
414314750 60152870
414422377 50906152
414422776 50906152 414210052 62614197
414441703 dear-anonymous
414443735 dear-anonymous
414457563 9463721
414489774 57687603
414652010 62614197 414300255 hahahahhasinb
414658903 62614197 414314750 60152870
414660394 62614197
414661234 62614197 414457563 9463721
414661797 62614197 414489774 57687603
414663763 shadowlui
414672961 4275202
414752048 57687603 414661797 62614197
414797639 dear-anonymous 414660394 62614197
414797874 66342352
414854845 66342352
414855721 66342352
414857337 whisper326
414892391 ke-z
414897956 66342352
414916167 66342352
415734371 62614197
415736102 62614197 414797639 dear-anonymous
415739003 62614197
415740887 32802482
415741658 40211421
415741838 62614197 415740887 32802482
415743661 53677996
415745124 51120711
415747381 62614197 415743661 53677996
415755390 heise87
415758864 53677996
415760924 51412089 414073316 62614197
415761716 51412089 414076687 62614197
415763018 62614197 415755390 heise87
415763632 62614197 415761716 51412089
415764243 xiangrixiaokui 414030265 leabc
415765876 xiangrixiaokui 414658903 62614197
415766596 lalola
415766736 62614197 415764243 xiangrixiaokui
415770191 62614197 415766596 lalola
415773862 62614197 415764243 xiangrixiaokui
415775330 xiangrixiaokui 415766736 62614197
415779073 xiangrixiaokui 415773862 62614197
415781653 45954588
415785308 61477975
415836625 53091048
415865029 heise87 415763018 62614197
415886724 32802482 415741838 62614197
416103235 62614197 415785308 61477975
416103940 62614197 415836625 53091048
416104722 maydaysxh
416104723 62614197 415865029 heise87
416106312 62614197 415886724 32802482
416106732 62614197
416106988 46672789
416107400 58223368
416108765 62614197 415741658 40211421
416110431 62614197 416106988 46672789
416112693 54415439
416121436 focuslight 416104723 62614197
416126673 62614197 416121436 focuslight
416252781 53091048 416103940 62614197
416330242 62614197 414226977 huozhaieve
416330546 lady_a
416331254 62614197 416330546 lady_a
416391397 32802482 416106312 62614197
416893871 62614197
417547037 61477975 416103235 62614197
417777958 hahahahhasinb 415763018 62614197
417844077 62614197 417777958 hahahahhasinb
417863348 hahahahhasinb 417844077 62614197
417875448 62614197 417863348 hahahahhasinb
417884315 hahahahhasinb 417875448 62614197
417886967 hahahahhasinb
