413931429 iris__
413931823 48471906
413931824 maryryry
413932006 4221468
413932360 41882343
413932701 39395858 413931429 iris__
413932941 57453206 413931823 48471906
413932953 moyo912
413932993 39395858 413931823 48471906
413933109 39395858 413931824 maryryry
413933484 39395858 413932006 4221468
413933588 39395858 413932360 41882343
413933778 maryryry 413933109 39395858
413933889 39395858 413932953 moyo912
413934092 39395858 413933778 maryryry
413934523 41882343 413933588 39395858
413934922 48471906 413932993 39395858
413934982 3712365
413935017 41882343
413935097 39395858 413934523 41882343
413935668 moyo912 413933889 39395858
413935674 41882343
413935794 39395858 413934922 48471906
413935800 cha90 413934523 41882343
413935858 41882343
413935925 39395858 413935668 moyo912
413936073 62474747
413936239 41882343 413935800 cha90
413936263 39395858 413935674 41882343
413936433 greenismywife
413936661 39395858 413934982 3712365
413936771 41882343 413936263 39395858
413937556 39395858 413936073 62474747
413937762 39395858 413936771 41882343
413938340 48471906 413935794 39395858
413938738 maryryry 413934092 39395858
413939081 apple_sun
413939378 39395858 413938340 48471906
413939473 41882343
413939631 39395858 413938738 maryryry
413940750 39395858 413939081 apple_sun
413940833 48471906 413939378 39395858
413940926 39395858 413939473 41882343
413941345 39395858 413940833 48471906
413941490 apple_sun 413940750 39395858
413941949 39395858 413941490 apple_sun
413942055 newcecilia
413942394 39395858 413941949 39395858
413942869 apple_sun 413941949 39395858
413943052 39395858
413943295 59247137
413943296 2010007
413943462 39395858 413942869 apple_sun
413943657 48471906 413941345 39395858
413943773 39395858 413943295 59247137
413943827 newcecilia 413943052 39395858
413943852 woshiweixi
413943936 39395858 413943296 2010007
413944114 39395858 413943852 woshiweixi
413944339 59247137
413944601 vviivvi
413944772 apple_sun 413943462 39395858
413944821 39395858 413943827 newcecilia
413945005 woshiweixi 413944114 39395858
413945006 39395858 413944601 vviivvi
413945194 39395858 413945005 woshiweixi
413945330 Lynn_ruier 413933889 39395858
413945370 newcecilia 413944821 39395858
413945658 39395858 413944339 59247137
413945977 39395858 413945370 newcecilia
413946035 sharronbest
413946042 2010007 413943936 39395858
413946352 newcecilia 413945370 newcecilia
413946354 39395858 413945330 Lynn_ruier
413946496 59247137
413946848 newcecilia 413945977 39395858
413947038 39395858 413946035 sharronbest
413947216 cheerfulyou
413947249 eunhaedictator 413935668 moyo912
413947366 39395858 413946848 newcecilia
413947973 39395858 413947216 cheerfulyou
413948092 64866741
413949108 39395858 413948092 64866741
413949313 39395858
413949390 newcecilia 413947366 39395858
413949524 60713272
413950327 58072780
413951697 sharronbest 413947038 39395858
413952606 64866741 413951697 sharronbest
413956781 Lynn_ruier 413946354 39395858
415306402 60294346
415306978 64866741 415306402 60294346
415307596 qianchangzhezhi
415310236 50443634
415312641 damenya3210
415314034 43468591
415315433 49285514
415316110 fengqingwei
415369086 60294346 415315433 49285514
415369930 60294346 415306978 64866741
415392444 64866741 415369930 60294346
