414114389 anada0630
414114435 64845289
414114810 67413727 414114435 64845289
414114997 48289870
414115128 60161061
414115145 44605826
414115186 48289870 414114810 67413727
414115264 60161061 414114810 67413727
414115301 anada0630 414114997 48289870
414115363 60161061 414115145 44605826
414115464 haiyangdeyang
414115596 60161061 414115464 haiyangdeyang
414116035 64845289 414114810 67413727
414116437 67413727 414115264 60161061
414116819 67413727 414115186 48289870
414116950 44605826 414115363 60161061
414117353 51303787
414117950 65115982
414118189 Shalo
414120130 60161061 414116950 44605826
414120185 60161061 414118189 Shalo
414120263 60161061 414117353 51303787
414120404 60161061 414116437 67413727
414120508 60161061 414117950 65115982
414124636 47236377
414125428 4361725
414125729 51303787 414120263 60161061
414126143 60161061 414124636 47236377
414126279 60161061 414125428 4361725
414126411 60161061 414125729 51303787
414126534 ruru1117
414126649 60161061 414126534 ruru1117
414126977 ruru1117 414126649 60161061
414127201 51303787 414126411 60161061
414127349 60161061 414126977 ruru1117
414127464 60161061 414127201 51303787
414127887 ruru1117 414127349 60161061
414128217 notmyday
414128225 60161061 414127887 ruru1117
414128315 60161061 414128217 notmyday
414128641 41751653
414128660 ruru1117 414128225 60161061
414128696 goodboyyu
414129049 60161061 414128641 41751653
414129162 60161061 414128660 ruru1117
414129273 ruru1117 414129162 60161061
414129485 4217897 414128660 ruru1117
414129933 4223238
414130009 60161061 414129273 ruru1117
414130084 notmyday
414132603 4250349
414133276 41751653
414133990 4790191
414134192 4790191 414132603 4250349
414134460 64834645
414136620 3453595
414140985 47236377 414126143 60161061
414142607 47236377 414125428 4361725
414142782 60191640
414143002 60161061 414132603 4250349
414144004 60161061 414142607 47236377
414144859 fever_x
414145110 fever_x 414120185 60161061
414145962 62568674
414146057 60161061 414144859 fever_x
414146266 60161061 414145962 62568674
414146973 62568674 414146266 60161061
414147063 fever_x 414146057 60161061
414147124 tingzhuangkele
414147514 62608772
414147803 funny_520
414147912 65359857
414149794 66220703 414147912 65359857
414152214 60161061 414146973 62568674
414152535 60161061 414147063 fever_x
414152684 60161061 414147514 62608772
414156016 44605826 414116035 64845289
414163078 anada0630
414176090 4361725 414126279 60161061
414178128 64845289 414156016 44605826
414179340 dreamseaworld
414179683 dreamseaworld
414180629 xiaoxiaoshuo
414180940 tingzhuangkele 414180629 xiaoxiaoshuo
414182375 57924612 414132603 4250349
414188226 43019675
414188630 47243736
414191972 61062819
414194316 60161061 414163078 anada0630
414194479 60161061 414176090 4361725
414194626 60161061 414179340 dreamseaworld
414194894 60161061 414191972 61062819
414195229 ourzuoer
414195530 anada0630 414195229 ourzuoer
414196109 51030629 414118189 Shalo
414196153 tracytaoahaha
414196156 xiaoxiaoshuo 414180940 tingzhuangkele
414198262 Shalo 414196109 51030629
414198799 tingzhuangkele 414196156 xiaoxiaoshuo
414199763 61062819 414194894 60161061
414199957 anada0630
414200866 hemoli.
414201456 cikamomo
414202399 indigolove
414202568 43626866
414204105 61062819
414204569 60161061 414196153 tracytaoahaha
414204850 60161061 414199763 61062819
414243255 xiaoxiaoshuo 414198799 tingzhuangkele
414243393 xiushoutianxia
414244961 doriszhangye
414245418 gusen1988 414116950 44605826
414253647 55591079
414287294 44605826 414245418 gusen1988
414311611 51030629 414198262 Shalo
414337321 gusen1988 414287294 44605826
414337663 44605826 414337321 gusen1988
414339834 joliewang 414120185 60161061
414340318 roe2011 414116950 44605826
414340914 zhaomirror
414342283 4672692
414343637 67162675 414132603 4250349
414344854 44605826 414340318 roe2011
414345358 valentineross
414403625 roe2011 414344854 44605826
414408130 44605826 414403625 roe2011
414590949 4250349 414143002 60161061
414592458 wonderfulday
