414382644 vien.chen
414386541 vien.chen
414386617 62156194
414387239 AKKing
414387623 63020393
414389606 vien.chen 414387239 AKKing
414389899 vien.chen 414387623 63020393
414389963 AKKing 414389606 vien.chen
414390564 3883741
414390576 63498309 414387239 AKKing
414390854 vien.chen 414389963 AKKing
414395150 Pejic
414399891 59321315
414402760 AKKing 414390854 vien.chen
414406680 vien.chen 414402760 AKKing
414415387 AKKing 414406680 vien.chen
414416642 vien.chen 414415387 AKKing
414424083 eunhaedictator
414426415 forsake418
414446121 vien.chen 414424083 eunhaedictator
414447117 Aglaonema
414448533 40954310
414789598 59321315
414844398 vien.chen 414789598 59321315
415009161 michaelpisces
415012437 murphy_hi
415039367 54585863
415040834 52193120
415087720 vien.chen 415039367 54585863
415185868 60316776
415213355 57867638
415271209 cocolie
415272774 50467680
415460767 vien.chen 415272774 50467680
415464163 watermelon520
416297243 63769266 415040834 52193120
416297369 63769266 415039367 54585863
416297746 63769266 415185868 60316776
416301001 52124837
416302263 catmay
416304344 53704236
416305747 60359125
416322261 60316776 416297746 63769266
416323559 thank.you
416329946 63769266
416330195 63769266 414447117 Aglaonema
416334561 Aglaonema 416330195 63769266
416338326 63769266
416340170 Aglaonema 416338326 63769266
416838084 vien.chen 416297746 63769266
416838387 vien.chen 416305747 60359125
416838528 vien.chen 416329946 63769266
416843150 GinTonic
416871443 vien.chen
416918686 63769266 416838084 vien.chen
416919774 59028619
416923870 65796793
416925169 vien.chen 416919774 59028619
416926043 lilyfearless
416926195 MsHsu
416926831 pingguopianpian
416928058 49424593
416928727 vien.chen 416926043 lilyfearless
416928868 vien.chen 416928058 49424593
416929655 luv_ljpp
416932451 vien.chen 416929655 luv_ljpp
417178277 63769266
417465132 43201163 416932451 vien.chen
418145531 vien.chen 417465132 43201163
418145836 vien.chen 417178277 63769266
418151012 51191185
418151024 3370532
418151963 2241933
418216956 36684415
418224147 1391334
418227687 jamie_xu 418224147 1391334
418256980 57307496
418830227 66835372
418953684 vien.chen 418151963 2241933
419234464 51260962
419236955 like9225
419238863 jojomua
419416346 62089200
419418221 64535613
