414470651 cat_yr
414471697 26628550 414470651 cat_yr
414471929 26628550
414472906 50144618
414474640 54470430
414476423 60300096
414479782 cat_yr 414471697 26628550
414752423 52313471
414763245 59554244
414773561 54731160
414776846 50367634
414781072 50037573
414820192 52313471 414471929 26628550
414821357 52313471 414776846 50367634
414823744 willowshaw
414824717 Bri--sunshine
414826686 53860066
414828353 58201682
414832011 xiaofei_guigui
414834742 wlx1993
414835970 34910155
414838297 johnny4ever
414842846 52313471 414838297 johnny4ever
414845919 johnny4ever 414842846 52313471
414848988 anubis.ll 414479782 cat_yr
414877721 52313471 414845919 johnny4ever
414881143 hakiy
414982670 johnny4ever 414877721 52313471
414985261 48625367
414988640 chenmugou
415139698 52313471 414982670 johnny4ever
415140019 52313471 414985261 48625367
415157259 johnny4ever 415139698 52313471
415159787 51122778
415177413 48625367 415140019 52313471
415178276 52313471 415177413 48625367
415180550 48625367 415178276 52313471
415223160 52313471 415180550 48625367
415227724 whatne
415426825 littlehail
415499346 52313471 415227724 whatne
