414531064 53812690
414531704 15542933
414531862 15542933
414532675 53812690
414533200 36409267
414533499 15542933
414534918 53812690 414533200 36409267
414534944 3057946
414535672 53812690 414534944 3057946
414536031 53812690 414533499 15542933
414536481 53669812
414539386 godchildcain
414539638 53812690
414578856 36409267 414534918 53812690
414584171 2201636
414584379 53812690 414584171 2201636
414586614 rinyet
414586889 53812690 414586614 rinyet
414587502 rinyet 414586889 53812690
414587776 53812690 414587502 rinyet
415409696 66947829
415414918 48091159
415415530 48091159 414586614 rinyet
415561726 53812690 415415530 48091159
415572130 55864633
415774605 53812690 415572130 55864633
