414502646 63349348
414502936 65009594
414503495 25885219 414502646 63349348
414503591 56493659
414503889 25885219 414502936 65009594
414504072 63349348 414503591 56493659
414504197 pinkmandy
414504421 maoyanlengleng
414504832 48842485
414506954 25885219 414504421 maoyanlengleng
414507667 65009594 414503889 25885219
414507676 25885219 414504832 48842485
414507804 48802545
414507982 65518397 414507676 25885219
414508144 60737559
414508262 25885219 414507667 65009594
414509817 25885219 414508144 60737559
414510175 50808565
414510870 60737559 414509817 25885219
414511146 25885219 414510175 50808565
414511977 25885219 414510870 60737559
414513603 50808565 414511146 25885219
414513985 65622565
414514235 61671498
414514307 60737559 414511977 25885219
414514696 25885219 414513985 65622565
414514968 25885219 414514235 61671498
414514984 tanyuhong
414515182 25885219 414514307 60737559
414515994 65622565 414514968 25885219
414516739 25885219 414515994 65622565
414517728 25885219 414514984 tanyuhong
414519079 65622565 414516739 25885219
414519660 60737559 414515182 25885219
414520173 tanyuhong
414521198 huazhensh
414521610 sunlan0122
414523757 25885219 414519660 60737559
414524818 25885219 414521610 sunlan0122
414524822 44605826
414525355 60737559 414523757 25885219
414525501 25885219 414524822 44605826
414526079 44605826 414525501 25885219
414526366 45790778
414527350 QQ214
414528567 Marhess
414529412 Marhess 414525501 25885219
414529842 52990156
414530301 25885219 414526366 45790778
414531038 25885219 414527350 QQ214
414531158 25885219 414528567 Marhess
414533605 QQ214 414531038 25885219
414533641 3567011
414534343 60737559
414537570 48294645
414539136 Marhess 414534343 60737559
414539888 60737559 414539136 Marhess
414539975 3968865
414540243 3968865
414548189 56079012
414549042 21640574
414550474 LittleHoney
414557812 i.m.possible
414557983 stupid-y 414504197 pinkmandy
414610460 25885219 414533641 3567011
414610725 25885219 414539975 3968865
414610894 25885219 414534343 60737559
414611234 25885219 414525355 60737559
414611657 25885219 414548189 56079012
414611796 25885219 414549042 21640574
414612144 25885219 414550474 LittleHoney
414612271 25885219 414557812 i.m.possible
414612781 25885219 414537570 48294645
414613922 60737559
414615226 25885219 414613922 60737559
414615873 60737559
414617410 25885219 414615873 60737559
414617538 LittleHoney 414612144 25885219
414617827 katrinejyk
414618229 60737559
414620208 Alage
414620860 25885219 414617827 katrinejyk
414621323 25885219 414618229 60737559
414621863 25885219
414622033 25885219 414618229 60737559
414622143 Alage 414621863 25885219
414622655 25885219 414622143 Alage
414623234 Alage 414622655 25885219
414624456 60737559
414624879 listentomysunsh
414625597 25885219 414624456 60737559
414625999 60737559
414626156 25885219 414624879 listentomysunsh
414626163 56173196
414626474 25885219 414625999 60737559
414626605 listentomysunsh 414626156 25885219
414627150 25885219 414626163 56173196
414627345 25885219 414626605 listentomysunsh
414631827 56173196 414627150 25885219
414639882 39630777
414641804 27291789
414646474 64302274
414646922 25885219 414641804 27291789
414647404 cheristorm
414648047 25885219 414646474 64302274
414650351 64302274 414648047 25885219
414664042 25885219 414650351 64302274
414667938 winterout
414672924 64302274 414664042 25885219
414675993 go-together
414677496 3111201
414677867 27291789 414646922 25885219
414767012 25885219
414767561 25885219 414675993 go-together
414767704 25885219 414667938 winterout
414767913 25885219 414677496 3111201
414768827 48493154
414778370 25885219 414768827 48493154
414779587 yusholic
414784774 go-together 414767561 25885219
414822937 25885219 414779587 yusholic
414823060 25885219 414784774 go-together
414841152 56398236
414848279 4450967
414863909 25885219 414841152 56398236
414864161 25885219 414848279 4450967
414892771 go-together
414893317 25885219 414892771 go-together
414897664 go-together
414975082 kiddingkidding
415046593 56398236 414863909 25885219
415082543 pinkmandy 414557983 stupid-y
415346044 56493659 414504072 63349348
415346415 63349348 415346044 56493659
415349378 56493659 415346415 63349348
417235328 sunlan0122
417744262 52450603
418306266 25885219 417235328 sunlan0122
418306446 25885219 417744262 52450603
418332164 52450603 418306446 25885219
418350477 sleepwithoutdre
418462444 yeti-leung 414641804 27291789
418462812 yeti-leung
418463158 yeti-leung
418473713 22223383
418473774 22223383
418478787 56548750
418478842 56548750
418522554 25885219 418350477 sleepwithoutdre
418522690 25885219 418463158 yeti-leung
418522892 25885219 418473713 22223383
418523061 25885219 418473774 22223383
418523639 51957558
418523774 25885219 418478787 56548750
418524311 25885219 418478842 56548750
418527746 AlaskaFish
418528910 taozi788
418549799 22223383 418522892 25885219
418572528 sleepwithoutdre 418522554 25885219
418573263 37852806 414508262 25885219
418574982 seeslulu
418576245 56548750 418523774 25885219
418658002 25885219 418528910 taozi788
418658512 25885219 418572528 sleepwithoutdre
418658707 25885219 418576245 56548750
418676982 taozi788 418658002 25885219
418689640 sleepwithoutdre 418658512 25885219
418902855 25885219 418689640 sleepwithoutdre
418903430 25885219 418676982 taozi788
418955424 sleepwithoutdre 418902855 25885219
418957679 58639074
