414661452 32778944
414661635 36821305 414661452 32778944
414661686 GingerWang
414662050 rifrica
414662387 36821305 414661686 GingerWang
414662554 36821305 414662050 rifrica
414662713 Jasmine_hapi
414663221 36821305 414662713 Jasmine_hapi
414663923 56034901
414664086 63738178
414664276 webyiidan
414664277 stellakim
414664421 webyiidan 414664277 stellakim
414664643 stellakim 414664421 webyiidan
414666394 36821305 414664421 webyiidan
414668517 36821305 414663923 56034901
414668852 36821305 414664086 63738178
414682041 36821305
414683993 37451384
414684337 36821305 414683993 37451384
414685553 63738178
414687090 36821305 414685553 63738178
414687726 mbaoqin_1124
414691540 66082156
414692167 36821305 414687726 mbaoqin_1124
414692266 49123711
414692491 36821305 414691540 66082156
414693942 56837781
414694033 66082156 414692491 36821305
414694434 36821305 414693942 56837781
414694521 36821305 414694033 66082156
414695975 noelesshs
414698437 40591995
414698833 40591995
414699341 67370809
414699580 webyiidan 414664643 stellakim
414705612 youjingnian
414728129 62389913
414729916 50463851 414705612 youjingnian
414736611 36821305 414698437 40591995
414736614 63738178 414687090 36821305
414736906 36821305
414737270 36821305 414695975 noelesshs
414737541 36821305 414698833 40591995
414738044 36821305 414728129 62389913
414739124 67370809 414736906 36821305
414739594 lowkey7
414741172 59336620 414664643 stellakim
414741702 nntk
414741840 36821305 414739594 lowkey7
414742428 60120536
414743314 opopopopopo
414743688 45597906
414743744 36821305 414742428 60120536
414744095 36821305 414741702 nntk
414745803 55913437
414745924 50301231
414746142 lowkey7 414741840 36821305
414746977 darlingjuju
414754357 36821305 414743688 45597906
414754550 36821305 414745924 50301231
414756173 36821305 414746142 lowkey7
414756355 36821305 414754357 36821305
414756476 36821305 414746977 darlingjuju
414776383 nntk 414744095 36821305
414785372 darlingjuju 414756476 36821305
414795693 47352504
414797879 36821305 414743688 45597906
414798055 36821305 414795693 47352504
414798165 36821305 414776383 nntk
414798239 pingguopianpian 414776383 nntk
414798540 36821305 414798239 pingguopianpian
414798640 36821305 414798540 36821305
414805459 GingerWang 414662387 36821305
414814786 36821305 414805459 GingerWang
414824968 GingerWang 414814786 36821305
414825877 totochang 414728129 62389913
414826240 wangxiaowan
414826411 44078775
414826934 chengchaoella
414826967 totochang 414826411 44078775
414827280 totochang
414827499 52029575
414827519 totochang 414826240 wangxiaowan
414827593 totochang 414827499 52029575
414827797 44078775 414826967 totochang
414828150 totochang 414827797 44078775
414828541 44078775 414828150 totochang
414829005 totochang 414828541 44078775
414829063 60115185
414829092 60115185
414829283 4275202
414830291 ken-fang
414830881 44078775 414829005 totochang
414831950 totochang 414830881 44078775
414832089 totochang 414830881 44078775
414832813 shelley0711
414833446 44078775 414832089 totochang
414835062 52181266
414835072 41951323 414739594 lowkey7
414835678 44582555
414837629 62389913 414825877 totochang
414838895 youjingnian 414729916 50463851
414839382 totochang 414837629 62389913
414839536 totochang 414833446 44078775
414839725 44078775 414839536 totochang
414839929 totochang 414835062 52181266
414839979 totochang 414839725 44078775
414840222 64287668
414840593 44078775 414839979 totochang
414841565 totochang 414838895 youjingnian
414841570 52181266 414839929 totochang
414841625 totochang 414840593 44078775
414841722 totochang 414841570 52181266
414841847 66200546
414842024 52181266 414841722 totochang
414842239 53657085
414842264 48369524
414842315 totochang
414842649 totochang 414842024 52181266
414843812 52181266 414842649 totochang
414844887 totochang 414843812 52181266
414844985 36821305 414824968 GingerWang
414845285 36821305 414826240 wangxiaowan
414845442 36821305 414826411 44078775
414845707 36821305 414826934 chengchaoella
414846278 4690389
414846391 52181266
414847273 wangxiaowan
414847817 totochang 414846391 52181266
414848891 totochang 414847273 wangxiaowan
414849501 59098154
414852485 damenya3210
414852498 58219000
414852520 nntk 414798239 pingguopianpian
414853195 nntk 414798165 36821305
414855176 4104729
414856562 kevinjia1122
414857583 27790363
414857761 58219000 414855176 4104729
414858324 49178543
414859449 58219000 414858324 49178543
414860020 yiyuanqian 414664277 stellakim
414860116 totochang 414858324 49178543
414860190 totochang 414859449 58219000
414860504 totochang 414856562 kevinjia1122
414860565 58219000 414860116 totochang
414861473 nglei
414861704 totochang 414860565 58219000
414862047 totochang 414861473 nglei
414866661 58219000 414861704 totochang
414867526 totochang 414866661 58219000
414868729 58219000 414867526 totochang
414869226 totochang 414868729 58219000
414870877 58219000 414869226 totochang
414871392 58219000
414872180 58219000
414872494 49178543 414860116 totochang
414872900 totochang 414872494 49178543
414873211 58219000 414872900 totochang
414873915 totochang 414873211 58219000
414875072 58219000 414873915 totochang
414875173 MJWOLF
414876514 dan-s
414876560 jiajia1210
414877330 58219000 414876514 dan-s
414878119 58219000 414877330 58219000
414878519 58219000 414876560 jiajia1210
414879312 dan-s 414877330 58219000
414879634 inmall
414880728 58219000 414879312 dan-s
414882875 57454785
414883418 61006968
414885507 lowkey7 414835072 41951323
414888527 pingguopianpian 414798540 36821305
414888710 dan-s 414880728 58219000
414888773 pingguopianpian 414852520 nntk
414905540 58219000 414888710 dan-s
414925989 nglei
414927046 vison1986
414978354 36821305 414840222 64287668
414983280 41640869
414984723 36821305 414846391 52181266
414985070 36821305 414925989 nglei
414985267 36821305 414927046 vison1986
414985630 36821305 414860020 yiyuanqian
414988597 36821305 414846278 4690389
414988932 2350820
414989522 36821305 414888710 dan-s
414991472 36821305 414857583 27790363
414995486 51463651
414998318 53840218 414736611 36821305
414998375 56992253 414664277 stellakim
414998602 56992253 414798239 pingguopianpian
415002017 57383554 414737270 36821305
415003579 57383554 414995486 51463651
415004197 53091048
415004352 mars9
415004600 mars9
415009734 36821305 414995486 51463651
415010187 nglei 414985070 36821305
415010796 36821305 414883418 61006968
415010957 36821305 415010187 nglei
415011962 36966596 414746142 lowkey7
415012840 lowkey7 415011962 36966596
415013575 stellakim 414998375 56992253
415014258 56992253 415013575 stellakim
415014622 stellakim 415014258 56992253
415016159 36966596 415012840 lowkey7
415016881 lowkey7 415016159 36966596
415018885 nglei
415020165 60120536 414743744 36821305
415020514 36821305 415018885 nglei
415021986 36966596 415016881 lowkey7
415022295 nglei
415022876 delia1008
415031797 pingguopianpian 414998602 56992253
415033730 6802409 414664277 stellakim
415039555 anysunshine
415042845 36821305
415049404 48545794
415049898 4118616
415050580 1393465
415087306 58219000 414989522 36821305
415094521 dan-s 414989522 36821305
415096757 yiyuanqian 414985630 36821305
415097079 61790839
415098447 52934729
415098698 mizuki-mizuki
415101529 36821305 415098447 52934729
415101694 36821305 415087306 58219000
415101797 36821305 415094521 dan-s
415102471 53083409
415103961 dan-s 415101797 36821305
415104271 dan-s 415102471 53083409
415106973 53083409 415104271 dan-s
415107618 dan-s 415106973 53083409
415108252 53493994
415108602 63193769
415111140 52200885
415112664 36821305 415111140 52200885
415116099 52200885 415112664 36821305
415118743 53083409 415107618 dan-s
415126988 36821305
415139820 ElsaYeoh
415171696 58219000 415101694 36821305
415183276 limeimei 414846278 4690389
415184331 limeimei 414857583 27790363
415194755 4690389 415183276 limeimei
415194975 27790363 415184331 limeimei
415198250 28510459 415102471 53083409
415200845 nglei 415102471 53083409
415201767 yixiaoan
415207407 limeimei 415102471 53083409
415210742 36821305
415211487 36821305
415213671 36821305 415116099 52200885
415247480 vison1986
415253962 36821305 415247480 vison1986
415254448 58219000
415257085 vison1986 415253962 36821305
415257745 36821305 415257085 vison1986
415257800 36821305 415254448 58219000
415265725 anysunshine
415270981 36821305 415265725 anysunshine
415287959 52200885 415213671 36821305
415288825 36821305 415287959 52200885
415318805 52200885 415288825 36821305
415451303 55948475
415461460 Anyas
415469747 nglei 415461460 Anyas
415470566 Megan1218
415472409 nglei 415470566 Megan1218
415472835 MartaOrAria
415473268 nglei 415472835 MartaOrAria
415474538 36821305 415472409 nglei
415475134 nglei 415474538 36821305
415475653 36821305 415022876 delia1008
415479134 36821305 415475134 nglei
415484705 bbcheri
415513542 vison1986 415257745 36821305
415514110 33940482
415521983 delia1008 415475653 36821305
415824711 61259442
415825845 quning
415840292 Syrupious
415840938 pql295882844
415913262 nglei 415840292 Syrupious
416352660 47970876
416353898 rockicey 414662387 36821305
416354150 58443583
