414735007 52990156
414735184 55995027
414735267 ennui
414735349 57941466 414735007 52990156
414735390 26920808
414735456 56715213
414735561 54188973
414735582 55934586
414735600 neko33
414735682 13084040
414735707 57941466 414735184 55995027
414735828 64215697
414735902 ll113486
414735950 46224963
414735989 53985911
414736014 61422074
414736116 55567415
414736247 4223889
414736259 55372643
414736287 anubis.ll
414736295 57941466 414735456 56715213
414736393 39661738
414736402 2543166
414737014 57941466 414735582 55934586
414737091 55995027 414735707 57941466
414737191 56715213 414736295 57941466
414737252 50366358
414737347 57941466 414735600 neko33
414738117 57941466 414737191 56715213
414738566 64486055
414738569 57941466 414735950 46224963
414739193 57941466 414737091 55995027
414739417 55995027 414739193 57941466
414739747 57941466 414736393 39661738
414739947 junkokuraki
414742203 48908135
414742715 57941466 414736259 55372643
414742879 66986325
414743227 57716602
414743398 57941466 414739947 junkokuraki
414743581 opopopopopo 414735007 52990156
414743757 52990156 414743581 opopopopopo
414743833 57941466
414744177 opopopopopo 414743757 52990156
414744297 57941466 414739417 55995027
414744558 55995027 414744297 57941466
414744656 57941466 414743227 57716602
414744750 51541270 414735007 52990156
414745001 48908135 414743833 57941466
414745010 dsecho
414745047 52990156 414744177 opopopopopo
414745422 48908135
414745986 57941466 414744558 55995027
414746021 61559802
414746169 57941466
414746258 Capricom
414746293 57941466 414746021 61559802
414746330 opopopopopo 414745047 52990156
414746341 55995027 414745986 57941466
414746569 61559802 414746293 57941466
414746636 57941466 414746258 Capricom
414746798 48908135
414747322 58953536
414747361 57941466 414746569 61559802
414747916 chinaren0123 414747322 58953536
414747917 57941466
414748315 52990156 414746330 opopopopopo
414748454 beikabei
414748556 57941466 414747916 chinaren0123
414748629 59103798
414748667 53669812
414748767 zhaoyao0919
414749041 57941466 414746341 55995027
414749533 55995027 414749041 57941466
414749632 57941466 414748667 53669812
414750150 57941466 414748767 zhaoyao0919
414750717 57941466 414749533 55995027
414751716 ihaihr
414751764 47689006
414751969 sweetlovexiaoxi
414752094 sweetlovexiaoxi 414751716 ihaihr
414752107 shadowlui
414752923 zhaoyao0919 414750150 57941466
414753463 55995027 414750717 57941466
414753588 46134569
414753688 57941466 414751764 47689006
414754030 57941466 414752107 shadowlui
414754113 pyd_zyy
414754343 fightdurden
414754505 47689006 414753688 57941466
414754553 60161074
414755314 mentos643
414755547 32336751
414755724 57941466 414753588 46134569
414756313 2549727 414736116 55567415
414756538 57941466 414754553 60161074
414756893 57941466 414754505 47689006
414756904 63554289
414757859 56461056
414757881 66622704 414735007 52990156
415825886 57941466
415826145 57941466
415826868 52737624
415827483 57941466 415826868 52737624
415827758 66881331
415837407 48908135
415842204 watermelon520
415842441 zhaocong1015
415848961 57941466 415842441 zhaocong1015
415849761 43211084
415850769 57941466 415849761 43211084
415852300 62441318
415856796 zhaocong1015 415848961 57941466
415857021 BravestaR
415860091 57941466
415867148 37497832
415873130 57941466 415867148 37497832
415873398 windfallchen
415874355 4275202
415876530 missyps
415878731 Sayaq
415910671 jjm
415925840 ihower
415960219 lovenca 415826145 57941466
415961019 47013608
415963873 56918467
415964157 57396073 414735184 55995027
415969037 55995027 415964157 57396073
415969618 57396073 415969037 55995027
415975572 55995027 415969618 57396073
415976083 57396073 415975572 55995027
415985912 55995027 415976083 57396073
415990943 57396073 415985912 55995027
415991664 65779294
416027223 mizizi
416049869 58199590 415825886 57941466
416123786 4790191
416156464 njxule 414748667 53669812
416156622 Aslongaslove
416157413 46393188
416213337 54315349 416049869 58199590
416346074 57941466 416156622 Aslongaslove
416347039 57941466 416123786 4790191
416349164 57941466 416049869 58199590
416349548 57941466 415963873 56918467
416349741 52331848
416349879 57941466 415969037 55995027
416350207 57941466 416349741 52331848
416357708 4790191 416347039 57941466
416359895 57941466 416357708 4790191
416361015 57636395 414736116 55567415
416361209 57636395 416350207 57941466
416361592 57941466 416361015 57636395
416361959 57636395 416361592 57941466
416362086 Lee_ssang
416362874 38862896
416363264 kfcmoumou 414757859 56461056
416363283 57941466 416362874 38862896
416363976 38862896 416363283 57941466
416364072 57941466 416361959 57636395
416364524 57941466 416363976 38862896
416365479 56992253 414752107 shadowlui
416365808 50578768 414735007 52990156
416365872 57636395 416364072 57941466
416366377 66476639 414736116 55567415
416366420 38699705
416367179 38862896 416364524 57941466
416367681 freeman198964 414739193 57941466
416370596 57941466 416366420 38699705
416371834 58199590 416349164 57941466
416372066 55995027 416349879 57941466
416372105 57941466 416367179 38862896
416372460 57941466 416365872 57636395
414758188 66622704 414757859 56461056
414758677 47689006 414756893 57941466
414758743 57941466 414755547 32336751
414759101 hana0815
414759203 hanhanHH
414759274 mirage-x
414759300 1876211
414759730 57941466 414754343 fightdurden
414759918 chukaye
414760159 58826916 414746330 opopopopopo
414760337 57941466 414759300 1876211
414760506 OceansDeep
414760765 OceansDeep 414760337 57941466
414760978 52990156 414757881 66622704
414761140 64161888
414761190 dream-in-here
414761970 missif
414762104 57941466
414762807 chukaye 414762104 57941466
414763482 57941466
414764637 57941466 414761970 missif
414765146 57941466
414766249 46224963 414738569 57941466
414766268 57941466 414762807 chukaye
414767236 57941466 414766249 46224963
414767805 50476115
414768052 57941466 414757859 56461056
414768207 57941466 414756904 63554289
414768238 52234144
414768712 57941466 414767805 50476115
414768954 chukaye 414766268 57941466
414768976 miaomiaomiao612
414768982 57941466 414768238 52234144
414769024 wishingdd
414769358 57941466 414768976 miaomiaomiao612
414769663 miaomiaomiao612 414769358 57941466
414770028 4314122
414770332 miaomiaomiao612
414770484 58907483 414735007 52990156
414770898 miaomiaomiao612 414770484 58907483
414770979 57941466 414769663 miaomiaomiao612
414771764 52990156 414770979 57941466
414771889 miaomiaomiao612 414770979 57941466
414772874 43706973
414772982 46134569 414755724 57941466
414773201 57941466 414771764 52990156
414773355 49584292
414774014 57941466 414772982 46134569
414774115 52990156 414770332 miaomiaomiao612
414774469 fzc11510
414774605 57941466
414774700 miaomiaomiao612 414774115 52990156
414774978 miaomiaomiao612
414775109 3305372
414775483 50941680
414776155 58907483 414770898 miaomiaomiao612
414776364 58907483
414776486 57941466 414775109 3305372
414776885 63466463 414737014 57941466
414776990 46134569 414774014 57941466
414777259 41653428
414777279 akira2789
414777294 57941466 414776885 63466463
414777385 63466463 414776486 57941466
414777745 57941466 414777385 63466463
414778073 57941466 414776990 46134569
414778471 63466463 414777745 57941466
414778630 57941466 414777279 akira2789
414779164 57941466 414778471 63466463
414779484 ihower
414779775 63466463 414779164 57941466
414780004 yoyo621725
414780024 57941466 414775483 50941680
414780425 akira2789 414778630 57941466
414780543 46134569 414778073 57941466
414780695 57941466 414779484 ihower
414781339 57941466 414780425 akira2789
414782301 50941680 414780024 57941466
414783163 missif 414764637 57941466
414784580 32336751 414758743 57941466
414789258 53669812 414749632 57941466
414791947 2146697 414789258 53669812
414792047 2146697
414805276 57941466 414792047 2146697
414805502 57941466 414784580 32336751
414812209 66622704 414760978 52990156
415775187 huashuan
415775997 uno1234567
415778765 If_I_am_Lovett 414755314 mentos643
415779340 If_I_am_Lovett 414779484 ihower
415779486 If_I_am_Lovett
415779869 58199590
415780601 47942736
415785640 58579857 414736116 55567415
415810896 moshitiancai
415811243 icy_duor
415811274 icy_duor 415810896 moshitiancai
415812328 cat1991
415812447 57966251 414761140 64161888
415812849 lovenca
