414812151 61585370
414812413 61471121
414812431 2527969 414812151 61585370
414813162 61585370 414812431 2527969
414813324 2527969 414812413 61471121
414813368 57578366
414813966 2527969 414813162 61585370
414814937 2527969 414813368 57578366
414815365 2134241
414815745 2527969 414815365 2134241
414815999 56232079
414816213 48294645
414816425 2134241 414815999 56232079
414816461 2527969 414815999 56232079
414816829 2527969 414816213 48294645
414817119 2527969 414816425 2134241
414817173 49767506 414816461 2527969
414817533 2527969 414817173 49767506
414818467 49767506
414819277 Taillee
414821148 2527969 414818467 49767506
414821412 2527969 414819277 Taillee
414822565 49767506 414821148 2527969
414824569 2527969 414822565 49767506
414825290 61471121 414813324 2527969
414826119 isabel-rene
414826532 2527969 414825290 61471121
414827185 2527969
414827495 BeibyCherry
414827568 1711824
414827576 61471121 414826532 2527969
414827918 43999135
414828245 49767506 414824569 2527969
414830866 2527969 414827495 BeibyCherry
414830928 2527969 414827568 1711824
414831147 63020502
414831255 2527969 414827918 43999135
414831680 2527969 414831147 63020502
414832256 BeibyCherry 414830866 2527969
414833212 2527969 414832256 BeibyCherry
414833804 BeibyCherry 414833212 2527969
414834607 3387413
414835327 2527969 414833804 BeibyCherry
414835661 60331523
414835711 2527969 414834607 3387413
414835920 2527969 414835661 60331523
414836757 fanfanfantasy
414838190 2527969 414836757 fanfanfantasy
414838886 tobexn
414840271 65823663
414841427 2527969 414840271 65823663
414843834 4450967
414844788 fanfanfantasy 414838190 2527969
414846846 2527969 414843834 4450967
414848094 2527969 414844788 fanfanfantasy
414849059 4450967 414846846 2527969
414849963 2527969 414849059 4450967
414850742 4450967
414851835 2527969 414850742 4450967
414852651 2527969 414850742 4450967
414853977 2527969
414854258 4450967 414851835 2527969
414854802 65823663
414855035 65823663 414853977 2527969
414860220 2527969 414854802 65823663
414860910 2527969 414854258 4450967
414861576 65823663 414860220 2527969
414862767 2527969 414861576 65823663
414864637 66945676
414866135 2527969 414864637 66945676
415301258 nuonuo1989
415304554 i.m.possible
415383061 2527969 415301258 nuonuo1989
415383677 2527969 415304554 i.m.possible
415387067 1156611
415388663 i.m.possible 415383677 2527969
415394823 4032291
415399407 2527969 415387067 1156611
415399915 2527969 415388663 i.m.possible
415400332 2527969 415394823 4032291
415401731 60060732
415404790 2527969 415401731 60060732
415407012 60060732 415404790 2527969
415418681 38542408 415407012 60060732
415420340 chennaoxin0308
415458041 4032291
415463642 2527969 415407012 60060732
415463764 2527969 415420340 chennaoxin0308
415463837 2527969 415458041 4032291
415469326 stellaleu
415470489 2278020
415508171 2527969 415469326 stellaleu
415508601 2527969 415470489 2278020
415509301 52150243
415510914 chennaoxin0308 414830928 2527969
415514680 2527969 415509301 52150243
415515205 2527969 415510914 chennaoxin0308
415517024 chennaoxin0308 415515205 2527969
415518365 2527969 415517024 chennaoxin0308
415522927 chennaoxin0308 415518365 2527969
415659712 60060732 415463642 2527969
415660399 60060732 415418681 38542408
415908039 56610599
416049642 2527969 415908039 56610599
