414743859 darlinfish
414744295 Mr_Sein
414758430 48333978
414763149 go_sail
414763468 my88626
414768619 atommy
414769812 58019101
414771444 67008649 414743859 darlinfish
414771681 67008649 414744295 Mr_Sein
414771854 67008649 414758430 48333978
414772045 67008649 414763149 go_sail
414772545 67008649 414763468 my88626
414772743 67008649 414769812 58019101
414919691 48333978 414771854 67008649
414923696 52103840
414924148 64726485
414926672 63941098
414929649 46715234
414986401 67008649 414919691 48333978
414986597 67008649 414923696 52103840
414986759 67008649 414924148 64726485
414987234 51929881
414987443 67008649 414929649 46715234
414988088 64726485 414986759 67008649
414990281 67008649 414988088 64726485
414991205 48333978 414986401 67008649
414993823 46715234 414987443 67008649
414995864 64726485 414990281 67008649
414996745 43430166
415008327 67008649 414993823 46715234
415008823 67008649 414996745 43430166
415014616 52110209
415019607 67008649 415014616 52110209
415023589 52110209 415019607 67008649
