417041721 SANZOU
417175303 yuanlaiyaai
417192582 3034062
417306702 1390841
417652352 guaishushuluoyi
417819503 naver
417823214 54528177
417825668 43442680
417973776 startravel
418254908 3034062 417819503 naver
418538802 naver 418254908 3034062
418568201 churchwu
418568390 53580794
418570594 55998424
418571111 cheer7ove
418591215 3034062 418538802 naver
418592409 1138846
418592486 2904315
419593345 ylx
419593936 yangchengjie 418592409 1138846
419598519 59262444
419599729 42238178
419600178 61180967
419600524 50767739
419605720 64845289
419620980 66553677
419621626 35510577
419622326 52473550
419623287 58515524
419623309 freakingkid
419703975 59058413
419704654 50166173 417041721 SANZOU
419705586 54582115
419706276 54582115
419707833 SANZOU 419704654 50166173
419716383 pryo
419717339 67902870
419720674 42711214
419721656 4523655
419724570 Orange_Nation
419725878 64185400
419726876 wjsayybrwtxl
