414977251 65530987
414977341 63461601 414977251 65530987
414977418 63461601
414977502 36927127
414977939 63461601 414977502 36927127
414978706 36927127 414977939 63461601
414978977 63461601 414977502 36927127
414979215 63461601 414978706 36927127
414979298 36927127
414979654 36927127 414979215 63461601
414980300 aibayun
414981232 63461601 414979298 36927127
414981302 63461601 414980300 aibayun
415049466 43830326
415049692 43575612
415102630 1568032
415109214 futangzhi
415110839 smileminnie
415659459 63461601 415049692 43575612
415659552 63461601 415102630 1568032
415659606 63461601 415109214 futangzhi
415659714 63461601 415110839 smileminnie
415984191 1568032 415659552 63461601
415987114 52418637
415987404 4172366
416015527 63461601 415987114 52418637
416015609 63461601 415987404 4172366
416015823 63461601
416017124 66363897
416018016 63461601 416017124 66363897
416019073 Cpancakes 415659606 63461601
416019306 Cpancakes
416019466 Cpancakes 416017124 66363897
416019649 66363897
416019668 63461601
416019731 63461601
416019894 63461601 416019649 66363897
416020053 66363897
416020476 Cpancakes
416020545 63461601 416020053 66363897
416020732 wrnmlgbd
416020803 66363897 416019894 63461601
416020841 Cpancakes 416020545 63461601
416020916 63461601
416021306 66363897 416020545 63461601
416021353 63461601
416021357 Cpancakes
416021537 Cpancakes
416021885 BeibyCherry
416021949 63461601 416021306 66363897
416022213 63461601
416022242 66363897 416021949 63461601
416022304 63461601 416021885 BeibyCherry
416022604 Cpancakes 416022213 63461601
416023015 52967821
416023031 63461601
416023155 63461601 416023015 52967821
416023457 Cpancakes 416023031 63461601
416023790 BeibyCherry 416022304 63461601
416024495 63461601 416023790 BeibyCherry
416252004 52418637
416254682 zhaojili
416254978 61041059 415049466 43830326
416266942 63461601 416254682 zhaojili
416268670 50808565
416269934 zhaojili 416266942 63461601
416288243 63461601 416269934 zhaojili
416288374 63461601 416268670 50808565
416300895 50808565 416288374 63461601
416304794 53704236
416309674 futangzhi
416310082 yang7si
416313705 rushiwangyou
416321125 9836748
416329680 63461601 416304794 53704236
416329821 63461601 416313705 rushiwangyou
416330053 63461601 416310082 yang7si
416330231 63461601 416321125 9836748
416332701 rushiwangyou 416329821 63461601
416334554 63461601 416332701 rushiwangyou
416336073 lifengbin 414977418 63461601
416344233 lifengbin
416346285 65208081
416349606 sosilkke
416349766 63461601 416344233 lifengbin
416349905 63461601 416346285 65208081
416358351 65208081 416349905 63461601
416359222 rockicey
416359500 48386665
416538284 serpentv 416015823 63461601
416539528 taoyao6929
416540485 taoyao6929
416541965 53219802
416542425 10156484
416545075 41970599
416550317 Cherry-Tea
416565151 50023068
416652628 sunshineji 416349905 63461601
416655954 51775613
416656222 59811530
419967732 lost1ny
419968988 sysophie
420021268 64337151
420042459 63947136
420044697 51289692 420042459 63947136
420049357 linjessca
420049411 linjessca
418555542 chinaren0123
418557881 67813625
418558749 49789508
418582253 lost1ny
418595791 njxule
418611847 63947136
418613690 8826824
418657089 51767312
418968701 Cpancakes 416310082 yang7si
418969311 63461601
418969457 63461601
418969872 63461601
418970151 63461601
418970278 63461601
418970545 toxic717
418970695 63461601 418555542 chinaren0123
418970836 63461601 418557881 67813625
418971285 63461601 418582253 lost1ny
418971548 63461601 418595791 njxule
418972361 63461601
418972423 63461601 418970545 toxic717
418977671 52365801 418969872 63461601
418996772 51767312 418972361 63461601
419017187 toxic717 418972423 63461601
419019822 51289692
419050554 45831112
419057740 62904067
419058509 56120045
419062740 63461601 418977671 52365801
419062852 63461601 419050554 45831112
419062987 63461601 419058509 56120045
419063067 63461601 419017187 toxic717
419095795 51767312
419099447 63004570
419108753 toxic717 419063067 63461601
419110359 toxic717
419116696 36421209
419118145 65481975
419119643 toxic717
419120159 55332058
419195856 45831112 419120159 55332058
419211315 otima
419213691 MADAY
419305170 54556240
419306621 54556240
419308197 51720437
419320547 51720437
419480740 63461601 419095795 51767312
419484440 63461601
419484532 63461601 419099447 63004570
419484694 63461601 419110359 toxic717
419485262 63461601 419116696 36421209
419485415 63461601 419118145 65481975
419485901 63461601 419119643 toxic717
419486068 63461601 419120159 55332058
419486304 63461601 419213691 MADAY
419486722 63461601
419486835 63461601 419308197 51720437
419487032 63461601 419320547 51720437
419488810 51720437 419487032 63461601
419489109 63461601 419488810 51720437
419493338 54556240
419493465 toxic717 419485901 63461601
419505966 44030490
419506598 54556240
419512260 65481975 419485415 63461601
419513744 65481975
419516350 ripmasker
419518206 Monsieur_L
419527618 63367644
419530598 52365801 419516350 ripmasker
419531328 52365801
419586903 MADAY
419697974 63461601
419698064 63461601 419513744 65481975
419698372 63461601 419516350 ripmasker
419700452 63461601 419518206 Monsieur_L
419700670 63461601 419527618 63367644
419700819 63461601
419701150 63461601 419586903 MADAY
419701781 53274632
419706869 2796824
419708416 49072165
419710735 63461601 419701781 53274632
419710829 63461601 419706869 2796824
419710963 63461601 419706869 2796824
419711168 63461601 419708416 49072165
419713427 dolffei
419714136 57725549 419213691 MADAY
419733827 41874025
419735538 54556240 419697974 63461601
419741821 66707940
419743354 danmeilang471
419750116 4206261
419772389 50767739
419860660 2796824 419710963 63461601
419867471 65481975 419698064 63461601
419885999 2118281
419936991 37558707
419937489 37558707 418611847 63947136
416656607 59811530
416658373 im-w-yt
416704874 caihong911016
416711678 49825711 416565151 50023068
416720893 66541005
416842174 50355719 416652628 sunshineji
417150874 50023068 416711678 49825711
417152556 57881662
417154219 51767312
417154224 46093255
417216920 sunrisely
417302736 37558707
417304866 37558707
417305988 57819091 415659459 63461601
417466244 63461601 416359500 48386665
417466433 63461601 416538284 serpentv
417466536 63461601 416540485 taoyao6929
417467377 tooxx
417467458 49929523
417468026 63461601 416542425 10156484
417468084 63461601 416545075 41970599
417468879 63461601 416550317 Cherry-Tea
417469019 63461601 416565151 50023068
417469166 63461601 416652628 sunshineji
417469374 63461601 416655954 51775613
417469773 63461601 416658373 im-w-yt
417469876 63461601 416704874 caihong911016
417470085 63461601 416711678 49825711
417470131 63461601 416842174 50355719
417470300 63461601 417152556 57881662
417470459 63461601 417154224 46093255
417470578 63461601 417216920 sunrisely
417470850 63461601 417304866 37558707
417471040 63461601 417305988 57819091
417472163 hellokittygirlF
417473439 48805798
417474244 im-w-yt 417469773 63461601
417477050 41813841
417478489 35306776 414977939 63461601
417488840 57819091 417471040 63461601
417530432 9611209
417597504 sunshineji 417469166 63461601
417678539 51775613 417469374 63461601
417893819 10156484
417921459 63461601 417472163 hellokittygirlF
417921600 63461601 417473439 48805798
417921705 63461601 417474244 im-w-yt
417922421 63461601 417478489 35306776
417922604 63461601 417488840 57819091
417922858 63461601 417530432 9611209
417922993 63461601 417678539 51775613
417923063 63461601 417893819 10156484
417923907 smylldon
417925059 63461601
417925456 63461601
417925697 creeppin
417925777 smylldon 417925059 63461601
417926940 Jacobzebra
417972082 52365801
417972814 58341010
417989740 55332058
417990410 55332058
418062798 im-w-yt 417921705 63461601
418276976 63461601 417925777 smylldon
418277067 63461601 417926940 Jacobzebra
418277142 63461601 417972814 58341010
418278602 63461601
418278700 63461601 417972814 58341010
418279077 63461601 417989740 55332058
418279200 63461601 417990410 55332058
418279274 63461601 418062798 im-w-yt
418283432 46364111
418284280 63461601 418283432 46364111
418284744 46364111
418284896 63461601 418284744 46364111
418285598 46364111 418284896 63461601
418286755 63461601 418285598 46364111
418287795 46364111 418286755 63461601
418288206 63461601 418287795 46364111
418288443 46364111 418288206 63461601
418288833 33560968
418289059 CHeeeeer__
418289267 63461601 418288443 46364111
418289363 63461601 418288833 33560968
418289763 46364111 418289267 63461601
418290082 63461601 418289763 46364111
418292100 46364111 418290082 63461601
418292320 63461601 418292100 46364111
418292660 46364111 418292320 63461601
418292837 63461601 418292660 46364111
418295478 46364111 418292837 63461601
418299513 48386665 417469773 63461601
418300417 51767312
418300984 63461601 418299513 48386665
418301224 63461601 418300417 51767312
418302271 shijing0323
418317626 Jacobzebra 418277067 63461601
418382917 52365801 418278602 63461601
418552824 Cherry-Tea
418554997 60057049
