419102627 61161640
419113842 Freya_Yao
419116257 61161640 419113842 Freya_Yao
419116806 Freya_Yao 419116257 61161640
419118758 61161640 419116806 Freya_Yao
419142865 61161640
419174748 61161640
419175268 61238463
419175314 yangchengjie
419175657 61238463 419174748 61161640
419175746 61161640 419175314 yangchengjie
419176229 54519386
419176362 zhangxiaogou77
419176365 61161640 419175657 61238463
419177597 missmagicalmomt
419177810 5041819
419177976 justD
419178102 61161640
419178534 61161640
419178644 missmagicalmomt
419178656 61238463 419176365 61161640
419179902 61161640
419180641 5041819
419181011 61161640
419182301 66073458
419182984 61161640
419183672 blue-time
419184029 missmagicalmomt
419184495 61161640 419183672 blue-time
419184594 61161640
419185028 blue-time 419182984 61161640
419188250 61161640
419188929 49899575
419190764 61161640
419191152 61161640
419191438 61161640
419191864 59722090
419192695 61161640
419193727 Superf_cker
419193951 61161640
419194212 blue-time 419184594 61161640
419194580 61161640 419193727 Superf_cker
419195058 61161640
419195534 2795464
419197253 61161640
419197932 61161640
419198887 61161640
419199760 67714181
419200793 61161640
419201062 49899575
419201095 wangxinjiex
419202520 61161640
419203458 61161640
419205600 61161640
419205676 alison0548
419206828 61161640
419207024 4250349
419207519 61161640
419207963 61161640
419208443 61161640
419209416 flamemaster
419209802 61161640 419209416 flamemaster
419210590 flamemaster
419210720 Freya_Yao 419118758 61161640
419211416 61161640
419211517 Krystallos
419212016 Karenwon
419213667 flamemaster
419213683 61161640 419211517 Krystallos
419213908 61161640 419213667 flamemaster
419216239 61161640
419217958 Karenwon
419219788 61161640 419217958 Karenwon
419221131 57138584
419221795 42062652
419222275 42062652
419222493 euphemiax
419223681 flamemaster
419224450 YYangping
419225109 flamemaster
419225353 flamemaster
419225566 Karenwon 419219788 61161640
419226273 YYangping 419225109 flamemaster
419228135 jxj_jin
419229376 vickiffini
419232894 61161640 419222275 42062652
419233070 61161640 419229376 vickiffini
419233128 61161640 419225566 Karenwon
419233278 flamemaster
419242231 61161640
419245709 61161640 419233278 flamemaster
419270280 flamemaster
419271181 sxgnxww
419271391 sxgnxww
419327429 61161640 419271181 sxgnxww
419327488 61161640 419270280 flamemaster
419328595 61161640
419333286 46078009 419328595 61161640
419333311 flamemaster
419333762 61161640
419333881 61161640 419333311 flamemaster
419334623 lovemaybe
419334991 46078009 419333762 61161640
419336296 61161640
419336560 61161640 419334623 lovemaybe
419338557 46078009 419336296 61161640
419364611 lovemaybe 419336560 61161640
419370115 61161640 419364611 lovemaybe
419370746 60045270
419371079 61161640 419370746 60045270
419372037 60045270 419371079 61161640
419374434 61161640 419372037 60045270
419376579 60045270 419374434 61161640
419379293 2630395
419382264 zhaokj
419386881 chihuahuaD
419438568 67913922
419573846 61161640 419376579 60045270
419576130 4250349
419577701 61161640
419578364 61161640 419386881 chihuahuaD
419580440 lickerwang
419580685 61161640 419580440 lickerwang
419580865 61161640 419382264 zhaokj
419581195 61161640 419438568 67913922
419581521 chrisyan
419581750 61161640
419582127 61161640 419581521 chrisyan
419583243 chrisyan 419582127 61161640
419584053 61161640 419583243 chrisyan
419584268 61161640
419585487 2630395 419581750 61161640
419588327 61161640 419585487 2630395
419589065 2630395 419588327 61161640
419589871 venla
419590409 61161640 419589065 2630395
419590566 61161640 419589871 venla
419590723 61161640
419597630 61161640
419606584 missmagicalmomt 419597630 61161640
419606838 missmagicalmomt 419597630 61161640
419609226 GJXUN
419610667 Freya_Yao
419611665 Freya_Yao 419610667 Freya_Yao
419611872 Freya_Yao 419597630 61161640
419613166 61161640 419606838 missmagicalmomt
419613484 61161640 419606584 missmagicalmomt
419613647 61161640 419611665 Freya_Yao
419614117 61161640
419618449 66294203
419618585 61161640 419618449 66294203
419618745 66294203
419619023 61161640 419618745 66294203
419619751 66294203
419619831 66294203
419619862 66294203
419620344 61161640 419619751 66294203
419620422 61161640 419619831 66294203
419620951 66294203
419621043 61161640 419620951 66294203
419621065 66294203
419621120 66294203 419621043 61161640
419621236 61161640 419621120 66294203
419621464 dadaxiaohang
419621615 66294203 419621236 61161640
419621885 Ann4
419621893 callmetracy
419621942 61161640 419621464 dadaxiaohang
419621981 61161640 419621885 Ann4
419622080 61161640 419621615 66294203
419622597 66294203 419622080 61161640
419622661 61161640
419622664 66294203 419622080 61161640
419622695 66294203 419622661 61161640
419622843 61161640 419622664 66294203
419623446 66294203 419622843 61161640
419623536 66294203
419623600 66294203
419623810 Ann4 419621981 61161640
419627038 pallaspurple
419627698 61161640 419627038 pallaspurple
419629040 eethouth
419629095 61161640 419629040 eethouth
419629527 Karenwon
419629615 57331875
419629887 61161640 419629527 Karenwon
419629977 61161640 419629615 57331875
419630044 66294203
419630151 Karenwon 419629887 61161640
419630617 57137969
419630809 61161640 419630044 66294203
419633634 61161640 419630617 57137969
419636344 TauShu 419197932 61161640
419636401 42983044
419636773 yuriiiii
419642154 61161640 419636401 42983044
419645449 4477674
419645846 57128242
419646052 4088111
419648089 eethouth 419629095 61161640
419651056 Freya_Yao 419613647 61161640
419659796 lickerwang 419580685 61161640
419668921 61161640 419651056 Freya_Yao
419670832 Freya_Yao 419668921 61161640
419671807 61161640
419684269 66294203
419685028 61161640 419684269 66294203
419691472 4713763 419176229 54519386
419704620 17404703 419181011 61161640
419707957 4088111
419708934 54519386
419710465 4088111 419708934 54519386
419717844 61161640
419718021 61161640 419704620 17404703
419719678 3880942
419720308 61161640
419721214 3880942 419720308 61161640
419721654 61161640
419722014 3880942 419721654 61161640
419722125 61161640 419722014 3880942
419722633 48969564
419722770 3880942 419722125 61161640
419723795 61161640 419722633 48969564
419726307 48969564
419726704 61161640 419726307 48969564
419731884 17404703 419613647 61161640
419733248 61161640 419731884 17404703
419733450 17404703 419718021 61161640
419733585 17404703 419733248 61161640
419735844 61161640 419733585 17404703
419735990 61161640 419733450 17404703
419737821 63771426 419197932 61161640
419739020 61161640 419737821 63771426
419739097 17404703 419735844 61161640
419739488 61161640 419739097 17404703
419740879 17404703 419739488 61161640
419742029 17404703 419740879 17404703
419768518 63771426 419739020 61161640
419792060 61161640
419867284 dadaxiaohang 419621942 61161640
419868861 37442405
419871732 57361861
419898578 eethouth
419990602 61161640 419898578 eethouth
419990811 61161640 419867284 dadaxiaohang
419993371 42062652
419994370 61161640 419993371 42062652
419995202 42062652
419996889 61161640 419995202 42062652
420131416 rayselfishcat
420209323 55874514
