415305223 fuhaochen
415305237 ai-xiaomuwu
415305561 47079949
415305584 67384467 415305223 fuhaochen
415305700 67384467 415305561 47079949
415305810 67384467 415305237 ai-xiaomuwu
415306206 26549205
415306863 61750816
415307151 67384467 415306206 26549205
415307157 millimeter
415307327 67384467 415306863 61750816
415307501 xufanchao
415308068 67384467 415307501 xufanchao
415308213 xufanchao
415308388 26549205 415307151 67384467
415308393 67384467 415308213 xufanchao
415308686 67384467 415308388 26549205
415308742 43914805
415308786 wangmin2wangmin
415309031 67384467 415308786 wangmin2wangmin
415309208 67384467 415308742 43914805
415309432 Novembersnow
415309434 43914805 415309208 67384467
415309464 wangmin2wangmin 415309031 67384467
415309676 67384467 415309432 Novembersnow
415309824 xufanchao
415309890 Novembersnow 415309676 67384467
415310060 67384467 415309464 wangmin2wangmin
415310164 67384467 415309890 Novembersnow
415310458 67384467 415309434 43914805
415310651 67384467
415311270 43914805 415310458 67384467
415311481 62465316
415311774 67384467 415311270 43914805
415311800 xufanchao
415312047 43914805 415311800 xufanchao
415312130 2077167
415312207 43914805 415311774 67384467
415312288 67384467 415311800 xufanchao
415312465 Novembersnow 415310164 67384467
415312476 67384467 415312130 2077167
415312780 61750816
415312881 67384467 415312465 Novembersnow
415312923 26549205 415308686 67384467
415313050 67384467 415311481 62465316
415313226 2421378
415313309 Novembersnow 415312881 67384467
415313526 67384467 415312780 61750816
415313820 52029575
415313911 67384467 415313309 Novembersnow
415313945 maive
415313959 62465316 415313050 67384467
415313963 1499525
415314189 Novembersnow 415313911 67384467
415314235 61750816 415313526 67384467
415314473 67384467 415312923 26549205
415314530 61750816 415313945 maive
415314870 67384467 415314235 61750816
415315080 2421378
415315184 67384467 415314189 Novembersnow
415315261 yang7si
415316046 67384467
415316429 67384467 415313820 52029575
415316637 67384467 415315261 yang7si
415317122 67384467 415313963 1499525
415317167 52029575 415316429 67384467
415317934 18174444
415318110 67384467 415317167 52029575
415318438 67384467 415317934 18174444
415318927 yang7si 415318438 67384467
415318958 52029575 415318110 67384467
415319421 18174444 415318438 67384467
415319903 67384467 415319421 18174444
415320075 67384467 415318958 52029575
415320317 vivi512
415320331 67384467 415318927 yang7si
415320477 67384467 415320317 vivi512
415321832 67384467 415312047 43914805
415322329 67384467 415313959 62465316
415323181 yang7si 415320331 67384467
415323473 67384467 415323181 yang7si
415324445 60127860
415330247 pandaa
415334035 43914805 415320477 67384467
415334713 67384467 415334035 43914805
415335066 67384467 415324445 60127860
415336014 60127860 415335066 67384467
415336246 67384467 415330247 pandaa
415336562 67384467 415336014 60127860
415337961 60127860 415336562 67384467
415340748 2421378 415316046 67384467
415343030 67384467
415343405 superyl
415344554 67384467 415343405 superyl
415347647 53980392
415347708 53980392
415356644 67384467 415347708 53980392
415359514 53980392
415359933 kong_cc
415359947 cecily0807
415359974 kong_cc
415360115 67384467 415359514 53980392
415361280 67384467 415359947 cecily0807
415361825 naver
415362308 67384467 415361825 naver
415362608 naver 415362308 67384467
415363212 67384467 415362608 naver
415366785 46556750
415380211 2421378 415343030 67384467
415381733 67384467
415434019 3921385
415437299 maive 415314530 61750816
415486120 67384467
415490020 13084040 415437299 maive
415490897 63738178
415494202 1329159
415495008 1329159 415434019 3921385
415511932 maive 415490020 13084040
415522311 13084040 415511932 maive
415523673 67384467 415434019 3921385
415524130 67384467 415522311 13084040
415524886 enjou199
415525218 3891094
415525792 67384467
415525946 67384467 415525218 3891094
415542221 maive 415522311 13084040
415542591 maive 415524130 67384467
415544005 50058178
415583672 3921385 415495008 1329159
415587996 immortal_3
415608843 1329159 415583672 3921385
415609925 tentwofour
415610275 tentwofour
415611900 67384467 415610275 tentwofour
415612125 67384467 415544005 50058178
415612300 50058178
415612406 67384467 415542591 maive
415612484 tentwofour 415611900 67384467
415612604 67384467 415612300 50058178
415613528 67384467 415612484 tentwofour
415613953 67384467 415587996 immortal_3
415671285 3921385 415608843 1329159
417491368 67548501
417491518 67548501 415305584 67384467
417491672 67548501 415309031 67384467
417491907 45904248
