415292246 dolffei
415292721 63020393
415292813 63020393
415294202 48884401
415294748 63020393
415295246 1469357
415296562 ryoyuma
415297131 43279805 415296562 ryoyuma
415297482 63020393
415298279 ryoyuma 415297131 43279805
415301648 63020393
415301963 1429499
415302306 67337456 415301648 63020393
415302400 43279805 415298279 ryoyuma
415304485 49968854 415302400 43279805
415304770 49968854 415301648 63020393
415305022 62465316
415307624 57107983
415307704 63020393
415307948 63020393
415833419 63020393 415305022 62465316
