415327668 62622915
415327952 50509232
415328132 59481393
415328484 50886698
415328569 Yuki.F
415328713 2600403
415329003 39292675
415329371 lilianwen
415329780 sasdad
415331122 2510124
415331178 66086957
415331371 62839760
415331638 61091318
415331903 67597514
415333348 67597514 415328132 59481393
415333497 67597514 415328484 50886698
415334158 50509232 415331903 67597514
415334977 67597514
415335003 58917178
415336412 50509232
415337423 boingboing 415333497 67597514
415337840 67597514
415338136 andrecrcx
415338265 50509232 415337840 67597514
415338522 50509232 415338265 50509232
415338669 50509232
415339784 67597514 415331178 66086957
415340458 67597514
415340966 67597514 415331371 62839760
415341471 yanniyanni
415342721 39292675
415343729 55809728
415343897 67597514 415338136 andrecrcx
415343997 44675044
415345561 37436434
415345690 andrecrcx
415345779 hmy1991
415349653 67597514
415351011 67597514 415345561 37436434
415354451 4523655
415356095 67597514 415345779 hmy1991
415360308 peoplehaha
415361425 67597514
415362328 hmy1991
415365037 67597514
415365300 48091138
415366310 L_memo
415367540 peoplehaha 415365037 67597514
415368554 53966317
415368832 67597514
415371023 67597514 415367540 peoplehaha
415371952 67597514 415368554 53966317
415372359 39833775
415377318 peoplehaha 415371023 67597514
415378305 1156611
415380434 64004197
415380560 64004197
415387650 41126957
415409756 53966317 415371952 67597514
415411956 starlee
415712631 fenbixiaoxin
415716688 kappa
415718353 annielovepink
415760335 66086957
415772688 zhaojili
415775999 41640869
415780363 62252246
415781485 qryousity
415782728 floragarfield
415782778 whatsthelullaby
415791587 3350783
415792499 zj0208
415793718 53498388
415797864 nathaliema
415799167 45694353
415799812 luckyzhl
416063312 67597514 415377318 peoplehaha
416068042 67597514
416069103 67597514 415380560 64004197
416069286 67597514
416069817 67597514 415712631 fenbixiaoxin
416070195 67597514 415716688 kappa
416071381 67597514 415718353 annielovepink
416071519 67597514 415760335 66086957
416072493 67597514 415772688 zhaojili
416072577 whoiswhosewho
416072702 67597514 415782728 floragarfield
416072918 38365301
416073713 x550xt
416073808 67597514 416072577 whoiswhosewho
416073831 46380510
416074187 67597514 416072918 38365301
416074589 67597514 416073713 x550xt
416075081 x550xt 416074187 67597514
416075406 x550xt
416075449 hmy1991 416073808 67597514
416078593 67597514 415797864 nathaliema
416079890 67597514 416075406 x550xt
416080367 x550xt
416080584 67597514 416075449 hmy1991
416081098 hmy1991 416080584 67597514
416081142 67597514 415799167 45694353
416081182 3583797
416081507 peoplehaha
416081585 67597514
416081839 67597514 416080367 x550xt
416082759 peoplehaha 416081182 3583797
416083399 46564815
416084389 67597514 416081182 3583797
416085170 zhaojili
416086085 67597514 416081507 peoplehaha
416087187 67597514 416082759 peoplehaha
416088516 67597514 416085170 zhaojili
416088982 kuris
416090519 67597514 416088982 kuris
416107281 peoplehaha 416087187 67597514
416107578 peoplehaha 416090519 67597514
416182232 wangshuyi
416186612 annielovepink 416071381 67597514
416190113 zhengzexiong
416192287 lulusheep
416192895 58457200
416195623 67597514
416196356 chengzidouban 416074187 67597514
416207022 x550xt
416246278 tide1029
416456318 66020765
416457275 56109490
416479499 peoplehaha 416207022 x550xt
416479740 x550xt 416479499 peoplehaha
416480414 58826916
416480575 45694353 416081142 67597514
416481607 errol
416482051 jjm
416482071 lessnaim
