415555500 xionggulu
415555628 girl_9
415555750 64088731 415555500 xionggulu
415555815 64088731 415555628 girl_9
415555848 50035464
415556040 SHITTT
415556140 oisheng
415556210 Particle.ma
415556250 64088731 415555848 50035464
415556470 14912700
415556508 64088731 415556040 SHITTT
415556739 64088731 415556140 oisheng
415557024 64088731 415556470 14912700
415557362 44484770
415557369 53324877
415557424 50035464 415556250 64088731
415557928 50035464
415558417 64088731 415557369 53324877
415559150 64088731 415557362 44484770
415559206 64088731 415557424 50035464
415559276 oisheng
415559337 Aretha
415559451 64088731 415557928 50035464
415559468 50035464 415559206 64088731
415559797 64088731 415559337 Aretha
415560019 64088731 415559276 oisheng
415560553 64088731 415559468 50035464
415607333 58256168
415619948 57687603
415621234 36786852
415624859 66476639 415607333 58256168
415626520 49661986
415627981 Breathe_away 415624859 66476639
415628337 luckycll
415628831 66476639 415627981 Breathe_away
