415626157 4734021
415627366 m1ng-
415627722 lovelykitty
415628193 4734021
415628532 4734021 415627722 lovelykitty
415628653 61616673 415627722 lovelykitty
415629011 lovelykitty 415628532 4734021
415629181 m1ng- 415628193 4734021
415629288 lovelykitty 415628653 61616673
415631105 4734021 415629011 lovelykitty
415631549 irisxtq 415629288 lovelykitty
415631920 4734021 415629181 m1ng-
415632366 4734021
415632802 outman1020
415633208 m1ng- 415631920 4734021
415633764 4734021 415632802 outman1020
415634019 lovelykitty 415631105 4734021
415634108 4734021
415634313 outman1020 415633764 4734021
415634618 4734021 415634019 lovelykitty
415634789 lovelykitty
415635054 4734021 415634313 outman1020
415635575 51280791
415635643 lovelykitty 415634618 4734021
415636078 4734021 415635575 51280791
415636214 dingding6002
415636461 67462551
415636761 4734021 415635643 lovelykitty
415637203 4734021 415636461 67462551
415637910 m1ng- 415634108 4734021
415638428 su3lee
415639044 4734021
415639085 irisxtq 415634789 lovelykitty
415639107 crackers 415627722 lovelykitty
415639573 irisxtq 415632366 4734021
415640038 4734021 415639573 irisxtq
415641043 interview3
415641974 irisxtq 415640038 4734021
415642513 mmdmdd 415627722 lovelykitty
415643565 lenasang
415644285 caseylove
415644936 51860391
415645112 4734021 415643565 lenasang
415647361 huashuan 415635643 lovelykitty
415654430 lovelykitty 415639107 crackers
415654678 lovelykitty 415642513 mmdmdd
415655558 43510744
415656151 4734021 415655558 43510744
415656329 4734021 415654430 lovelykitty
415658173 lovelykitty 415656329 4734021
415660067 4734021 415658173 lovelykitty
415661241 lovelykitty 415660067 4734021
415663237 3556636
415665172 4734021 415661241 lovelykitty
415667162 59295975
415667553 57756770
415668353 lovelykitty 415665172 4734021
415669998 55422332
415670849 Amymy
415671054 Amymy
415671547 46824904
415671665 46824904
415672296 36932015
415672695 60833269
415672860 4734021 415668353 lovelykitty
415673489 4734021 415671665 46824904
415673781 alvivi
415674079 4734021 415673781 alvivi
415674327 alvivi 415674079 4734021
415674762 4734021 415674327 alvivi
415675245 67462551
415675512 4734021 415675245 67462551
415676071 lovelykitty 415672695 60833269
415676175 67462551 415675512 4734021
415676356 zzzzaogao
415676453 alvivi 415674762 4734021
415676640 4734021 415676356 zzzzaogao
415676883 4734021 415676175 67462551
415676990 4734021 415676453 alvivi
415677173 42922688
415677476 oranzhi
415677924 4734021
415678195 dontfuckme
415684171 4734021 415678195 dontfuckme
415686914 52074006
415689681 33333334 415627722 lovelykitty
415691255 lovelykitty 415689681 33333334
415693643 55329948
415695551 46824904 415673489 4734021
415698383 NO2HeAvEn
415699342 4734021 415695551 46824904
415699514 4734021
415699796 46379813
415701310 3917852
415702922 sherry1991
415705183 missmogu
415708341 46824904 415699342 4734021
415708437 63114619 415701310 3917852
415710549 mtqad
415714611 nawm 415635643 lovelykitty
415717158 4734021 415708341 46824904
415829225 4734021
415830512 50215155
415831144 4734021 415830512 50215155
415832425 48786558
415835473 lemon1991 415643565 lenasang
415837032 4734021 415835473 lemon1991
415837295 47224002
415838370 53629515 415627722 lovelykitty
415839077 4734021 415837295 47224002
415842466 IIIsland
415843229 47224002 415839077 4734021
415860022 50215155 415831144 4734021
415864528 57934966 415654678 lovelykitty
416013720 lovelykitty 415838370 53629515
416014278 lovelykitty 415864528 57934966
416029599 mizizi
416034448 50498681
416041012 4734021 415860022 50215155
416041280 4734021
416043855 55951542
416070551 35197929
416261137 60833269 415676071 lovelykitty
416263649 su3lee
416265502 53629515 416013720 lovelykitty
416270211 45171799
416964291 50864574
416967622 63545831 415634789 lovelykitty
416970641 63545831
416988561 41595553
416989023 4734021 416988561 41595553
416997673 lovelykitty 416967622 63545831
417015060 41595553
417570320 zililynn 416997673 lovelykitty
417574499 lovelykitty 417570320 zililynn
417574984 zililynn 417574499 lovelykitty
417575820 lovelykitty 417574984 zililynn
417577729 59197841
417581395 48601577
417584379 50326122 416070551 35197929
417612935 58838622 415634019 lovelykitty
417615880 66224322 417584379 50326122
417616349 3921385
417618483 54008336 415701310 3917852
417620068 35197929 417584379 50326122
417622028 3513225 417575820 lovelykitty
417628674 42854148
417649620 64594244
417652287 14633333
417689729 36068231
417707841 50326122 417615880 66224322
417713076 66224322 417707841 50326122
417739848 34090878
417741710 ichbindora 417584379 50326122
417741907 ichbindora 417713076 66224322
417743187 59481797
417746018 58923026
417746768 27462924
417749108 51833254
417752121 powderblue
417752458 precious1
417794433 50326122 417741710 ichbindora
417796782 4734021 417794433 50326122
417803728 50326122 417796782 4734021
417807835 4734021 417803728 50326122
417835249 50326122 417807835 4734021
417889775 52033272 415627722 lovelykitty
