415564290 dashizi
415564379 44562777
415564543 43949764
415564556 61631073
415564800 57687603 415564556 61631073
415564837 61315088
415564892 64504083
415565197 45790778
415565277 32067717
415565365 63947136
415565403 46519089 415564556 61631073
415565475 44562777 415565197 45790778
415565901 46657828
415567007 61315088
415567781 57341520
415568124 laalaalaa 415567781 57341520
415568614 angusfox
415569035 32067717
415569857 42940452
415570553 laalaalaa 415568614 angusfox
415571466 angusfox
415572281 dashizi
415572395 angusfox
415572560 laalaalaa 415572281 dashizi
415572806 52672091
415573318 angusfox
415573354 52967821
415573367 laalaalaa
415573517 laalaalaa 415573318 angusfox
415573636 laalaalaa 415573354 52967821
415573741 49125515
415573815 47477458
415574142 52672091 415573367 laalaalaa
415574268 mrmu 415570553 laalaalaa
415574384 laalaalaa 415573741 49125515
415574453 laalaalaa 415574268 mrmu
415574560 laalaalaa 415573815 47477458
415574619 angusfox
415574787 4611612
415574905 laalaalaa 415574619 angusfox
415575058 laalaalaa
415575113 keropy
415575205 angusfox
415575275 MADAOPANDA
415575400 52967821
415575424 laalaalaa 415575205 angusfox
415575659 angusfox
415576576 52672091
415576642 angusfox
415576957 47477458 415574560 laalaalaa
415577244 laalaalaa
415577708 lanshanyy 415574384 laalaalaa
415577752 angusfox
415578498 52672091 415577244 laalaalaa
415578779 oneandtwotwo 415574384 laalaalaa
415578969 52967821
415579777 draxz
415580452 draxz
415580794 laalaalaa 415580452 draxz
415581435 angusfox
415581925 laalaalaa 415581435 angusfox
415581960 lowkey7
415582126 laalaalaa 415578969 52967821
415583386 angusfox
415584113 59248364
415584309 laalaalaa 415584113 59248364
415585185 61664732
415586120 hi_Gsummer
415586254 justforsp
415586337 49125515 415574384 laalaalaa
415586566 robin-fei
415588234 2521947
415588533 61506982
415590092 heyaoniming3000
415591863 66623439
415593155 56774551
415594397 yellowbananas
415595431 44345419
415595982 52729346 415574384 laalaalaa
415596911 foolsnow
415597439 51547181
415598945 luodachuan
415599166 lizao1992
415601037 robbie1113
415602308 eternityzing
415605589 wuhanna
415606551 59248364
415608020 adagao
415608320 49661986
415609228 3443495 415574384 laalaalaa
415609508 58386206
415610381 14324106
415612305 wuhanna
415613850 61498814
415614210 67575073
415614990 66676726
415630079 52967821
415644081 58917178
415645780 58917178
415656907 joyjoy123
415657118 unnamed100
415657727 45247851
415660247 likeat
415695067 laalaalaa 415657118 unnamed100
415696137 laalaalaa 415645780 58917178
415696583 laalaalaa
415759346 pomumu
415760823 48802545 415574384 laalaalaa
415786111 58058431
415787937 55787367
415796080 67486871
416397585 65266620
416702361 if_else 415695067 laalaalaa
417162292 philguo
417187784 unknown2825 415759346 pomumu
417188683 aiwanghao
417189300 zhuhengheng
417189779 domino320
417190469 hooibe
417190871 57525962
417191006 mans
417191331 kaykayk
417192350 cfachan
417194960 dpx
417241900 60267095
417248529 xoxxooxxoxxxxox 415568124 laalaalaa
417331840 gentlemonster
417334027 YoungLong
417334197 53430048 415574384 laalaalaa
417335537 59180946
417336376 43217204
