415643611 52594294
415645625 zjyw_
415646271 winter198211
415646507 1880887
415646672 2036864
415646858 Hedy_z 415646507 1880887
415649793 48642213 415645625 zjyw_
415649933 67017697
415650025 48642213 415646672 2036864
415650446 48642213 415649933 67017697
415650492 DOLant
415651124 45363271
415651268 45363271
415652749 huozhaieve
415652815 48642213
415653096 48642213 415651268 45363271
415653316 1308958
415653448 50058178
415653947 45702272
415654372 48642213 415651124 45363271
415654642 48642213 415646271 winter198211
415654713 45363271
415654998 zjyw_
415655534 48642213 415654713 45363271
415655659 5643394
415655817 48642213
415657105 29290250
415658135 zjyw_ 415653947 45702272
415658345 52537910
415664755 45363271
415673586 45702272 415658135 zjyw_
415688642 zjyw_ 415673586 45702272
415703181 45702272 415688642 zjyw_
415720419 winter198211 415654642 48642213
415720706 demoniac
415736499 zjyw_ 415703181 45702272
415737872 robin-fei 415736499 zjyw_
415740227 45363271 415720706 demoniac
415740460 45363271 415703181 45702272
415756981 rala
415824627 demoniac
415825615 45702272 415736499 zjyw_
415825709 45702272 415740460 45363271
415827529 zjyw_ 415825615 45702272
415829110 sophiejf
415830453 45702272 415827529 zjyw_
415830689 zjyw_ 415830453 45702272
415830752 zjyw_ 415829110 sophiejf
415831002 sophiejf 415830752 zjyw_
415831358 apeisme
415832076 45702272 415830689 zjyw_
415832398 60390375
415832975 zjyw_ 415832076 45702272
415833280 45363271 415832076 45702272
415833352 zjyw_ 415831358 apeisme
415833571 45363271 415831002 sophiejf
415833603 zjyw_ 415831002 sophiejf
415837603 45702272
415838317 45702272 415833280 45363271
415838369 zjyw_ 415837603 45702272
415840722 45702272 415838369 zjyw_
415841026 zjyw_ 415840722 45702272
415842605 45363271 415838317 45702272
415843327 45702272 415841026 zjyw_
415843923 58536324
415844004 zjyw_ 415843327 45702272
415844605 sisidayemener
415845511 45702272 415842605 45363271
415847188 45702272
415847888 zjyw_ 415847188 45702272
415848825 45702272
415849441 45702272
415849858 49055885
415851188 zjyw_ 415849441 45702272
415851430 34659679
415851995 sophiejf 415833603 zjyw_
415852350 sophiejf 415833571 45363271
415852946 zjyw_ 415851995 sophiejf
415853277 zjyw_ 415851430 34659679
415854029 sophiejf 415852946 zjyw_
415854431 30519149 415849441 45702272
415855119 45702272 415851188 zjyw_
415855265 34659679
415855395 47013608
415855845 liujing52076
415856147 zjyw_ 415855119 45702272
415856492 45702272 415854431 30519149
415856524 zjyw_ 415854029 sophiejf
415856839 liujing52076
415857340 sophiejf 415856524 zjyw_
415857584 45702272 415856147 zjyw_
415857664 nala-sheng 415830752 zjyw_
415858592 43794677
415858870 30519149 415856492 45702272
415858943 eunhaedictator
415859573 35389815
415860475 zjyw_ 415857584 45702272
415861063 zjyw_ 415857664 nala-sheng
415862081 zjyw_ 415858592 43794677
415862098 dadasshen
415862265 zjyw_ 415859573 35389815
415864223 45363271
415864345 45363271 415862265 zjyw_
415864899 aboutUs
415866015 nala-sheng
415866890 45363271
415867494 45363271 415866015 nala-sheng
415868913 zjyw_ 415866015 nala-sheng
415870634 lazy-country 415824627 demoniac
415870908 GAMEEQUATOR
415872830 58225373
415874864 48642213 415652749 huozhaieve
415880448 aboutUs 415866890 45363271
415883768 45281430
415885012 43794677
415885193 baohuici
415886466 zjyw_ 415885012 43794677
415886925 zjyw_ 415885193 baohuici
415887236 48642213 415646507 1880887
415887413 baohuici
415888002 zjyw_ 415887413 baohuici
415888250 baohuici 415888002 zjyw_
415888270 iricy
415888296 zjyw_ 415887236 48642213
415888301 52340730
415888896 mesic
415889106 mesic
415890351 48642213 415653316 1308958
415890452 45363271 415885193 baohuici
415890739 45363271 415889106 mesic
415890973 48642213 415653448 50058178
415891222 45363271
415891334 48642213 415653947 45702272
415892204 iricy 415891222 45363271
415892721 48642213 415654713 45363271
415892874 52481628
415894344 48642213 415654998 zjyw_
415894773 camelliacoco7
415896079 zjyw_ 415892874 52481628
415896364 48642213 415655659 5643394
415896684 zjyw_ 415894344 48642213
415898162 48642213 415657105 29290250
415898271 45363271 415892204 iricy
415898351 zjyw_
415898412 45363271 415892721 48642213
415898882 45363271 415892874 52481628
415899159 64660771
415899263 seven1016
415899410 48642213 415896684 zjyw_
415899453 52481628 415898882 45363271
415905171 iricy 415898271 45363271
415905872 65755000
415912154 huozhaieve
415915395 58398882
415918267 45363271 415905872 65755000
415919085 45363271 415915395 58398882
415921970 48642213 415658345 52537910
415923058 48642213 415720706 demoniac
415927044 48642213 415736499 zjyw_
415927888 zjyw_ 415927044 48642213
415928243 48642213 415829110 sophiejf
415929292 48642213 415756981 rala
415930127 48642213 415831002 sophiejf
415947806 sophiejf 415930127 48642213
415951554 48642213 415831358 apeisme
415952952 48642213 415832076 45702272
415955004 48642213 415832398 60390375
415956900 rala 415929292 48642213
415957116 48642213 415833280 45363271
415960574 45363271 415957116 48642213
415961380 3442303
415961907 48642213 415838317 45702272
415963202 48642213 415843923 58536324
415963481 45363271 415961380 3442303
415964410 48642213 415844605 sisidayemener
415966033 3442303 415963481 45363271
415966443 48642213 415849858 49055885
415967087 45363271 415966033 3442303
415967437 3442303 415967087 45363271
415967471 48642213 415851430 34659679
415967763 3442303 415967087 45363271
415967990 48642213 415653448 50058178
415968483 45363271 415967437 3442303
415969196 62489689 415887236 48642213
415969214 48642213 415854431 30519149
415971023 3442303 415968483 45363271
415971549 48642213 415855119 45702272
415972484 48642213 415855265 34659679
415974270 48642213 415855395 47013608
415975697 48642213 415855845 liujing52076
415977274 45363271 415971023 3442303
415977853 48642213 415857664 nala-sheng
415979111 katie0220
415979943 48642213 415858592 43794677
415981011 29290250 415898162 48642213
415981275 48642213 415859573 35389815
415981943 45363271 415981275 48642213
415981988 45399372
415982209 45363271 415977853 48642213
415983298 45363271 415979111 katie0220
415984804 48642213
415985525 48642213 415862265 zjyw_
415985818 zjyw_
415986045 zjyw_ 415985525 48642213
415999655 48642213 415864223 45363271
416001522 48642213 415864223 45363271
416001924 48642213 415864345 45363271
416004897 45363271
416006066 45363271
416006348 48642213
416007510 48642213
416008776 48642213 415866890 45363271
416010290 48642213
416010684 48642213 415888296 zjyw_
416011281 48642213 415888301 52340730
416011670 45378784
416011810 48642213 415889106 mesic
416012032 52340730 416011281 48642213
416012074 rumo
416012740 48642213 415892874 52481628
416015266 48642213 415981011 29290250
416015739 48642213 415981943 45363271
416016646 45363271 416015739 48642213
416016850 48642213 416012074 rumo
416020505 rumo 416016850 48642213
416021037 felizfelize
416022417 4547726 415655659 5643394
416026777 aboutUs
416030918 45702272 415860475 zjyw_
416033452 45702272 415891334 48642213
416034005 45702272 415858870 30519149
416034783 45702272
416035799 sisidayemener 415964410 48642213
416038635 45702272
416042969 rala 416034783 45702272
416045261 45831112
416045268 45702272 416042969 rala
416047412 rala 416045268 45702272
416053192 45702272 416047412 rala
416053242 heavyline
416057371 3957451
416120573 29290250 416015266 48642213
416132727 apeisme 415951554 48642213
416190859 48642213 415899159 64660771
416191212 48642213 416057371 3957451
416191771 48642213 416053242 heavyline
416191985 48642213
416193558 IEVIEI
416195221 48642213 416021037 felizfelize
416198137 48642213 416193558 IEVIEI
416198578 48642213 416020505 rumo
416199343 IEVIEI
416199645 48642213
416201026 12197148
416201061 rala
416201774 felizfelize 416195221 48642213
416201950 ninemo
416202090 48642213 415894773 camelliacoco7
416202996 48642213 416202090 48642213
416204872 48642213 416201774 felizfelize
416205374 felizfelize 416204872 48642213
416209991 48642213
416210733 heavyline 416191771 48642213
416211557 48642213 416201950 ninemo
416212860 rala
416213560 rala 416053192 45702272
416214901 45378784 416199645 48642213
416215221 4719474
416216825 48642213 415898351 zjyw_
416217783 57007520
416218033 48642213 416215221 4719474
416219343 48642213
416219714 45378784 416219343 48642213
416220020 57007520
416220244 67307807
416220643 4719474 416218033 48642213
416223078 48642213 415915395 58398882
416223710 48642213
416227809 48642213 416220244 67307807
416228294 63878186
416228477 48642213 416220643 4719474
416228674 48642213 416228294 63878186
416229209 59740608
416229216 cutmark
416230228 48642213
416230632 48642213 416229209 59740608
416232091 59740608
416232448 48642213 416229216 cutmark
416232545 48642213 416232091 59740608
416232743 59740608 416232545 48642213
416232928 59740608 416229216 cutmark
416233400 14662921
416234592 58398882
416235894 48642213 416234592 58398882
416236220 48642213 416232928 59740608
416236482 59740608 416236220 48642213
416236719 48642213 416233400 14662921
416237862 54336998
416239042 48642213
416239105 59002917
416239132 59002917
416239134 46098936
416239161 46098936 416239132 59002917
416239590 54336998
416239692 59002917 416239161 46098936
416239744 57930867
416239785 48642213 416228294 63878186
416240886 48642213
416242981 54336998 416240886 48642213
416246089 sweetmint 415840722 45702272
416250168 48642213 416239744 57930867
416250483 48642213
416252171 sweetmint
416253670 48642213
416254355 48642213 416252171 sweetmint
416254638 61088432
416255966 57930867 416250168 48642213
416257937 48642213 415979111 katie0220
416259078 4336349
416262122 sweetmint
416262301 sweetmint
416264424 48642213 416262122 sweetmint
416264942 sweetmint 416264424 48642213
416267503 48642213 416004897 45363271
416267942 48642213
416270567 TVXQSYJ
416272557 48642213 416270567 TVXQSYJ
416272848 45702272 416213560 rala
416273141 45702272 416246089 sweetmint
416273702 64660771 416190859 48642213
416274521 rala 416272848 45702272
416275433 45831112 416191985 48642213
416278291 57478000
416279334 TVXQSYJ
416281657 48642213 416273702 64660771
416282611 48642213 416278291 57478000
416282921 48642213 416279334 TVXQSYJ
416287457 hakiy
416287584 64660771
416291656 48642213
416339313 45702272 416274521 rala
416340841 rala 416339313 45702272
416378045 45702272 416340841 rala
416379078 65755000
416386202 64374283
416394256 3957451 416191212 48642213
416394698 rala 416378045 45702272
416396863 ninemo 416211557 48642213
416398975 45702272 416394698 rala
416635522 rala 416250168 48642213
416637798 pleasecyy
416645120 47795306
417146607 67307807
417188361 48642213 416379078 65755000
417189398 48642213 417146607 67307807
417191098 48642213 416645120 47795306
417194061 34046862
417202079 48642213 417194061 34046862
417207037 34046862 417202079 48642213
417211124 48642213
417214306 34046862
417754888 ninemo
417761841 1044719
