415741777 ai-xiaomuwu
415742843 48176017 415741777 ai-xiaomuwu
415753001 3034062
415786571 48176017
415788254 2773167
415789289 wonderful_ones
415789506 48176017 415788254 2773167
415790090 48176017 415789289 wonderful_ones
415791433 wonderful_ones
415793400 40590426
415795679 48176017 415791433 wonderful_ones
415795988 48176017 415793400 40590426
415798774 40590426 415795988 48176017
415830281 48176017 415798774 40590426
415854295 40590426 415830281 48176017
415884674 58917178
415885965 48176017 415854295 40590426
416534424 46039010
416535456 48176017 416534424 46039010
416669124 46039010 416535456 48176017
416789452 48176017 416669124 46039010
416824540 46039010 416789452 48176017
417095429 66849448
417101434 48176017 417095429 66849448
417103017 66849448 417101434 48176017
