415777342 50811004
415777681 34630722
415777687 60038512
415777758 3220198
415777836 2481602
415778016 pulapulla
415778056 2252419
415778251 54276757
415778306 Seele_Leib
415778412 26659176
415778426 51564571
415778467 45942462 415777681 34630722
415778582 4898393
415778652 45942462 415778056 2252419
415778707 66106823
415778829 dougan
415778875 37436434
415778975 64161888
415778984 45942462 415778582 4898393
415779149 summer0507
415779166 50256752
415779245 45942462 415778707 66106823
415779288 64574402
415779516 42114496
415779540 45942462 415779149 summer0507
415779567 66106823 415779245 45942462
415779765 45942462 415779166 50256752
415779983 45942462 415779567 66106823
415780034 53874495
415780246 45942462 415779516 42114496
415780341 queer2
415780758 tou0306
415780882 45942462 415780341 queer2
415781556 65597134
415781773 45942462 415781556 65597134
415782653 60920388
415782672 chocmao
415782795 xfting007
415782840 49968854
415783076 64797043
415783162 45942462 415782795 xfting007
415783238 49968854 415782653 60920388
415783387 48884401
415783505 50256752
415783599 49274670
415783714 amie1031
415784043 60522233
415784077 66674322
415784168 26510989
415784180 45942462 415783714 amie1031
415784232 misrbb
415784279 52660132
415784987 45942462 415784232 misrbb
415785133 senmor
415785873 july0707
415786023 amie1031 415784180 45942462
415786082 ss0305dd0812
415787222 49938909
415787295 soongdi
415787497 47120473
415787892 LoLiTa_8
415788252 58065315
415788511 59541594
415789259 35160721
415790317 47327978
415797571 lianxiaohong
