415834875 64078643
415835214 48369524
415835496 ochung
415836046 67559181 415834875 64078643
415836219 67559181 415835496 ochung
415836688 64078643
415836872 64924268
415837282 lordovldemort 415836872 64924268
415838115 67559181 415836688 64078643
415838427 67559181 415837282 lordovldemort
415838637 67559181 415836872 64924268
415838662 LUODANWHY
415839120 67559181 415838662 LUODANWHY
415839165 58824428
415839447 67559181
415839535 67559181 415839165 58824428
415840201 67559181
415840405 58824428 415839535 67559181
415840508 67559181
415840598 67559181 415840405 58824428
415841207 67559181
415841448 lordovldemort
415842504 58824428 415840598 67559181
415842951 67559181
415843191 67559181 415842504 58824428
415843587 58824428 415843191 67559181
415846844 ssssssstarry
415847191 Cason777
415848514 doris_teng
415848914 2137056
415871180 ochung 415836219 67559181
415871539 ochung 415848914 2137056
415872017 angusfox
415922438 LUODANWHY 415839120 67559181
415923632 52374945 415871539 ochung
415968667 64924268 415839120 67559181
415969326 63612878
415969641 41486105 415871180 ochung
415979711 45790778 415969326 63612878
415986502 67559181 415846844 ssssssstarry
415986872 67559181 415848514 doris_teng
415987035 67559181 415871180 ochung
415987057 kirin.hu
415987109 lordovldemort
415987483 67559181 415847191 Cason777
415988145 doris_teng 415986872 67559181
415988409 67559181 415872017 angusfox
415988928 61386161
415988969 67559181 415988145 doris_teng
415989808 67559181 415988928 61386161
415995260 ssssssstarry
415996550 67559181 415995260 ssssssstarry
416001410 ssssssstarry 415996550 67559181
416001693 50058178
416002667 67559181
416002808 67559181 416001693 50058178
416008739 50058178
416012990 67559181 416008739 50058178
416013156 50058178 416012990 67559181
416013708 67559181 416013156 50058178
416013978 50058178
416015193 63645704
416016354 2228057
416016592 cindylovealex
416017380 2738938
416024120 67559181 416016354 2228057
416024644 67559181 416017380 2738938
416024867 67559181 416015193 63645704
416025308 67559181 416016592 cindylovealex
416025775 cindylovealex 416025308 67559181
416036575 angusfox 415988409 67559181
416036854 50920155
416037209 50920155
416060126 53739791
416060396 x550xt
416062001 2738938 416024644 67559181
416083159 67559181 416037209 50920155
416083501 67559181 416060396 x550xt
416083671 67559181 416060126 53739791
416083834 67559181 416036854 50920155
416084801 ochung 415969641 41486105
416088432 MILKk.
416116565 51564571
416168280 53739791 416083671 67559181
416168292 56028983
416180297 67559181 416116565 51564571
416180364 67559181 416168292 56028983
416180387 67559181 416168280 53739791
416183298 53739791
416188931 67559181 416183298 53739791
416189853 lete
416190538 67559181 416189853 lete
416194104 43211084 416002667 67559181
416194436 67559181 416194104 43211084
416197206 63598326 415834875 64078643
416198262 63598326
416201079 67559181 416198262 63598326
416366578 67559181
416481213 53739791 416188931 67559181
416530712 67559181 416481213 53739791
416616696 50920155 416083159 67559181
416712394 53739791 416530712 67559181
416713903 4723969
416879572 67559181 416616696 50920155
416879790 67559181 416712394 53739791
416879988 67559181 416713903 4723969
416896962 53739791 416879790 67559181
416897648 feijidapao
417016652 67559181 416897648 feijidapao
417017394 tazi
417073302 52211596
417078553 lessnaim
417149546 67559181 417078553 lessnaim
417149562 67559181 417073302 52211596
417149593 67559181 417017394 tazi
417693342 lessnaim 417149546 67559181
417699829 41802928
417703379 41927865
417870626 67559181 417693342 lessnaim
417871152 67559181 417703379 41927865
417871654 67559181 417699829 41802928
417874248 ginnyG
417889996 41927865 417871152 67559181
417922381 64647406
417922823 46933510
417923148 lessnaim 417870626 67559181
418373802 67559181 417922823 46933510
418374014 67559181 417874248 ginnyG
418374505 67559181 417889996 41927865
418374895 67559181 417923148 lessnaim
418375627 67559181 417922381 64647406
418385314 wboyu
418393147 67559181
418410341 lessnaim 418374895 67559181
418577448 67559181 418410341 lessnaim
419328447 wboyu 418393147 67559181
419330664 dearsissi 415836872 64924268
