415894641 xiaozhuo02
415895935 55961364
415902906 63462666
415904269 lilizhe
415905301 3499344
415905376 1427766 415894641 xiaozhuo02
415905561 1427766 415895935 55961364
415906061 1427766 415902906 63462666
415906582 Protocol
415907277 1427766 415902906 63462666
415908231 65851494
415913329 49373971
415916082 49373971
415917026 1424236
415917962 toame 415894641 xiaozhuo02
415918467 toame
415918655 50000718
415918954 flowerU
415920760 62489605
415948543 53131054
415952901 48357011 415894641 xiaozhuo02
415958118 xiaozhuo02 415917962 toame
415959567 66958230
415966193 51446581
