415909491 67384467
415909709 lickerwang
415910884 39113046
415911103 65597134
415911424 62599388
415911951 47367856
415912047 doloress
415912094 54501889
415912607 60363203
415912766 missif
415912968 65779294 415912094 54501889
415914445 zhanglele 415911424 62599388
415915501 lost-M
415915871 49443491
415917087 zhanglele 415910884 39113046
415917182 zhanglele 415915871 49443491
415917902 49443491 415917182 zhanglele
415917929 46867082
415919290 lickerwang
415920215 47610583
415920426 freakingkid
415920588 wendysemo
415920821 62599388
415920858 zhanglele 415920588 wendysemo
415920876 63547117
415920997 sosilkke
415921086 54501889
415921314 scolx
415921318 52493403
415921434 freakingkid 415920858 zhanglele
415921621 52493403
415921736 64800609
415921842 zhanglele 415920876 63547117
415922269 masakichiyuu
415922584 3175216
415922599 zhanglele 415921621 52493403
415922637 64800609 415921736 64800609
415923026 52493403
415924480 lickerwang
415924491 damiaoye
415924882 zhanglele 415923026 52493403
415925573 hi-juli
415925659 52493403
415925925 64800609
415926780 damiaoye
415927116 38729240
415927246 zhanglele 415925925 64800609
415928569 64800609 415927246 zhanglele
415928646 64714991
415928699 SixtyoneMonths
415929215 1115481
415929465 yokiz
415930834 zhanglele 415929465 yokiz
415931047 SixtyoneMonths
415932718 Crystalj
415933371 64714991
415933434 zhanglele 415932718 Crystalj
415933590 64800609
415934542 cat13021
415934866 zhanglele 415933590 64800609
415935201 zhanglele 415934542 cat13021
415935875 64800609
415936019 cat13021 415935201 zhanglele
415936299 zhanglele 415935875 64800609
415937136 cdmmystery
415937178 54398684
415937182 64800609 415936299 zhanglele
415937520 zhanglele 415937136 cdmmystery
415937988 zhanglele 415937182 64800609
415938218 47367856
415939135 64800609
415941171 50423002
415941641 mayo524
415943490 mayo524
415943588 mayo524
415943643 zhanglele 415941641 mayo524
415944042 zhanglele 415943490 mayo524
415944104 45954588
415944579 4019025
415944808 mayo524
415951380 1115481
415956084 54705008
415956738 51640129
415977075 missif
415978593 38729240
415986156 zhanglele 415978593 38729240
415988109 52163799
415988571 zhanglele
415988789 52163799 415988571 zhanglele
415989948 38729240 415986156 zhanglele
415992278 52163799
415993090 yloo
415993907 scorpio26
415996311 deathway
416042028 39113046
416052641 32777865
416054555 seymiyake
416061029 58610246
416097479 cdmmystery 415937520 zhanglele
416115550 huozhaieve
416242200 zhanglele 416115550 huozhaieve
416279429 48515750
416279775 49661986
416293921 54470430
416296054 60963489
416886903 52483374
416888799 44950811
416890211 jiejbei
416891250 BlackAnthony
416896671 45592291
416904484 44190066
416948872 61292360
416950887 huisiumui
416955988 zhanglele 416891250 BlackAnthony
416956389 zhanglele 416890211 jiejbei
416964301 BlackAnthony
416979805 59733272
416982569 YSY119
416997031 zhanglele 416979805 59733272
416997264 zhanglele 416982569 YSY119
416998203 YSY119 416997264 zhanglele
417000497 rathers
417944240 zhanglele 417000497 rathers
417946932 foreversumm
417981656 exoticas
418822678 40209469
418824150 sunny_ye
418824275 cherrybomb. 415914445 zhanglele
418824387 51039980 415914445 zhanglele
418824944 cherrybomb.
418825092 bokunomirai
418827051 56992253 416042028 39113046
418831084 TOYOFF
418831877 50002661
418832202 destro-zone
418832817 TOYOFF
418834051 54995012
418834454 Iris_1988
418835106 subaoxi
418836195 grapefruitS
418837258 62640913
418837417 55438431
418837784 50002661
418845961 lovelifeloveu
418846590 y-u-q-i
418847361 FUTU
418869012 57772675
418879140 nicetomeetyou
418899240 54995012
418925753 zhanglele 418845961 lovelifeloveu
418926037 zhanglele 418879140 nicetomeetyou
418926240 zhanglele 418834454 Iris_1988
418927062 Iris_1988 418926240 zhanglele
418927509 zhanglele 418927062 Iris_1988
418930423 nicetomeetyou
418930988 67008649
418931175 67008649
418936285 y-u-q-i
418938257 54926601
418941320 lovelifeloveu
418945358 lovelifeloveu
418945502 50002661
418946657 50463938
419079872 54995012
419084087 64573965
419127859 zhanglele 418945358 lovelifeloveu
419138916 lovelifeloveu 419127859 zhanglele
419150339 50795581
419288116 aiwanghao
419311751 ruxinzhang
419335444 zhanglele 419150339 50795581
419337448 2960963
419338469 59851165
419339573 63111407
419342867 zhanglele 419339573 63111407
419347610 teresacyy 419127859 zhanglele
419349294 teresacyy
419371211 63111407 419342867 zhanglele
419371806 zhanglele 419371211 63111407
419373097 xiajij
419393004 zhanglele 419337448 2960963
419857400 zhanglele 419311751 ruxinzhang
419861652 fanshuwan
419863720 doublef1sh
419874000 funnysu
419965665 zhanglele 419874000 funnysu
420113910 zhanglele
420122600 50710319
420123054 wybo8888
420131800 zhanglele 420123054 wybo8888
420135293 wybo8888
420143575 city-hunter
420151092 64981773
