415930718 52594294
415931057 67637889
415931124 fengxinxin
415931518 loveveela
415931873 jane5an-
415934021 AvrillA
415934296 49279828
415934300 girl_9
415962268 4275202 415931057 67637889
415962434 4275202 415931124 fengxinxin
415962622 4275202 415931873 jane5an-
415962749 co123oc
415962789 51517544
415969625 4275202 415962749 co123oc
415969772 4275202 415962789 51517544
415969814 co123oc 415969625 4275202
415971503 64375890
415971917 58542904 415969772 4275202
415972008 4275202 415969814 co123oc
415972157 4275202 415971917 58542904
415972195 2637025
415972364 64187718
415974485 4275202 415972195 2637025
415974729 4275202 415972364 64187718
415974891 2637025 415974485 4275202
415975808 4275202 415974891 2637025
415977676 2637025 415975808 4275202
415977831 50545152
415978287 vitadolcejuri
416004904 4275202 415977831 50545152
416005681 4275202 415978287 vitadolcejuri
416011995 66363897
416012292 65594490
416013001 4275202 416011995 66363897
416013603 4275202 416012292 65594490
416013884 60120022
416014168 windoutofwindow
416014469 4275202 416013884 60120022
416014740 60120022
416015117 66363897
416015426 4275202 416014168 windoutofwindow
416015831 xiaomahou
416016390 xiaomahou 416015426 4275202
416018772 4275202
416021510 66870366
416043695 4275202 416015117 66363897
416044101 windoutofwindow 416015426 4275202
416044702 4275202
416045550 rala
416046952 4275202 416021510 66870366
416047923 rala
416049173 66870366
416049292 2600403
416050070 4275202 416045550 rala
416052115 4275202 416049173 66870366
416055044 go_sail
416055053 go_sail
416055863 4275202
416056361 2600403
416057147 4275202 416055044 go_sail
416058169 4275202
416058460 2600403
416059361 4275202 416058460 2600403
416059985 2600403
416077114 49125515
416081614 64488912
416178715 54415439
416179048 54470430
416179849 1980853
416180113 shancun13 415969772 4275202
416180231 shancun13 416077114 49125515
416284000 4275202 416179849 1980853
416284776 4275202 416081614 64488912
416285270 4275202 416179048 54470430
416285523 64859542
416286119 64859542
416287562 66870366
416289751 54470430
416291996 66870366 416289751 54470430
416315592 4275202 416286119 64859542
416317088 64859542
416329820 4275202
416330310 4275202
416390285 vitadolcejuri 416005681 4275202
416397460 49226704
416469106 61790001 416005681 4275202
416472357 weizi2007
416484317 56407208
416484756 56407208
416747498 64859542 416397460 49226704
416748698 65208081
416749152 65208081
416853587 60120022
417000521 66870366
417000788 jenning_S
417000791 jenning_S
417005331 54979545
417013235 glassballball
417014369 thefrenchwindow
417014986 4898393
417015149 59811530
418977512 51039032
419006910 4275202 417013235 glassballball
419007645 4275202 416484756 56407208
419007950 4275202 417014369 thefrenchwindow
419008463 4275202 417000521 66870366
419010303 alashendeng
419026045 66870366
419052691 4275202 419010303 alashendeng
419053246 4275202 419026045 66870366
419068007 66870366 419053246 4275202
419091009 4275202 419068007 66870366
419091355 66870366
419092737 4275202 419091355 66870366
419096508 66870366
419096911 48601577
419101655 4275202 419096508 66870366
419101861 4275202 419096911 48601577
419102414 66870366 419101655 4275202
419103201 4275202 419102414 66870366
419114485 66870366 419103201 4275202
419163259 4275202 419114485 66870366
419165738 NONOJIA
