416105780 41189449
416106213 58546162 416105780 41189449
416106355 51008279
416106480 65745657
416106494 52123215
416106502 55567415
416106515 2530716
416106700 55567415
416106778 58546162 416106355 51008279
416106784 41189449 416106213 58546162
416107378 52123215 416106494 52123215
416108363 58546162 416106480 65745657
416108554 55567415
416109349 58546162 416106494 52123215
416109710 58546162 416106784 41189449
416110220 65745657 416108363 58546162
416110363 41414585
416111065 55567415
416111575 66265968
416111704 3559926
416114483 muorhaha
416114720 58546162 416110220 65745657
416115007 58546162 416111065 55567415
416115177 54470430
416115544 58546162 416110363 41414585
416115768 65745657 416114720 58546162
416116004 58546162 416111575 66265968
416116495 58546162 416111704 3559926
416116626 SuperLadyLee
416116990 ceciliayangcc
416117049 arthurkaka
416117270 58706660
416117353 jj201
416117429 58546162 416115177 54470430
416117486 4485228
416117641 58706660 416117049 arthurkaka
416119149 58546162 416114483 muorhaha
416119169 57838427
416119691 58546162
416119878 58546162 416117049 arthurkaka
416120095 ceciliayangcc 416119691 58546162
416120837 58546162 416117270 58706660
416121109 fishgor
416121180 58546162 416117353 jj201
416121356 45715498
416121530 arthurkaka 416119878 58546162
416121800 58546162 416117486 4485228
416122025 arthurkaka 416117641 58706660
416122347 58546162 416119169 57838427
416122513 58706660 416120837 58546162
416122677 orange511
416122810 57415267
416122993 41414585
416123239 58546162 416121356 45715498
416123775 58546162 416121530 arthurkaka
416123811 34437647 416106213 58546162
416124191 58706660 416122025 arthurkaka
416124508 4485228
416124892 41414585
416125759 58546162 416122810 57415267
416126718 63310078
416126944 58546162 416122993 41414585
416127517 If_I_am_Lovett 416110363 41414585
416127774 54470430
416128220 rennblautur
416128403 4244237
416128427 58546162 416126718 63310078
416128611 64137710 416121530 arthurkaka
416128933 If_I_am_Lovett
416128946 58546162 416127774 54470430
416128977 4244237
416129627 58546162 416128403 4244237
416129917 58546162 416128220 rennblautur
416130101 59018658
416130592 57838427 416122347 58546162
416130851 58546162 416128977 4244237
416131369 58546162 416130101 59018658
416131709 51534578
416131789 58546162 416130101 59018658
416132315 58546162 416131709 51534578
416133016 58174737
416133045 66553677
416133733 51328702
416134346 66553677
416134686 59677538
416134709 58546162 416133016 58174737
416134888 41414585 416127517 If_I_am_Lovett
416135007 49242014 416116004 58546162
416135457 58546162
416135932 41414585
416135978 Analulu
416136017 63004570
416136194 41414585 416135932 41414585
416136399 52123215 416109349 58546162
416137346 54137591
416138564 Stephaniepumbaa 416132315 58546162
416141208 rennblautur 416129917 58546162
416143205 58174737 416134709 58546162
416143898 49148854 416141208 rennblautur
416145450 rennblautur 416143898 49148854
416145878 45158606
416146291 54979545
416148708 njxule
416148828 njxule 416146291 54979545
416149360 soyee17
416149812 59878350
416150518 2392788
416150830 2392788
416151010 62606210
416152076 41414585
416152219 52778179 416149360 soyee17
416159226 shuwa510072734
416181584 66265968
416182192 64065583
416184455 ihower
416185135 57862520
416185242 62102252
416185975 6668213 416185242 62102252
416186212 43679635
416186284 58219000
416186604 52757969
416186654 59334462
416187211 52757969
416187991 46881075
416191443 66553677
416197084 50890868 416123775 58546162
416198253 56866002
416199106 63310078 416128427 58546162
416199659 voyageonly
416237287 62102252 416185975 6668213
416258918 54979545
416303488 42977907
416335294 9836748 416106778 58546162
416336807 wywmzyq
416336993 yamiya
416338509 9836748
416418854 49064899
416575930 42977907 416303488 42977907
416576991 42977907 416338509 9836748
416578024 Pizza01
416578434 63122613
416580412 47890041
416582257 61038001
416620594 serpentv 416123775 58546162
416955474 9836748 416576991 42977907
416958306 42977907 416580412 47890041
416958765 42977907 416955474 9836748
416962556 43435251
416963775 47890041 416958306 42977907
416986154 9836748 416958765 42977907
417015340 glassballball
417241408 42977907 416986154 9836748
417843241 49025669
417845584 50893848 416127517 If_I_am_Lovett
417846720 bossJoyce 417845584 50893848
417846828 bossJoyce
417848572 holliow
417867680 50893848 417846720 bossJoyce
417869246 IIIsland
417871340 52103840
417923533 44203315
417928970 56541916
417930011 44228168
