416046208 24331722
416046475 67462551 416046208 24331722
416046613 huanniziyou
416046865 67462551 416046613 huanniziyou
416047025 64866741
416047027 lylovemq
416047294 53430250
416047422 56992253
416047508 67462551 416047025 64866741
416047627 chocmao
416047684 56992253
416047896 67462551 416047027 lylovemq
416048222 67462551 416047294 53430250
416048272 2600403
416048380 gracepuer
416048445 67462551 416047422 56992253
416048452 2600403 416048222 67462551
416048529 45790778
416048599 lylovemq 416047896 67462551
416048615 66874679
416048624 66870366
416048892 67462551 416047684 56992253
416048927 knnnn
416048952 56168117
416049025 thank.you
416049150 67462551 416047627 chocmao
416049304 67462551
416049481 67462551 416048380 gracepuer
416049598 fishgor
416049608 39245329
416049658 63597304
416049663 67462551 416048452 2600403
416049762 67462551 416048529 45790778
416050086 67462551 416048599 lylovemq
416050126 43030044
416050160 58264802
416050214 67462551 416048615 66874679
416050264 lylovemq 416050086 67462551
416050793 45954588
416050818 67462551
416051113 67462551 416049608 39245329
416051258 67462551 416049658 63597304
416051329 66874679 416050214 67462551
416051376 62599388 416050818 67462551
416051400 67462551 416050126 43030044
416051467 2600403
416051541 67462551 416050160 58264802
416051544 39245329 416051113 67462551
416051551 56016988
416051620 rickilee
416051672 43030044 416051400 67462551
416051771 67462551 416051329 66874679
416051791 45790778 416049762 67462551
416051857 58264802 416051541 67462551
416051956 67462551 416051376 62599388
416052145 66874679 416051771 67462551
416052471 67462551
416052848 67462551 416051544 39245329
416053107 67462551 416051551 56016988
416053117 64390859
416053193 53459236
416053201 cindylovealex
416053478 gracepuer 416049481 67462551
416053523 67462551 416051620 rickilee
416053619 67462551 416051672 43030044
416053707 56016988 416053107 67462551
416053846 oQueeno
416053890 66687321
416053934 67462551
416053972 bi4go
416054026 67462551 416051857 58264802
416054459 67462551 416052145 66874679
416054492 40227686 416047896 67462551
416054792 woo_niu
416054796 67107498
416054809 67462551 416053846 oQueeno
416054933 67462551 416053890 66687321
416055122 67462551 416053972 bi4go
416055453 67462551 416054492 40227686
416055474 bi4go 416055122 67462551
416055495 59546964
416055652 chocmao 416049150 67462551
416055753 67462551 416053117 64390859
416056109 67462551 416053201 cindylovealex
416056343 67462551 416054792 woo_niu
416056446 67462551 416054796 67107498
416056577 67462551 416055495 59546964
416056798 x550xt
416056854 58610246
416056896 cxjun 416049150 67462551
416056902 67462551 416055474 bi4go
416056992 67462551 416055652 chocmao
416057009 64390859 416055753 67462551
416057092 43030044 416053619 67462551
416057119 rewell
416057134 67107498 416056446 67462551
416057407 67462551 416048624 66870366
416057801 67462551 416048927 knnnn
416057873 67462551 416048952 56168117
416057880 59811530
416057927 59811530
416058207 67462551 416049025 thank.you
416058378 67462551 416050264 lylovemq
416058563 woo_niu 416056343 67462551
416058653 51836064
416058688 67462551 416050793 45954588
416059168 67462551
416059320 67462551 416053478 gracepuer
416059652 67462551 416056798 x550xt
416059809 67462551 416056896 cxjun
416059918 67462551 416057009 64390859
416060072 67462551 416057092 43030044
416060174 61939814 416050160 58264802
416060282 67462551 416057119 rewell
416060316 35197929
416060362 LorenaYuen
416060475 67462551 416057134 67107498
416060663 67462551 416060174 61939814
416060822 67462551 416060316 35197929
416060897 67107498 416060475 67462551
416060957 67462551 416060362 LorenaYuen
416061087 35197929
416061426 yutiti1321
416061700 67462551 416056854 58610246
416061853 67462551 416058563 woo_niu
416061963 67462551 416058653 51836064
416062067 58610246 416061700 67462551
416062127 bi4go 416056902 67462551
416062458 67462551 416060897 67107498
416062762 67462551 416062067 58610246
416062852 67107498 416062458 67462551
416062957 lemon1121
416063110 67462551 416062127 bi4go
416063310 gracepuer 416059320 67462551
416063663 67462551 416061426 yutiti1321
416063684 62385305
416063996 67462551 416062852 67107498
416064160 67462551 416062957 lemon1121
416064182 yutiti1321 416063663 67462551
416064190 67107498 416063996 67462551
416064311 lemon1121 416064160 67462551
416064770 67462551 416063310 gracepuer
416066872 67462551
416067114 67462551 416064182 yutiti1321
416067388 67462551 416064190 67107498
416067422 gracepuer 416064770 67462551
416067751 67462551 416067422 gracepuer
416068045 67107498 416067388 67462551
416068183 45770813 416048445 67462551
416068311 45954588 416066872 67462551
416068361 liezao
416068375 63260630
416068393 67462551 416064311 lemon1121
416068529 3532356
416068629 lemon1121 416068393 67462551
416068999 67462551 416068045 67107498
416069240 67462551 416068183 45770813
416069301 liezao
416069689 67462551 416068311 45954588
416069723 67107498 416068999 67462551
416069792 58264802 416054026 67462551
416069820 67462551 416068375 63260630
416070085 58264802 416060174 61939814
416070306 67462551 416068361 liezao
416070541 67462551 416068529 3532356
416070751 67462551 416068629 lemon1121
416070842 liezao 416070306 67462551
416071149 rewell 416060282 67462551
416071234 67462551 416069301 liezao
416071243 liezao
416071399 liezao 416071234 67462551
416071600 67462551 416069723 67107498
416072156 67462551 416070842 liezao
416072262 67107498 416071600 67462551
416072622 67462551 416071149 rewell
416072752 67462551 416071149 rewell
416072996 liezao
416073172 67462551 416071243 liezao
416073322 67462551 416071399 liezao
416073469 liezao 416073172 67462551
416074025 67462551 416069792 58264802
416074390 3532356 416070541 67462551
416074415 67462551 416072262 67107498
416074550 67462551 416072996 liezao
416074806 x550xt 416072262 67107498
416075128 67462551 416073469 liezao
416075254 67462551 416074390 3532356
416075376 rewell 416072622 67462551
416075456 67462551 416074806 x550xt
416075657 Grayston
416075803 maimaihui520
416075979 67462551 416075376 rewell
416076225 lemon1121 416070751 67462551
416076339 bi4go 416063110 67462551
416076394 67462551 416075657 Grayston
416076442 x550xt 416075456 67462551
416076605 x550xt
416076637 67462551 416075803 maimaihui520
416076653 45954588 416069689 67462551
416076827 x550xt
416077060 yutiti1321 416067114 67462551
416077147 yutiti1321
416077267 67462551 416076225 lemon1121
416077471 67462551 416076339 bi4go
416077586 65144981
416077814 44731373
416077867 67462551 416076442 x550xt
416078069 67462551 416076605 x550xt
416078259 67462551 416076653 45954588
416078410 goodboyyu
416078418 bi4go 416077471 67462551
416078486 ywxblue
416078648 67462551 416077586 65144981
416078709 67462551 416077814 44731373
416078762 jinghuaaaa
416079077 35197929 416060822 67462551
416079205 44731373 416078709 67462551
416079282 67462551 416076827 x550xt
416079284 67107498 416074415 67462551
416079405 58246480 416048222 67462551
416079467 67462551 416077147 yutiti1321
416079533 x550xt 416077867 67462551
416079863 x550xt 416079282 67462551
416079917 67462551 416078410 goodboyyu
416080134 67462551 416078418 bi4go
416080191 67462551 416078486 ywxblue
416080731 67462551
416080919 67462551 416079077 35197929
416081000 Grayston 416076394 67462551
416081162 65144981 416078648 67462551
416081310 67462551
416081668 67462551 416079284 67107498
416081788 67107498 416074806 x550xt
416081959 67462551 416081000 Grayston
416081978 67107498 416081668 67462551
416082213 58432745
416082339 jinghuaaaa
416082359 58432745
416082367 67462551 416081162 65144981
416082495 58432745
416082718 67462551 416079533 x550xt
416082839 65144981 416082367 67462551
416082927 67462551 416079863 x550xt
416083022 weiganqu
416083140 67462551 416081978 67107498
416083333 67462551 416082213 58432745
416083481 67462551 416082339 jinghuaaaa
416083863 jinghuaaaa 416083481 67462551
416084008 67462551 416082839 65144981
416084019 x550xt 416082718 67462551
416084162 67462551 416083022 weiganqu
416084205 60011840
416084330 shirley_
416084850 67462551 416083863 jinghuaaaa
416084957 67462551 416084019 x550xt
416085064 x550xt 416081788 67107498
416085300 67462551 416084205 60011840
416085308 x550xt 416084957 67462551
416085679 67462551 416084330 shirley_
416086068 x550xt 416082927 67462551
416086082 67462551 416085308 x550xt
416086510 x550xt 416085679 67462551
416086818 x550xt 416086082 67462551
416089626 lilylarose
416091093 yutiti1321 416079467 67462551
416092059 58264802 416074025 67462551
416093167 67462551 416086068 x550xt
416093648 67462551 416086818 x550xt
416093925 67462551 416089626 lilylarose
416094003 x550xt 416093648 67462551
416094323 67462551 416091093 yutiti1321
416094486 67462551 416092059 58264802
416094912 67462551 416086510 x550xt
416094915 58264802 416094486 67462551
416095022 62179462
416095106 67462551 416094003 x550xt
416095799 yutiti1321 416094323 67462551
416095920 go_sail
416095960 64870578
416096222 67462551 416095022 62179462
416096396 67462551 416094915 58264802
416096423 x550xt 416095022 62179462
416096704 58264802 416096396 67462551
416097115 x550xt 416094912 67462551
416097299 67462551
416098154 67462551
416098196 x550xt
416098274 56809612
416098492 67462551 416096423 x550xt
416098734 67462551 416097115 x550xt
416099153 67462551 416098196 x550xt
416099326 67462551 416096704 58264802
416099453 x550xt
416099919 67462551 416098274 56809612
416100016 x550xt 416099153 67462551
416100196 x550xt 416098734 67462551
416100417 67462551 416099453 x550xt
416100630 x550xt
416100768 67462551 416100016 x550xt
416101334 67462551 416100630 x550xt
416278974 49941721
416279012 67462551
416279417 67462551
416279938 67462551
416280144 x550xt 416279417 67462551
416280295 x550xt 416279938 67462551
416280583 48171112 416279938 67462551
416280672 67462551 416280144 x550xt
416280828 67462551 416280295 x550xt
416280996 rampager 416279012 67462551
416281117 67462551 416280583 48171112
416281330 67462551 416280996 rampager
416281401 48171112 416281117 67462551
416282034 67462551 416281401 48171112
416282244 rampager 416281330 67462551
416282695 67462551 416282244 rampager
416282697 hakiy
416282728 x550xt 416280672 67462551
416282817 48171112 416282034 67462551
416282894 x550xt 416280828 67462551
416282985 67462551 416282697 hakiy
416283316 67462551 416282728 x550xt
416283780 rampager 416282695 67462551
416283862 67462551 416282817 48171112
416284199 67462551 416282894 x550xt
416284357 67462551 416283780 rampager
416284482 63545414
416284886 67462551 416278974 49941721
416285509 34182751
416285571 67462551 416284482 63545414
416285754 67462551 416285509 34182751
416285983 x550xt 416284199 67462551
416286087 rampager 416284357 67462551
416286161 x550xt 416284886 67462551
416286303 67462551 416286087 rampager
416286390 67462551 416285983 x550xt
416286563 48171112 416283862 67462551
416286660 67462551 416286161 x550xt
416286805 67462551 416286563 48171112
416286981 x550xt 416286660 67462551
416287388 67462551 416286981 x550xt
416287507 x550xt 416286390 67462551
416288133 67462551 416287507 x550xt
416288473 x550xt 416288133 67462551
416289098 67462551 416288473 x550xt
416289173 34182751 416285754 67462551
416289301 rampager 416286303 67462551
416289872 67462551 416289173 34182751
416290144 67462551 416289301 rampager
416290147 x550xt 416289098 67462551
416290427 67462551 416290147 x550xt
416290978 34182751 416289872 67462551
416291732 rampager 416290144 67462551
416292209 67462551 416290978 34182751
416292379 67462551 416291732 rampager
416292867 34182751 416292209 67462551
416293324 rampager 416292379 67462551
416293455 67462551 416292867 34182751
416293778 67462551 416293324 rampager
416294616 rampager 416293778 67462551
416296167 67462551 416294616 rampager
416297229 rampager 416296167 67462551
416298366 67462551 416297229 rampager
416299505 rampager 416298366 67462551
416299767 67462551 416299505 rampager
416300190 rampager 416299767 67462551
416302659 67462551 416300190 rampager
416305058 rampager 416302659 67462551
416101560 x550xt 416100417 67462551
416305976 67462551 416305058 rampager
416306626 rampager 416305976 67462551
416101622 58264802 416099326 67462551
416311586 62179462
416102033 67462551 416101560 x550xt
416311642 67462551 416306626 rampager
416102070 x550xt 416101334 67462551
416102140 67462551 416101622 58264802
416312772 57107983 416050086 67462551
416102389 63490586
416314107 67462551 416311586 62179462
416102432 67462551 416102070 x550xt
416314804 67462551 416312772 57107983
416102556 58264802 416102140 67462551
416315174 64660604
416103722 x550xt 416102033 67462551
416318224 60011840 416085300 67462551
416103886 67462551 416102389 63490586
416318399 57107983 416314804 67462551
416104397 44365364
416105027 63490586
416318448 67462551 416315174 64660604
416105746 63490586
416318718 60359343
416111441 62269020 416048380 gracepuer
416319110 67462551 416318224 60011840
416112249 bi4go 416080134 67462551
416319510 67462551 416318399 57107983
416114286 gracepuer 416111441 62269020
416319793 67462551 416318718 60359343
416117170 67462551 416079405 58246480
416319926 60359343 416319793 67462551
416117769 67462551 416105027 63490586
416320854 67462551 416319926 60359343
416118250 67084981
416323187 60359343 416320854 67462551
416118315 67462551 416104397 44365364
416118404 67084981
416324091 57107983 416319510 67462551
416118454 67084981
416328351 44462701
416118739 67462551 416112249 bi4go
416329247 x550xt 416279012 67462551
416119428 67462551 416118250 67084981
416333925 67462551 416324091 57107983
416120077 67084981
416334206 67462551 416328351 44462701
416120890 3116289
416334279 67462551 416329247 x550xt
416179892 lemon1121 416077267 67462551
416334461 67462551 416323187 60359343
416180475 46274191
416181135 whatevershit
416334790 3116289
416181718 62179462 416096222 67462551
416335199 67462551 416334790 3116289
416195720 67107498 416085064 x550xt
416335675 3116289 416335199 67462551
416196472 weiruonikazhule
416335994 67462551 416335675 3116289
416196512 preciseness
416201814 57859299
416337118 57525962
416203884 x550xt 416195720 67107498
416337179 3116289
416204140 67462551 416120077 67084981
416338034 67462551 416337179 3116289
416204376 67107498 416203884 x550xt
416206083 67462551 416120890 3116289
416206188 67462551 416179892 lemon1121
416206189 x550xt 416204376 67107498
416206438 67107498 416206189 x550xt
416206580 53874495
416206980 67462551 416180475 46274191
416207297 67462551 416181135 whatevershit
416207452 67462551 416181718 62179462
416338215 58443583
416207515 x550xt 416206438 67107498
416207623 67462551 416196472 weiruonikazhule
416338257 67462551 416337118 57525962
416207743 67107498 416207515 x550xt
416339178 3116289 416338034 67462551
416207895 67462551 416196512 preciseness
416207908 65626746
416339524 67462551 416338215 58443583
416208312 67462551 416201814 57859299
416340158 67462551 416339178 3116289
416340388 3116289 416340158 67462551
416208887 67462551 416206580 53874495
416340784 67462551 416340388 3116289
416208957 x550xt 416207743 67107498
416209010 67462551 416207908 65626746
416341517 4790191
416341524 rockicey
416209105 x550xt 416208887 67462551
416209595 67462551 416209105 x550xt
416342818 3116289 416340784 67462551
416210000 49767506 416050264 lylovemq
416342837 67462551 416341517 4790191
416210394 x550xt 416209595 67462551
416342973 67462551 416341524 rockicey
416343398 67462551 416342818 3116289
416343829 63443452
416210425 67462551 416210000 49767506
416343866 58443583 416339524 67462551
416344503 67462551 416343866 58443583
416344885 67462551 416343829 63443452
416210671 67462551 416210394 x550xt
416345027 63443452 416344885 67462551
416211382 49767506 416210425 67462551
416345462 67462551 416345027 63443452
416211860 weiruonikazhule 416207623 67462551
416345502 EwanP
416212526 67462551 416211382 49767506
416346331 67462551 416345502 EwanP
416212820 67462551 416211860 weiruonikazhule
416348386 44462701 416338034 67462551
416348814 67462551 416348386 44462701
416214177 x550xt
416214823 67462551
416348836 56809612 416099919 67462551
416222448 x550xt
416223094 67462551 416222448 x550xt
416349329 60011840 416319110 67462551
416349696 67462551 416348836 56809612
416223655 49767506 416212526 67462551
416350069 45358068
416394573 66678233
416224326 67462551 416223655 49767506
416224776 rampager 416223094 67462551
416394775 44462701
416225685 67462551 416224776 rampager
416350094 67462551 416349329 60011840
416394922 67462551
416226572 49767506 416224326 67462551
416395510 67462551
416350527 56809612 416349696 67462551
416396089 laalaalaa
416227312 67462551 416226572 49767506
416350926 67462551 416350069 45358068
416396581 67462551 416394573 66678233
416228812 49767506 416227312 67462551
416350984 60011840 416350094 67462551
416230594 4790191
416396739 67462551 416394775 44462701
416397884 53107768
416232711 66870366
416351048 67462551 416350527 56809612
416399254 tanyawithjae
416351400 67462551 416350984 60011840
416240732 rampager 416225685 67462551
416399361 67462551 416396089 laalaalaa
416351498 45358068 416350926 67462551
416248540 64870578 416098154 67462551
416399580 67462551 416397884 53107768
416254396 49531423
416351740 44462701
416400164 67462551 416399254 tanyawithjae
416273416 67462551 416254396 49531423
416401197 rennnn
416351794 45358068 416350926 67462551
416403024 rennnn
416274084 67462551 416240732 rampager
416351852 56809612 416351048 67462551
416274423 67462551
416403305 63545414 416285571 67462551
416352138 67462551 416351498 45358068
416403800 rampager
416274984 67462551
416352328 67462551 416351740 44462701
416275591 48171112
416406500 67462551 416403305 63545414
416352476 45358068 416352138 67462551
416276025 67462551
416406655 67462551 416401197 rennnn
416352569 67462551 416351794 45358068
416276117 x550xt 416057407 67462551
416407195 67462551 416403024 rennnn
416352801 67462551 416351852 56809612
416276273 x550xt 416276025 67462551
416407439 67462551 416403800 rampager
416353061 lemon1121 416206188 67462551
416412006 rampager 416407439 67462551
416276378 x550xt 416274984 67462551
416353063 45358068 416352569 67462551
416412068 53107768 416399580 67462551
416277505 67462551 416275591 48171112
416412900 3476899
416353541 67462551 416352476 45358068
416353741 67462551 416353063 45358068
416277599 67462551 416276117 x550xt
416417486 goodboyyu 416352801 67462551
416354407 45358068 416353741 67462551
416277627 48171112
416419272 67462551 416412006 rampager
416354793 45358068 416353741 67462551
416277689 rampager 416274084 67462551
416419365 67462551 416412068 53107768
416355133 rampager 416311642 67462551
416277908 67462551 416276273 x550xt
416277988 48171112 416277505 67462551
416355420 57673894
416419659 67462551 416412900 3476899
416278148 67462551 416276378 x550xt
416420166 67462551 416417486 goodboyyu
416355955 45358068
416278419 67462551 416277627 48171112
416356725 rampager 416355955 45358068
416420625 rampager 416419272 67462551
416278577 x550xt 416278148 67462551
416421249 67462551 416420625 rampager
416357575 56809612 416352801 67462551
416278657 x550xt 416277908 67462551
416421323 goodboyyu 416420166 67462551
416357636 67462551 416354407 45358068
416278959 48171112 416278419 67462551
416421889 67462551 416421323 goodboyyu
416358126 44462701 416352328 67462551
416422805 goodboyyu 416421889 67462551
416358272 67462551 416354793 45358068
416424153 45358068 416419659 67462551
416358427 67462551 416355133 rampager
416424684 67462551 416424153 45358068
416358923 45358068 416358272 67462551
416424813 rampager 416421249 67462551
416359053 67462551
416424888 67462551 416422805 goodboyyu
416359190 67462551 416356725 rampager
416425222 67462551 416424813 rampager
416359699 67462551 416357575 56809612
416428189 rampager 416425222 67462551
416429165 51586370
416359748 rampager 416358427 67462551
416439074 67462551 416428189 rampager
416359857 67462551 416358126 44462701
416439178 49213643 416057407 67462551
416359881 rampager 416359190 67462551
416439593 67462551 416429165 51586370
416360185 45358068 416359053 67462551
416440078 67462551 416439178 49213643
416360588 67462551 416358923 45358068
416443530 rampager 416439074 67462551
416361002 67462551 416359748 rampager
416455789 53107768 416419365 67462551
416361161 48742638
416455837 45358068 416424684 67462551
416361394 67462551 416359881 rampager
416529069 EwanP 416346331 67462551
416361523 67462551 416360185 45358068
416361867 rampager 416361002 67462551
416362048 rampager 416361394 67462551
416362176 67462551 416361161 48742638
416544079 53068928
416362761 67462551 416361867 rampager
416546458 rennnn 416407195 67462551
416363161 rampager 416362761 67462551
416549470 51586370 416439593 67462551
416363532 67462551 416363161 rampager
416559518 64211572
416363634 P.P.Pasolini
416566261 67462551 416443530 rampager
416364610 67462551 416363634 P.P.Pasolini
416566306 67462551 416455789 53107768
416364853 rampager 416363532 67462551
416566447 67462551 416455837 45358068
416365329 P.P.Pasolini 416364610 67462551
416566627 67462551 416529069 EwanP
416365539 67462551 416364853 rampager
416566706 67462551 416544079 53068928
416365967 67462551 416365329 P.P.Pasolini
416566988 67462551 416546458 rennnn
416366806 rampager 416365539 67462551
416567188 67462551 416559518 64211572
416367005 67462551 416366806 rampager
416567278 67462551 416549470 51586370
416367460 rampager 416367005 67462551
416568738 51586370 416567278 67462551
416367828 67462551 416367460 rampager
416570148 67462551 416568738 51586370
416368916 44462701
416570659 49285239
416369654 60359343 416334461 67462551
416571187 67462551 416570659 49285239
416371500 67462551 416368916 44462701
416571781 44042884
416572190 67462551 416571781 44042884
416371780 67462551 416369654 60359343
416572908 44042884 416572190 67462551
416373720 rampager 416367828 67462551
416573074 EwanP 416566627 67462551
416378725 60359343 416371780 67462551
416574106 64211572 416567188 67462551
416379947 66678233
416383616 rennnn
416581187 53107768 416566306 67462551
416384031 48218002 416047684 56992253
416583017 67462551 416572908 44042884
416388717 25535194
416583078 67462551 416573074 EwanP
416583267 2570888
416392391 67462551 416373720 rampager
416583497 wonderfulday
416392758 67462551 416378725 60359343
416584885 EwanP 416583078 67462551
416393965 67462551 416379947 66678233
416586222 67462551 416574106 64211572
416394511 67462551 416383616 rennnn
416586295 67462551 416581187 53107768
416587007 67462551 416583267 2570888
416587276 67462551 416583497 wonderfulday
416587325 53107768 416586295 67462551
416587483 67462551 416584885 EwanP
416587789 67462551 416587325 53107768
416588266 EwanP 416587483 67462551
416588684 53107768 416587789 67462551
416589608 67462551 416588684 53107768
416589823 67462551 416588266 EwanP
416590298 EwanP 416589823 67462551
416590497 alashendeng 416048222 67462551
416590975 67462551 416590298 EwanP
416591102 51493826
416591164 67462551 416590497 alashendeng
416591929 EwanP 416590975 67462551
416592273 67462551 416591929 EwanP
416593305 53107768 416589608 67462551
416595104 EwanP 416592273 67462551
416596866 2570888
416597047 67462551 416591102 51493826
416597167 67462551 416593305 53107768
416597544 67462551 416596866 2570888
416597715 alashendeng 416591164 67462551
417246546 YSY119
417246866 67462551
417248537 67462551 417246546 YSY119
417249126 YSY119 417248537 67462551
417249857 57467616 417246866 67462551
417253097 58061773
417259849 67462551 417253097 58061773
417260042 67462551 417249126 YSY119
417260505 67462551 417249857 57467616
417261189 56055936
417265098 67462551 417261189 56055936
417265401 56055936 417265098 67462551
417266325 67462551 417265401 56055936
417266937 56055936 417266325 67462551
417267645 67462551 417266937 56055936
417268596 52246872
417269452 67462551 417268596 52246872
417294817 alashendeng
417298194 rampager
417300831 67462551 417294817 alashendeng
417301394 17959358
417304713 67462551 417301394 17959358
417393280 58061773 417259849 67462551
417393453 58061773 417304713 67462551
417433622 king188
417459874 67462551 417393280 58061773
417459973 67462551 417393453 58061773
417460215 67462551 417433622 king188
417460466 60980199
417462217 67462551 417460466 60980199
417528174 49285239 416571187 67462551
417546810 67462551 417528174 49285239
417547407 gzy0517
417548436 67462551 417547407 gzy0517
417548563 50464080 416047508 67462551
417548920 50464080 416048222 67462551
417548963 gzy0517 417459973 67462551
417549562 67462551 417548563 50464080
417638222 36253509
417666858 67462551 417548963 gzy0517
417667725 67462551 417638222 36253509
417681732 gzy0517 417548436 67462551
417682134 67462551 417681732 gzy0517
417683065 gzy0517 417682134 67462551
417692946 rampager 417682134 67462551
417694907 67462551 417692946 rampager
417697051 64975820
417697543 rampager 417694907 67462551
417705947 67462551 417697051 64975820
417706933 67462551 417697543 rampager
417786441 rampager 417706933 67462551
417814141 Mxiang 416047627 chocmao
417960587 genieyuxin
418016186 67462551 417786441 rampager
418016361 67462551 417814141 Mxiang
418017989 67462551 417960587 genieyuxin
418057753 rampager 418016186 67462551
418061598 rikofung
418080567 54115278 416048892 67462551
418135650 67462551 418057753 rampager
418136061 67462551 418080567 54115278
418136431 67462551 418061598 rikofung
418136740 63851934
418139311 Q2621843704 416050793 45954588
418140029 67462551 418136740 63851934
418140412 67462551 418139311 Q2621843704
418141860 57687603
418143853 67462551 418141860 57687603
418146137 Q2621843704 418143853 67462551
418147159 67462551 418146137 Q2621843704
418167225 57687603 418143853 67462551
418171776 Alan-Tse
418179152 67462551 418171776 Alan-Tse
418179909 iammissg
418186421 rampager 418135650 67462551
418191017 67462551 418167225 57687603
418191571 51602528
418191670 67462551 418179909 iammissg
418194452 57687603 418191017 67462551
418195068 54370447
418205940 67462551 418191571 51602528
418206190 67462551 418194452 57687603
418206671 67462551 418195068 54370447
418207171 67462551 418186421 rampager
418214191 54370447 418206671 67462551
418259831 rampager 418207171 67462551
418260961 xiaodaoge
418273051 67462551 418214191 54370447
418278322 67462551
418278790 67462551 418259831 rampager
418279667 xiaodaoge
418280798 rampager 418278790 67462551
418283667 67462551
418283710 52395371
418285369 humanlyc
418286120 67462551 418179909 iammissg
418286403 67462551 418285369 humanlyc
418286526 63406200
418286840 humanlyc 418286403 67462551
418292154 67462551 418283710 52395371
418292237 sicksummersick
418292418 67462551 418286526 63406200
418292485 exoticas
418292638 67462551 418292237 sicksummersick
418293933 67462551 418292485 exoticas
418294606 67462551 418286840 humanlyc
418297912 63406200 418292418 67462551
418298419 exoticas
418300315 67462551 418298419 exoticas
418300475 humanlyc 418294606 67462551
418300617 67462551 418297912 63406200
418300624 grizzlybears 416058688 67462551
418301206 67462551 418300475 humanlyc
418302430 67462551 418300624 grizzlybears
418304860 63406200 418300617 67462551
418306016 67462551 418304860 63406200
418330135 alashendeng 417300831 67462551
418330751 63234471
418331283 67462551 418330135 alashendeng
418331510 67462551 418330751 63234471
418332760 alashendeng 418331283 67462551
418334029 rampager
418336475 67462551 418334029 rampager
418336916 67462551 418332760 alashendeng
418339298 50065143
418341619 42630518
418341888 rampager 418336475 67462551
418342853 67462551 418341619 42630518
418343416 67462551 418339298 50065143
418343694 67462551 418341888 rampager
418344053 alashendeng 418336916 67462551
418344094 50065143 418343416 67462551
418344672 67462551 418344053 alashendeng
418344828 rampager 418343694 67462551
418344848 42630518 418342853 67462551
418345040 67462551 418344094 50065143
418345257 67462551 418344848 42630518
418345491 67462551 418344828 rampager
418345925 50065143 418345040 67462551
418346299 42630518 418345257 67462551
418346463 67462551 418345925 50065143
418346833 50065143 418346463 67462551
418347570 67462551 418346833 50065143
418347740 rampager 418345491 67462551
418347795 dingmaomao
418347935 63234471 418331510 67462551
418352478 67462551 418347740 rampager
418352849 67462551 418347795 dingmaomao
418353182 67462551 418347935 63234471
418354342 37645073
418356568 dingmaomao 418352849 67462551
418359512 67462551 418354342 37645073
418360067 63234471 418353182 67462551
418360250 67462551 418356568 dingmaomao
418360600 67462551 418360067 63234471
418360633 63197899
418361371 67462551 418360633 63197899
418362698 63234471 418360600 67462551
418363983 67462551 418362698 63234471
416842353 67462551
418400540 dingmaomao 418352849 67462551
418431924 67476852
416842877 rampager 416587276 67462551
418481707 67462551 418431924 67476852
416842902 67462551
418488054 63406200 418306016 67462551
416843645 67462551
418489605 67462551 418488054 63406200
416843837 rampager
418490965 63406200 418489605 67462551
416844521 67462551 416842877 rampager
418491046 63406200 418489605 67462551
416845101 67462551 416843837 rampager
418494599 67462551 418490965 63406200
416845140 rampager 416844521 67462551
418502460 63406200 418494599 67462551
416845729 rampager 416845101 67462551
418503335 ximeiruru
416846112 67462551 416845140 rampager
418508076 67462551 418503335 ximeiruru
416846204 67462551 416845729 rampager
418508475 67462551 418502460 63406200
416846611 rampager 416846112 67462551
418508758 48533286
416847287 rampager 416846204 67462551
418510343 rampager 418352478 67462551
416847638 67462551 416846611 rampager
418510462 65933466 416051544 39245329
416847733 67462551 416847287 rampager
418511373 67462551 418508758 48533286
416849400 rampager 416847638 67462551
418511647 67462551 418510343 rampager
416849725 rampager 416847733 67462551
418511931 67462551 418510462 65933466
416851014 67462551 416849725 rampager
418512980 48533286 418511373 67462551
416851980 rampager 416851014 67462551
418513316 63406200 418508475 67462551
416860689 hakiy 416282985 67462551
418514680 67462551 418512980 48533286
416862621 67462551 416860689 hakiy
418515030 67462551 418513316 63406200
416862768 67462551 416851980 rampager
418516311 48533286 418514680 67462551
416880175 58246480 416117170 67462551
418517339 67462551 418516311 48533286
416880512 67462551 416880175 58246480
418518338 lyabu 416049762 67462551
416895188 rampager 416862768 67462551
418519502 67462551 418518338 lyabu
416900562 alashendeng
418520073 lyabu 418519502 67462551
416931057 67462551 416900562 alashendeng
418520531 63406200 418515030 67462551
416931157 67462551 416895188 rampager
418521520 Yyq2hqT 416051956 67462551
416953432 rampager 416931157 67462551
418522830 67462551 418520531 63406200
416979264 67071076
418524949 67462551 418520073 lyabu
416994728 67462551 416979264 67071076
418525340 67462551 418521520 Yyq2hqT
416997418 h_deanz
418526077 lyabu 418524949 67462551
416999636 67462551 416953432 rampager
418529243 63406200 418522830 67462551
416999902 67462551 416997418 h_deanz
418530025 67462551 418526077 lyabu
417001290 49767506 416847638 67462551
417001293 evejia
418530441 67462551 418529243 63406200
417001719 67462551 417001290 49767506
418531298 63406200 418530441 67462551
418531612 57955770
417002304 49767506 417001719 67462551
417005348 52800044
418532379 Yyq2hqT 418525340 67462551
417007098 67462551 417001293 evejia
418534271 67462551 418531298 63406200
417007243 57467616
418534322 lyabu 418530025 67462551
417007723 67462551 417002304 49767506
417007909 53940613
417008477 67462551 417005348 52800044
417009057 67462551 417007243 57467616
417009441 67462551 417007909 53940613
417010833 52800044 417008477 67462551
417011194 4821466
417011960 58816698
417012156 67462551 417010833 52800044
417012509 67462551 417011194 4821466
417012664 67462551 417011960 58816698
417033823 evejia 417007098 67462551
417038301 67462551 417033823 evejia
417060886 rampager 416999636 67462551
417062160 67462551 417060886 rampager
417094617 57467616 417009057 67462551
417104032 62466392
417107917 67462551 417094617 57467616
417108025 67462551 417104032 62466392
417111922 rampager 417062160 67462551
417118673 evejia 417038301 67462551
417129922 67462551 417118673 evejia
417129989 67462551 417111922 rampager
417132233 58061773
417132501 zer09
417167745 rampager 417129989 67462551
417172204 67462551 417132501 zer09
417172286 67462551 417132233 58061773
417172498 67462551 417118673 evejia
417172729 67462551 417167745 rampager
417177305 rampager 417172729 67462551
417190409 evejia 417172498 67462551
417191043 48660727
417192418 53399449
417197394 67462551 417177305 rampager
417197517 67462551 417190409 evejia
417197664 67462551 417191043 48660727
417197798 51581451
417204858 67462551 417197798 51581451
417206240 rampager 417197394 67462551
417209734 evejia 417197517 67462551
417229521 alashendeng 416931057 67462551
417230996 57467616 417107917 67462551
417231270 YSY119
417234686 65779294 416049150 67462551
417234697 65779294 416049150 67462551
417239600 67462551 417229521 alashendeng
417239963 bbloveff
417240072 67462551 417206240 rampager
417240687 67462551 417239963 bbloveff
417241011 67462551 417230996 57467616
417241228 51836064
417241432 67462551 417209734 evejia
417242044 67462551 417231270 YSY119
417242179 67462551 417234686 65779294
417242356 67462551 417241228 51836064
417244170 bbloveff 417240687 67462551
417244513 57467616 417241011 67462551
417246523 67462551 417244170 bbloveff
416597807 67462551 416595104 EwanP
416598288 67462551 416597715 alashendeng
416598556 EwanP 416597807 67462551
416599422 67462551 416598556 EwanP
416600272 EwanP 416599422 67462551
416600376 51493826 416597047 67462551
416600392 alashendeng 416598288 67462551
416600500 51493826
416601166 67462551 416600272 EwanP
416601345 EwanP 416601166 67462551
416601772 67462551 416600376 51493826
416601895 67462551 416600392 alashendeng
416602172 2570888 416597544 67462551
416602275 67462551 416600500 51493826
416602436 6013078
416602455 51493826 416601772 67462551
416602551 67462551 416601345 EwanP
416602614 36155226
416602804 67462551 416602172 2570888
416602970 51493826 416602275 67462551
416603092 67462551 416602436 6013078
416603280 67462551 416602455 51493826
416603574 51493826 416603280 67462551
416604050 67462551 416602614 36155226
416604362 36155226
416604384 67462551 416602970 51493826
416604513 67462551 416603574 51493826
416604582 2570888 416602804 67462551
416604790 67462551 416604362 36155226
416605026 51493826 416604513 67462551
416605053 67462551 416604582 2570888
416605082 36155226
416605235 alashendeng 416601895 67462551
416605465 ispdy
416605561 67462551 416605026 51493826
416605751 67462551 416605082 36155226
416605883 36155226
416606061 67462551 416605235 alashendeng
416606112 67462551 416605465 ispdy
416606224 51493826 416605561 67462551
416606325 67462551
416606370 ispdy 416606112 67462551
416606450 67462551 416605883 36155226
416606523 2570888 416605053 67462551
416606815 6013078 416603092 67462551
416606839 67462551 416606370 ispdy
416607037 67462551 416606523 2570888
416607253 67462551 416606815 6013078
416607291 alashendeng 416606061 67462551
416607478 67462551 416607291 alashendeng
416607787 53107768 416597167 67462551
416608184 alashendeng 416607478 67462551
416608278 51493826 416606325 67462551
416608374 67462551 416607787 53107768
416608519 67462551 416608184 alashendeng
416608531 51493826
416608751 67462551 416608278 51493826
416608792 53107768 416608374 67462551
416609061 67462551 416608531 51493826
416609214 67462551 416608792 53107768
416609878 51493826 416609061 67462551
416610485 51493826
416611887 Dolores_69
416613523 67462551 416609878 51493826
416613859 67462551 416610485 51493826
416614408 67462551
416615697 51493826 416613859 67462551
416616570 67462551 416615697 51493826
416616862 51493826 416616570 67462551
416621233 67462551 416616862 51493826
416621646 51493826 416621233 67462551
416622714 67462551 416621646 51493826
416626653 51493826 416622714 67462551
416629425 67462551 416626653 51493826
416688411 67462551
416693229 66276937
416694839 67462551 416693229 66276937
416699507 66276937
416701295 23576310
416701756 67071076
416706257 14324106
416708868 aleoo
416710246 67462551 416706257 14324106
416714199 48299724
416716017 67462551 416708868 aleoo
416716157 67462551 416714199 48299724
416716353 67462551 416701756 67071076
416717125 67462551 416701295 23576310
416717566 67462551 416699507 66276937
416718918 14324106 416710246 67462551
416721173 67462551 416718918 14324106
416722896 23576310 416717125 67462551
416724764 67462551 416722896 23576310
416732634 48299724 416716157 67462551
416748930 alashendeng 416608519 67462551
416780858 1447862
416783328 49767506 416587276 67462551
416806834 h_deanz
416842042 67462551 416748930 alashendeng
416842201 67462551 416732634 48299724
419789362 62872424
419791868 53697273
419794739 67462551 419791868 53697273
419794973 67462551 419789362 62872424
419795199 53697273 419794739 67462551
419795722 67462551
419797108 67462551 419795199 53697273
419798282 67462551
419799003 63739945 419798282 67462551
419799373 51243874
419799496 67462551 419799003 63739945
419800135 67462551 419799373 51243874
419800865 63739945 419799496 67462551
419801605 67462551 419800865 63739945
419801981 63739945 419801605 67462551
419802705 50808565 419795722 67462551
419807236 67462551 419802705 50808565
419807506 67462551 419801981 63739945
419833242 62872424 419794973 67462551
419851406 1880014
419868770 51243874 419800135 67462551
419870113 dazhuti
419892460 67462551 419851406 1880014
419892766 67462551 419833242 62872424
419893008 67462551 419868770 51243874
419893270 67462551 419870113 dazhuti
419896568 dazhuti 419893270 67462551
419898347 67462551 419896568 dazhuti
419898793 Carolinev7 416079282 67462551
419899589 67462551 419898793 Carolinev7
419901018 Carolinev7 419899589 67462551
419901403 62872424 419892766 67462551
418652384 62872424
418652508 dazhuti
418652750 62861545
418653628 67462551 418652384 62872424
418653738 67547920
418653748 67462551 418652508 dazhuti
418654094 67462551 418652750 62861545
418654196 dazhuti 418653748 67462551
418655116 ccccoy
418655634 62861545 418654094 67462551
418656744 67462551 418653738 67547920
418657093 67462551 418654196 dazhuti
418657349 67462551 418655116 ccccoy
418657545 yangyo
418657621 67462551 418655634 62861545
418657825 67462551 418657545 yangyo
418658160 dazhuti 418657093 67462551
418658249 67462551
418658338 yangyo 418657825 67462551
418658417 67462551 418658160 dazhuti
418658801 dazhuti 418658417 67462551
418658945 67462551 418658338 yangyo
418659263 67462551 418658801 dazhuti
418659427 miaoxiong 418658249 67462551
418659548 dazhuti 418659263 67462551
418660137 yangyo 418658945 67462551
418660451 67609776
418662501 67462551 418659427 miaoxiong
418662658 67462551 418659548 dazhuti
418662832 67462551 418660451 67609776
418665644 dazhuti 418662658 67462551
418667114 67462551 418665644 dazhuti
418667369 62872424 418653628 67462551
418667809 63406200
418667931 47649909
418669897 taoyao6929
418670450 67462551 418669897 taoyao6929
418670561 67462551 418667809 63406200
418672094 67462551 418667369 62872424
418672475 67462551 418667931 47649909
418672984 dazhuti 418667114 67462551
418673009 62872424 418672094 67462551
418673997 67462551 418672984 dazhuti
418674713 67462551 418673009 62872424
418675074 63406200 418670561 67462551
418675327 67462551 418675074 63406200
418675627 63406200 418675327 67462551
418676694 inny0108
418677083 67462551 418675627 63406200
418677488 67462551 418676694 inny0108
418677677 63406200 418677083 67462551
418677865 67462551 418677677 63406200
418678664 63406200 418677865 67462551
418678815 dream-in-here
418680817 67462551 418678664 63406200
418683000 67462551 418678815 dream-in-here
418685370 39245329
418686274 67462551 418685370 39245329
418690450 63406200 418680817 67462551
418692869 67462551 418690450 63406200
418694209 50969608
418694597 63406200 418692869 67462551
418700470 ZSDX 416048892 67462551
418701083 67462551 418700470 ZSDX
418701255 67462551 418694597 63406200
418703867 67462551 418694209 50969608
418704396 ZSDX 418701083 67462551
418704584 67462551
418705501 63406200 418701255 67462551
418706440 67462551 418705501 63406200
418706451 50969608 418703867 67462551
418707820 67462551 418706451 50969608
418710142 50969608 418707820 67462551
418710429 63406200 418706440 67462551
418711932 62872424 418674713 67462551
418717714 67462551 418710142 50969608
418717780 67462551 418710429 63406200
418718322 67462551 418711932 62872424
418719697 63406200 418717780 67462551
418720835 67462551 418719697 63406200
418722164 63406200 418720835 67462551
418723531 67462551 418722164 63406200
418724803 63406200 418723531 67462551
418728465 ccccoy 418657349 67462551
418731917 ochung
418750534 loveariel
418778654 43464388
418783167 67462551 418724803 63406200
418814627 62872424 418718322 67462551
418838963 lechemin 416070541 67462551
418862076 67462551 418728465 ccccoy
418862252 67462551 418731917 ochung
418862562 67462551 418750534 loveariel
418862610 67462551 418778654 43464388
418862728 67462551 418814627 62872424
418862800 67462551 418838963 lechemin
418884820 63406200 418783167 67462551
418885217 67462551 418884820 63406200
418947983 rampager
419001453 67462551 418947983 rampager
419016550 ai-xiaomuwu
419016657 ai-xiaomuwu
419017051 67462551 419016657 ai-xiaomuwu
419017519 ARTHASPALADINS
419017900 53126610
419017987 67462551
419018174 67462551 419017900 53126610
419018861 ARTHASPALADINS 419017987 67462551
419019035 53126610 419018174 67462551
419019214 ARTHASPALADINS
419019314 67462551
419019377 ai-xiaomuwu 419017051 67462551
419020065 ARTHASPALADINS 419019314 67462551
419020128 67462551 419019035 53126610
419020389 ARTHASPALADINS 419019314 67462551
419020453 67462551 419019214 ARTHASPALADINS
419020605 67462551 419019377 ai-xiaomuwu
419020934 ai-xiaomuwu 419020605 67462551
419020941 53126610 419020128 67462551
419020971 67462551
419021392 ARTHASPALADINS 419020453 67462551
419021485 67462551 419020941 53126610
419021647 67462551 419020934 ai-xiaomuwu
419021852 67462551
419021893 53126610 419021485 67462551
419022136 ARTHASPALADINS 419021852 67462551
419023961 47673643
419029788 rampager 419001453 67462551
419045274 62872424 418862728 67462551
419063699 67462551 419021893 53126610
419063848 67462551 419022136 ARTHASPALADINS
419063999 67462551 419023961 47673643
419064169 67462551 419029788 rampager
419064484 67462551 419045274 62872424
419065874 ARTHASPALADINS 419063848 67462551
419066131 67462551 419065874 ARTHASPALADINS
419066333 ARTHASPALADINS 419066131 67462551
419066596 56008786 416047627 chocmao
419076903 chocmao 419066596 56008786
419078860 53126610 419063699 67462551
419089715 67462551 419066333 ARTHASPALADINS
419089994 ARTHASPALADINS 419089715 67462551
419092723 67462551 419078860 53126610
419093021 67462551 419089994 ARTHASPALADINS
419093235 ARTHASPALADINS 419093021 67462551
419097590 rampager 419064169 67462551
419100002 rcpenny
419117937 53275685
419118922 53275685
419119133 67462551 419117937 53275685
419119367 67462551 419100002 rcpenny
419119464 67462551 419097590 rampager
419119827 67462551 419093235 ARTHASPALADINS
419120201 53275685
419120439 67462551 419118922 53275685
419120751 53275685
419121189 rcpenny 419120439 67462551
419121813 67462551 419120201 53275685
419122330 67462551 419121189 rcpenny
419122481 67462551 419120751 53275685
419123879 rcpenny 419122330 67462551
419125630 53275685
419125791 rayn1ce
419126148 67462551 419123879 rcpenny
419126371 67462551 419125791 rayn1ce
419126801 67462551 419125630 53275685
419126849 rcpenny 419126148 67462551
419127117 36253509
419127655 67462551 419126849 rcpenny
419128878 59627451
419129059 rcpenny 419127655 67462551
419129226 53275685
419129641 67462551
419129714 rcpenny 419128878 59627451
419130256 rcpenny 419129641 67462551
419130349 67462551 419128878 59627451
419130585 67462551 419129059 rcpenny
419130682 rcpenny 419130349 67462551
419130811 67462551 419129226 53275685
419131254 67462551 419129714 rcpenny
419131262 rcpenny 419130585 67462551
419131583 67462551 419130256 rcpenny
419131948 67462551 419130682 rcpenny
419132241 rcpenny 419131254 67462551
419132696 36253509 419129641 67462551
419132702 rcpenny 419131948 67462551
419132704 67462551 419131262 rcpenny
419133074 67462551 419132241 rcpenny
419133787 rcpenny 419132704 67462551
419133837 67462551
419134024 67462551 419132702 rcpenny
419134304 67462551 419133787 rcpenny
419134413 rcpenny 419134024 67462551
419134770 rcpenny 419134304 67462551
419135088 67462551 419134413 rcpenny
419135703 53275685
419135755 rcpenny 419135088 67462551
419136229 67714181
419139763 67462551 419136229 67714181
419140099 67462551 419135703 53275685
418534417 24331722
418534937 67462551 418531612 57955770
418534944 lyabu
418535042 67462551 418534417 24331722
418535152 67462551 418534944 lyabu
418535210 24331722 418535042 67462551
418535343 67462551 418532379 Yyq2hqT
418535431 67462551 418535210 24331722
418536416 63406200 418534271 67462551
418538205 62288511
418540506 67462551 418536416 63406200
418540887 67462551
418541524 63193769
418544853 63406200 418540506 67462551
418545270 41937708
418548655 67462551 418541524 63193769
418548907 67462551 418544853 63406200
418549129 63193769 418548655 67462551
418552117 67462551 418545270 41937708
418552635 67462551 418549129 63193769
418553470 41937708 418552117 67462551
418553720 51727040
418553782 41937708
418554366 ccccoy
418558747 amq1
418559329 67462551 418553470 41937708
418559923 67462551 418553720 51727040
418561655 67462551 418553782 41937708
418561867 67462551 418554366 ccccoy
418562701 67462551 418558747 amq1
418562985 rampager 418511647 67462551
418563263 51727040 418559923 67462551
418564041 67462551 418562985 rampager
418564262 67462551 418563263 51727040
418564636 51727040 418564262 67462551
418565370 67462551 418564636 51727040
418566247 rampager 418564041 67462551
418569419 67462551 418566247 rampager
418577244 rampager 418569419 67462551
418578810 ccccoy 418561867 67462551
418581041 67462551 418577244 rampager
418581226 67462551 418578810 ccccoy
418581669 43464388
418582177 67462551 418581669 43464388
418583560 43464388 418582177 67462551
418586251 ccccoy 418581226 67462551
418596280 67462551 418586251 ccccoy
418596547 67462551
418597424 43464388 418596547 67462551
418599666 ccccoy 418596280 67462551
418600083 67462551 418597424 43464388
418600473 43464388 418600083 67462551
418601832 rampager 418581041 67462551
418604560 67462551 418601832 rampager
418604721 67462551 418599666 ccccoy
418604812 67462551 418600473 43464388
418605928 43464388 418604812 67462551
418607600 67462551 418605928 43464388
418609741 67462551
418611467 62288511 418540887 67462551
418613254 67462551 418611467 62288511
418618270 rampager 418604560 67462551
418618766 67462551 418618270 rampager
418626442 63406200 418548907 67462551
418627336 taoyao6929 416048892 67462551
418628577 67462551 418626442 63406200
418630346 67462551 418627336 taoyao6929
418631141 18014840 416047294 53430250
418632019 18014840 416050793 45954588
418632831 taoyao6929 418630346 67462551
418633279 67462551 418631141 18014840
418633566 67462551 418632831 taoyao6929
418635779 taoyao6929 418633566 67462551
418636524 62872424
418637626 ccccoy 418604721 67462551
418637940 67462551 418636524 62872424
418638837 53430250 418631141 18014840
418639158 67462551 418637626 ccccoy
418640434 67462551 418635779 taoyao6929
418641030 taoyao6929 418640434 67462551
418641299 ccccoy 418639158 67462551
418642206 67462551 418641030 taoyao6929
418642564 67462551 418641299 ccccoy
418644494 dazhuti 418642564 67462551
418647051 miaoxiong
418647622 67462551 418644494 dazhuti
418647834 67462551 418647051 miaoxiong
418648115 62872424 418637940 67462551
418648605 dazhuti 418647622 67462551
418648708 miaoxiong 418647834 67462551
418649518 62861545
418650559 67462551 418648115 62872424
418650726 67609776 416049762 67462551
418650818 67462551 418648708 miaoxiong
418651188 67462551 418648605 dazhuti
418651350 67462551
418651844 67462551 418650726 67609776
418651907 dazhuti 418651188 67462551
418652028 67462551 418651907 dazhuti
418652253 miaoxiong 418650818 67462551
419140310 67462551 419135755 rcpenny
419140802 ARTHASPALADINS 419119827 67462551
419141447 63406200 418885217 67462551
419148958 rcpenny 419140310 67462551
419152711 59627451 419129714 rcpenny
419153719 59627451 419130349 67462551
419159943 67462551 419140802 ARTHASPALADINS
419160135 67462551 419141447 63406200
419160334 67462551 419148958 rcpenny
419160566 67462551 419153719 59627451
419160739 63406200 419160135 67462551
419161756 58120994
419161989 40005919 416049150 67462551
419162412 67462551 419160739 63406200
419162641 59627451 419160566 67462551
419162862 67462551 419161756 58120994
419163214 67462551 419161989 40005919
419163412 ARTHASPALADINS 419159943 67462551
419163526 67462551 419162641 59627451
419164040 67462551 419163412 ARTHASPALADINS
419164397 59627451 419163526 67462551
419167143 ARTHASPALADINS 419164040 67462551
419167159 rcpenny 419160334 67462551
419167262 ARTHASPALADINS 419163526 67462551
419167905 67462551 419167159 rcpenny
419168020 67462551 419164397 59627451
419168648 67462551 419167143 ARTHASPALADINS
419169118 67462551 419167262 ARTHASPALADINS
419170252 ARTHASPALADINS 419168648 67462551
419170374 ARTHASPALADINS 419169118 67462551
419172540 rcpenny 419167905 67462551
419172690 rcpenny 419168648 67462551
419174512 59627451 419168020 67462551
419252671 67462551 419170252 ARTHASPALADINS
419252708 67462551 419170374 ARTHASPALADINS
419252797 67462551 419172540 rcpenny
419252881 67462551 419174512 59627451
419261857 hakiy 416862621 67462551
419262807 64463679
419263696 67462551 419262807 64463679
419263770 67462551 419261857 hakiy
419270545 64463679
419271966 67462551 419270545 64463679
419272319 64463679 419271966 67462551
419295590 67462551 419272319 64463679
419295810 62872424 419064484 67462551
419297631 ARTHASPALADINS 419252708 67462551
419298008 67462551 419295810 62872424
419298623 67462551 419297631 ARTHASPALADINS
419299149 rampager
419299440 51778838
419300786 67462551 419299149 rampager
419301660 ARTHASPALADINS 419298623 67462551
419303280 rampager 419300786 67462551
419304234 67462551 419299440 51778838
419304414 67462551 419301660 ARTHASPALADINS
419304610 67462551 419303280 rampager
419305087 58478109
419306096 ARTHASPALADINS 419304414 67462551
419307827 rampager 419304610 67462551
419308025 67462551 419305087 58478109
419308425 67462551 419307827 rampager
419312199 rampager 419308425 67462551
419317725 67462551 419312199 rampager
419324254 rampager 419317725 67462551
419330938 58478109
419332367 62872424 419298008 67462551
419368869 67462551 419324254 rampager
419370775 67462551 419332367 62872424
419372061 67462551 419330938 58478109
419416125 64463679
419419289 41088715
419431042 36253509 419133837 67462551
419441346 63406200 419162412 67462551
419443241 67462551 419416125 64463679
419444107 67462551 419419289 41088715
419444267 67462551
419444473 67462551 419441346 63406200
419444494 ochung 418862252 67462551
419444803 67462551 419444494 ochung
419457520 ARTHASPALADINS 419304414 67462551
419460448 67462551 419457520 ARTHASPALADINS
419460806 ARTHASPALADINS 419460448 67462551
419463469 36253509 419444267 67462551
419474436 63406200 419444473 67462551
419503426 67462551 419474436 63406200
419503892 67462551
419509317 53126610 419092723 67462551
419532814 59627451 419252881 67462551
419646134 62872424 419370775 67462551
419648028 67462551 419646134 62872424
419746862 62872424 419648028 67462551
419748514 49148854
419753024 67462551 419748514 49148854
419753167 67462551 419746862 62872424
419767442 49148854 419753024 67462551
419767690 67462551 419767442 49148854
419776611 50808565
419776969 63739945
419783743 63406200 419503426 67462551
