416146889 54979545
416147602 genken 416146889 54979545
416148766 49055885
416153412 genken 416148766 49055885
416154178 58610246
416154596 54888591
416155465 cxjun
416156333 53792239
416158123 genken 416156333 53792239
416158183 genken 416155465 cxjun
416158764 genken 416154596 54888591
416158855 soongdi
416159515 46539602 416148766 49055885
416159623 genken
416172210 honey_mu 416158183 genken
416174448 zhaoyafei
416201699 genken
416204669 genken 416174448 zhaoyafei
416205347 cndxj1990
416205812 genken 416205347 cndxj1990
416206534 rickilee
416207304 45872897
416215703 cndxj1990 416205812 genken
416241441 genken 416206534 rickilee
416241986 genken 416215703 cndxj1990
416242073 genken 416207304 45872897
416252997 49055885 416159515 46539602
416253245 49055885 416153412 genken
416259725 cndxj1990 416241986 genken
416267843 genken 416259725 cndxj1990
416268588 1656063
416268827 genken 416253245 49055885
416269011 genken 416268588 1656063
416562755 46539602 416252997 49055885
416582981 49055885 416562755 46539602
416666725 xiumudongzi
416895634 46539602 416582981 49055885
416966112 49055885 416895634 46539602
417004353 46539602 416966112 49055885
417012030 sadmimi
417014122 28624136
417015196 63310078
417016247 60832491
417038517 domino06
417042649 49055885 417004353 46539602
417043621 30017710 416201699 genken
417076682 shadowlui
417108912 46539602 417042649 49055885
417110480 ambershen
417144737 genken
417144749 genken 417014122 28624136
417144800 genken 417016247 60832491
417145047 genken
417145373 genken 417076682 shadowlui
417145647 genken 417110480 ambershen
417145693 genken 417110480 ambershen
417145744 genken 417144737 genken
417145864 genken 416148766 49055885
417148694 60832491 417144800 genken
417149617 49055885 417145864 genken
417149706 49055885 417108912 46539602
417189694 unknown2825
417203397 shadowlui 417145373 genken
417222579 genken 417038517 domino06
417226026 genken 417189694 unknown2825
417294224 unknown2825 417226026 genken
417333625 30017710 417145047 genken
417351490 46539602 417149706 49055885
417351651 46539602 417149706 49055885
417412516 49055885 417351651 46539602
417454148 50896162
417462393 62635497
417467972 dear-anonymous
417469789 38699986 416148766 49055885
417598318 49055885 417469789 38699986
417748633 38699986 417598318 49055885
