416336600 48541605
416336701 58610246
416336830 onlyray
416336877 58049473
416336896 42141884
416336974 54705008 416336600 48541605
416337181 critus1110
416337202 48541605 416336974 54705008
416337298 v1sion
416337380 51410574
416337399 47934233
416337432 54705008 416336701 58610246
416337726 58443583
416337958 40309596
416337966 54705008 416336830 onlyray
416338157 54705008 416337726 58443583
416338445 54705008 416336877 58049473
416338616 51499827
416338757 54705008 416336896 42141884
416339055 54705008 416337181 critus1110
416339189 58049473 416338445 54705008
416339337 54705008 416337202 48541605
416339661 54705008 416337298 v1sion
416339724 53497704
416339878 littlehua
416339974 54705008 416337380 51410574
416340015 13679716 416339055 54705008
416340283 54705008 416337399 47934233
416340600 54705008 416337958 40309596
416340727 40309596 416340600 54705008
416340839 54705008 416339724 53497704
416341445 42141884
416341671 54705008 416338616 51499827
416341976 54705008 416339878 littlehua
416342106 52331848
416343238 littlehua
416343270 54705008 416342106 52331848
416343549 54705008 416343238 littlehua
416343576 52331848 416343270 54705008
416343749 54705008 416343238 littlehua
416344145 littlehua 416343549 54705008
416344502 54705008 416344145 littlehua
416345293 54307813
416345403 nuanxiaowang
416345493 ziliuziliu
416345798 littlehua 416344502 54705008
416347209 56992253
416347718 54705008 416345293 54307813
416347837 54705008 416347209 56992253
416348248 54705008 416345493 ziliuziliu
416348483 54705008
416349123 littlehua 416348483 54705008
416349850 AILEG888
416351126 54705008
416351765 AILEG888 416351126 54705008
416353872 54705008
416356372 AILEG888 416353872 54705008
416357771 52279133
416358795 65779294
416359861 ichbindora
416361244 57941466
416361355 65597134
416362837 ichbindora 416353872 54705008
416365111 54705008 416359861 ichbindora
416365371 ichbindora 416365111 54705008
416376215 61959485
416380550 64154837
416384364 2600403
416384806 57660080
416389832 54705008 416384806 57660080
416390129 57660080 416389832 54705008
416391963 54705008
416392863 philia_bl 416389832 54705008
416393429 Blingdang
416400372 2600403 416391963 54705008
416402932 fover
416403841 3828606
416408567 54705008 416358795 65779294
416408872 nico_jiang
416411448 54705008 416376215 61959485
416411601 54705008 416390129 57660080
416412133 mrbigloenlysss
416412766 54705008 416403841 3828606
416412769 61959485
416413219 54705008 416412133 mrbigloenlysss
416413914 3828606 416412766 54705008
416413952 54705008 416412769 61959485
416414536 54705008 416413914 3828606
416414585 61959485
416415047 ichbindora 416414536 54705008
416415305 54705008 416408872 nico_jiang
416415317 3828606 416414536 54705008
416416506 seven1016
416416640 nico_jiang 416341976 54705008
416418673 47025373
416418761 54705008 416415047 ichbindora
416419065 ichbindora 416418761 54705008
416420386 61959485
416420736 vivi-rainbow
416420800 54705008 416416640 nico_jiang
416421260 54705008 416420386 61959485
416421739 54705008 416420736 vivi-rainbow
416422226 54705008 416416506 seven1016
416422289 61959485 416421260 54705008
416423141 54705008 416414585 61959485
416423168 4397704
416423733 54705008 416422289 61959485
416423941 billszn
416424255 54705008 416423168 4397704
416426426 54705008 416423941 billszn
416427982 billszn 416426426 54705008
416428361 billszn 416426426 54705008
416428649 54705008 416345403 nuanxiaowang
416428877 54705008 416427982 billszn
416429788 billszn 416428877 54705008
416430610 13084040
416435196 58826916
416437965 54705008 416430610 13084040
416439440 61959485
416439510 61161640
416444965 54705008 416439440 61959485
416445303 54705008 416439510 61161640
416459109 nuanxiaowang 416428649 54705008
416467348 34833621
416507540 54705008 416467348 34833621
416507592 54705008 416362837 ichbindora
416508165 ichbindora 416507592 54705008
416508704 54705008
416508905 ichbindora 416508704 54705008
416509042 54705008 416467348 34833621
416509472 54705008
416509908 ichbindora
416510208 54705008 416509908 ichbindora
416510379 54705008 416509908 ichbindora
416511450 ichbindora 416510208 54705008
416511481 ichbindora 416510379 54705008
416512329 54370447
416512638 48862812
416516708 BlackAnthony
416574244 54705008 416511481 ichbindora
416591343 54705008 416512329 54370447
416591418 54705008 416512638 48862812
416596410 alashendeng
416686017 54705008 416596410 alashendeng
416698942 9057171
416706666 54705008 416698942 9057171
416750079 alashendeng 416686017 54705008
416786681 54705008 416750079 alashendeng
416848729 30984544
416876842 54705008 416848729 30984544
417667592 54705008 416459109 nuanxiaowang
417714989 exoticas
417726033 54705008 417714989 exoticas
417730773 sweetlalalove
417731706 lyt89222
417733213 54705008 417730773 sweetlalalove
417733506 3558985
417733733 54705008 417731706 lyt89222
417734136 54705008 417733506 3558985
417734629 3558985
417735228 54705008 417734629 3558985
417735940 54705008 417734629 3558985
417746151 3558985
417748661 rebecca_w
417759870 giazen
417784882 54705008
417785859 65540104
417786240 65540104
417787530 54370447
417828552 laalaalaa
417829125 rourou1
417832154 giazen 417784882 54705008
417905607 54705008 417829125 rourou1
417905998 54705008
417906445 54705008 417828552 laalaalaa
417907174 54705008 417787530 54370447
417909345 50881490
417910255 vivian1956
417915294 54705008
417915946 66461603
417916288 vivian1956 417915294 54705008
417916880 wendy_liu
417916964 marymarymerry
417918269 54705008 417916964 marymarymerry
417918636 54705008 417916880 wendy_liu
417919192 54705008 417915946 66461603
417951732 66461603 417919192 54705008
417952410 52354990
417954265 zengnice
417963405 doyourbest 417952410 52354990
418010035 54705008 417952410 52354990
418010770 54705008 417951732 66461603
418010915 54705008 417954265 zengnice
418106697 giazen 417905998 54705008
418139938 54705008 418106697 giazen
418200558 giazen
418203863 domokun1992
418205603 54705008 418203863 domokun1992
418512009 rourou1 417905607 54705008
418512226 zlan0607
418515944 rickeylee
418803428 54705008 418515944 rickeylee
418804166 54705008 418512226 zlan0607
