416314035 littlehua
416314406 61026706
416314466 9836748
416314626 passliu 416314035 littlehua
416315055 62599388
416315185 51571457
416315360 34349413
416315367 passliu 416314406 61026706
416315428 65208081
416315802 53848758
416315947 3763382
416316129 45864577
416316179 rickilee
416316314 xionngmeng
416316671 xionngmeng
416316674 xiaoshuang1028
416316873 48541605
416317089 passliu 416315185 51571457
416317143 mangojoan
416317310 2225297
416317908 passliu 416316129 45864577
416318831 48877572
416318843 sudajing
416318957 passliu
416319324 passliu 416318843 sudajing
416320628 2543166
416320659 passliu
416321435 passliu
416322218 62363506 416317143 mangojoan
416322350 4244237 416315367 passliu
416322866 yoyo621725
416323388 51186887
416324029 passliu 416322350 4244237
416324240 chongchong233
416339583 littlehua
416340443 rockicey
416343514 42245230
416344184 61088432
416345012 51275069
416346141 mangojoan 416322218 62363506
416349871 62363506 416346141 mangojoan
416351193 2510124
416352463 stupidxuan 416343514 42245230
416352555 passliu
416357429 rickilee
416365696 iwillchange 416315367 passliu
416366091 iwillchange 416321435 passliu
416367189 48760361 416346141 mangojoan
416407450 cccvv 416366091 iwillchange
416408466 liris
416409746 60042523
416409933 60042523
416410880 61038001 416319324 passliu
416411305 61038001 416320659 passliu
416427055 3702547
416439122 passliu 416365696 iwillchange
416440131 passliu 416411305 61038001
416440715 passliu 416357429 rickilee
416442529 passliu 416408466 liris
416443355 passliu
416443719 4244237
416444518 passliu 416316671 xionngmeng
416445179 64594907
416446323 passliu 416443719 4244237
416446784 passliu 416445179 64594907
416447477 passliu
416447537 64594907 416446784 passliu
416447945 passliu
416448191 40793798
416448467 passliu 416447537 64594907
416448835 passliu 416448191 40793798
416449059 64594907 416448467 passliu
416449203 63466463
416449332 40793798 416448835 passliu
416449638 64594907 416447537 64594907
416450892 passliu 416449203 63466463
416451332 63466463 416450892 passliu
416451420 passliu 416449638 64594907
416451870 pulapulla
416452262 passliu 416451332 63466463
416452688 63466463 416452262 passliu
416452964 knnnn
416453265 passliu 416451870 pulapulla
416453822 purepale
416454701 trustsun
416454725 64594907 416451420 passliu
416454876 54415439
416455312 passliu 416452964 knnnn
416456382 pigjia
416460893 61038001
416461682 passliu
416462353 passliu 416460893 61038001
416463206 61038001 416462353 passliu
416464301 passliu
416464547 63004570
416466813 passliu 416464547 63004570
416500344 59601145
416541357 passliu 416500344 59601145
416541384 59811530
416541394 59811530
416541407 59811530
416545193 lollollollol
416546871 66543449
416553485 67575073
417343469 57056526
417388014 saoirse
417389555 57832946
417407434 61659028
417694038 heitaoxiaole
417868086 52038416
417999450 passliu 417343469 57056526
417999810 passliu 417388014 saoirse
418000707 passliu 417407434 61659028
418001319 passliu 417868086 52038416
418325134 61659028 418000707 passliu
418381362 59650262
