416318020 57910481
416318324 46643514 416318020 57910481
416318896 maoyanlengleng
416319252 46643514 416318896 maoyanlengleng
416321129 sadnesstale
416321391 46643514 416321129 sadnesstale
416328568 amy009
416330593 46643514
416372427 yangchengjie
416373739 maoyanlengleng
416374938 46643514 416372427 yangchengjie
416375055 46643514 416373739 maoyanlengleng
416375688 1669493
416375982 maoyanlengleng 416375055 46643514
416376079 rockicey
416376833 randalpoal 416318020 57910481
416377699 46643514 416375688 1669493
416377814 46643514 416376079 rockicey
416377996 46643514 416376833 randalpoal
416378608 rockicey 416377814 46643514
416379013 yangchengjie
416379557 46643514 416378608 rockicey
416380069 zhaojili
416382427 46643514 416379013 yangchengjie
416382562 46643514
416383261 45482964
416384066 46643514 416383261 45482964
416384225 zhaojili
