416439976 qulinzhang
417551850 funada
417561845 mahya 417551850 funada
417579458 yuanlaiyaai 417561845 mahya
417655645 66984342
417668731 67637889
417703170 mahya 417655645 66984342
417703564 66984342 417703170 mahya
417712978 1499223
417716188 66612866
417718053 52365801
417721369 3045209
417729834 45039198
417748508 51767312
417749111 langelala
417761259 65518397
417787666 47096311
417788665 64337151
417789146 mahya 417712978 1499223
417789311 mahya 417718053 52365801
417789368 8460699
417789443 mahya 417703564 66984342
417789493 mahya 417789368 8460699
417790225 mahya 417721369 3045209
417790370 mahya 417787666 47096311
417790568 mahya 417761259 65518397
417790717 mahya 417788665 64337151
417793475 Zz__
417793559 mahya 417793475 Zz__
417796406 steleexiao
417797320 Zz__ 417793559 mahya
417807109 65518397 417790568 mahya
417853294 ninonino
417863671 mahya 417853294 ninonino
417871986 49164215
417938365 mahya 417796406 steleexiao
417989587 3045209 417790225 mahya
418023752 mahya 417989587 3045209
418343923 mahya 417716188 66612866
418392582 3045209 418023752 mahya
418485375 8460699 417789493 mahya
418485485 8460699 418343923 mahya
418524008 mahya 418392582 3045209
418525980 45543265
418579767 mahya 417668731 67637889
418628120 3045209 418524008 mahya
418643757 mahya 418628120 3045209
418690954 wulao2
