416398762 57910481
416403007 37469533
416406284 may1986
416406629 49023583
416407368 52523929
416407669 66200546
416407731 60066711 416407669 66200546
416407757 17866494
416407987 41413945
416408161 may1986
416409626 49044832
416409949 2254448
416410250 may1986 416407669 66200546
416410707 66200546 416410250 may1986
416410953 43628307
416413179 may1986 416407987 41413945
416414991 47549815
416415505 may1986 416410707 66200546
416416523 may1986 416409626 49044832
416416807 41413945
416417393 56000841
416417485 smylldon 416416523 may1986
416417493 wrnmlgbd
416417504 56000841
416418107 may1986 416416807 41413945
416418760 41413945
416418999 may1986 416410953 43628307
416419712 63310078
416419765 64593126
416419776 57165869 416410250 may1986
416420620 lickerwang
416423921 may1986 416414991 47549815
416425199 48664430
416425353 may1986
416431754 A.mosquito.
416433265 may1986
416434179 may1986 416419765 64593126
416434219 2510124
416434285 may1986 416419776 57165869
416434652 64726485
416434829 may1986 416434179 may1986
416436471 may1986
416438422 A.mosquito.
416438472 may1986
416439020 53594701
416439202 rill18
416439706 rill18
416440278 may1986 416438422 A.mosquito.
416440351 61229785
416441294 34910155
416445233 may1986 416439706 rill18
416446102 may1986
416446717 oy-qp0_0
416447895 kklljji
416448138 35127708 416409949 2254448
416448251 kklljji
416448560 kklljji 416448138 35127708
416449043 55591079
416449427 4517897
416449825 may1986
416450204 may1986
416452020 43243401
416452596 oy-qp0_0
416455526 62036801
416456895 vampiretree
416457781 31523810
416458499 orange511
416459056 iloveicecream
416461664 58107959
416467221 Qln9_.
416471994 61229785 416467221 Qln9_.
416476557 may1986 416449427 4517897
416477366 may1986
416477795 may1986 416452596 oy-qp0_0
416477808 jissmlyn
416478531 may1986
416479481 may1986 416457781 31523810
416479987 62036801 416478531 may1986
416481029 morila 416477795 may1986
416481264 may1986
416481375 Wivian
416481505 sunny810
416482329 may1986 416479987 62036801
416482911 foreverecho0701
416483164 may1986 416481505 sunny810
416483688 Wivian
416483920 64594907
416484780 may1986 416481375 Wivian
416484997 sunny810
416485545 62036801
416486649 4517897
416490264 51775613
416490535 Yvett3
416490609 51775613
416492051 may1986
416492733 sunlu_88
416494213 may1986 416490264 51775613
416495587 47851313
416496634 may1986 416490609 51775613
416497724 kafish
419893807 GELA
420003718 67465877
420003976 67465877
420004197 67465877
420004797 45675384
420008076 APRILKA
416915444 56394821
417069927 57493598
417075433 57656511
417356041 65157075
417356504 39930682
417363554 40745737
417365723 14267528
417367127 ash_S
417367939 ash_S
417373806 5041819
417377290 siqiaoqiao
417541989 Lucifermichael
417548208 55645845
417551960 47225867
417628394 43989639
417629236 43989639
417862519 xyqqq
417870321 JACKLIEWOLF
417933960 48442471 417629236 43989639
417934465 48442471 417356041 65157075
417934902 36473201
417935999 36473201
417937670 36473201
417941274 64974862
417993234 67770811
418050825 nichen63
418058331 bibobibo
418100778 pelham
418105244 luc0321
418185038 48101216 417628394 43989639
418500360 4492258
418503999 39484663 416484997 sunny810
418504827 shao1900
418508246 31625524
418595866 60291529
418737472 48442471 418595866 60291529
418923175 may1986
418924813 may1986
418925259 may1986
418925779 may1986
418926234 may1986
418927237 may1986
418928548 may1986
418929218 may1986
418930076 may1986
418930096 49309619
418930989 may1986
418931438 50495909
418961383 42051144
419042757 QTQT
419062366 50767739
419142025 rill18
419144865 may1986 417993234 67770811
419145200 may1986 417935999 36473201
419146002 may1986 419042757 QTQT
419146387 may1986 417367939 ash_S
419146848 may1986 417870321 JACKLIEWOLF
419147822 may1986 417551960 47225867
419148203 BeibyCherry
419148569 may1986
419149145 may1986 419148203 BeibyCherry
419149474 may1986 417377290 siqiaoqiao
419149863 QTQT 419146002 may1986
419150270 may1986 417373806 5041819
419150382 BeibyCherry 419149145 may1986
419151136 may1986 417551960 47225867
419151816 may1986 419150382 BeibyCherry
419152632 may1986
419152892 BeibyCherry
419155303 mblush
419156387 may1986
419156810 47210405
419157362 may1986 419152892 BeibyCherry
419158634 44008231
419158838 may1986 419156810 47210405
419159494 59897296
419160242 47210405
419161454 teresacyy
419163437 may1986 419159494 59897296
419164395 may1986 419161454 teresacyy
419164962 59897296
419166564 may1986 419160242 47210405
419167022 may1986 419164962 59897296
419189743 50063928
419196753 59897296 419167022 may1986
419198940 66240010 416486649 4517897
419199098 50767739
419200156 onlytenny
419200815 onlytenny
419201178 fisimi
419207640 2518520
419210199 may1986
419212635 may1986
419262035 2518520
419264520 48627835
419264610 48627835
419743465 47225867 419151136 may1986
419816888 nayumii 416479481 may1986
419817294 nayumii
419843033 40055175
416498901 39930682
416506170 62709271
416506927 50406377
416508459 48230145
416508615 61539906
416511693 34910155
416529525 54470430
416531818 52369871
416534208 61616673
416537007 3324161 416431754 A.mosquito.
416538514 4371750
416538700 52225629
416555304 48824915
416558902 63202180
416567543 oy-qp0_0 416477795 may1986
416568165 Masked-xia
416573493 64211572
416588416 49323484
416593048 6279539
416594837 53721813 416508615 61539906
416597850 43321808
416628071 14245722
416629586 59546193
416629895 nan_sheep
416644161 38380763
416647936 may1986
416649574 3526290
416655175 65157075
416662979 onlybelove
416672064 may1986 416495587 47851313
416679726 may1986 416494213 may1986
416679962 61713270
416681053 may1986 416486649 4517897
416681565 may1986 416497724 kafish
416682541 rill18
416682905 AKKing
416683937 47851313
416685978 may1986 416506170 62709271
416687339 may1986
416689396 62709271
416692837 may1986 416531818 52369871
416703807 may1986
416704689 may1986 416558902 63202180
416704918 50312975
416708323 may1986
416708847 48189547
416708979 may1986 416538514 4371750
416710531 66296903
416710793 may1986 416531818 52369871
416711790 may1986 416538700 52225629
416713085 49110983
416713396 may1986 416555304 48824915
416714382 may1986 416713085 49110983
416715481 may1986
416716891 may1986 416573493 64211572
416719398 may1986 416588416 49323484
416720131 may1986 416593048 6279539
416720620 may1986 416597850 43321808
416721571 may1986 416629586 59546193
416721709 43321808
416723505 6545384
416724643 may1986 416721709 43321808
416724879 43321808 416724643 may1986
416724970 may1986
416725934 QTQT
416726168 may1986 416724970 may1986
416728972 43321808
416730562 59546193
416730861 47795306
416732522 52800044
416732967 59546193
416777608 51775613
416786508 perpa
416792835 49669044
416794459 xionngmeng 416410953 43628307
416795882 xionngmeng
416797729 Realgirl
416801934 48442471
416805608 xyqqq
416818619 xionngmeng 416629895 nan_sheep
416830936 49323484
416832424 57493598 416704918 50312975
416832753 53534871
416833517 Maggie00 416801934 48442471
416833550 48557449
416833865 treepiano
416834368 58461881
416835436 67463945
416835690 52225629 416711790 may1986
416836587 43628307 416794459 xionngmeng
416837197 vivianteng
416838311 gogokate
416848469 48442471 416833517 Maggie00
416853064 serena_summer 416832424 57493598
416865605 57493598 416853064 serena_summer
416869048 48101216
416871689 49075879
416879971 56834265
416906677 serena_summer 416865605 57493598
416910046 56413539
