416575193 41413945
416575530 67672588
416575626 26629130
416575774 33323502
416576561 58442205
416576944 47531635
416577525 58442205
416577772 58442205 416576944 47531635
416578176 58442205
416578294 58442205
416579513 58442205
416581060 58442205
416582333 16870721
416582505 52097920
416582722 58442205
416582829 58442205 416582505 52097920
416583167 58442205
416583339 51059118
416584871 58442205
416585110 52097920
416585164 DYDYD
416586411 58442205 416585110 52097920
416587448 58442205 416585164 DYDYD
416587762 58442205
416588143 58442205
416588507 52097920
416588759 62190827
416588979 58442205
416589430 42902346
416589469 58442205 416588507 52097920
416589597 58442205 416589430 42902346
416590583 54655577
416590586 58442205
416593080 67575073
416593146 67575073
416595509 65586815
416597034 17711443
416607946 55591079
416643862 aohan168
416647488 55886348
416649750 45790778
416673522 ke-z
416682492 cicicool
416774118 58442205
416777528 58442205 416673522 ke-z
416778714 58442205
416779266 63004570
416780113 58442205
416780812 58442205 416779266 63004570
416782497 58442205
416782859 6338416
416783355 58442205
416784454 mmming
416784536 58442205
416785078 58442205
416786317 58442205
416787197 58442205
416788915 lqmiaomiao
416790707 dingding6002
416846358 58442205 416788915 lqmiaomiao
416848210 62443612
416849013 58442205 416848210 62443612
416849450 58442205
416852319 58442205
416853895 58442205
416854656 58442205
416854852 58442205
416872221 56834265
416886641 ke-z
416886908 ke-z 416782497 58442205
416887720 ke-z
416898280 sweetya246
417076983 58442205 416872221 56834265
417077143 58442205 416898280 sweetya246
417081807 58442205
417083992 58442205
417085506 58442205
417085788 58442205
417119151 litigarer
417119519 litigarer
417131136 maxlv
417141008 4352892
417142841 66877665
417145360 2113781
417146147 go_sail
417157724 47674639
417160390 48348419
417161403 58442205
417163621 58442205 416872221 56834265
417163673 58442205 417119519 litigarer
417165327 58442205
417165379 58442205
417166734 58442205
417166856 58442205
417171696 sammychoo
417188824 zouyazou
417194940 55591079
417203448 60430870
417281897 63725368
417319840 64233635
417319890 50811004
417441819 58442205
417443557 58442205
417443730 58442205
417445753 58442205
417446440 58442205
417446681 58442205
417449053 58442205
417449135 58442205
417449726 58442205
417454693 2908968
417464727 4102828
417464785 4102828
417555028 42636734
417575119 58442205
417575151 58442205
417608681 48545794
417688404 58442205
417693468 58442205
417696557 58442205
419788175 58442205
419807260 34835791
419807917 58442205
419811620 50332687
419833369 58442205
419853870 58199590
419912451 56330327
419930501 58417357
419937995 39275852
419938405 58442205
419938631 58442205
419939452 58442205
419940097 49925030
419942816 58442205
419943068 58442205 419807260 34835791
419943209 58442205 419930501 58417357
419943339 58442205 419912451 56330327
419943717 58442205 416593146 67575073
419948111 58442205
419948610 58442205
419949316 60539517
419950060 48602360
419950354 56330327
419953162 58442205 419950354 56330327
419956238 56330327
419956822 58442205 419956238 56330327
419957623 54812051
419985351 61956360
419994266 48710376
420061521 34835791
420152271 4540449
420164601 65735567
420176242 4270578
420179808 47367856
420179937 47367856
420206068 30181678
