416613808 50811004
416614001 iamokay
416614242 67652148
416615151 42985401
416615156 67652148
416615395 67107498
416615836 9057171
416616022 67652148 416615151 42985401
416616091 2225297
416616354 2225297
416616685 XiongTianran
416616715 67652148 416616354 2225297
416617005 53658579
416617115 67652148 416616685 XiongTianran
416617269 67652148 416617005 53658579
416617956 53658579 416617269 67652148
416618375 67652148 416617956 53658579
416618904 67652148 416617956 53658579
416619243 53658579 416618375 67652148
416619561 Fai-Cai
416619894 67652148 416619561 Fai-Cai
416619896 Iris_1988
416620539 2225297 416616715 67652148
416620617 67652148 416619896 Iris_1988
416620833 67652148 416620539 2225297
416621231 62568674
416623287 2225297 416620833 67652148
416623849 Iris_1988 416620617 67652148
416625205 45790778
416626415 xiarilin
416626515 wuhanna
416628450 changbai
416629731 67652148 416623849 Iris_1988
416638551 lishi19
416679633 67652148 416626515 wuhanna
416679775 67652148 416617005 53658579
416680898 wuhanna 416679633 67652148
416681635 52250579
416697063 53658579 416679775 67652148
416697424 xiaokezhxy
416698477 44037222
416699247 3820210
416725992 67652148 416697063 53658579
416726386 67652148 416698477 44037222
416726920 67652148 416699247 3820210
416727630 67652148 416699247 3820210
416734670 67652148 416681635 52250579
416735159 3054972
416736780 52800044
416737490 1925789
416738371 67652148 416736780 52800044
416738458 4130275
416739903 2467929
416740235 52800044 416738371 67652148
416740276 binfenai
416741130 67652148 416739903 2467929
416741964 67652148 416739903 2467929
416742281 67652148 416740235 52800044
416744357 sunrisely
416752240 54470430
416752900 67652148 416744357 sunrisely
416754519 67652148 416752240 54470430
416754529 sunrisely 416752900 67652148
416754885 61585370
416755189 67652148 416754885 61585370
416757550 acid
416758129 1598694
416758874 61585370 416755189 67652148
416760668 47477458
416761306 55621704 416614242 67652148
416762205 45400923 416617005 53658579
416762540 54470430
416766388 67652148 416754529 sunrisely
416767440 67652148
416767583 sunrisely 416766388 67652148
416770354 67652148 416762540 54470430
416771829 4188593
416772064 67652148 416761306 55621704
416773164 55621704 416772064 67652148
416774196 67652148 416773164 55621704
416780043 foolsnow
416780887 64317946
416781202 52880819
416781269 sheepherder
416792042 53658579 416762205 45400923
416802143 65600567
416802785 VOV-baby
416802905 VOV-baby
416803196 49797412
416803418 boyszzl
416818897 newtypezhao
416819297 Hey-Hey
416820098 53838174
416820196 akira2789
416821409 34910155
416837745 45400923 416792042 53658579
416853274 67652148 416803418 boyszzl
416854603 67652148 416820098 53838174
416854980 67652148 416819297 Hey-Hey
416856608 56242580
416857807 53497704
416858296 jim3
416858394 67652148 416857807 53497704
416881740 54433235
416883983 64779155 416617005 53658579
416886211 64779155 416803418 boyszzl
416886629 67652148 416886211 64779155
416887830 DET
416888585 59650262
416889653 64779155
416891051 67652148
416891170 67652148 416889653 64779155
416891538 67652148 416891170 67652148
416891611 Yvett3 416755189 67652148
416891933 sanfuren
416892671 53497704 416858394 67652148
416892931 64779155 416891170 67652148
416902702 fuckyoua
416903156 67652148 416902702 fuckyoua
416906695 53658579 416837745 45400923
416909269 45400923 416906695 53658579
416911731 fuckyoua 416903156 67652148
416912688 zjf
416913898 67652148 416912688 zjf
416914322 67652148 416911731 fuckyoua
416920078 nayumii
416921138 67652148 416920078 nayumii
416931453 fuckyoua 416914322 67652148
416945543 zhuoshuo
416966060 67652148 416945543 zhuoshuo
416967540 64779155
416967827 67652148 416967540 64779155
416968693 64779155
416968906 mariajuana
416969947 67652148 416968906 mariajuana
416971432 zhuoshuo 416966060 67652148
416971872 67652148 416971432 zhuoshuo
416972062 zengxiaoli
416972268 mariajuana
416975424 67652148 416972062 zengxiaoli
416975493 67652148
416979380 arrowisadoctor 416620617 67652148
416979953 67652148 416979380 arrowisadoctor
416980084 67652148
416981242 arrowisadoctor 416979953 67652148
416982195 arrowisadoctor 416980084 67652148
416982605 4253550
416991045 2750121
417070999 riguang
417072450 riguang
417083105 67652148 417070999 riguang
417083532 67652148 417072450 riguang
417084043 67652148
417093912 67652148 417083532 67652148
417094351 67652148
417183379 50387251
417289072 riguang 417083532 67652148
417289277 riguang 417093912 67652148
417385462 53497704
417403340 4250349
