416579478 57910481
416579595 mowgli
416580339 1000086 416579595 mowgli
416580488 papax 416580339 1000086
416582293 1000086 416580488 papax
416583222 papax 416582293 1000086
416583526 xiarilin
416585786 54470430
416590465 alice_tea
416591003 61585370 416590465 alice_tea
416592027 27291789
416592569 alice_tea 416591003 61585370
416593659 61585370 416592569 alice_tea
416594156 nightdream
416595131 daydayBio
416597227 xiao_3435
416597781 67384467
416598318 1000086 416583526 xiarilin
416599060 1000086 416592027 27291789
416599123 xiarilin 416598318 1000086
416600035 1000086 416594156 nightdream
416600179 chocmao
416600256 1000086 416597227 xiao_3435
416600611 43775656 416597227 xiao_3435
416600874 1000086 416597781 67384467
416602129 31954527
416602846 1000086 416602129 31954527
416602880 mrscorwin
416604376 49891926
416604685 1000086 416602880 mrscorwin
416607891 LeoYiQ
416610023 38372332
416610423 2225297
416615296 9057171
416616249 66040782 416597227 xiao_3435
416616719 67384467
416619703 4147553
416620292 41413945
416620327 3044410
416620378 41413945
416621389 leosone
416629159 1000086 416619703 4147553
416629606 1000086 416607891 LeoYiQ
416630063 1000086 416610023 38372332
416630978 1000086 416604376 49891926
416632753 preciseness 416630978 1000086
416633411 H911
416633841 2300951
416634746 45790778
416634916 38372332 416630063 1000086
416635166 1000086 416633411 H911
416635270 woshiyigexiaodo 416633841 2300951
416635987 1000086 416634746 45790778
416636308 59717086
416636959 1000086 416636308 59717086
416638666 LeoYiQ
416639126 51499827
416639712 sandsaysusan
416640351 62159923
416646963 4147553
416649872 1000086 416639712 sandsaysusan
416650764 1000086 416640351 62159923
416650988 1000086 416646963 4147553
416678964 3702547
416679141 3702547
416680264 65914819
416684150 52253969
416685122 54370447
416685645 59770777
416688441 48602360
416689582 35510577
416691466 1000086 416638666 LeoYiQ
416691848 1000086 416689582 35510577
416692158 1000086 416685645 59770777
416692460 1000086 416685122 54370447
416692722 1000086 416684150 52253969
416692985 karenwenzhu 416600035 1000086
416693099 karenwenzhu 416600256 1000086
416700279 61595370
416701512 61263788
416701880 1000086
416706342 49891926 416630978 1000086
416707607 2606729 416600611 43775656
416708829 3996860
416711796 1000086 416706342 49891926
416712406 44605826 416600035 1000086
416712427 1000086 416708829 3996860
416713256 52253969
416714418 1000086 416713256 52253969
416715164 67532566
416715692 3921385 416600035 1000086
416715856 54370447
416716282 3921385 416701880 1000086
416716542 3921385
416718054 1000086 416715164 67532566
416718085 55998424
416718484 65129835
416718807 50841676
416721489 3996860 416600256 1000086
416721611 59811530
416721651 59811530
416723078 1000086 416718085 55998424
416724219 1000086 416718807 50841676
416728315 1000086
416729949 55998424 416728315 1000086
416730019 xiaodaoge
416732035 1000086
416732445 51187133
416734622 47795306
416734859 1000086 416732445 51187133
416736378 4147553
416737362 49891926
416737458 51187133 416734859 1000086
416737836 49891926 416632753 preciseness
416737859 51187133 416734859 1000086
416739960 51187133 416734859 1000086
416741017 1000086 416737362 49891926
416741736 1000086 416739960 51187133
416742526 49891926
416743681 1000086 416742526 49891926
416746939 4594059
416747091 49891926 416743681 1000086
416748762 1000086 416747091 49891926
416749741 4594059
416751325 1000086 416749741 4594059
416752016 4594059
416754892 4594059
416761197 4594059
416761353 4594059
416766137 PrincessAlice
416768833 47013608
416770178 littlebearcoco
416770639 littlebearcoco
416773507 1000086 416768833 47013608
416774173 47013608 416773507 1000086
417100774 57819091 416600256 1000086
417108798 deysi-chan
417119537 54370447
417236513 3702547 416734859 1000086
417296039 35510577 416691848 1000086
417300041 67498264 416766137 PrincessAlice
417312794 1000086 417300041 67498264
417321638 58772346 416632753 preciseness
417323689 66874679
417335225 1000086
417405451 51530660
417407156 66805006 416632753 preciseness
417409591 44077300 416600035 1000086
417429844 preciseness 417321638 58772346
417429890 preciseness 417407156 66805006
417430842 49138768
417431164 1000086 417430842 49138768
417431209 1000086 417429890 preciseness
417431455 49138768 417431164 1000086
417431851 1000086
417445853 40780679
417456000 1000086 417445853 40780679
417456498 53966317
417462622 1000086 417456498 53966317
417463979 dear-anonymous
417464710 1000086 417463979 dear-anonymous
417465037 dear-anonymous 417464710 1000086
417465430 1000086 417405451 51530660
417476895 51530660 417465430 1000086
417479365 4244237
417483860 64845289 416600611 43775656
417486520 dear-anonymous 417479365 4244237
417492793 1000086 417476895 51530660
417498841 51530660 417492793 1000086
417626113 53966317 417462622 1000086
417627657 54118739
417629050 59232297 416620327 3044410
417635035 reach_v
418072660 43775656 417483860 64845289
418082889 64845289 418072660 43775656
418083772 43775656
418085115 65312795
418100130 57658844
418101885 1000086 418100130 57658844
418101925 1000086 418085115 65312795
418359172 27291789 416723078 1000086
418361729 66629372 416685645 59770777
418368089 2453656
418368847 59770777 418361729 66629372
418369778 1000086
418371608 2453656
418378188 44673389
418387514 1000086 418378188 44673389
418392915 58088401
418393918 66209389
418394865 52473550 416600035 1000086
418401033 Sea-sl
418404258 1000086 418392915 58088401
418404651 58088401 418404258 1000086
418404812 1000086 418394865 52473550
418404912 57907795 416579478 57910481
418405165 1000086 418404651 58088401
418405596 58088401 418405165 1000086
418405630 co123oc 416600256 1000086
418406194 52473550 418404812 1000086
418408142 65714367
418424991 lucank
418469583 NerdHsueh
418469654 42850005
418484751 kinjio
418486142 1000086 418484751 kinjio
418486236 1000086 418469583 NerdHsueh
418486410 1000086 418424991 lucank
418486508 1000086 418469654 42850005
418486827 56493659
418496153 xiaopenpen
418498188 67622433
418504072 1000086 418496153 xiaopenpen
418504260 1000086 418498188 67622433
418515917 xiaopenpen
418516043 NerdHsueh 418486236 1000086
418518804 67348167 416597227 xiao_3435
418525114 huhupanda
418530689 kinjio 418486142 1000086
418531566 22237739
418532481 62489689 416590465 alice_tea
418534163 1000086 418530689 kinjio
418540787 1000086 418531566 22237739
418554442 alice_tea 418532481 62489689
418555128 62489689 418554442 alice_tea
418560942 heise87
418564502 alice_tea 418560942 heise87
418830905 TOYOFF
