416648965 ai-xiaomuwu
416649002 45790778
416649140 63597304
416649177 44037945 416649002 45790778
416649279 44037945 416648965 ai-xiaomuwu
416649341 44037945 416649140 63597304
416649726 44037945
416649935 45790778 416649177 44037945
416650448 44037945 416649935 45790778
416655539 44037945
416655911 40212907
416656892 44037945 416655911 40212907
416657368 55591079
416657880 nikita_ng
416658507 44037945 416657368 55591079
416658669 44037945 416657880 nikita_ng
416658694 47013608
416658955 44037945 416658694 47013608
416659254 sleepwithoutdre
416659325 44037945
416659337 47278880
416659444 44037945 416659254 sleepwithoutdre
416659531 44037945 416659337 47278880
416659546 47013608 416658955 44037945
416659789 61719332
416659916 44037945 416659546 47013608
416660090 44037945 416659789 61719332
416660198 sleepwithoutdre 416659444 44037945
416660251 47013608 416659916 44037945
416660526 44037945 416660198 sleepwithoutdre
416660634 44037945
416660742 boingboing
416660936 44037945 416660742 boingboing
416661054 boingboing 416660936 44037945
416661202 44037945
416661228 59200469
416661257 44037945 416661054 boingboing
416661542 sleepwithoutdre 416660526 44037945
416661680 44037945 416661228 59200469
416661705 boingboing 416661257 44037945
416661782 44037945 416661542 sleepwithoutdre
416661996 emita772
416662047 44037945 416661705 boingboing
416662260 44037945 416661996 emita772
416662318 nikita_ng 416658669 44037945
416662361 51610768
416662383 44037945 416662318 nikita_ng
416662727 44037945 416662361 51610768
416663013 45643691
416663275 45643691 416662361 51610768
416663292 51610768 416662727 44037945
416663554 44037945 416663013 45643691
416663668 51610768 416663275 45643691
416663700 44037945 416663292 51610768
416663901 emita772 416662260 44037945
416663973 44037945 416663668 51610768
416664006 51610768 416663700 44037945
416664136 45643691 416663668 51610768
416664179 44037945 416663901 emita772
416664200 51610768 416663973 44037945
416664253 35572533
416664360 44037945 416664006 51610768
416664405 45643691 416664006 51610768
416664436 44037945 416664253 35572533
416664473 boingboing 416662047 44037945
416664705 51610768 416664136 45643691
416664781 2897863
416664812 44037945 416664200 51610768
416664860 63719924
416664912 44037945 416664781 2897863
416664959 65000789
416664991 44037945 416664860 63719924
416664995 45643691 416664705 51610768
416665011 51610768 416664360 44037945
416665111 44037945 416664959 65000789
416665125 63719924 416664991 44037945
416665197 51610768 416664995 45643691
416665295 44037945 416665011 51610768
416665338 2897863
416665411 44037945 416665125 63719924
416665418 51610768 416665295 44037945
416665533 44037945 416665338 2897863
416665610 51610768 416665411 44037945
416665621 44037945 416665418 51610768
416665649 63719924 416665411 44037945
416665703 fuckyoua
416665728 44037945 416665610 51610768
416665838 44037945 416665703 fuckyoua
416666020 65000789 416665111 44037945
416666107 63598326
416666120 51610768 416665728 44037945
416666347 44037945 416666120 51610768
416666426 44037945 416666107 63598326
416666954 51610768 416666347 44037945
416667559 44037945 416666954 51610768
416667817 51610768 416667559 44037945
416668616 44037945 416667817 51610768
416668852 chaoping 416661542 sleepwithoutdre
416669040 44037945 416668852 chaoping
416669481 ksjaewon
416669652 51610768 416668616 44037945
416670166 44037945
416670354 44037945 416669652 51610768
416670792 chaoping 416669481 ksjaewon
416670977 52480594 416661542 sleepwithoutdre
416671045 51610768 416670354 44037945
416671309 44037945 416670977 52480594
416671421 44037945 416671045 51610768
416671571 52480594 416649935 45790778
416671689 52480594 416671309 44037945
416671707 fetisher
416671893 51610768 416671421 44037945
416671977 44037945 416671689 52480594
416672099 chaoping 416671571 52480594
416672145 44037945 416671707 fetisher
416672385 52480594 416657368 55591079
416672750 sleepwithoutdre 416670977 52480594
416673185 62122303
416673303 52480594 416672099 chaoping
416673307 44037945 416673185 62122303
416673625 52480594 416671977 44037945
416674214 44037945
416674425 chaoping 416673303 52480594
416674443 52480594 416669040 44037945
416674553 52480594 416674425 chaoping
416674717 naiyoucissy
416674805 chaoping 416674443 52480594
416674839 62122303 416673307 44037945
416675019 44037945 416674839 62122303
416675022 4275202
416675181 44037945 416675022 4275202
416675275 44037945 416674717 naiyoucissy
416675390 chaoping 416671421 44037945
416675464 62122303 416675019 44037945
416675616 44037945 416675390 chaoping
416675687 4275202 416675181 44037945
416675790 44037945 416675464 62122303
416675877 44037945 416675687 4275202
416675897 62122303 416675790 44037945
416675914 44037945 416675390 chaoping
416676076 62122303 416675790 44037945
416676135 52480594 416674805 chaoping
416676488 chaoping 416676135 52480594
416676567 44037945 416676076 62122303
416676637 52480594 416675687 4275202
416676805 52480594 416676488 chaoping
416677038 44037945 416676637 52480594
416677136 4275202 416676637 52480594
416677546 52480594 416677136 4275202
416677912 47531635 416660634 44037945
416678219 44037945 416677912 47531635
416678301 4275202 416677546 52480594
416678497 58376309
416678844 ke-z 416669040 44037945
416679029 44037945 416678301 4275202
416679105 44037945 416678844 ke-z
416679604 44037945 416678497 58376309
416679970 44037945
416689144 55591079 416658507 44037945
416690254 55591079 416672385 52480594
416690427 fuckyoua 416665838 44037945
416699187 44037945 416690427 fuckyoua
416699509 44037945 416690254 55591079
416699782 44037945 416689144 55591079
416707149 55591079 416699509 44037945
416707286 1758758
416707299 55591079 416699782 44037945
416713006 44037945 416707299 55591079
416713216 44037945 416707286 1758758
416713353 67370809
416716962 44037945 416713353 67370809
416718012 67370809 416716962 44037945
416718612 44037945 416718012 67370809
416745084 45643691 416665197 51610768
416746342 guonan0811
416775069 62548795
416775874 deil
416781680 65106967
416797199 63598326
416798552 63714144 416659546 47013608
416799178 47013608 416798552 63714144
416800092 53874495 416649726 44037945
416802187 63714144 416799178 47013608
416803045 47013608 416802187 63714144
416837670 47278880 416659531 44037945
416838116 36008787
416839717 44037945 416838116 36008787
416839782 44037945 416781680 65106967
416839816 44037945 416800092 53874495
416839987 44037945 416775069 62548795
416840218 44037945 416746342 guonan0811
416840998 44037945
416842754 44605826 416650448 44037945
416843478 44037945 416842754 44605826
416843600 53874495
416844093 44037945 416843600 53874495
416844592 63033010
416844993 53874495 416844093 44037945
416846810 naiyoucissy 416675275 44037945
416848463 chaoping 416840218 44037945
416996473 44037945
416996527 51631764 416658507 44037945
416996627 51631764 416996527 51631764
416996690 44037945
416996762 44037945 416996627 51631764
416996889 58219000
416996984 51631764 416996762 44037945
416996999 Syrupious 416996690 44037945
416997019 58219000
416997140 Syrupious 416997019 58219000
416997680 Syrupious 416996984 51631764
416997932 51631764 416997680 Syrupious
416998088 Syrupious 416997932 51631764
416998256 58219000 416997140 Syrupious
416998677 51631764 416998088 Syrupious
416998956 Syrupious 416998256 58219000
416998974 49879578
416999316 58219000 416998956 Syrupious
416999507 Syrupious 416998677 51631764
416999717 51631764 416999507 Syrupious
417000100 Syrupious 416998974 49879578
417000532 49879578 417000100 Syrupious
417000639 Syrupious 416999717 51631764
417000699 49879578 416999717 51631764
417000903 51631764 417000639 Syrupious
417000915 Syrupious 417000532 49879578
417001096 Syrupious 417000903 51631764
417001327 1876211
417001591 51631764 417001096 Syrupious
417001601 49879578 417000915 Syrupious
417001675 54709144 416649726 44037945
417001694 49879578 417001327 1876211
417001903 51631764 417001096 Syrupious
417002067 Syrupious 417001694 49879578
417002416 Syrupious 417001903 51631764
417002428 49879578 417002067 Syrupious
417002691 51631764 417000699 49879578
417002752 Syrupious 417002428 49879578
417002916 51631764 417002416 Syrupious
417003199 49879578 417002752 Syrupious
417003286 49879578 417002916 51631764
417003303 Syrupious
417003329 sadmimi
417003554 Syrupious 417003199 49879578
416866290 44037945 416848463 chaoping
417003722 51631764 417003286 49879578
416866542 44037945 416844592 63033010
417003991 51631764 417003303 Syrupious
416867431 51786251
417004487 44037945 417001327 1876211
416869044 44037945 416867431 51786251
416871313 punkin
417004668 Syrupious 417003991 51631764
416871482 50058178
417004841 44037945 417004668 Syrupious
416873407 44037945 416871313 punkin
417005228 Syrupious 417004841 44037945
416873463 44037945 416871482 50058178
417005342 51631764 417004668 Syrupious
416873772 50058178
416875790 56832195
417005746 Syrupious 417005342 51631764
416876282 youjingnian
417006278 51631764 417005746 Syrupious
416876788 ccy725
417006530 Syrupious 417006278 51631764
416877373 44037945 416873772 50058178
417006846 57014545
416877437 44037945 416876282 youjingnian
417007361 51631764 417006530 Syrupious
416877498 44037945 416876788 ccy725
417009193 Syrupious 417007361 51631764
416877576 44037945 416875790 56832195
417009238 64064346
417009415 ivylazy
416878688 50058178 416877373 44037945
417009615 49879578 417003554 Syrupious
416887112 44037945 416878688 50058178
417009928 Syrupious 417009615 49879578
416889573 44037945 416871313 punkin
417010364 Syrupious 417009238 64064346
416898409 youjingnian 416877437 44037945
416942822 nglei
417010369 51631764 417009193 Syrupious
416945666 19408237
417011495 Syrupious 417010369 51631764
416945805 44037945 416942822 nglei
417012409 51631764 417011495 Syrupious
416946106 44037945 416945666 19408237
417012802 Syrupious 417012409 51631764
416946316 37891285
417012862 BlackAnthony
416946758 44037945 416946316 37891285
417013218 zhang_dolores
416946807 shentang
417013286 51631764 417012802 Syrupious
416947051 19408237 416946106 44037945
417014442 Syrupious 417013286 51631764
416947640 44037945 416946807 shentang
417016324 51631764 417014442 Syrupious
416947833 44037945 416947051 19408237
416948029 wangyinqiu
416948053 youyong01 416663013 45643691
416949329 youyong01 416673303 52480594
417017194 Syrupious 417016324 51631764
416949361 44037945 416948029 wangyinqiu
417017370 44037945 417006846 57014545
416949398 19408237 416947833 44037945
416956881 37891285
417017525 44037945 417009238 64064346
417017776 44037945 417012862 BlackAnthony
416957135 44037945 416956881 37891285
417018029 44037945 417017194 Syrupious
416970336 BlackAnthony
416971266 53383870
417018916 51631764 417017194 Syrupious
416972222 58219000
417020492 Syrupious 417018916 51631764
416980487 63545216
417020741 Syrupious 417018029 44037945
416981377 jesse-w 416649726 44037945
417021163 51631764 417020492 Syrupious
416987124 44037945 416971266 53383870
417021251 44037945 417020741 Syrupious
416987195 44037945 416981377 jesse-w
417021494 Syrupious 417021251 44037945
417021630 Syrupious 417021163 51631764
416987341 44037945 416980487 63545216
417022006 67612160
416987502 44037945 416972222 58219000
416987586 44037945 416970336 BlackAnthony
417022076 51631764 417021630 Syrupious
416988293 winglovelaura
417022411 Syrupious 417022076 51631764
416988433 44037945 416988293 winglovelaura
417022735 51631764 417022411 Syrupious
416988738 winglovelaura 416988433 44037945
417023380 44037945 417022006 67612160
416988870 48601577 416658669 44037945
417024005 xiaodaoge
416989064 winglovelaura
416989148 44037945 416988870 48601577
417024207 Syrupious 417022735 51631764
416989560 63545216 416987341 44037945
417024721 67612160 417023380 44037945
416989667 58176465
417025052 44037945
416989748 Syrupious
416989821 44037945 416989064 winglovelaura
416990188 44037945 416989560 63545216
417025485 51631764 417024207 Syrupious
416990224 44037945 416989748 Syrupious
417025804 44037945
416990393 Syrupious 416990224 44037945
417026077 xiaodaoge
416990496 44037945 416990393 Syrupious
417026088 Syrupious 417025485 51631764
417026271 64064346 417010364 Syrupious
416990562 63545216 416990188 44037945
416990623 44037945 416989667 58176465
417026388 64064346 417017525 44037945
416990715 59377551
417026794 44037945
416990812 54490566
416990848 44037945 416990562 63545216
417026800 Syrupious 417025804 44037945
416990952 44037945 416990715 59377551
416991004 44037945 416990812 54490566
416991136 Syrupious 416990496 44037945
416991189 54490566 416991004 44037945
416991453 42940452
416991614 44037945 416991136 Syrupious
416991640 58219000 416987502 44037945
416991796 Syrupious 416991453 42940452
416991809 44037945 416991453 42940452
416991913 58219000
416991969 66305459
416992085 Syrupious 416991614 44037945
416992095 58219000 416989748 Syrupious
416992228 44037945 416992085 Syrupious
416992336 Syrupious 416992095 58219000
416992423 44037945 416991969 66305459
416992557 Syrupious 416992228 44037945
416992662 44037945 416992095 58219000
416992836 44037945 416992557 Syrupious
416993021 Syrupious 416992836 44037945
416993030 44037945 416991640 58219000
416993164 44037945 416993021 Syrupious
416993329 Syrupious 416993164 44037945
416993482 44037945 416991189 54490566
416993520 44037945 416993329 Syrupious
416994202 Syrupious 416993520 44037945
416994416 Syrupious 416993520 44037945
416994778 63545216 416990848 44037945
416995184 44037945 416994202 Syrupious
416995428 44037945 416994416 Syrupious
416996023 44037945 416994778 63545216
416996282 Syrupious 416995184 44037945
416996353 51631764 416658507 44037945
416996363 63545216 416996023 44037945
417026965 44037945 417026388 64064346
417027111 51631764 417026088 Syrupious
417027248 44037945 417026800 Syrupious
417027389 Syrupious 417027111 51631764
417027565 44037945 417027389 Syrupious
417027697 bianmengso
417028196 Syrupious 417027248 44037945
417028276 44037945 417027697 bianmengso
417028319 Syrupious 417027565 44037945
417028347 51631764 417027389 Syrupious
417028490 44037945 417028196 Syrupious
417028525 Syrupious
417028722 bianmengso
417028871 44037945 417028196 Syrupious
417028969 Syrupious 417028490 44037945
417029098 44037945 417028722 bianmengso
417029426 Syrupious 417028871 44037945
417029485 44037945 417028969 Syrupious
417029638 44037945 417029426 Syrupious
417029652 bianmengso
417029976 44037945 417029652 bianmengso
417030259 Syrupious 417029485 44037945
417030802 44037945 417030259 Syrupious
417031754 Syrupious 417030802 44037945
417031974 44037945 417031754 Syrupious
417032871 Syrupious 417031974 44037945
417036757 44037945 417032871 Syrupious
417036884 44037945 417032871 Syrupious
417052636 Syrupious 417036884 44037945
417057968 BlackAnthony 417017776 44037945
417078016 38799213 416660634 44037945
417096971 52480594 416949329 youyong01
417126339 bianmengso
417132485 guonan0811 416840218 44037945
417231283 47161791
417265641 Syrupious
417546591 62122303 417003199 49879578
417547753 62122303 417027565 44037945
417551772 62122303 417265641 Syrupious
417551807 44037945 417547753 62122303
417560479 52234144
417568066 44037945 417560479 52234144
417586288 49879578 417551772 62122303
417597500 37382598
417827089 44037945 417597500 37382598
417828793 laalaalaa
417841269 ccy725 416877498 44037945
417877773 44037945 417841269 ccy725
417877919 44037945 417828793 laalaalaa
418043688 53383870 416987124 44037945
419432051 62122303 417009928 Syrupious
