416680960 zifeiyu77
416682186 43352136 416680960 zifeiyu77
416682636 Mr_Sein
416683866 glassballball 416680960 zifeiyu77
416684112 glassballball
416684523 glassballball
416684984 x550xt
416686457 40097921
416686895 zifeiyu77 416683866 glassballball
416687003 may1986
416687808 46875706
416688356 60701686
416688560 54370447
416689435 glassballball 416686895 zifeiyu77
416689573 2606729 416688560 54370447
416689600 glassballball 416688560 54370447
416691661 54370447 416689600 glassballball
416692992 sixteen16
416713878 48707460
416726047 43352136 416684112 glassballball
416727366 43352136 416684523 glassballball
416728583 43352136 416684984 x550xt
416728864 43352136 416688356 60701686
416729356 43352136 416692992 sixteen16
416729762 45790778
416731025 sisi-in
416731820 43352136 416686457 40097921
416732064 43352136 416731025 sisi-in
416732454 43352136 416729762 45790778
416732851 45790778 416684112 glassballball
416733747 64375890
416734345 45790778
416734742 57634286
416734980 43352136
416735146 57634286
416735711 sisi-in 416732064 43352136
416735734 43352136 416735146 57634286
416736229 53290850 416734742 57634286
416736271 45790778 416735146 57634286
416736706 43352136 416733747 64375890
416737203 57634286 416736229 53290850
416737370 57634286 416735734 43352136
416737449 53290850
416737706 43352136 416736271 45790778
416737874 43352136 416737370 57634286
416738390 43352136 416737449 53290850
416738402 53290850 416737203 57634286
416738459 glassballball 416731025 sisi-in
416738618 64375890 416736706 43352136
416738875 43352136 416735711 sisi-in
416739010 glassballball
416739109 4372739
416739506 43352136 416738618 64375890
416739656 57634286 416738402 53290850
416740062 43352136 416739109 4372739
416740160 45790778 416738459 glassballball
416740459 64375890 416739506 43352136
416741038 glassballball 416740160 45790778
416741174 43352136 416740459 64375890
416741772 45790778 416739010 glassballball
416742694 45790778 416741038 glassballball
416742751 47013608
416742892 43352136 416687003 may1986
416742967 45790778
416743994 43352136 416741038 glassballball
416744493 43352136 416742967 45790778
416744565 53290850 416738390 43352136
416744888 sunnypiggy
416744975 53290850 416739656 57634286
416746311 45790778 416743994 43352136
416747753 53290850 416742694 45790778
416750442 53083409
416751838 45790778 416747753 53290850
416754320 53290850
416755124 64375890 416741174 43352136
416772556 sisi-in
416780485 50707022
416780767 60263106
416792267 43352136 416744565 53290850
416792530 43352136 416744888 sunnypiggy
416793323 43352136
416793956 43352136 416750442 53083409
416794435 43352136 416755124 64375890
416794796 43352136 416772556 sisi-in
416795165 43352136 416780485 50707022
416795341 43352136 416780767 60263106
416797731 64375890 416794435 43352136
416801314 53083409 416793956 43352136
416802796 60263106 416795341 43352136
416817003 60979680
416842608 58467522
416848676 sisi-in 416794796 43352136
416854791 sunnypiggy 416792530 43352136
417005689 46875706
417017701 49224119
417084345 60701686 416728864 43352136
417260994 43352136 416802796 60263106
417261101 43352136 416817003 60979680
417261216 43352136 416842608 58467522
417261366 43352136 416848676 sisi-in
417261569 43352136 416854791 sunnypiggy
417262192 43352136 417005689 46875706
417262490 43352136 417084345 60701686
417263710 YSY119
417263764 43352136 416780485 50707022
417264673 43352136 417263710 YSY119
417265548 46875706
417270068 46875706
417270902 49205647 416739656 57634286
417272763 YSY119 417264673 43352136
417273138 scolx
417320583 sisi-in 417261366 43352136
417454279 60701686 417262490 43352136
417455858 khailifong
417464168 43352136 417270068 46875706
417464349 43352136 417272763 YSY119
417464528 43352136 417320583 sisi-in
417464838 43352136 417454279 60701686
417464969 43352136 417455858 khailifong
417465405 khailifong 417464969 43352136
417468344 43352136 417465405 khailifong
417471722 60701686 417464838 43352136
417475451 43352136 417471722 60701686
417476283 nashiqingsi
417476431 60701686 417475451 43352136
417478495 43352136 417476431 60701686
417499707 khailifong
417509993 60701686 417478495 43352136
417523232 43352136 417509993 60701686
417532024 43352136 417499707 khailifong
417540781 60701686 417523232 43352136
417700396 46875706
417702203 50305612
417854314 43352136 417700396 46875706
417866720 46875706
417867314 43352136 417866720 46875706
417867353 52736328
417867913 43352136 417867353 52736328
417868012 58219000
417868361 52736328 417867913 43352136
417868738 43352136 417868361 52736328
417869007 46875706 417867314 43352136
417869538 52736328 417868738 43352136
417870193 43352136 417869538 52736328
417870267 43352136 417869007 46875706
417870561 52736328 417870193 43352136
417870772 3764299
417871071 43352136 417870561 52736328
417871107 crystene
417871119 43352136 417870772 3764299
417871845 52736328 417871071 43352136
417872433 43352136 417871845 52736328
417873129 45790778
417874097 43352136 417873129 45790778
417874742 vennycheung
417875007 43352136 417874742 vennycheung
417875356 vennycheung
417875943 43352136 417875356 vennycheung
417876148 41336384
417876446 43352136 417876148 41336384
417877850 46875706 417870267 43352136
417878179 46875706 417874097 43352136
417878991 43352136 417877850 46875706
417879125 43352136 417878179 46875706
417880380 46875706 417879125 43352136
417881328 43352136 417880380 46875706
417882626 46875706 417881328 43352136
417882769 sherryshiru
417883856 43352136 417882626 46875706
417884047 43352136 417882769 sherryshiru
417884866 46875706 417883856 43352136
417886487 43352136 417884866 46875706
417886947 46875706 417886487 43352136
417887219 43352136 417886947 46875706
417894153 yingbao 416680960 zifeiyu77
418104602 vennycheung 417875943 43352136
418149309 64703838
418149987 Jamie1120
418189541 43352136 418149309 64703838
418189742 43352136 418149987 Jamie1120
418190305 56072387
418191186 Jamie1120 418189742 43352136
418191624 wybo8888
418194840 56844349
418215704 crystene
418264277 43352136 418190305 56072387
418269201 43352136 418191186 Jamie1120
418269761 43352136 418194840 56844349
418270392 43352136 418191624 wybo8888
418272557 43352136 418215704 crystene
418272745 28683638
418276761 43352136 418272745 28683638
418303874 Jamie1120 418269201 43352136
418316062 43352136 418303874 Jamie1120
418319789 wlj2lhx
418320701 43352136 418319789 wlj2lhx
418324167 wlj2lhx 418320701 43352136
418328897 43352136 418324167 wlj2lhx
418329771 DOMODOMO
418330136 wlj2lhx
419367765 ai-xiaomuwu
419382064 56213050
419487301 43352136 419382064 56213050
419487477 43352136
419487524 43352136 419367765 ai-xiaomuwu
419489263 56072387 419487477 43352136
419490174 ai-xiaomuwu 419487524 43352136
419493340 57930867
419498531 NanNancyN
419518553 43352136
419519180 43352136 419493340 57930867
419519370 43352136 419498531 NanNancyN
419522473 NanNancyN 419519370 43352136
419522498 56072387 419518553 43352136
419580434 43352136 419522473 NanNancyN
419581039 43352136 419522498 56072387
419715068 56072387 419581039 43352136
419748267 43352136 419715068 56072387
419773280 56072387 419748267 43352136
419811530 nayumii
419821246 43352136 419773280 56072387
419821454 43352136 419811530 nayumii
419909439 56072387 419821246 43352136
418330428 56482443
418332531 43352136 418329771 DOMODOMO
418332764 43352136 418330136 wlj2lhx
418333040 DOMODOMO 418332531 43352136
418333958 parischen
418334086 wlj2lhx 418332764 43352136
418335051 43352136 418333040 DOMODOMO
418335172 43352136 418333958 parischen
418335294 43352136 418334086 wlj2lhx
418348664 wlj2lhx 418335294 43352136
418349365 43352136 418348664 wlj2lhx
418374726 56072387 418264277 43352136
418378428 46875706 418348664 wlj2lhx
418379797 43352136 418374726 56072387
418384303 56072387 418379797 43352136
418386321 43352136
418387567 56072387 418386321 43352136
418388351 43352136 418387567 56072387
418388971 56072387 418388351 43352136
418389571 43352136
418391577 56072387
418392406 43352136
418393763 56072387
418394987 43352136
418396225 56072387
418397122 43352136 418396225 56072387
418397691 56072387 418397122 43352136
418398309 43352136 418397691 56072387
418430105 56072387 418398309 43352136
418432233 wlj2lhx 418378428 46875706
418478031 43352136 418430105 56072387
418480036 yushun1013
418523142 43352136 418480036 yushun1013
418573675 56072387 418478031 43352136
418575728 43352136 418573675 56072387
418576763 56072387 418575728 43352136
418577710 43352136
418650873 56072387
418683336 46875706 418432233 wlj2lhx
418684084 46875706 418575728 43352136
418694088 wlj2lhx 418683336 46875706
418694834 46875706 418694088 wlj2lhx
418706663 wlj2lhx 418694834 46875706
418711731 rala
418712949 46875706 418706663 wlj2lhx
418713251 46875706 418712949 46875706
418714823 54713564
418720361 wlj2lhx 418713251 46875706
418722056 46875706 418720361 wlj2lhx
418739462 43352136 418650873 56072387
418739724 43352136 418706663 wlj2lhx
418740139 43352136 418711731 rala
418740458 43352136 418722056 46875706
418744393 56072387 418739462 43352136
418744828 43352136 418744393 56072387
418747172 56072387 418744828 43352136
418749321 46875706 418740458 43352136
418749959 43352136
418750423 43352136 418749321 46875706
418751729 56072387
418752479 43352136
418765167 56072387
418766850 43352136 418765167 56072387
418768243 56072387
418768786 43352136
418769880 56072387 418768786 43352136
418770508 43352136
418770902 56072387 418770508 43352136
418771257 43352136 418770902 56072387
418771769 56072387 418771257 43352136
418772242 43352136
418772811 56072387 418772242 43352136
418773325 43352136 418772811 56072387
418774328 56072387 418773325 43352136
418776846 46875706
418777997 43352136
418778339 43352136 418776846 46875706
418778819 56072387 418777997 43352136
418781827 43352136 418778819 56072387
418782200 56072387 418781827 43352136
418784685 14324106
418790584 43352136 418782200 56072387
418790686 43352136 418784685 14324106
418907408 56072387 418790584 43352136
418910530 60263106 417260994 43352136
418993708 64703838 418189541 43352136
419039411 43352136 418907408 56072387
419040248 43352136 418993708 64703838
419040904 43352136 418910530 60263106
419123642 56072387 419039411 43352136
419123900 2904315
419160637 43352136 419123642 56072387
419160787 43352136 419123900 2904315
419164140 56072387 419160637 43352136
419198992 43352136 419164140 56072387
419270357 56072387 419198992 43352136
419276601 43352136 419270357 56072387
419353848 56072387 419276601 43352136
419361040 43352136 419353848 56072387
419367517 56072387
