416763521 37010547
416763579 57910481
416763945 60038904
416764079 4492814
416764720 45790778 416763521 37010547
416764952 45790778 416763945 60038904
416765127 46428850
416765356 60038904
416765446 homeboa
416765695 64760385
416765807 42994406
416766192 54291569
416766298 QQ214
416766355 57660080 416763521 37010547
416766663 57660080 416766192 54291569
416766948 57660080 416765807 42994406
416767105 hibernator
416767372 42994406
416777148 Kcelia17
416777855 58844522
416778839 54501889
416780219 45790778 416765127 46428850
416780372 23036083
416780489 46755556
416781064 45790778 416765356 60038904
416781395 52868320
416781756 45790778 416765807 42994406
416782044 ya.princess
416782705 eric-fhc
416782970 45790778 416767105 hibernator
416783287 65266620
416783347 46428850 416780219 45790778
416783659 45790778
416784772 45790778 416783347 46428850
416785505 45790778 416783287 65266620
416786158 65266620
416786688 65266620
416786705 45790778 416780372 23036083
416787054 65266620
416787180 45790778 416777148 Kcelia17
416787657 lmx10311107N
416788068 45790778 416782705 eric-fhc
416788376 45790778 416787657 lmx10311107N
416788488 45790778
416788932 45790778 416778839 54501889
416789003 67084981
416789048 67084981
416789309 45790778 416786688 65266620
416789867 Hana119
416789887 lmx10311107N
416790241 45790778 416789003 67084981
416790786 miserying
416790855 50250168
416791041 45790778 416789887 lmx10311107N
416791079 jyamolmiry
416791693 45790778 416790855 50250168
416792159 44251223
416792453 urmyeyes
416792478 45790778 416790786 miserying
416792531 kristen-11
416793175 36008787
416793280 45790778 416792159 44251223
416793326 45790778 416792531 kristen-11
416793359 urmyeyes
416793375 45790778 416792453 urmyeyes
416793684 45790778 416793359 urmyeyes
416793789 45790778 416791079 jyamolmiry
416794151 45790778 416793789 45790778
416794789 errol
416795814 44251223 416793280 45790778
416796007 45790778
416796527 48327689
416796703 miserying 416794151 45790778
416797442 45790778 416796527 48327689
416797944 45790778 416796527 48327689
416798548 44004424
416798821 sukata 416795814 44251223
416799156 45790778 416795814 44251223
416799168 58583348
416799185 44004424 416798821 sukata
416799309 sukata 416795814 44251223
416799544 sukata 416799185 44004424
416799598 45790778 416798548 44004424
416800012 45790778
416800059 44004424
416800077 52544152
416800515 sukata 416800059 44004424
416800704 45790778 416799168 58583348
416800850 lonelylincy
416800908 47273563
416801232 45790778 416800077 52544152
416801282 58583348
416801429 45790778 416800908 47273563
416802012 45790778 416801282 58583348
416802435 45790778 416796703 miserying
416803025 47273563 416801429 45790778
416803480 45790778 416803025 47273563
416804216 sukata 416800850 lonelylincy
416804691 may-blooming
416804750 may-blooming 416804691 may-blooming
416912078 59811530
416912264 38862896
416913522 xiaodaoge
416913769 57071949
416914001 wlj2lhx
416918177 56276963
416925653 45790778 416912264 38862896
416925814 45790778 416918177 56276963
416925883 45790778 416914001 wlj2lhx
416927707 45790778
416927753 wlj2lhx 416925883 45790778
416927944 45790778
416928142 45790778 416927753 wlj2lhx
416928316 45790778
416928633 yuhsi
416928842 45790778
416929303 45790778 416928633 yuhsi
416929640 45790778 416913522 xiaodaoge
416929663 yuhsi 416929303 45790778
416930778 musemiaosi
416930857 yuhsi 416929303 45790778
416930951 sophiesu 416788488 45790778
416932102 aaaaaaana
416932466 45790778 416929663 yuhsi
416932670 45790778 416930951 sophiesu
416932812 45790778 416932102 aaaaaaana
416934183 aaaaaaana 416932812 45790778
416937948 54291569
416939222 38862896 416925653 45790778
416940526 4795723
416941004 45790778 416939222 38862896
416942025 45790778 416940526 4795723
416942901 52285215
416944432 45802249
416944592 38862896 416941004 45790778
416945081 45790778 416944432 45802249
416945180 45790778 416942901 52285215
416945249 4244237
416946346 50653419
416946477 45790778 416944592 38862896
416946692 45790778 416945249 4244237
416947642 49584292
416949372 Qln9_.
416949497 38862896 416946477 45790778
416949779 45790778 416949497 38862896
416950128 45790778 416949372 Qln9_.
416950441 55282867
416950923 38862896 416949779 45790778
416950972 51965783
416951046 45790778 416930778 musemiaosi
416951440 45790778 416950972 51965783
416951713 ziliuziliu 416927707 45790778
416951823 amo326
416951842 45802249 416945081 45790778
416952077 45790778 416950441 55282867
416952310 luoxiyi
416954501 27291789
416954799 45790778 416951842 45802249
416955174 impedance 416954501 27291789
416957446 45790778 416954501 27291789
416958082 57769526 416937948 54291569
416958869 58219000
416959272 45790778 416951823 amo326
416960477 64005810 416959272 45790778
416961072 34167353
416961330 34167353
416961468 45790778 416960477 64005810
416961511 45790778 416961330 34167353
416961674 48601577
416961797 45790778 416961072 34167353
416961979 45790778 416961511 45790778
416962041 64005810 416961468 45790778
416962129 yuanwai 416928842 45790778
416962336 impedance 416959272 45790778
416962470 34167353 416961797 45790778
416962498 45790778 416961674 48601577
416962863 45790778 416962129 yuanwai
416963111 34167353 416961979 45790778
416963178 45790778 416962041 64005810
416963307 48601577 416962498 45790778
416963385 45790778 416962336 impedance
416963546 45790778 416963307 48601577
416963908 impedance 416963385 45790778
416964243 48601577 416963546 45790778
416964928 45790778 416963908 impedance
416965225 45790778 416964243 48601577
416965649 impedance 416964928 45790778
416965800 mumuhuai
416966021 64005810 416963178 45790778
416967346 45790778 416965649 impedance
416967458 51446581
416967598 48601577 416965225 45790778
416967678 45790778 416966021 64005810
416967849 impedance
416967986 45790778 416967458 51446581
416968056 45790778
416968696 64005810 416967678 45790778
416969051 45790778 416968696 64005810
416969674 64005810 416969051 45790778
416969986 45790778 416969674 64005810
416805805 45790778 416804750 may-blooming
416807300 56686106
416808611 54875058
416808838 privategod
416809482 47967992
416810170 may-blooming 416805805 45790778
416810513 Realgirl
416810665 Realgirl
416811158 47967992 416810665 Realgirl
416811363 Realgirl 416811158 47967992
416811772 57910773
416812711 evenisabel
416812836 Qln9_.
416813530 haicong1000
416814001 only_zizi
416814269 57940081
416815403 giazen
416817583 jyamolmiry
416817660 evebanger666
416819312 candy001
416820510 1880014
416820604 1749262
416834910 54291569 416766663 57660080
416848325 lmx10311107N
416848890 harrypotter999
416849834 57660080
416858284 57940081 416849834 57660080
416865844 62488236 416797944 45790778
416890385 45790778 416820604 1749262
416891255 54370447
416891792 1603832
416891943 45790778
416892071 45790778 416811772 57910773
416892440 A.S.Lim
416893044 57769526 416766192 54291569
416893318 45790778 416848890 harrypotter999
416893615 57910773
416893722 45790778
416894046 45790778 416893615 57910773
416894208 57769526 416805805 45790778
416894262 A.S.Lim 416893722 45790778
416894293 45790778 416817583 jyamolmiry
416894804 45790778 416894262 A.S.Lim
416894993 53068928
416895331 RAINBOWKEKE
416895372 45790778 416894208 57769526
416895763 45790778 416810170 may-blooming
416896845 67637889
416897097 45790778 416814001 only_zizi
416897320 45790778 416896845 67637889
416897508 45790778 416813530 haicong1000
416897625 67637889 416897320 45790778
416897647 66707340
416898253 45790778
416898269 42062652
416898466 45790778 416897625 67637889
416898575 impedance
416898612 45790778 416897647 66707340
416899122 67637889 416898466 45790778
416899158 45790778 416898575 impedance
416899178 66707340 416898612 45790778
416899273 45790778 416899122 67637889
416899331 fayeQ
416899352 4345271
416899605 45790778 416899178 66707340
416899910 45790778 416899352 4345271
416899947 67637889 416899273 45790778
416900142 66707340 416899605 45790778
416900204 camelliacoco7
416900473 43575612
416900535 45790778 416900204 camelliacoco7
416900573 abvmeng
416900648 45790778 416900473 43575612
416900691 45790778 416900573 abvmeng
416900866 43575612 416900648 45790778
416900892 45790778 416899331 fayeQ
416901155 49036261
416901273 45790778 416900866 43575612
416901421 45790778 416901155 49036261
416901979 43575612 416901273 45790778
416902157 42578297
416902362 49036261 416901421 45790778
416902784 ziliuziliu
416904685 57769526 416895763 45790778
416905194 57769526 416902362 49036261
416905696 57769526
416905830 67084981
416906127 55713818
416906225 59708885
416907189 38862896
416909229 45790778 416907189 38862896
416909636 45790778 416905830 67084981
416909642 woshibill
416909972 45790778 416902784 ziliuziliu
416910157 45790778 416902362 49036261
416910521 45790778 416909642 woshibill
416911092 ziliuziliu 416909972 45790778
416911367 adagao
416911579 woshibill 416910521 45790778
416911703 yuanwai
416970494 64005810 416969986 45790778
416970637 pinklen
416970832 45790778 416970637 pinklen
416971044 cutcutdown
416971376 45790778 416971044 cutcutdown
416971914 cutcutdown 416971376 45790778
416972973 45790778 416971914 cutcutdown
416973110 43394996
416973448 cutcutdown 416972973 45790778
416973738 45790778 416973110 43394996
416973956 45790778
416974225 zhuxin
416974743 4795723 416942025 45790778
416975137 45790778
416975176 crystene
416975244 45790778 416974743 4795723
416975356 45790778 416975176 crystene
416975588 43394996
416975872 crystene 416975356 45790778
416976326 45790778 416975588 43394996
416976415 45790778 416975872 crystene
416977259 pinklen 416970832 45790778
416977484 54006154 416909229 45790778
416977643 43394996 416976326 45790778
416977779 60363203
416977945 45790778 416977259 pinklen
416978099 45790778 416977779 60363203
416978392 54006154 416976326 45790778
416978728 49224119
416978868 45790778 416977643 43394996
416978913 45790778 416978728 49224119
416979056 pinklen 416977945 45790778
416979152 49224119 416978913 45790778
416979184 66517683
416979565 45790778 416978392 54006154
416979768 45790778 416979152 49224119
416980319 49224119 416979768 45790778
416980490 doris_teng
416980668 54006154 416979565 45790778
416981099 45790778
416981190 softpur
416981635 51024558
416982406 32001865
416982658 zhangty
416982797 66517683 416981099 45790778
416982978 45790778 416980668 54006154
416983262 45790778 416982797 66517683
416983491 impedance 416968056 45790778
416984032 66517683 416983262 45790778
416984100 impedance 416971914 cutcutdown
416984212 54006154 416982978 45790778
416984473 Daning_hsu 416982978 45790778
416985047 45790778 416983491 impedance
416985095 cutcutdown 416984100 impedance
416985412 impedance 416985047 45790778
416985433 66517683
416985593 impedance 416985095 cutcutdown
416985956 vivianwang18
416986306 45790778 416983491 impedance
416986591 cutcutdown
416986642 impedance 416986306 45790778
416986693 2441602
416986739 impedance 416986591 cutcutdown
416986743 45790778
416986972 40247063
416987047 45790778 416985412 impedance
416987277 45790778 416986642 impedance
416987939 45790778 416986693 2441602
416988082 cutcutdown 416986739 impedance
416988102 45802249 416954799 45790778
416988167 45790778 416986642 impedance
416988337 48601577
416988515 64005810 416987277 45790778
416988743 45790778 416988102 45802249
416988827 45802249 416988743 45790778
416988896 45790778 416988102 45802249
416989030 2755604
416989579 abvmeng 416793375 45790778
416996573 impedance
416990039 45790778 416989030 2755604
416996985 45790778 416996573 impedance
416990289 59627620
416997382 impedance 416996985 45790778
416991029 impedance 416988102 45802249
416998138 45790778
416991438 impedance 416987047 45790778
417001529 yyppyue
416992142 45790778
417001757 flamemaster
416992279 45790778 416991029 impedance
417002135 45790778 417001529 yyppyue
417002666 17947323
416992374 45790778 416990289 59627620
417003258 60189663
416992681 45790778 416988515 64005810
417003351 60189663
416993032 impedance 416992142 45790778
417003489 66848987
416993253 impedance 416992279 45790778
417004397 45790778 417002666 17947323
416993408 66517683 416986743 45790778
417004910 17947323
417004912 45790778 417003351 60189663
416993526 45790778 416993032 impedance
417005161 45790778 417003258 60189663
416993835 45802249 416991029 impedance
417005172 sadmimi
416993886 2441602 416987939 45790778
417005453 45790778 417004910 17947323
416993892 45790778 416993253 impedance
417005769 17947323 417005453 45790778
416994157 45790778 416993886 2441602
417006108 45790778
416994408 impedance 416993526 45790778
417006421 66848987
416994571 birdier
417006571 45790778 417005769 17947323
416994716 impedance 416993892 45790778
417006797 17947323 417006571 45790778
416995353 impedance 416993886 2441602
417006817 45790778 417006421 66848987
416995355 45790778 416994571 birdier
417006989 64248840
416995735 45790778 416994408 impedance
417011248 66848987 417006817 45790778
417013306 45790778 417011248 66848987
417013317 54291569 416958082 57769526
417016200 dearjessity
417018317 hellohelloparis
417018695 hellohelloparis
417018743 45790778 417016200 dearjessity
417019247 45790778 417018317 hellohelloparis
417019853 darlinfish
417021939 45790778 417019853 darlinfish
417028888 TOYOFF
417035213 hellohelloparis
417037850 49224119 416788488 45790778
417038682 45790778 417035213 hellohelloparis
417038883 impedance 417037850 49224119
417039139 45790778 417037850 49224119
417039240 impedance 417035213 hellohelloparis
417039496 lqycrazy
417039904 45790778 417039496 lqycrazy
417040102 27599052
417040338 hellohelloparis 417039240 impedance
417040367 lqycrazy 417039904 45790778
417041200 impedance 417040338 hellohelloparis
417041320 45790778
417041551 20708008
417130825 51614631
417130881 mysweety
417042346 45790778 417041551 20708008
417138577 46565759
417042750 dear-anonymous
417143892 the-last-alien
417043158 khailifong 416791041 45790778
417144122 wzp0708
417043619 impedance 417043158 khailifong
417148675 4795723 416975244 45790778
417149172 51125957
417044544 20708008
417154744 impedance
417045005 2501927
417155819 46565759 417154744 impedance
417045961 45790778 417043158 khailifong
417156498 impedance 417155819 46565759
417046376 45790778 417045005 2501927
417046709 49454066
417046725 impedance 417044544 20708008
417156750 54968086
417046896 45790778 417046725 impedance
417157226 46565759 417156498 impedance
417047745 52640259
417157547 dizer 416899273 45790778
417048939 20708008 417046725 impedance
417049329 impedance 417048939 20708008
417051067 khailifong 417045961 45790778
417051289 20708008
417158514 dizer
417162957 46383057
417051686 impedance 417051289 20708008
417179538 45790778 417162957 46383057
417051818 orztot
417180002 45790778 417157547 dizer
417180126 45790778
417052105 impedance 417051067 khailifong
417183714 Narcisssus
417052954 45790778 417047745 52640259
417183886 kleer
417053076 20708008 417051686 impedance
417185086 mysweety
417185698 2137056
417053300 khailifong
417053329 45790778
417186491 45790778 417185698 2137056
417053938 lqycrazy
417187224 45790778 417183886 kleer
417054060 45790778 417051818 orztot
417187882 52600312
417188112 51222575
417111661 impedance
417054570 han8513
417112099 katherinekathy
417188248 57769526 417013317 54291569
417054811 impedance 417053076 20708008
417188497 57769526 417188248 57769526
417112214 56109490 416781756 45790778
417055065 impedance 417054570 han8513
417188947 kleer
417055456 impedance 417053329 45790778
417112897 20708008
417191546 45790778
417057764 49224119 417039139 45790778
417114314 impedance 417112897 20708008
417191770 dizer 417180002 45790778
417058069 45790778 417055456 impedance
417114487 impedance
417058296 khailifong 417055065 impedance
417114622 20708008 417114314 impedance
417192968 45790778 417191770 dizer
417193983 45790778
417114833 20708008 417114487 impedance
417058383 impedance 417057764 49224119
417194644 44089409
417114959 impedance
417298569 dizer 417192968 45790778
417058908 45790778 417057764 49224119
417115148 impedance 417114622 20708008
417058946 49224119
417115551 subaoxi
417302162 45790778 417298569 dizer
417059199 impedance 417058296 khailifong
417115689 subaoxi
417303065 impedance 417185086 mysweety
417059282 dearjessity
417115904 subaoxi
417312387 ballozeng
417115910 impedance 417115689 subaoxi
417312662 impedance
417060143 20708008 417054811 impedance
417116171 subaoxi 417115910 impedance
417318800 ballozeng 417312662 impedance
417116459 liu773780263
417060212 impedance 417058946 49224119
417320063 impedance 417318800 ballozeng
417116506 20708008
417060611 impedance 417060143 20708008
417116905 49913015
417321218 45790778
417321840 venry
417060652 45790778 417058296 khailifong
417116991 1138215 416899273 45790778
417322991 mysweety 417303065 impedance
417117194 20708008
417060903 impedance
417117561 impedance 417116459 liu773780263
417061379 terriblerockers
417323656 impedance
417062938 52067486
417117619 impedance 417117194 20708008
417326916 mysweety
417327133 chengzidouban
417063055 20708008 417060611 impedance
417117722 20708008
417327175 impedance
417117982 20708008 417117619 impedance
417063579 impedance 417063055 20708008
417328403 3949901
417118464 20708008
417329116 gzy0517
417064202 han8513 417055065 impedance
417335715 Rona_Shen
417118500 vagrantxinxin
417064312 dolffei 416799598 45790778
417118622 45790778 417116991 1138215
417065750 45790778
417339100 27020267
417064729 nil4
417065914 impedance 417064202 han8513
417065470 60189663
417118852 45790778 417118500 vagrantxinxin
417339302 4424863
417118994 subaoxi 416894293 45790778
417066250 khailifong 417059199 impedance
417340011 45790778 417335715 Rona_Shen
417065648 45790778 417059282 dearjessity
417066378 45790778 417064312 dolffei
417119138 impedance
417066491 han8513 417066250 khailifong
417341311 Rona_Shen
417119203 45790778
417341335 lemonV
417066594 khailifong
417119452 45790778
417341516 ballozeng
417119453 66917951
417066709 impedance 417065470 60189663
417341638 45790778 417339302 4424863
417119485 40097921
417341775 59534188
417067115 45790778 417061379 terriblerockers
417119581 impedance 417118500 vagrantxinxin
417342528 lemonV
417119842 45790778 417116506 20708008
417067519 49224119
417342570 45790778 417341516 ballozeng
417119998 impedance 417119485 40097921
417342897 45790778 417341775 59534188
417067592 45790778
417120175 20708008
417343285 Rona_Shen 417342528 lemonV
417067613 26535221
417120285 vagrantxinxin
417343603 45790778 417341335 lemonV
417120552 impedance 417120175 20708008
417343970 ballozeng 417342570 45790778
417120799 20708008 417119842 45790778
417068070 45790778
417344177 lemonV 417343603 45790778
417068252 45790778
417120843 impedance 417120285 vagrantxinxin
417344277 45790778 417339100 27020267
417068323 impedance 417066250 khailifong
417120986 57314317
417068406 huye0304
417121004 impedance 417120799 20708008
417068462 52285215 416945180 45790778
417345759 45790778 417343970 ballozeng
417345926 simplifyinglife
417121080 66652557
417068947 45790778 417067613 26535221
417121163 20708008
417346463 59534188 417342897 45790778
417069144 45790778 417068462 52285215
417121225 impedance 417121080 66652557
417346560 45790778 417329116 gzy0517
417069340 60189663 417065750 45790778
417121339 66652557
417346976 59534188 417342897 45790778
417121386 impedance 417121163 20708008
417069665 impedance
417070161 Mika-Q
417347195 45790778 417346463 59534188
417121392 61991282
417121420 20708008 417121004 impedance
417070236 impedance
417347399 impedance 417341516 ballozeng
417070424 dolffei 417066378 45790778
417122023 20708008 417121386 impedance
417347479 ballozeng 417345759 45790778
417070530 impedance 417070161 Mika-Q
417348081 Iris1225
417071031 52285215 417069144 45790778
417348331 57485076
417122053 impedance 417121392 61991282
417349840 63645704
417122374 20708008
417349992 iwillbestrong4u 416788376 45790778
417071145 terriblerockers 417067115 45790778
417071266 Mika-Q 417070530 impedance
417352068 63645704
417122578 Blureen
417352492 45790778 417347479 ballozeng
417072092 45790778 417071031 52285215
417122763 impedance 417122374 20708008
417352813 45790778 417349840 63645704
417123094 20708008
417072422 impedance 417071266 Mika-Q
417352880 impedance 417349840 63645704
417123141 47795306
417352991 45790778 417349992 iwillbestrong4u
417123147 impedance
417073623 45790778 417070424 dolffei
417123304 20708008
417353204 45790778 417348331 57485076
417073632 34450007
417353586 legendxy
417074842 20708008
417355231 45790778 417353586 legendxy
417123445 impedance
417355728 legendxy 417355231 45790778
417123736 46623960
417074847 26535221 417068947 45790778
417355804 legendxy 417355728 legendxy
417124009 impedance
417356112 djtears88
417075262 Mika-Q
417124060 2254823
417356695 45790778 417355804 legendxy
417075587 dolffei 417073623 45790778
417124251 20708008
417357804 legendxy
417077655 45790778 417074847 26535221
417124320 1044719
417358961 45790778 417356112 djtears88
417078066 45790778 417075587 dolffei
417124361 impedance
417361024 45790778 417357804 legendxy
417078260 45790778 417074842 20708008
417124517 65755000
417362603 iwillbestrong4u 417352991 45790778
417079323 dolffei 417078066 45790778
417124518 20708008 417124009 impedance
417368843 djtears88
417124909 20708008 417124361 impedance
417079835 45790778 417079323 dolffei
417375627 57673894
417380651 45790778 417362603 iwillbestrong4u
417082142 49224119
417381058 lynndu
417125105 impedance
417083668 20708008 417063579 impedance
417395778 amoswang
417125184 impedance 417124518 20708008
417084426 20708008 417078260 45790778
417125368 20708008
417125606 20708008
417084533 impedance
417125676 impedance
417086494 impedance 417083668 20708008
417125869 impedance
417087568 20708008 417086494 impedance
417126238 20708008
417088635 TracyLWP
417126383 impedance 417126238 20708008
417089527 Blureen
417126409 53386081
417090444 45790778 417084426 20708008
417126410 47967992 416928316 45790778
417090666 Mika-Q
417126444 impedance 417126238 20708008
417090974 Mika-Q
417091247 3243791
417126528 impedance
417126537 45790778
417091559 45790778 417090666 Mika-Q
417126646 20708008 417126383 impedance
417091800 Mika-Q 417091559 45790778
417126827 20708008 417126444 impedance
417092303 45790778 417090974 Mika-Q
417092752 45790778
417126887 impedance 417126646 20708008
417092754 Mika-Q 417092303 45790778
417126933 impedance 417126827 20708008
417093215 Mika-Q 417092752 45790778
417127196 47967992 417126528 impedance
417094614 64647406
417127306 20708008 417126933 impedance
417094631 impedance 417092752 45790778
417127349 impedance 417127196 47967992
417094767 63550616
417127768 45790778
417095239 vippasser
417127833 47967992 417127349 impedance
417095749 impedance 417089527 Blureen
417128145 impedance 417127833 47967992
417096353 impedance 417091559 45790778
417128547 gongxingzhe
417096607 impedance 417087568 20708008
417128744 50831981
417128765 20708008 417127768 45790778
417096994 impedance
417129151 Kotori
417099730 45790778 417094631 impedance
417129195 50811004
417100176 impedance 417099730 45790778
417129705 45790778 417128765 20708008
417130324 milk70
417101290 Mika-Q 417094631 impedance
417101860 impedance 417099730 45790778
417102235 38799213
417102749 20708008 417090444 45790778
417103122 impedance
417103361 impedance 417102749 20708008
417103795 20708008 417099730 45790778
417103983 impedance 417101860 impedance
417104293 impedance 417103795 20708008
417104365 summerkid7
417104460 45790778 417102749 20708008
417104708 20708008
417104831 45790778 417103795 20708008
417104995 20708008 417104460 45790778
417105184 impedance 417104708 20708008
417105425 20708008 417104831 45790778
417106618 20708008
417106971 impedance 417106618 20708008
417107011 31984045
417107138 20708008 417104293 impedance
417107533 20708008 417106971 impedance
417107595 impedance 417107138 20708008
417107926 20708008 417107595 impedance
417109077 45790778
417109423 45790778 417107138 20708008
417109489 impedance 417109077 45790778
417109913 45790778 417105425 20708008
417110019 20708008 417109423 45790778
417110263 aosen2
417110944 20708008 417109913 45790778
417111237 20708008
417111498 impedance 417110944 20708008
418732232 ai-xiaomuwu
418752244 Vanemo
418763639 45790778 418752244 Vanemo
418763707 2289860
418764268 3378205
418764386 45790778 418763707 2289860
418766269 45790778 418764268 3378205
418766949 20708008
418767521 Vanemo
418769800 66543699
418776312 44834843
418777760 45790778 418776312 44834843
418778404 45790778 418767521 Vanemo
418800928 3949901
418802822 masquefalse
418805538 45790778 418800928 3949901
418805782 45790778
418806634 3949901 418805538 45790778
418864022 Vanemo 418778404 45790778
418865814 2194988
418918093 50626752
418931349 45790778
418932745 45790778
418957150 Vanemo
418970761 sunnypiggy
418979812 45790778 418970761 sunnypiggy
418980501 45790778
418987868 doudou629
419426536 changchang0204 416800515 sukata
419446177 chunxiaod
419464239 45790778 419446177 chunxiaod
419800148 chunxiaod
419810691 42749435
419831586 44428332
419833381 chunxiaod 416763945 60038904
419856187 45790778 419800148 chunxiaod
419856518 45790778 419810691 42749435
419858395 45790778 419833381 chunxiaod
419867185 42749435
419868325 45790778 419867185 42749435
419868472 42749435
419869062 impedance 419833381 chunxiaod
419869199 42749435 419868325 45790778
419935674 45790778 419869199 42749435
419971820 54331163
419974664 shuijun
419977157 45790778 419971820 54331163
419979310 45790778
419986897 39713045
419986950 kis
419987280 56040270
419987510 lawenda-hx
419988022 45790778 419986950 kis
419988626 45790778 419987510 lawenda-hx
419988680 67465877
419989973 56040270
420007620 kis 419988022 45790778
420011706 45790778 420007620 kis
420013386 45786849
420032164 ruwen
420040325 xiewenzhu
420044989 60045270
420045103 lawenda-hx 419988626 45790778
420056382 60045270 420045103 lawenda-hx
420064102 60662894
420069051 1452828
420089655 1767046
420144488 45790778 420044989 60045270
420148920 45790778 420089655 1767046
420149522 45790778 420064102 60662894
420149842 47142853
420176070 60045270
420183254 45790778 420176070 60045270
417966472 fenjo
417969645 45790778 417966472 fenjo
417976424 fenjo 417969645 45790778
417977762 fenjo
417987739 67770811
417994226 50051112
418005488 gzeven1314 417969645 45790778
418011104 zada66
418011197 TOYOFF
418014995 crystene
418026708 66209389
418027315 impedance 417987739 67770811
418030710 45790778 418026708 66209389
418044686 rockbabycat
418065646 45790778
418066070 45790778 418044686 rockbabycat
418066538 rockbabycat 418066070 45790778
418067153 45790778 418066538 rockbabycat
418067790 impedance
418088325 rerena
418091883 51086239
418189824 gluttony6 417977762 fenjo
418207035 mirrorrrrrr
418219852 56276963 416925814 45790778
418222725 WXTgogo0025
418227280 4165775
418227675 55898218
418243914 45790778 418227280 4165775
418246029 45790778 418219852 56276963
418247898 45790778 418227675 55898218
418249711 Jacobzebra
418250012 45790778 418249711 Jacobzebra
418257012 55898218 418247898 45790778
418257216 10653103 416898575 impedance
418280735 45790778 418257012 55898218
418288080 45790778 418257012 55898218
418292348 50626752
418295919 45790778
418300593 50626752
418304595 cchic
418307563 coldfront4e
418319018 45790778
418319430 baby-fox
418319840 45498386
418319842 45790778 418304595 cchic
418320064 45790778 418319430 baby-fox
418320611 xiaodaoge
418323829 45790778 418320611 xiaodaoge
418324408 3847056
418326733 rushingfly
418330563 45498386
418338996 49904847
418340751 Shaguoruyi 417107595 impedance
418345703 jeffery-lau
418347849 67560502
418349118 blackdeng 416793280 45790778
418350102 56794274
418353286 1969797
418356172 45790778 418349118 blackdeng
418356722 45790778
418360227 xiaodaoge
418365542 ywxblue
418368284 Ladybirdy
418368467 45790778
418369140 45790778 418368284 Ladybirdy
418369525 45790778
418370512 Ladybirdy 418369140 45790778
418371226 66209389
418373550 55581523
418374290 45790778 418370512 Ladybirdy
418375036 45790778 418371226 66209389
418376266 Ladybirdy 418374290 45790778
418376990 sunlan0122
418377934 66209389
418378415 66209389 418375036 45790778
418382433 fenjo 418189824 gluttony6
418389994 summerlovesprin
418426209 impedance 418340751 Shaguoruyi
418429420 63272334
418441372 gluttony6 418382433 fenjo
418458953 misuiru
418467092 42850005
418468299 38065971 417065750 45790778
418468758 Junexoxo
418476315 67309714
418477404 3378205
418486070 3512143
418552569 45790778
418554733 45790778 418468299 38065971
418617274 fenjo 418441372 gluttony6
418619162 1479978
418629727 thankwe
418633736 45790778 418629727 thankwe
418634682 64720151
418659007 2289860
418717522 59633547
418728367 55898218 418288080 45790778
418731360 45790778 418728367 55898218
418731993 ai-xiaomuwu
418732133 ai-xiaomuwu
417396369 impedance 417368843 djtears88
417402838 45790778
417406057 56345857 416777148 Kcelia17
417427057 gzy0517 417346560 45790778
417427168 57940081
417441691 50940545
417442178 dizer
417442340 45790778 417442178 dizer
417442614 50920155
417444843 mayooop 416801282 58583348
417448431 dizer 417442340 45790778
417449021 45790778 417448431 dizer
417449813 56673849
417451635 gluttony6
417452219 elven.ma
417452893 ivylazy
417452986 musemiaosi 416951046 45790778
417453882 50305612
417457251 ivylazy 416763521 37010547
417458989 59534188 417347195 45790778
417459740 Shaguoruyi
417461352 48601577
417461652 39592296
417462409 48601577
417463735 yanyeepanda
417465433 50051112
417467962 53532061
417475321 45790778 417465433 50051112
417475770 45790778 417463735 yanyeepanda
417475855 45790778 417459740 Shaguoruyi
417475975 45790778 417467962 53532061
417476186 Shaguoruyi 417475855 45790778
417476665 43352136
417480525 45790778 417476665 43352136
417483639 45790778 417476186 Shaguoruyi
417494900 5967678
417495067 S-Daisy
417496007 BeibyCherry 417194644 44089409
417501484 djtears88 417396369 impedance
417501625 impedance 417501484 djtears88
417504025 53532061 417475975 45790778
417504048 djtears88 417501625 impedance
417504356 impedance 417504048 djtears88
417506007 45790778 417504025 53532061
417506873 djtears88 417504356 impedance
417507579 65562183
417508246 impedance 417506873 djtears88
417508887 MsHsu
417509605 djtears88 417508246 impedance
417513192 59661203
417513715 yanyeepanda 417475770 45790778
417514012 45790778 417513715 yanyeepanda
417515683 45790778 417509605 djtears88
417516447 45790778 417515683 45790778
417520003 cheer22
417520849 djtears88 417515683 45790778
417524829 34868249
417527587 45790778 417520849 djtears88
417543871 djtears88
417557487 Shaguoruyi 417483639 45790778
417558227 45790778 417557487 Shaguoruyi
417558796 dearjessity
417558924 Shaguoruyi 417558227 45790778
417560104 45790778 417558796 dearjessity
417560503 45790778 417558924 Shaguoruyi
417566214 Shaguoruyi 417560503 45790778
417577782 54044627
417579361 3472326
417579715 3472326
417579855 mirrorrrrrr
417580180 47237205
417582994 dumplingmoon
417741313 66880295
417747802 fenjo
417749202 davidstrike
417751626 Jane0325
417769847 jesuistian
417857516 45790778 417579855 mirrorrrrrr
417857731 45790778 417577782 54044627
417858012 45790778 417747802 fenjo
417858439 45790778 417579361 3472326
417858915 45790778 417582994 dumplingmoon
417859497 54044627 417857731 45790778
417861596 50051112 417475321 45790778
417862954 45210860
417863267 45790778 417859497 54044627
417864013 54044627
417864169 45790778 417861596 50051112
417865290 4898393
417870421 45790778 417864013 54044627
417895556 50051112
417902874 44089409 417496007 BeibyCherry
417903669 BeibyCherry 417902874 44089409
417906220 fenjo 417858012 45790778
417918201 54044627
417929545 45790778 417895556 50051112
417932184 45790778 417906220 fenjo
417932503 45790778
417938320 gzeven1314
417965845 fenjo
