416894036 52594294
416894146 53940613
416894306 32836055 416894146 53940613
416894368 axax
416894462 53940613 416894306 32836055
416894543 32836055 416894368 axax
416894583 hidarinotabi
416894692 32836055 416894583 hidarinotabi
416894798 53068928
416894810 queer2
416896004 hidarinotabi 416894692 32836055
416896264 32836055 416896004 hidarinotabi
416896476 axax 416894543 32836055
416896488 32836055 416894462 53940613
416896587 32836055 416896476 axax
416896635 53940613 416896488 32836055
416896753 32836055 416894798 53068928
416896841 hidarinotabi 416896264 32836055
416896861 32836055 416894810 queer2
416897052 32836055 416896635 53940613
416897280 64102866
416897348 32836055 416896841 hidarinotabi
416897415 1663009
416897440 53940613 416897052 32836055
416897512 32836055 416897280 64102866
416897592 32836055 416897415 1663009
416897681 1663009 416897592 32836055
416897732 32836055 416897440 53940613
416897807 64102866 416897512 32836055
416898171 32836055 416897681 1663009
416898353 32836055 416897807 64102866
416898587 53940613 416897732 32836055
416898730 64102866 416898353 32836055
416898784 32836055 416898587 53940613
416898812 kingcox
416898821 56579218
416899007 53940613 416898784 32836055
416899284 naihemomo
416899501 1327894
416899532 yyy318
416899554 32836055 416898812 kingcox
416899616 32836055 416898821 56579218
416899641 67107498
416899684 32836055 416899007 53940613
416899799 32836055 416899284 naihemomo
416899808 61405662
416899960 53940613 416899684 32836055
416899964 hy-leon
416899991 32836055 416899501 1327894
416900039 kingcox 416899554 32836055
416900134 32836055 416899532 yyy318
416900197 32836055 416899641 67107498
416900378 32836055 416899808 61405662
416900476 32836055 416899960 53940613
416900606 32836055 416899964 hy-leon
416900683 53940613 416900476 32836055
416900850 32836055 416900039 kingcox
416901041 32836055 416900683 53940613
416901322 kingcox 416900850 32836055
416901334 47156216 416899532 yyy318
416901509 53940613 416901041 32836055
416901697 32836055 416901322 kingcox
416901879 32836055 416901509 53940613
416901911 53751208
416901975 2137969
416901987 kingcox 416901697 32836055
416902017 53940613 416901879 32836055
416902032 56579218 416899616 32836055
416902098 32836055 416901334 47156216
416902187 32836055 416902017 53940613
416902292 32836055 416901911 53751208
416902353 32836055 416901975 2137969
416902428 53940613 416902187 32836055
416902492 32836055 416902032 56579218
416902693 32836055 416902428 53940613
416902942 56579218 416902492 32836055
416903111 53940613 416902693 32836055
416903172 veracl
416903181 32836055 416902942 56579218
416903371 32836055 416903172 veracl
416903480 32836055 416903111 53940613
416903765 53940613 416903480 32836055
416903931 64594907
416904160 32836055 416903765 53940613
416904271 4898393
416904288 56579218 416903181 32836055
416904305 32836055 416903931 64594907
416904534 53940613 416904160 32836055
416904573 32836055 416904288 56579218
416904755 32836055 416904271 4898393
416904978 32836055 416904534 53940613
416905130 64594907 416904305 32836055
416905263 53940613 416904978 32836055
416905280 56579218 416904573 32836055
416905533 32836055 416905130 64594907
416905645 32836055 416905263 53940613
416905779 32836055 416905280 56579218
416906024 56579218 416905779 32836055
416906103 honwhy
416906300 63466463
416906390 56579218
416906402 53940613 416905645 32836055
416906676 32836055 416906024 56579218
416907011 32836055
416907088 32836055 416906300 63466463
416907344 63466463 416907088 32836055
416907361 64594907 416905533 32836055
416907492 32836055 416906402 53940613
416907946 32836055 416907344 63466463
416908117 32836055 416907361 64594907
416908142 53940613 416907492 32836055
416908269 63466463 416907946 32836055
416908372 64594907 416908117 32836055
416908381 4898393 416904755 32836055
416908500 32836055 416908142 53940613
416908614 seven1016
416908652 32836055 416908381 4898393
416908755 eve_lyons
416908789 32836055 416908269 63466463
416908907 honwhy 416907011 32836055
416909004 32836055 416908372 64594907
416909245 32836055 416908614 seven1016
416909281 56579218 416906676 32836055
416909303 Be1s1
416909315 53940613 416908500 32836055
416909427 32836055 416908755 eve_lyons
416909476 64594907 416908372 64594907
416909680 32836055 416908907 honwhy
416909707 63466463 416908789 32836055
416909807 56099992
416909939 32836055 416909281 56579218
416909995 4898393 416908652 32836055
416910106 60533536
416910161 32836055 416909303 Be1s1
416910352 32836055 416910106 60533536
416910620 Be1s1 416910161 32836055
416910834 64594907 416910161 32836055
416911121 32836055 416909315 53940613
416911287 32836055 416909707 63466463
416911359 32836055 416909807 56099992
416911475 53940613 416911121 32836055
416911489 32836055 416909995 4898393
416911854 32836055 416910620 Be1s1
416911892 4898393 416911489 32836055
416912128 32836055 416910834 64594907
416912254 32836055 416911475 53940613
416912436 32836055 416911892 4898393
416912498 eve_lyons 416909427 32836055
416912539 53940613 416912254 32836055
416912869 32836055 416912539 53940613
416912947 32836055 416912498 eve_lyons
416913023 53266686
416913400 32836055 416913023 53266686
416913783 4898393 416912436 32836055
416913935 56099992 416911359 32836055
416914192 acatinhome
416914372 32836055 416913783 4898393
416914494 64594907 416912128 32836055
416914519 32836055 416913935 56099992
416914649 4898393 416914372 32836055
416915033 32836055 416914192 acatinhome
416915244 32836055 416914494 64594907
416915341 32836055 416914649 4898393
416915865 4898393 416915341 32836055
416915879 32836055 416909476 64594907
416916139 32836055 416915865 4898393
416916447 64594907 416915033 32836055
416916957 32836055 416916447 64594907
416917067 4898393 416916139 32836055
416917669 56579218
