417068838 luice3222
417069053 lazyworld
417070250 2620838
417070306 57910481
417070675 2620838 417068838 luice3222
417070730 Yorke
417071435 ll113486
417077778 shadowlui
417082496 luice3222
417088251 57819091
417088501 41752073
417785120 2620838 417082496 luice3222
417785429 2620838 417088501 41752073
417785455 2620838 417088251 57819091
417785596 2620838 417077778 shadowlui
417799536 luice3222 417785120 2620838
417801328 57819091 417785455 2620838
417802665 49196813
417803553 lgysg
417825731 laalaalaa
417962132 2620838 417802665 49196813
417962310 2620838 417825731 laalaalaa
417962488 2620838 417803553 lgysg
417962670 2620838 417801328 57819091
417963012 2620838 417799536 luice3222
418212123 1435913
418216275 ymmymm
418218529 pima_y
418400346 2620838 418212123 1435913
418400497 60644462
418400599 2620838
418400806 2620838 418400497 60644462
418401424 2620838 418216275 ymmymm
418404138 60644462 418400806 2620838
418417501 lucank
418420116 pima_y 418400599 2620838
418420458 eddiescissors
418490076 ymmymm 418401424 2620838
418524120 1435913
418710272 2620838 418417501 lucank
418710628 2620838 418524120 1435913
418710875 2620838 418490076 ymmymm
418711274 2620838
418712604 2620838 418420116 pima_y
418712812 2620838 418420458 eddiescissors
418714275 59539869
418715149 pima_y 418712604 2620838
418716538 2620838 418420116 pima_y
418716884 53966317
418717434 2620838 418714275 59539869
418717864 2620838 418716884 53966317
418720043 53966317 418717864 2620838
418740509 59539869 418717434 2620838
418741492 60072550
418744058 59740608
418762028 2620838 418744058 59740608
418762184 2620838 418741492 60072550
418764397 pima_y 418716538 2620838
418764983 59740608 418762028 2620838
418767195 64757349 418744058 59740608
418767888 59740608 418767195 64757349
418769876 42256360
418775257 66671200
418783254 ymmymm 418710875 2620838
419073865 2620838 418769876 42256360
419074514 2620838 418783254 ymmymm
419074667 2620838 418775257 66671200
419076327 42256360 419073865 2620838
419078765 2620838
419078949 2620838 419076327 42256360
419079330 42256360 419078949 2620838
419090034 ymmymm 419074514 2620838
419094692 44545833
419095159 59645224
419481397 2620838 419079330 42256360
419481680 2620838 419090034 ymmymm
419484831 cuixue
419491719 42256360 419481397 2620838
419506504 2620838 419484831 cuixue
419506768 2620838 419094692 44545833
419506968 2620838 419095159 59645224
419507367 W261417899
419577341 44545833 419506768 2620838
419745526 59645224 419506968 2620838
419768336 3750792 418767888 59740608
419769753 3750792 418767888 59740608
419771243 32398568
419773413 4042935
419795205 sosilkke
419939117 59740608 419769753 3750792
419939209 59740608 419768336 3750792
420037861 2620838 419507367 W261417899
420037967 2620838 419577341 44545833
420038197 2620838 419769753 3750792
420038290 2620838 419795205 sosilkke
420038386 2620838 419773413 4042935
420038830 sadmimi
420039235 huazhensh
420039996 53007319
420044571 funnylibra
420048012 51778838
