417050093 54751539
417050394 54751539
417050784 67703381 417050093 54751539
417051031 44191583
417052167 maxlv
417053472 67703381 417052167 maxlv
417054068 61676843
417054755 maxlv 417053472 67703381
417054973 67703381 417054068 61676843
417055327 boingboing
417055614 41801403
417056378 3055263
417056446 57910481
417056742 67703381 417054755 maxlv
417057657 67703381 417055327 boingboing
417057668 63192137
417057812 67703381 417055614 41801403
417058129 26549205
417058340 boingboing 417057657 67703381
417059996 67703381 417056378 3055263
417060981 67703381 417057668 63192137
417062377 67703381 417058129 26549205
417063036 67703381 417058340 boingboing
417065569 67703381 417051031 44191583
417086905 44191583 417059996 67703381
417087586 44191583 417065569 67703381
417087623 50353732
417087822 35799058
417090377 67703381 417087586 44191583
417090783 67703381 417087623 50353732
417092656 67703381 417087822 35799058
417093617 35799058 417092656 67703381
417094204 50353732
417095675 44191583 417093617 35799058
417096038 44191583 417090377 67703381
417096677 67703381 417093617 35799058
417100175 67703381 417094204 50353732
417100957 asdzhounan
417101541 50353732
417103632 67703381 417100957 asdzhounan
417105514 67703381 417101541 50353732
417107189 50353732
417108102 67703381 417107189 50353732
417109700 50353732
417148635 44191583 417100957 asdzhounan
417159849 asdzhounan 417148635 44191583
417160666 44251223
417161299 46501263
417165545 lilianwen
417174320 2791408
417194241 67703381 417160666 44251223
417194608 67703381 417174320 2791408
417196828 48601577
417248892 2791408 417194608 67703381
418018358 50910746
418083257 67703381 418018358 50910746
