417009923 lysy20100525
417010089 lysy20100525
417010217 35799058
417010234 liujiaren
417011833 liujiaren
417026671 53553965
417070124 naver
417435121 silenthell
417786803 38380763
417823546 67575073
417823756 67575073
417824395 56867363
417825384 67575073
418033697 matilda789
418036439 yangchengjie 417786803 38380763
418036655 yangchengjie 417435121 silenthell
418036871 yangchengjie 418033697 matilda789
418205857 silenthell 418036655 yangchengjie
418207639 13262475
418278831 67575073 418207639 13262475
418450566 jinglu
418592562 haopps
419155483 63327184
