417073470 57910481
417073563 48791885
417073568 50432949
417073659 2770924
417073877 flamemaster
417073927 54784953
417074544 xiayishi
417074695 45906157
417074986 64389508
417074991 51719610
417075014 45906157
417075214 45906157
417075540 45906157
417076182 45906157
417078023 51719610
417078200 4747494
417079645 45906157
417080240 65266620
417080610 65266620
417081088 65266620
417081681 45906157
417082198 45906157
417083298 49739837
417083740 65266620
417084488 45906157
417084620 41413945
417085445 66793849
417085549 45906157
417085555 49632542
417086631 45906157
417088219 65266620
417088748 65266620
417090270 45906157
417092987 37436434
417095060 go_sail
417111856 45906157
417138999 40209469
417158663 58467522
417161253 whateveryouwant
417162664 55504043
417347418 45906157
417347784 41937708
417348345 45906157
417349266 45904248
417350970 45906157
417352989 45906157
417354119 shenmeshenmeshe
417359245 45906157
417547461 funada 417347784 41937708
417579685 xmuafrog
417582871 lazyworld
417583022 lazyworld
417584913 ttyytao
417585445 2987152
417586151 ztl
417594047 64859542
417594417 31957021
417598225 41751653
417598365 31957021
417598658 55703115
417602225 43243401
417606343 1469357
417716989 1539935
417718653 nikita_ng
417719680 63635363
417725171 45906157
417725994 45906157
