417088088 57910481
417088793 44755749
417090677 44755749
417090829 wengmeilingai
417090946 50353732
417091104 zywkeep78
417093832 44755749 417090829 wengmeilingai
417094302 44755749 417090946 50353732
417094490 44755749 417091104 zywkeep78
417094607 36880793 417094302 44755749
417095004 50353732 417094302 44755749
417095175 60276506
417096403 wengmeilingai 417093832 44755749
417096870 44755749 417094607 36880793
417097181 53852350
417097381 44755749 417095004 50353732
417098281 44755749 417095175 60276506
417098539 44755749 417096403 wengmeilingai
417098970 4228219 417093832 44755749
417099296 chloe_ 417098281 44755749
417099604 chloe_ 417098970 4228219
417099675 4228219 417098539 44755749
417099766 36880793 417097181 53852350
417099783 60961960
417099987 36880793 417099296 chloe_
417100285 36880793 417099783 60961960
417100298 chendeshen
417100626 chloe_ 417099987 36880793
417100829 chloe_ 417100298 chendeshen
417100901 36880793 417100298 chendeshen
417101014 25697810
417101070 36880793 417100626 chloe_
417101272 ayadaisuki
417101306 36880793
417101363 44755749 417097181 53852350
417101429 36880793 417101272 ayadaisuki
417101532 64829232
417101977 44755749 417099296 chloe_
417102372 60961960
417102472 44755749 417099783 60961960
417102546 53852350 417101363 44755749
417102832 44755749 417100298 chendeshen
417103181 44755749 417101014 25697810
417103246 53852350 417101363 44755749
417103286 48314832
417103618 44755749 417101272 ayadaisuki
417103648 50353732
417104241 44755749 417101306 36880793
417104393 60961960 417100285 36880793
417104465 53852350 417103648 50353732
417104538 60961960 417102472 44755749
417104795 59173423
417105069 44755749 417102546 53852350
417105101 36880793 417104241 44755749
417105251 36880793 417104393 60961960
417105437 44755749 417104795 59173423
417105675 4228219 417103648 50353732
417105802 50353732
417106600 44755749 417103246 53852350
417107086 44755749 417103286 48314832
417107528 44755749 417104393 60961960
417107665 44755749 417104465 53852350
417109269 44755749 417105101 36880793
417109445 48314832 417107086 44755749
417109756 zhaojili
417109966 67019452
417110542 44755749 417109445 48314832
417110960 27672588
417110979 44755749 417109966 67019452
417111293 44755749 417110960 27672588
417111349 67019452 417110979 44755749
417111512 25697810 417103181 44755749
417111861 ayadaisuki 417101429 36880793
417112398 chendeshen 417102832 44755749
417112444 ayadaisuki 417103618 44755749
417113181 44755749 417111349 67019452
417113183 27672588
417113589 67019452 417113181 44755749
417113669 44755749 417111349 67019452
417113946 44755749 417113589 67019452
417114083 67019452 417113669 44755749
417114178 67019452 417113946 44755749
417114246 67019452 417113946 44755749
417114448 44755749 417111512 25697810
417114727 44755749 417112398 chendeshen
417115157 44755749 417112444 ayadaisuki
417115179 chloe_ 417107086 44755749
417115506 48314832 417110542 44755749
417115684 woqusi
417115821 52912755
417116638 44755749 417114246 67019452
417116948 67019452 417116638 44755749
417117116 44755749 417115506 48314832
417117338 48314832 417117116 44755749
417117422 44755749 417116948 67019452
417117636 67019452 417117422 44755749
417117689 Dolphin_yu
417117841 59811530
417117872 59811530
417117898 59811530
417266182 44755749
417266516 mitty_abby
417266800 67498264
417266911 57068318 417266182 44755749
417267072 zxqing
417267267 58443583
417267359 47097204
417267477 44755749 417267267 58443583
417267560 44755749 417267359 47097204
417267719 58443583 417267477 44755749
417267751 44755749 417266911 57068318
417268021 44755749 417267719 58443583
417268050 57068318 417267751 44755749
417268137 44755749 417267719 58443583
417268238 58443583 417268021 44755749
417268303 44755749 417268050 57068318
417268491 44755749 417268238 58443583
417268918 58443583 417268491 44755749
417268961 57068318 417268303 44755749
417269254 44755749 417268918 58443583
417269296 47097204 417268491 44755749
417269552 44755749 417268961 57068318
417269583 58443583 417269254 44755749
417269776 44755749 417269583 58443583
417269944 57068318 417269552 44755749
417270030 58443583 417269776 44755749
417270866 46473919
417270914 satoruyamap
417272270 61297132 417103648 50353732
417272314 aprilyummy
417272519 61297132 417105802 50353732
417272957 oinin
417274292 Explosion
417276710 67498264 417270914 satoruyamap
417302695 44755749 417272957 oinin
417325730 aprilyummy
417332881 pima_y
417341805 48601577
417344427 3565784
417388265 saoirse
417464712 33806597
417667114 60961960 417107528 44755749
417667817 67637889
417673318 3747845
417675861 doramay
417818340 4228219
417819557 50246890 417105437 44755749
417820295 50246890 417105437 44755749
417820692 50246890 417103286 48314832
417822965 50246890 417113183 27672588
417824489 50246890
417824554 48314832 417820692 50246890
417825209 50246890
417825770 50246890 417824554 48314832
417826084 61428865 417824489 50246890
417826172 50246890 417824554 48314832
417826254 48314832 417825770 50246890
417826726 50246890 417826254 48314832
417828194 50246890
417829190 45281430 417090829 wengmeilingai
417829646 45281430 417826726 50246890
417829764 50246890 417675861 doramay
417830013 50246890 417829646 45281430
417830020 4228219 417825209 50246890
417830361 4228219 417828194 50246890
417830432 60426754
417831161 50246890 417830361 4228219
417831892 48314832 417094302 44755749
417832179 48314832
417832767 45281430 417830013 50246890
417833853 50246890
417833989 50246890 417832767 45281430
417834799 45281430 417833989 50246890
417835223 50246890 417834799 45281430
417835252 50740109
417835648 58673891
417835703 50246890 417834799 45281430
417835957 4228219 417831161 50246890
417836171 48314832 417833853 50246890
417836988 50246890 417836171 48314832
417840741 36196353 417111512 25697810
417841516 36196353
417848948 60692929 417830013 50246890
417849424 50246890 417848948 60692929
417850852 60692929
417851874 doramay 417829764 50246890
417855603 50246890
417856243 JoIaN 417098281 44755749
417858257 60692929 417855603 50246890
417879898 27672588 417841516 36196353
417880974 36196353 417879898 27672588
417885922 25697810
417886041 27672588 417880974 36196353
417886585 47345484
417888426 27672588 417822965 50246890
417888620 47630662
417888892 50246890 417888426 27672588
417889297 47630662
417889414 50246890 417879898 27672588
417889695 4379988
417118055 54812051
417118280 54918694 417110960 27672588
417118444 44755749 417113183 27672588
417118612 54918694
417118689 44755749 417118055 54812051
417119539 44755749 417117636 67019452
417119846 44755749 417117689 Dolphin_yu
417120075 44755749 417118612 54918694
417120095 34910155
417120858 44755749 417120095 34910155
417121145 44748891
417121478 54918694 417120075 44755749
417121645 34910155 417120858 44755749
417122242 mxf
417124823 51530660
417126961 44755749 417121478 54918694
417127309 44755749 417122242 mxf
417129769 wlx1993
417129923 MavisChau
417149516 25697810 417114448 44755749
417154617 44755749 417129923 MavisChau
417154718 44755749 417149516 25697810
417163555 44755749
417163558 44755749
417163596 67019452
417163810 37918363
417166627 sunxiaonao 417127309 44755749
417169447 wengmeilingai 417098539 44755749
417181946 25697810 417154718 44755749
417187609 4228219 417105437 44755749
417210628 67498264
417211087 52871880
417220461 ayadaisuki 417115157 44755749
417222758 64268770 417129769 wlx1993
417231359 48601577
417231411 48601577 417094302 44755749
417232461 48601577 417166627 sunxiaonao
417233609 srui 417098281 44755749
417234367 58978571 417103618 44755749
417235324 47097204 417116638 44755749
417235712 47097204 417234367 58978571
417236777 addicted_jian 417118055 54812051
417236907 47097204 417109269 44755749
417237752 58978571 417235712 47097204
417238514 59644267
417238791 47097204 417237752 58978571
417238987 47097204 417238514 59644267
417239022 59651778 417096870 44755749
417239402 1935869
417242596 59644267 417238987 47097204
417243237 47097204 417239402 1935869
417243649 56784544
417243842 54893856
417244172 62817221
417248972 44755749 417232461 48601577
417249093 44755749 417233609 srui
417249423 44755749 417234367 58978571
417249657 44755749 417235324 47097204
417250087 44755749 417236907 47097204
417250367 47864877
417250384 44755749 417238514 59644267
417250510 44755749 417239022 59651778
417250599 satoruyamap
417250915 44755749 417239402 1935869
417251378 44755749 417243649 56784544
417251517 44755749 417244172 62817221
417251723 59651778 417250510 44755749
417252084 48601577 417248972 44755749
417252480 44755749 417250599 satoruyamap
417252871 44755749 417252084 48601577
417253149 deysi-chan
417253506 44755749 417251723 59651778
417253659 27434289
417254543 44755749
417254747 siusiumei 417099675 4228219
417254774 44755749 417253659 27434289
417255063 44755749 417254747 siusiumei
417255737 siusiumei 417255063 44755749
417257000 47097204 417252480 44755749
417257416 47097204 417250087 44755749
417259048 mitty_abby
417261321 44755749 417257416 47097204
417261549 44755749 417257000 47097204
417261587 fetisher
417262129 44755749 417259048 mitty_abby
417262291 49319060
417262319 44755749 417255737 siusiumei
417262908 fetisher 417262291 49319060
417262914 44755749 417262291 49319060
417263969 49319060
417264472 44755749 417263969 49319060
417264579 zxqing 417105437 44755749
417264687 47097204 417261321 44755749
417264975 44755749 417264579 zxqing
417265073 33806597
417265356 44755749 417264687 47097204
417265660 44755749 417265073 33806597
417265729 mitty_abby 417262129 44755749
417266084 57068318
417266106 44755749 417265729 mitty_abby
417890880 55589828
417896190 27672588 417889414 50246890
417896625 hpcat0119
417897685 33806597 417889414 50246890
417897996 27672588 417889414 50246890
417898955 43309106 417250384 44755749
417902090 siusiumei 417818340 4228219
417904466 48314832 417836988 50246890
417923172 50246890 417897996 27672588
417936983 27672588 417923172 50246890
