417168128 zoe0613
417168260 51277681 417168128 zoe0613
417168483 51277681 417168128 zoe0613
417168834 zoe0613 417168260 51277681
417178202 51277681 417168834 zoe0613
417178550 50403904
417181656 sleeepy
417182013 54331786
417183796 freakingkid
417190189 65695929
417197982 48601577
417200249 52348040
417202691 65870767
417203495 icedew
417204051 icedew 417202691 65870767
417204434 tonarinototoro
417223470 51277681 417178550 50403904
417223703 51277681 417182013 54331786
417223833 51277681 417183796 freakingkid
417223942 51277681 417197982 48601577
417224163 51277681 417202691 65870767
417224457 51277681
417224673 67084981
417224722 67084981
417225456 51277681 417224673 67084981
417226054 67084981
417226625 48601577 417223942 51277681
417227247 42056130
417227892 51277681 417226054 67084981
417227967 51277681 417227247 42056130
417229480 miracle312
417230074 51277681 417229480 miracle312
417234963 48180071
417241182 51277681 417234963 48180071
417241346 54331786
417241862 51277681 417241346 54331786
417242110 54331786 417241862 51277681
417277371 48180071 417241182 51277681
417279740 4454155
417280636 lenesue2
417281480 4543481
417296737 44672052
417297984 67560502
417312173 lickerwang
417338593 57485076
417348134 3992054
417348174 nicetomeetyou
417366765 SalanC
417439170 candycow
417554164 51277681 417366765 SalanC
417554323 51277681 417277371 48180071
417554389 51277681 417280636 lenesue2
417554468 51277681 417281480 4543481
417554683 51277681 417296737 44672052
417554912 64005094
417554948 51277681
417555247 51277681 417312173 lickerwang
417555483 51277681 417338593 57485076
417555552 44672052 417554683 51277681
417555735 51277681 417348134 3992054
417555845 67560502 417554948 51277681
417556182 51277681 417348174 nicetomeetyou
417558206 51277681 417555552 44672052
417558390 51277681 417555845 67560502
417558661 67560502 417558390 51277681
417559054 53338068
417559374 owsama 417183796 freakingkid
417561105 48180071 417554323 51277681
417563152 3992054
417566544 53299633
417568566 mumuhuai
417570415 44672052 417558206 51277681
417576252 nicetomeetyou 417556182 51277681
417637588 lickerwang 417555247 51277681
417794733 51277681 417558661 67560502
417794984 51277681 417561105 48180071
417795039 51277681 417563152 3992054
417795250 51277681 417566544 53299633
417795410 51277681 417576252 nicetomeetyou
417795596 51277681 417568566 mumuhuai
417797840 51277681
417805196 41784827
417805605 51277681 417805196 41784827
417806401 56992253
417806720 51277681 417806401 56992253
417825888 laalaalaa
417868195 shenxianshenxia
418023876 freakingkid 417559374 owsama
418055747 50128623
418096015 pelham
418213101 51277681 417868195 shenxianshenxia
418213212 51277681
418233023 53299633 417805605 51277681
418423920 41784827 417805605 51277681
418493222 67450435
418494732 farseerl
418567464 51277681 418423920 41784827
418567579 51277681 418494732 farseerl
418567727 51277681 418493222 67450435
418575078 nicetomeetyou
418583983 32446893
418890440 51277681 418583983 32446893
418890955 51277681 418575078 nicetomeetyou
418895467 32446893 418890440 51277681
419101318 53590156
419121727 6559057
419380152 daymoon.Jan
419419184 51277681 418895467 32446893
419419265 51277681 419101318 53590156
419419462 51277681 419380152 daymoon.Jan
419472399 32446893 419419184 51277681
419882643 51277681 419472399 32446893
419913649 32446893 419882643 51277681
420058108 daymoon.Jan
420080172 50626752
420081661 65735567
