417166175 56011185
417166510 51604012
417167123 51818022 417166175 56011185
417168446 51818022
417168557 51818022
417168727 50432949
417168936 51818022 417168727 50432949
417169071 62190827
417169276 51818022 417169071 62190827
417169285 64245240
417169422 51818022 417169285 64245240
417169467 51818022 417169422 51818022
417169599 51198428
417169625 64245240 417169467 51818022
417169641 51818022 417169599 51198428
417169863 51818022 417169625 64245240
417169921 64245240
417170056 45482964
417170123 63525207
417170383 64245240
417170459 51818022 417170056 45482964
417170487 63525207
417170714 63597304
417170775 51818022 417170123 63525207
417170779 63597304
417170802 63525207
417170945 63597304 417169641 51818022
417171056 ZDeer
417171072 63597304 417169641 51818022
417171078 51818022 417170487 63525207
417171438 63525207
417171498 51818022 417170802 63525207
417171618 56011185
417171741 51818022 417171056 ZDeer
417171987 51818022 417170383 64245240
417172086 51818022 417170779 63597304
417172276 ZDeer 417171498 51818022
417172379 51818022 417171618 56011185
417172451 63597304 417172086 51818022
417172986 51818022 417172276 ZDeer
417173265 51818022 417171072 63597304
417173666 63597304 417173265 51818022
417173853 51818022 417173666 63597304
417173882 64191151
417173903 unknown2825
417174335 51198428 417169641 51818022
417174357 51818022 417173882 64191151
417174404 63597304 417173853 51818022
417174534 51818022 417173903 unknown2825
417174837 51818022 417174335 51198428
417174841 64191151 417174357 51818022
417175194 51198428 417174837 51818022
417175217 51818022 417174841 64191151
417175434 64191151 417175217 51818022
417175544 51818022 417175194 51198428
417175649 51818022 417175434 64191151
417176022 64191151 417175649 51818022
417176103 51198428 417175544 51818022
417176350 63525207
417177600 51818022 417176022 64191151
417177666 46524848
417177912 51818022 417176350 63525207
417177948 51818022 417177912 51818022
417178433 13679716
417178953 51818022 417178433 13679716
417180698 59826961
417182115 51818022 417180698 59826961
417183385 2819211
417183437 steleexiao
417183601 51818022 417183385 2819211
417183654 51818022 417183601 51818022
417183696 51818022 417183654 51818022
417183728 51818022 417183437 steleexiao
417184021 42041301
417184271 48557449
417184311 freakingkid
417184460 51818022 417184021 42041301
417184663 51818022 417184271 48557449
417184678 skyemoon
417184733 51818022 417184311 freakingkid
417185225 freakingkid 417184733 51818022
417185557 64859542 417175544 51818022
417185663 2819211 417183601 51818022
417185730 34321851
417185807 51818022 417184678 skyemoon
417185998 51818022 417185225 freakingkid
417186010 16870721
417186101 44089409
417186112 51818022 417185663 2819211
417186242 51818022
417186332 54331786
417186537 51818022
417188312 53126610
417188572 2819211 417186112 51818022
417189076 3464131
417190307 penguin_q
417190485 skyemoon 417185807 51818022
417190651 aiwanghao
417190825 42041301 417184460 51818022
417191475 66549666
417191744 giazen
417191937 51941400
417192317 16870721 417186537 51818022
417193170 45927928
417194672 YSY119
417195264 1256699
417202884 63209723 417194672 YSY119
417220069 51818022 417186332 54331786
417220163 51818022 417186101 44089409
417220545 51818022 417185730 34321851
417220755 51818022 417188312 53126610
417220990 51818022 417188572 2819211
417221371 51818022 417189076 3464131
417222280 51818022 417190485 skyemoon
417222526 64083471
417222602 51818022 417190651 aiwanghao
417222770 yutiti1321
417222891 51818022 417190825 42041301
417223241 51818022 417191744 giazen
417223683 51818022 417193170 45927928
417223764 51818022 417191937 51941400
417224085 51818022 417222526 64083471
417224666 61379108
417224679 51818022 417194672 YSY119
417224849 51818022 417202884 63209723
417225101 51818022 417195264 1256699
417225162 YSY119 417224679 51818022
417225213 61379108
417225721 51818022 417222770 yutiti1321
417226023 51818022 417223683 51818022
417227180 56837781
417227204 51818022 417225213 61379108
417227470 yutiti1321 417225721 51818022
417227550 51818022 417225162 YSY119
417227844 61379108 417227204 51818022
417227872 51818022 417227470 yutiti1321
417228453 51818022 417227180 56837781
417229260 51818022 417227844 61379108
417229397 YSY119 417227550 51818022
417229592 61379108 417229260 51818022
417230049 51818022 417229397 YSY119
417230085 rill18
417230284 YSY119 417230049 51818022
417230326 51818022 417230085 rill18
417230400 51818022 417229592 61379108
417230805 51818022 417230284 YSY119
417231321 63821703
417231841 61379108 417230400 51818022
417232504 YSY119 417230805 51818022
417232652 YSY119 417231321 63821703
417233421 yutiti1321 417227872 51818022
417233749 51818022 417232504 YSY119
417233855 4244237
417233936 65779294
417234449 51818022
417234613 YSY119 417233749 51818022
417234669 51818022 417233855 4244237
417235117 skyemoon 417222280 51818022
417235173 51818022 417233936 65779294
417235367 51818022 417235117 skyemoon
417235662 51818022 417234613 YSY119
417236621 45927928 417229397 YSY119
417237292 59628838
417238410 joywuyan
417239046 51818022 417237292 59628838
417239081 51818022 417238410 joywuyan
417239491 YSY119 417236621 45927928
417239651 YSY119 417235662 51818022
417239909 joywuyan 417239081 51818022
417240197 54331786
417241056 51818022 417239651 YSY119
417241264 51818022 417239909 joywuyan
417241591 joywuyan 417241264 51818022
417241638 YSY119 417241056 51818022
417242178 51818022 417240197 54331786
417242368 54331786 417242178 51818022
417242382 51818022 417241591 joywuyan
417242750 joywuyan 417242382 51818022
417243329 meihuoss
417243723 51818022 417241638 YSY119
417244016 51818022 417242368 54331786
417244692 51818022 417242750 joywuyan
417245000 51818022 417243329 meihuoss
417245631 4250349
417245827 YSY119 417243723 51818022
417246104 51818022 417245631 4250349
417246574 51818022 417245827 YSY119
417246996 xoxxooxxoxxxxox
417247660 51818022 417246996 xoxxooxxoxxxxox
417248035 48561618
417248135 xoxxooxxoxxxxox 417247660 51818022
417248490 YSY119 417246574 51818022
417248797 51818022 417248135 xoxxooxxoxxxxox
417249001 51818022 417248490 YSY119
417249368 4250349 417246104 51818022
417249534 YSY119 417249001 51818022
417249577 48258839
417250217 51818022 417249577 48258839
417250568 45281430 417243723 51818022
417250828 59661042
417309303 53512095
417309442 53512095
417309484 53512095
417309752 51818022
417310056 3370532
417310190 Xanton
417311015 lanlan_ 417309752 51818022
417311042 SalanC
417311084 57673894
417311093 53430048 417309752 51818022
417311191 51818022 417310190 Xanton
417311428 62561544
417312098 51818022 417311015 lanlan_
417312450 51818022
417312467 lanlan_ 417312098 51818022
417312646 51818022 417311084 57673894
417313323 51818022 417311093 53430048
417313363 SalanC 417312450 51818022
417313617 57673894 417312646 51818022
417313724 51818022 417311428 62561544
417314031 56747664
417314255 56747664
417314373 53430048 417313323 51818022
417316511 29782178
417318135 51818022 417314031 56747664
417318345 51818022 417314255 56747664
417318807 56747664
417318945 51818022 417314373 53430048
417319104 56747664 417318135 51818022
417319350 51818022 417316511 29782178
417320430 51818022 417319104 56747664
417321197 56747664 417320430 51818022
417322596 sherlockz
417322614 51818022 417312467 lanlan_
417322987 51818022 417313363 SalanC
417323356 xbei119
417323731 fanmengya
417324762 51818022 417321197 56747664
417324973 51818022 417322596 sherlockz
417325707 51818022 417323356 xbei119
417325891 56747664 417324973 51818022
417326283 51818022 417323731 fanmengya
417326510 56747664 417324762 51818022
417326799 51818022 417325891 56747664
417326942 51818022 417326510 56747664
417328258 54908736
417328614 51818022
417328936 56747664 417326799 51818022
418447289 Joyfully
418449386 54683356
417329050 54908736 417328614 51818022
418450430 uknowQ
417329157 56747664 417326942 51818022
418452018 woshiniaoshen
418452156 55426628
417329240 56747664 417329050 54908736
418453240 51818022
417329496 51818022 417328936 56747664
418453505 51818022
417329555 54908736 417329240 56747664
418453550 3054972
417330146 51818022 417329050 54908736
418453647 45190993
417330384 56747664 417329555 54908736
418453685 51818022 418447289 Joyfully
417330385 51818022 417329157 56747664
418454388 51818022 418449386 54683356
417330860 56747664 417330385 51818022
418454402 47367856
418455017 54683356 418454388 51818022
417331466 51818022 417330860 56747664
418455164 51818022 418452018 woshiniaoshen
417331484 54908736 417330384 56747664
418455513 51818022 418449386 54683356
417331833 54908736 417331466 51818022
418455814 51818022 418454402 47367856
417332456 51818022 417331484 54908736
418455942 51818022 418455017 54683356
417332714 54908736 417330146 51818022
418456056 notaway 417227550 51818022
417332953 zikkeung 417171618 56011185
418456204 47367856 418455814 51818022
417332967 54908736 417332456 51818022
418456756 47367856
417333173 melody95
417333809 51818022 417332714 54908736
418457353 61939814
417334757 54908736 417333809 51818022
418457379 54683356 418455942 51818022
417336887 51818022 417333173 melody95
418458082 47367856 418455942 51818022
417337194 mjhuan
418459498 51818022 418456056 notaway
417337990 51818022 417337194 mjhuan
418459675 51818022 418456204 47367856
417338751 lanlan_ 417322614 51818022
417339487 51818022 417338751 lanlan_
417340578 gylLaura
417341701 lanlan_ 417339487 51818022
418459869 51818022 418456756 47367856
417342148 migrantbirdpeng
418460011 47367856 418459675 51818022
417342781 63645704
418460074 47367856 418459869 51818022
417344183 59661042
418460469 51818022 418457353 61939814
417347442 60079264 417224679 51818022
418460517 51818022 418457379 54683356
417347893 60079264
418460758 51818022 418458082 47367856
417348059 51818022 417341701 lanlan_
418460989 51818022 418460074 47367856
417348405 51818022 417342148 migrantbirdpeng
418461056 EudoraEJ
417348766 51818022 417344183 59661042
418461270 51818022 418461056 EudoraEJ
417349326 51818022
418461283 54683356 418460517 51818022
417351364 60079264 417166175 56011185
418461361 47367856 418460989 51818022
417351535 lanlan_ 417348059 51818022
418461459 51818022 418461283 54683356
417352412 60079264 417349326 51818022
418461722 EudoraEJ 418461270 51818022
417352574 51818022 417351535 lanlan_
417354513 migrantbirdpeng
418461806 54683356 418461459 51818022
417355576 51818022
418461964 51818022 418461722 EudoraEJ
418462343 51039948
417357204 51941400
418462632 51818022 418462343 51039948
417357354 51818022 417354513 migrantbirdpeng
418464671 luc0321
417357520 60079264 417355576 51818022
418467063 3064180
417358709 51818022 417357204 51941400
418467906 luc0321 418467063 3064180
418468595 cat_yr
417359000 51818022 417358709 51818022
418468680 3064180 418467906 luc0321
417359322 51818022 417357520 60079264
418469006 luc0321 418468680 3064180
417360985 60798628 417227550 51818022
418488830 47367856 418462632 51818022
417361254 59661042 417348766 51818022
418552077 Joyfully 418453685 51818022
417364007 51818022 417360985 60798628
418592680 51818022 418464671 luc0321
417364375 51818022 417361254 59661042
418593046 51818022 418467063 3064180
417364475 51818022 417364375 51818022
418593443 51818022 418468595 cat_yr
418594064 51818022 418488830 47367856
418595008 64981109
418596382 51818022 418595008 64981109
418596868 64981109 418596382 51818022
418598303 47367856 418594064 51818022
418598367 51818022 418596868 64981109
418599652 64981109 418598367 51818022
418602337 lylayh
418602635 lylayh
418602973 51818022 418602635 lylayh
418603254 lylayh
418603392 lylayh
418603874 51818022 418602635 lylayh
418604735 51818022 418603392 lylayh
418604757 lylayh
418605032 51818022 418604757 lylayh
418605567 lylayh
418607185 51818022 418605567 lylayh
418613196 42630518
418622635 51187133 417312098 51818022
418627074 50574521
418627338 14345299
418654678 51818022 418622635 51187133
418654866 51818022 418627338 14345299
418655377 51187133 418654678 51818022
418655608 51818022 418655377 51187133
418657057 51187133 418655608 51818022
418657648 30984544
418658705 koisumi 417173265 51818022
418661168 51187133
418661803 3011208
418670479 51818022 418657057 51187133
418670699 51818022 418657648 30984544
418670759 51818022 418658705 koisumi
418671180 51818022 418661168 51187133
418671230 51818022 418661803 3011208
418671735 30984544 418670699 51818022
418697903 4889451
418699775 liangfeixu
418701429 BlackAnthony
418701595 51818022 418671735 30984544
418701936 51818022 418697903 4889451
418702821 51818022 418699775 liangfeixu
418702889 51818022 418702821 51818022
418704587 63406200
418706800 ai-xiaomuwu
418706846 ai-xiaomuwu 418706800 ai-xiaomuwu
417251132 51818022 417249368 4250349
417251543 51818022 417249534 YSY119
417251712 48258839 417250217 51818022
417251782 YSY119 417251132 51818022
417253542 51818022 417250828 59661042
417253941 51818022 417250568 45281430
417254035 51818022 417251712 48258839
417254147 63033010
417254349 yutiti1321 417234449 51818022
417254781 rill18 417230326 51818022
417254785 51818022 417254147 63033010
417254971 51818022 417254781 rill18
417255426 rill18 417254971 51818022
417255638 51818022 417255426 rill18
417256001 46793168
417256763 4250349 417251132 51818022
417257265 51818022 417256001 46793168
417257283 51065070
417258168 46793168 417257265 51818022
417258636 9755327
417258963 47855079
417259130 51818022 417258168 46793168
417259397 46793168 417259130 51818022
417259760 cinders
417259950 51818022 417258636 9755327
417260170 51818022 417257283 51065070
417260442 51818022 417259760 cinders
417260577 51818022 417258963 47855079
417260749 51818022 417259397 46793168
417260867 2003488 417172986 51818022
417261125 51818022 417260867 2003488
417261226 46793168 417260749 51818022
417261518 44240274
417261706 42713665 417168557 51818022
417261977 51818022 417261226 46793168
417262272 29782178
417262274 51818022 417261518 44240274
417262459 51818022 417261706 42713665
417262481 46793168 417261977 51818022
417262603 51818022 417262272 29782178
417262732 51818022
417262958 42713665 417262459 51818022
417263734 29782178 417262603 51818022
417264176 yuzhonghai
417264800 44240274
417266197 sllulu
417266527 4719474 417230326 51818022
417267179 funny_520
417270557 ke-z 417171987 51818022
417270660 crt
417272701 52531693
417275288 63645704
417279744 51818022 417262958 42713665
417279899 51818022 417263734 29782178
417280113 51818022 417264176 yuzhonghai
417280216 51818022 417264800 44240274
417280399 51818022 417266197 sllulu
417280647 51818022 417266527 4719474
417280849 1256699 417225101 51818022
417280909 4719474 417280647 51818022
417281136 29782178 417279899 51818022
417281401 29782178 417280113 51818022
417281464 51818022 417270557 ke-z
417366865 56747664
417367432 1390841
417282056 51818022 417270660 crt
417282112 4369388
417368540 60798628 417364007 51818022
417369016 67667841
417282306 51818022 417272701 52531693
417369399 1552126
417282903 crt 417282056 51818022
417370329 51818022
417370564 51818022 417369016 67667841
417371091 62085770 417175544 51818022
417371925 melody95 417336887 51818022
417371946 67667841 417370564 51818022
417372366 51818022 417369399 1552126
417372590 51818022 417367432 1390841
417372890 51818022 417368540 60798628
417283297 51818022 417275288 63645704
417373287 xiamoyoumei
417373509 51818022 417373287 xiamoyoumei
417283661 51818022 417281401 29782178
417373897 51818022 417371091 62085770
417283884 51818022 417282112 4369388
417374313 51818022 417371946 67667841
417284286 52531693 417282306 51818022
417284810 64233635
417374627 51818022 417371925 melody95
417374660 Ian-Cheung
417286108 51818022 417282903 crt
417375483 1390841
417286386 51818022 417286108 51818022
417375704 60798628 417372890 51818022
417286911 51818022 417284810 64233635
417377302 51818022 417375704 60798628
417289019 56321314
417377731 34090878
417290038 51818022 417289019 56321314
417378476 51818022 417377731 34090878
417290489 51941400
417378651 60798628 417377302 51818022
417290840 52864963
417379251 51818022 417378651 60798628
417291433 51818022 417290489 51941400
417292210 43575612
417379466 51941400 417239491 YSY119
417292295 51818022 417290840 52864963
417379719 60798628 417379251 51818022
417380043 56168117
417292492 crt 417286108 51818022
417380091 34090878 417378476 51818022
417292567 52864963 417292295 51818022
417380096 56321314 417290038 51818022
417292843 51818022 417292210 43575612
417380097 67056620
417293106 43575612 417292843 51818022
417294092 37451384
417380703 51818022 417379719 60798628
417380721 3622219
417295504 51818022 417292492 crt
417380926 51818022 417380703 51818022
417295757 51818022 417292567 52864963
417381250 51818022 417380091 34090878
417296437 51818022 417293106 43575612
417299955 57673894
417381589 51818022 417380096 56321314
417301851 lanlan_
417381941 51818022 417380721 3622219
417302656 51818022 417299955 57673894
417382289 60798628 417380926 51818022
417303339 51818022 417301851 lanlan_
417383351 51818022 417382289 60798628
417383620 sono_chou
417303791 56867363 417174534 51818022
417384869 60798628 417383351 51818022
417304282 51818022 417303791 56867363
417306297 4238154
417385055 duanqiaozuoan 417347893 60079264
417306325 44240274
417385079 51818022 417383351 51818022
417307998 53430048
417385631 51818022 417383620 sono_chou
417308115 51818022 417306325 44240274
417386309 51818022 417384869 60798628
417386431 60798628 417383620 sono_chou
417386770 47062096
417387195 60079264 417385055 duanqiaozuoan
417387599 60798628 417386309 51818022
417394887 Ville-Valo
417395104 56498447
417399186 renatelli 417175544 51818022
417406807 14289277
417409635 14345299
417409767 14345299 417395104 56498447
417413263 Ga-K
417416420 meihuoss 417245000 51818022
417429521 46537101 417242178 51818022
417431114 59562674
417459279 47855079 417260577 51818022
417463104 36098436
417463259 56111294
417519202 crazy77
417586082 51818022
417586787 51818022 417387599 60798628
417587121 51818022
417587352 51818022 417399186 renatelli
417587622 51818022 417406807 14289277
417587877 51818022
417588129 51818022 417431114 59562674
417588731 51818022 417429521 46537101
417589069 51818022 417463104 36098436
417589205 51818022 417463259 56111294
417589532 51818022 417519202 crazy77
417589718 51818022 417459279 47855079
417589955 51818022 417395104 56498447
417590078 51818022 417409767 14345299
417592275 66629372
417592736 51596458
417601883 51818022
417602036 51818022 417592275 66629372
417602578 51818022 417592736 51596458
417602620 51818022 417602578 51818022
417602974 51596458
417605875 66629372 417602036 51818022
417606242 nikita_ng
417608439 51818022 417605875 66629372
417609007 51818022 417606242 nikita_ng
417611604 nikita_ng 417609007 51818022
417615242 51818022 417611604 nikita_ng
417615446 66629372 417608439 51818022
417616371 51818022 417615446 66629372
417617030 66629372 417616371 51818022
417618771 51818022 417617030 66629372
417619254 66629372 417618771 51818022
417622094 51818022 417619254 66629372
417622661 63209723 417364007 51818022
417623765 66629372 417622094 51818022
417623995 51818022 417622661 63209723
417624730 51818022 417623765 66629372
417625062 54572530
417625608 49061717
417625839 youcom
417626142 51818022 417625062 54572530
417626774 51818022 417625608 49061717
417626836 renatelli 417587352 51818022
417627027 66629372 417624730 51818022
417627322 51818022 417625839 youcom
417627545 51818022 417627027 66629372
417628201 youcom 417627322 51818022
417628676 51818022 417626836 renatelli
417629202 66629372 417627545 51818022
417629360 66629372 417627545 51818022
417630748 51818022 417629360 66629372
417631341 51818022 417630748 51818022
417631819 66629372 417630748 51818022
417632022 66629372 417631341 51818022
417633767 51818022 417631819 66629372
417634210 66612866
417634349 51818022 417632022 66629372
417636307 66629372 417634349 51818022
417636472 viced
417637366 51818022 417636307 66629372
417637958 51818022 417636472 viced
417638648 36253509
417639287 54118739 417224666 61379108
417640079 49030029
417640248 49061717 417626774 51818022
417642348 51818022 417638648 36253509
417642577 51818022 417640079 49030029
417642693 timrex
417642879 51818022 417640248 49061717
417644809 49061717 417642879 51818022
417647552 viced
417648691 36098436 417589069 51818022
417657295 51818022 417644809 49061717
417657442 51818022 417647552 viced
417669452 viced
417672818 51818022 417669452 viced
417681750 renatelli 417628676 51818022
417682823 49061717 417657295 51818022
417683109 51818022 417681750 renatelli
417684591 51818022 417682823 49061717
417713443 ccihr
417714209 1256699 417672818 51818022
417714503 51818022 417713443 ccihr
417714875 51818022 417714209 1256699
417716595 beibei_921
417723574 45356436
417728765 45675384 417186112 51818022
417730341 51818022 417723574 45356436
417730675 51818022 417728765 45675384
417730902 39930682
417731627 2758098
417732516 51818022 417731627 2758098
417734553 62259365
417736814 51818022 417734553 62259365
417737698 65878271 417174841 64191151
417739320 67564340
417739875 51818022 417739320 67564340
417741511 jesuswong
417771095 duanqiaozuoan 417387195 60079264
417773961 46537101 417588731 51818022
417790700 mysweety
417794724 49061717 417684591 51818022
417821430 2758098 417732516 51818022
417911543 crazy77 417589532 51818022
417993467 51818022 417773961 46537101
417994087 51818022 417794724 49061717
417994477 51818022 417821430 2758098
417994756 51818022 417911543 crazy77
417999512 ywxblue
418007104 67466127
418007844 nannan1027
418022298 lixiaoyubukaopu
418023851 51949652
418025758 51039948
418032676 51818022 418007104 67466127
418033118 51818022 418023851 51949652
418033828 51818022 418025758 51039948
418041906 crazy77 417994756 51818022
418046054 3768295
418046897 51039948
418059624 Ga-K 417587877 51818022
418069864 51818022 418046897 51039948
418070040 51818022
418076305 zhangyuking
418099037 luc0321
418106237 51818022 418099037 luc0321
418219633 luc0321 418106237 51818022
418312971 58954966
418315457 58954966
418368845 51818022 418219633 luc0321
418369431 51818022 418312971 58954966
418369797 51818022 418315457 58954966
418407212 luc0321
418416091 51818022 418407212 luc0321
418437937 JoanDevil
418445988 49876660
418707896 FuzzySandy 417174534 51818022
418708246 FuzzySandy
418708464 51818022 418704587 63406200
418711122 51818022 418707896 FuzzySandy
418711253 63406200 418708464 51818022
418711622 51818022 418708246 FuzzySandy
418714373 51818022 418711253 63406200
418715109 11225972 417230805 51818022
418716291 liangfeixu 418702821 51818022
418718640 63406200 418714373 51818022
418725434 58072780
418729289 51818022 418716291 liangfeixu
418729493 51818022 418718640 63406200
418729878 51818022 418725434 58072780
418730752 64291665
418733353 63406200 418729493 51818022
418759502 luc0321 418714373 51818022
418765084 FuzzySandy 418711122 51818022
418766153 51289692
418766497 FuzzySandy 418711622 51818022
418766536 40763230
418785914 51818022 418766536 40763230
418786718 51818022 418759502 luc0321
418787418 51818022 418766153 51289692
418787435 luc0321 418786718 51818022
418795220 40763230 418785914 51818022
418804907 56506922 417186112 51818022
418817622 50207969
418866028 51818022 418787435 luc0321
418866106 51818022 418795220 40763230
418868520 51818022
418872482 51818022 418817622 50207969
418873657 40763230 418866106 51818022
418879935 57594275
418886238 56506922 418868520 51818022
418886463 joker_ranger
418899731 1256699 418879935 57594275
418908203 saralondon
418909573 vein_feng
418919530 57594275 418899731 1256699
418938344 liu773780263 417173265 51818022
418938772 48915065
418939470 48915065
418940009 54190652
418944304 55327975
418945351 55327975 417183654 51818022
418951003 49838146
418951091 49838146
418951174 51818022 418938344 liu773780263
418951531 51818022 418939470 48915065
418952030 51818022 418940009 54190652
418952641 51818022 418944304 55327975
418952717 51818022 418945351 55327975
418952985 51818022 418951003 49838146
418953550 55327975 418952717 51818022
418953664 52853458
418953755 47367856
418955800 luoposhusheng
418956961 59641928 417231321 63821703
418964810 GJXUN
418966040 51818022 418955800 luoposhusheng
418974434 1256699 418966040 51818022
418995330 luc0321 418919530 57594275
418996190 luc0321 418866028 51818022
419064990 51818022 418974434 1256699
419065140 51818022 418996190 luc0321
419066834 luc0321
419105960 51818022 419066834 luc0321
419106671 1390841
419108586 51818022 419106671 1390841
419109369 1390841 419108586 51818022
419110341 51818022 419109369 1390841
419119703 14345299 418654866 51818022
419135831 51818022 419119703 14345299
419175676 1390841 419110341 51818022
419257271 pelham
419362077 greenmuzi
419378505 31625524
419416362 50746559
419500337 3153581 418872482 51818022
419593019 51818022 419175676 1390841
419593361 51818022 419257271 pelham
419594695 61497133
419594746 51818022 419362077 greenmuzi
419595365 51818022 419416362 50746559
419597690 51818022 419594695 61497133
419599219 xiaoling1218
419607107 1390841 419593019 51818022
419611386 61497133 419597690 51818022
419814176 51362244
419994504 51818022 419607107 1390841
419994784 51818022 419611386 61497133
419995086 1390841 419994504 51818022
419995278 51818022 419814176 51362244
