417862106 64820171
417871553 yuanlaiyaai
417871790 60191640
417937276 sjsp
417966858 3747845
418302344 63330710 417862106 64820171
418302463 63330710 417871790 60191640
418303292 63330710 417937276 sjsp
418303690 63330710 417871553 yuanlaiyaai
418304178 63330710 417966858 3747845
418318952 sjsp 418303292 63330710
418322016 63330710 418318952 sjsp
418322636 sjsp 418322016 63330710
418357281 63330710 418322636 sjsp
418364236 47733314
418365145 47733314
418578198 63330710 418364236 47733314
419507118 47733314
419886678 67944003
419911376 amoswang
419928685 Helen29 419911376 amoswang
