417282236 67507553
417282328 67507553
417282448 67507553
417284463 3687858
417284712 youaremybule
417285235 toiletwater
417285329 Mmc422
417286243 naihemomo
417286731 dxwzsq
417288669 66082156
417291229 yuanlaiyaai
417301584 67507553
417305421 67507553
417305979 rician
417306729 ideepbreath
417309690 46224963
417310362 60231697
417310796 58443583
417311344 64757524
417311422 1951509
417312272 3968865
417312566 sarah5tata
417318804 3808961
417341360 Minan
417343213 lilipishuang
417343613 40239616
417349177 waiwai7
417349999 52148864
417350968 44755749
417352041 wodetaiyang
417352750 honey-summer
417353147 52124837
417353384 62205408
417353614 62205408 417309690 46224963
417353650 msstravelpurcse
417353744 4182219
417354401 51577354
417354871 41336999
417354987 50466305
417354998 yangchengjie
417355479 yo_ly1989 417354998 yangchengjie
417358141 3475967
417358539 50332687
417359010 57988277
417359096 60363203
417360615 12581276
417361432 Nomee
417361962 44755749
417361968 44755749
417362760 baiwei_ren
417362835 54470430
417363863 fanfan119
417365357 ufoufo
417365464 60594201
417366428 40745737
417367218 5041819
417368055 amibachong
417370108 67507553
417370328 67507553 417285329 Mmc422
417370926 67507553 417286731 dxwzsq
417371756 67507553 417311422 1951509
417371775 ANN1019
417372309 gretchenshu
417372344 67507553 417350968 44755749
417372541 42209471
417374154 yangchengjie 417372344 67507553
417375008 67507553 417352750 honey-summer
417375131 52207338
417375264 Pan.y.p
417375723 67507553 417374154 yangchengjie
417375994 63738178
417376406 51065070
417376504 67056620
417376976 46224963 417353614 62205408
417377355 67507553 417375131 52207338
417377486 31625524
417377609 yumengfei
417377901 67507553 417353147 52124837
417378153 angeljulian
417378891 67507553 417309690 46224963
417379234 67507553 417353384 62205408
417379624 lingxiaoyu
417379780 52207338 417377355 67507553
417381744 sbbwangeggs
417381991 67507553 417353650 msstravelpurcse
417382625 61743029
417382654 67507553 417354401 51577354
417383788 67507553 417376406 51065070
417383918 4790191
417384496 51065070
417384809 42502242
417384839 4790191
417385334 67507553 417383918 4790191
417385727 xiedidi
417386123 xiaoxinmaidou 417343213 lilipishuang
417386200 4439271
417386323 52473550
417386393 52473550
417386584 52473550
417386670 52473550
417386772 46224963 417378891 67507553
417387171 67507553 417384839 4790191
417387278 asui_cx
417387576 lamouryzj
417387810 4790191
417388164 64301078 417372541 42209471
417388169 46224963 417383918 4790191
417388259 67507553 417384496 51065070
417388516 57898042
417388874 67507553 417386323 52473550
417388932 36118915
417388970 51065070
417389018 42209471 417388164 64301078
417389263 67507553
417389360 66612866
417390144 sosilkke
417390340 56384949
417390383 zu0zu0
417390783 44921603
417391054 nichen63
417391267 2595703
417391926 4790191
417394348 45488962 417386772 46224963
417394507 64301078 417389018 42209471
417394605 45488962 417387278 asui_cx
417394777 64301078 417388516 57898042
417395579 45488962 417388970 51065070
417395861 56200018
417396270 45488962 417394777 64301078
417396442 42209471 417394507 64301078
417402416 58709080 417311344 64757524
417402830 52124837 417377901 67507553
417405507 67507553 417387278 asui_cx
417406649 67507553 417386772 46224963
417406693 yuanbaby9
417407244 65980989
417407355 67507553 417390783 44921603
417407564 67507553 417388970 51065070
417407807 67507553 417389018 42209471
417407859 crazybunny666
417408204 67507553 417389360 66612866
417408213 bxnw1992
417409279 watermelon0619
417409911 yuanbaby9
417410348 67507553 417391926 4790191
417411239 67507553 417396442 42209471
417418757 luluxim
417418925 58979932
417419386 67636040
417424503 miserying
417425325 64270457
417425741 57940081
417425976 43924420
417427732 3470810
417428283 43347324
417428757 4340283
417429408 dolorets
417432557 54415439
417433710 BR-A
417434147 BR-A
417434591 shyo223
417435117 57930867
417435290 Gayeah
417435499 67507553
417436193 EVA999
417436372 tiris
417438297 Lindzy
417438414 Lindzy
417438935 60316776
417439863 53498797
417440233 53498797
417440338 3413910
417441204 60947716
417443138 41850333
417443356 36510059
417443625 46224963
417443628 66835372
417445150 46224963 417443138 41850333
417445699 41187865
417445848 53454341
417448298 CHENGSUNICE
417449061 sweetman
417449250 twowung
417450804 missraya
417452343 yousay
417452476 renxiaoxin
417453106 57860445
417453866 57080206
417454033 41850333
417455339 khailifong
417455373 cherry528
417458101 57940081 417435499 67507553
417459688 59935449
417460054 Ice.Nefar
417460190 45488962 417445150 46224963
417461875 Lindzy
417463091 54773967
417463558 Lindzy
417464134 64454830
417465732 4904735
418655571 64301078
418672195 rala
418684752 52484267
418697104 50554006
418698702 3344896
418703437 62186601
418728586 67507553 418703437 62186601
418729764 67507553
418730438 67507553
418731424 67507553
418739221 67507553
418739647 67507553
418741139 50439596 418739647 67507553
418742085 67507553
418744027 67507553
418767756 2059696
418774186 50439596 418739647 67507553
418779110 60552128
418790923 47533910
418809669 m-good
418814421 8981733
418839868 meily0318
418845405 2439601
418847650 63398892
418848832 67507553 418774186 50439596
418848946 67507553 418790923 47533910
418849486 60636872
418851183 67507553
418852299 43924420
418852399 43924420
418852987 67507553 418852299 43924420
418853143 67507553 418852399 43924420
418853397 31957021
418854525 67507553 418703437 62186601
418859290 67813625
418860571 2135144
418861488 66197179
418861708 3622346
418862147 lollollollol
418862478 oneawithchen
418862682 67507553
418862764 67507553
418864988 43723167
418866186 43723167
418868049 orianaspeak
418868842 wangshuyi
418868862 59398851
418869025 K-say
418874907 56837039
418875026 56837039
418875373 lyabu
418877871 30282087
418878829 orianaspeak
418879313 K-say 418878829 orianaspeak
418880818 GAYHAHAHA 417385334 67507553
418884686 4006524
418886578 67507553
418888279 62904067
418893038 58225373
418895281 66051074
418895517 58479345
418904755 67507553
418908276 65647843
418909737 jzyylan
418911749 49178543
418913004 4304077
418913781 supermaam 417311422 1951509
418914558 appppppple
418917053 Memoryless
418917657 53548965
418941606 jjm
418953424 62186601 418854525 67507553
419046510 53254820
419059136 43924420
419065049 6559057
419070893 60057049 418880818 GAYHAHAHA
419073152 9918218
419073811 67507553
419074208 67507553
419075047 67507553
419076353 67507553 418874907 56837039
419077000 67507553 418877871 30282087
419077451 36421209
419077592 67507553 418880818 GAYHAHAHA
419078093 67507553 418875373 lyabu
419079277 67507553 418888279 62904067
419080813 ctyml
419080938 62904067
419082883 67507553 418893038 58225373
419082994 wangshuyi
419083315 67507553 418895517 58479345
419083996 62768143
419084008 62768143
419084474 67507553 418913004 4304077
419085472 K-say
419086409 67507553 418672195 rala
419087019 67507553 419080938 62904067
419087457 67507553 418941606 jjm
419090820 61648733
419093900 67507553 419090820 61648733
417815716 zu0zu0
417856800 EchoGreennn
417857306 45543265
417885123 64301078
417887287 64301078
417887726 64301078
417931289 60057049 417463558 Lindzy
417955257 57898042
417971761 67507553
417971982 67507553
417973425 67507553
417974145 67507553
417976762 4212971
417981170 49224119
417985708 1527167
417986772 34147190
417988672 imluckyholly 417386323 52473550
417990464 51544905
417996430 2979463
418003198 67507553
418003479 67507553
418004263 qingqiuzi
418006585 TOYOFF
418006948 18402902
418012775 2059696
418013556 momo-w
418023050 54470430
418033438 12581276
418063054 yuanbaby9
418063705 yuanbaby9
418065096 xingxing_dandan
418162986 jinxihexii
418167280 41059888
418194831 54928189
418222270 ufoufo
418242039 smartshirley
418244334 45702272
418246800 51040880
418246806 51040880
418249656 g45 417343213 lilipishuang
418249842 g45 418222270 ufoufo
418250345 chara730
418250390 g45
418250746 g45 418023050 54470430
418250838 52868320
418291171 changbai 418250390 g45
418298981 57944219
418302020 57986074
418478185 67507553
418478253 67507553
418478299 67507553
418478386 67507553
418478427 67507553
418478495 67507553 417887287 64301078
418478517 67507553 417885123 64301078
418478563 67507553 417887726 64301078
418478690 67507553 417955257 57898042
418478828 67507553 417988672 imluckyholly
418478868 67507553 417990464 51544905
418478886 67507553 418012775 2059696
418478920 67507553 418013556 momo-w
418478944 50439596
418478996 67507553 418033438 12581276
418479051 67507553 418063054 yuanbaby9
418479109 67507553 418194831 54928189
418479162 67507553 418222270 ufoufo
418479268 50439596
418479287 67507553 418242039 smartshirley
418479388 67507553 418250390 g45
418479460 67507553 418291171 changbai
418479782 67507553 418478944 50439596
418479858 67507553 418478944 50439596
418479924 67507553
418479936 55301066
418479944 67507553
418480867 50439596
418484922 imluckyholly 418478828 67507553
418485105 50456446
418485177 67507553 418480867 50439596
418485250 miaoh2o3
418485408 67507553
418485483 44672052
418496567 2059696 418478886 67507553
418499090 orangelov3r
418499743 yuanbaby9
418506869 zu0zu0 418478427 67507553
418510337 38785303
418510574 64981109
418512646 ufoufo 418249842 g45
418521604 monsteremo
417595540 21566393
418526522 61278252
417595950 56228029
418527190 50439596
418527600 50439596
417597211 67507553
418558595 60057049
417597554 shirleyxuqian
418563976 moggyga
417597583 67507553 417595540 21566393
418574669 42963608
417598284 67507553 417597554 shirleyxuqian
418578778 jjm
417598937 67507553
418654752 64301078
417600606 43243401
418655153 64301078 418478517 67507553
417600739 48601577
418655488 47423748
417601743 67507553 417600606 43243401
417602136 67507553 417600739 48601577
417603183 shirleyxuqian
417603240 21566393
417604796 67507553 417603240 21566393
417609624 EchoGreennn
417610542 65497302
417610785 changbai 417598937 67507553
417615500 changbai 417610785 changbai
417627828 43723167
417629140 49704586
417644962 carosff 417597211 67507553
417645922 carosff
417647331 58544034
417649119 34708293
417651004 48601577 417602136 67507553
417655585 48805412
417657977 56168117
417668366 momo-w
417677978 46697719
417686021 12581276
417691092 yuanbaby9
417701422 guijuxi
417712561 banana0823
417735243 19828594
417736106 joysland
417741716 nishidabendan
417742455 4191030
417748837 42114496
417761221 67507553 417388516 57898042
417761417 67507553 417388164 64301078
417761853 67507553 417388169 46224963
417762099 67507553 417434147 BR-A
417762197 67507553 417376976 46224963
417762370 67507553 417376406 51065070
417762615 67507553 417354998 yangchengjie
417762793 67507553 417365357 ufoufo
417763002 67507553 417375131 52207338
417763105 67507553 417386200 4439271
417763401 67507553 417387810 4790191
417763616 67507553 417390383 zu0zu0
417763769 67507553 417394507 64301078
417764216 67507553 417395579 45488962
417764248 jiangz
417764306 mmming
417766380 dazuan0912
417768179 sunshineky
417769218 67507553 417424503 miserying
417769319 67507553 417409911 yuanbaby9
417769567 67507553
417769627 67507553 417425976 43924420
417769683 67507553 417440338 3413910
417770019 58942952
417770037 57940081 417769567 67507553
417770204 67507553
417770271 57940081
417770360 67507553
417770444 67507553
417770520 67507553
417770624 67507553
417770677 67507553
417770841 67507553
417770865 67507553
417770871 FuzzySandy
417770962 67507553
417771170 keruisitao
417771298 67507553 417609624 EchoGreennn
417771350 67507553 417627828 43723167
417771722 laurentea
417771745 67507553 417644962 carosff
417771783 67507553 417686021 12581276
417771844 67507553 417691092 yuanbaby9
417771876 67507553 417771170 keruisitao
417772036 54928189
417772781 12572939
417776211 4898393
417776494 MisterORZ
417776572 2984241
417777556 lemon1991
417778616 14267528
417783594 seavin7
417792214 17233204
417793323 asui_cx
417793592 jayee_
417796774 ctt109141212
417796976 rala
417797794 rala 417770204 67507553
417800538 41189449
417801433 49476677
417802646 knnnn
417810932 43723167 417771350 67507553
417465782 43723167
417468260 43723167
417468779 seraph1874
417468789 3802386 417349177 waiwai7
417470162 momolovezz
417475877 rala
417478398 40399720
417480582 MY1231
417481702 shadowofcloud 417370926 67507553
417482161 wodetaiyang 417481702 shadowofcloud
417484494 64760385
417489331 41882343
417490010 Pejic
417490848 41266824
417491363 htxt
417491687 Lindzy
417492451 45488962 417481702 shadowofcloud
417493020 33278229
417493065 45488962 417491687 Lindzy
417493575 45488962
417493896 57819091
417494375 4898393 417377901 67507553
417494384 51856445
417494894 Lindzy 417493065 45488962
417495111 shadowofcloud 417482161 wodetaiyang
417495126 S-Daisy
417495449 52313471
417496811 45488962 417494894 Lindzy
417497809 asui_cx
417497830 Snlin
417500680 funnylibra
417503135 MetalPoppy
417503182 59257154
417503291 42973975
417504788 57898042
417504927 58153632
417515426 waiwai7 417468789 3802386
417515796 9596610
417517821 46224963 417460190 45488962
417521045 45488962 417517821 46224963
417521643 14267528
417535561 47225867
417539971 1951509 417371756 67507553
417542352 bianmengso
417542906 ladynnn
417543630 weixun16
417543701 48786558
417543995 62220514
417544227 47297173
417548678 changbai
417549677 huisiumui 417285235 toiletwater
417550075 47216207
417555575 lynnoria
417555839 50710201
417560142 48601577
417560784 jiangz
417561492 48601577
417563677 gengdie
417569142 67507553
417569784 67507553
417571823 67507553 417406693 yuanbaby9
417573053 msstravelpurcse
417574451 21566393
417574812 49343818
417575019 67507553 417443138 41850333
417576063 67507553 417425976 43924420
417577033 3802386 417515426 waiwai7
417577526 67507553 417453106 57860445
417578050 67507553 417454033 41850333
417580254 67507553 417465782 43723167
417580414 yilinlxl
417580698 67507553 417494375 4898393
417581209 greeeen_
417581228 Phoeny
417581263 67507553 417521643 14267528
417581375 67507553 417574451 21566393
417581773 67507553 417497809 asui_cx
417582490 67507553 417535561 47225867
417582718 62774806
417582727 62774806
417583282 67507553 417539971 1951509
417583929 67507553 417560142 48601577
417584712 67507553 417548678 changbai
417585271 deysi-chan
417585623 toiletwater 417549677 huisiumui
417585683 67507553 417585271 deysi-chan
417586545 47225867 417582490 67507553
417586992 62205408 417379234 67507553
417587130 deysi-chan 417585683 67507553
417588379 67507553 417463558 Lindzy
417588532 62643715
417588730 67507553
417588855 48335433
417589127 67507553 417586992 62205408
417589633 changbai
417589942 59077061
417591220 Orange_Nation
417592613 1951509 417583282 67507553
417593705 1908387
417594714 carosff 417589127 67507553
419865826 wodetaiyang
419871020 VIELVET
419872319 VIELVET
419874415 VIELVET
419875301 VIELVET 417602136 67507553
419876736 37442405
419877570 Yvett3
419899983 60116076
419946678 60116076
419975636 4505788
419977639 49103324
419978682 1986558
419979607 61758846
419983354 67507553
419985062 67507553
419985316 67507553
419986493 67507553
419986984 67507553
419987500 67507553
419988825 67507553 419865826 wodetaiyang
419990418 67507553 419871020 VIELVET
419991690 4068988
419991840 46977538
419992214 67507553 419872319 VIELVET
419992872 67507553 419875301 VIELVET
419993078 67507553 419876736 37442405
419993780 xiaojiuser
419994826 67507553 419946678 60116076
419995197 67507553 419993780 xiaojiuser
419995709 67507553 419977639 49103324
419996700 51408856
419998729 42519744
420000987 39641254
420020836 67507553
420021003 67507553 419996700 51408856
420029957 VIELVET 419990418 67507553
420031162 VIELVET
420042699 40667434 419986493 67507553
420064827 VIELVET
420081238 51856445
420081880 51856445
420085684 yilinlxl
420101128 originalways
420105373 1754879
420111814 50185195
420114097 3460789
420124650 47794891
420154795 originalways
420162975 Avenia
420181441 xiaojiuser 419995197 67507553
420183001 63429740
420217720 66013809
420218979 emma717
420219708 chocoliar
420229930 hun
419095160 61648733
419095288 66640002 417443138 41850333
419098692 1951509 418913781 supermaam
419100400 62904067 419087019 67507553
419100674 67507553 419095288 66640002
419100805 67507553
419101250 67507553 419098692 1951509
419102779 1951509 419101250 67507553
419103727 67507553 419102779 1951509
419105111 58479345 419083315 67507553
419105714 59098154
419107269 1951509
419144139 56723702
419145389 jess_
419156617 lyabu
419160437 60116076
419162970 eve_lyons
419179319 50185195
419211671 51260962
419217493 54906065
419220543 54258626
419223817 dumingzhou
419225714 lawenda-hx
419226872 day_day_dream
419227595 48427686
419229866 3821814
419245493 67507553 419144139 56723702
419245508 67507553 419160437 60116076
419245567 67507553 419156617 lyabu
419245746 67507553 419162970 eve_lyons
419245780 67507553 419225714 lawenda-hx
419246295 67507553
419246385 67507553 419227595 48427686
419255658 54906065
419258958 58225373 419082883 67507553
419265440 62311318
419266447 54501889
419269896 50439596
419279802 shenayuzu
419286298 64967492
419286801 Vivienna7
419312639 56837039
419321271 56837039
419325634 53313696
419367135 2816389
419369876 orianaspeak
419370812 mlittlebei
419371413 orianaspeak 419074208 67507553
419420256 57197702
419429559 2559680
419438975 originalways
419495887 66814142
419502961 15542933
419573671 30282087
419590696 lawenda-hx 419245780 67507553
419612578 day_day_dream
419613098 67507553
419613454 49995163
419613974 67507553 419258958 58225373
419614488 67507553 419255658 54906065
419614972 67507553 419266447 54501889
419616112 67507553 419269896 50439596
419616563 67507553 419279802 shenayuzu
419616632 67507553 419286801 Vivienna7
419616900 67507553 419312639 56837039
419617130 67507553 419321271 56837039
419617437 67507553 419325634 53313696
419618114 67507553 419367135 2816389
419621770 67507553
419622471 67507553 419429559 2559680
419622611 67507553 419502961 15542933
419624010 67507553
419624300 67507553
419643683 53313696
419659649 shenayuzu 419616563 67507553
419661347 58225373
419663288 54331163
419663855 54331163
419665510 53313696
419665697 54331163
419666457 36392281
419669924 54024753
419676251 2096887
419678981 3045209
419682907 67507553
419682909 67507553
419724520 42711214
419733511 54501889 419614972 67507553
419734840 54501889 418250746 g45
419738118 46991214
419748551 47794891
419754419 40667434
419756944 38450980
419786140 originalways
419791647 minminmin
419805866 67938210
419841825 38972269
419843204 55342400
419854264 60057049
419855221 3807911
