417356975 64137710
417357225 67757108 417356975 64137710
417357284 41606401
417357746 49061717
417358134 67757108 417357284 41606401
417358296 65313409
417358546 67757108 417357746 49061717
417359253 49061717 417358546 67757108
417359284 67757108 417358296 65313409
417359935 lamours
417360130 65313409 417359284 67757108
417360399 67757108 417359253 49061717
417360811 67757108 417360130 65313409
417360815 60541880
417360891 67757108 417360815 60541880
417361119 54655577
417361277 60541880 417360891 67757108
417361380 65313409 417360811 67757108
417361628 67757108 417361119 54655577
417361770 67757108 417361277 60541880
417362035 wiwi.
417362046 49061717 417360399 67757108
417362311 67667841
417362626 67757108 417362035 wiwi.
417362959 67757108 417362311 67667841
417363625 JLiu77
417363972 rickzhuang
417364110 46686351
417364750 67757108 417363625 JLiu77
417365074 67757108 417364110 46686351
417365390 60278362
417365631 JLiu77 417364750 67757108
417366475 67757108 417365631 JLiu77
417367114 60963489
417367714 60963489
417368091 67757108 417367114 60963489
417368104 42922688
417368266 67757108 417367714 60963489
417369287 JLiu77
417369650 60420717 417362626 67757108
417370519 67757108 417369287 JLiu77
417371154 67757108 417369650 60420717
417371534 51875138 417369650 60420717
417371786 50654010
417372056 60420717 417371154 67757108
417372165 67757108 417371534 51875138
417372653 67757108 417371786 50654010
417372984 67757108 417372056 60420717
417373617 JLiu77
417374387 67757108 417373617 JLiu77
417374663 55297384
417375537 53215723
417376410 67757108 417375537 53215723
