417368558 quanquandu
417368638 1390841
417368934 quanquandu 417368638 1390841
417369100 1390841
417369393 evey42
417369423 vsbohu
417369535 suri211
417369884 5041819
417370097 erchee
417370163 bonnie0217
417370272 3057946
417370450 42209471
417370631 34764622
417370831 53219802
417371035 onlyalice
417371061 Catkin.t
417371259 quanquandu
417371279 45661957
417371595 41606401
417371766 fdviviling
417372232 34167353
417372399 quanquandu
417372672 36080246
417372813 qqjjk
417372873 quanquandu
417372927 kiwiiiii
417372971 60079264
417373123 mayo524
417373193 muyoushenme
417373576 46134569
417373699 in-pest
417373923 quanquandu
417374499 mengyoumomo
417374543 M926
417374789 quanquandu
417375231 reginatone
417375405 17982012
417375702 9918218
417375721 quanquandu
417377103 56953173
417377505 46755556
417377933 1890040
417377963 quanquandu
417378603 67056620
417378726 36888052
417378745 42209471 417377963 quanquandu
417379172 51775613
417379459 quanquandu
417380415 organwang
417381525 4238154
417382594 quanquandu
417382998 14405187
417383083 quanquandu 417382594 quanquandu
417383420 66612866
417383480 mangguoguantou
417383698 2250663
417384100 quanquandu 417383083 quanquandu
417384251 Nomee
417384790 jj201
417384834 summer0126
417385129 saoirse
417385964 XC911
417386666 quanquandu
417387148 Gloria2Lei
417387956 39804632
417388128 midnightmocca
417388377 quanquandu
417388906 44626404
417389227 46146679
417389595 36457443
417390282 4898393
417390431 quanquandu
417390600 wanansanmiao
417390964 wanansanmiao
417391402 lamouryzj
417393865 quanquandu 417390964 wanansanmiao
417396815 midnightmocca
417397063 FLee1984
417397826 64301078 417373699 in-pest
417398547 64301078
417398826 quanquandu 417396815 midnightmocca
417399547 quanquandu 417398547 64301078
417399888 seven000
417400078 64594907
417400271 45281430
417400661 jiangz 417399547 quanquandu
417401218 64301078 417399547 quanquandu
417401287 jayee_
417401430 58709080
417401652 smile_lyy
417402146 quanquandu 417388128 midnightmocca
417403756 67046459
417403976 quanquandu 417403756 67046459
417404449 cindyhoho
417404615 sissi1235
417404677 67046459 417403976 quanquandu
417404918 quanquandu 417401218 64301078
417405330 47312341
417405506 quanquandu 417404677 67046459
417405508 64301078 417404918 quanquandu
417405631 freesia319
417405919 52142241
417406016 yuanbaby9
417406306 quanquandu 417405631 freesia319
417406357 yuanbaby9
417406480 yuanbaby9
417407027 zoe14
417407197 freesia319 417406306 quanquandu
417407201 pingguopianpian
417407532 quanquandu 417406016 yuanbaby9
417407696 40212907
417408472 quanquandu 417407197 freesia319
417409265 yuanbaby9
417409510 64830661
417410138 quanquandu 417406357 yuanbaby9
417410350 quanquandu 417409510 64830661
417410877 64830661
417411268 64830661
417411294 67046459 417405506 quanquandu
417411656 quanquandu 417409265 yuanbaby9
417411932 quanquandu 417411268 64830661
417412251 64830661
417412641 pencileye
417412797 64830661
417412899 yuanbaby9
417413378 quanquandu 417379172 51775613
417413600 dearsissi
417414753 1844644
417414784 54287399
417417313 quanquandu 417406480 yuanbaby9
417444782 luzern
417450387 freesia319 417408472 quanquandu
417460360 48601577
417461203 Shaguoruyi
417503736 princessamigo
417510185 4698694
417545956 lovelifeloveu
417548157 50408775
417549199 50332687
417557581 32398568
417563314 quanquandu 417545956 lovelifeloveu
417586619 starleaf
417589563 34764622
417597625 34764622
417597776 4202836 417368638 1390841
417602292 Dolphin_yu
417604453 midanta
417607366 47617327
417610606 AnneWa
417662227 lovelifeloveu 417563314 quanquandu
417674307 52395371
417681563 47926979
417691677 yuanbaby9 417417313 quanquandu
417693897 42400952
417695604 Realgirl
417697371 1390841 417597776 4202836
417709964 exoticas
417712187 marcalex 417372232 34167353
417712913 49986987
417714849 52300762
417715244 48856882
417720497 54370447
417722854 1915014
417723817 peRFect1012
417723820 46482368
417750354 4202836 417697371 1390841
417752223 61978750
417752643 1390841 417750354 4202836
417758680 quanquandu
417758891 quanquandu 417691677 yuanbaby9
417759062 VOV-baby
417761449 oliviahan
417761873 quanquandu
417762438 VOV-baby 417761873 quanquandu
417763589 quanquandu
417763761 summerlovesprin
417767056 58128212
417767847 mmming
417768639 oliviahan 417763589 quanquandu
417792966 38380763
417800253 34167353 417712187 marcalex
417815240 33065139
417816707 mr-hug 417405506 quanquandu
417819404 lyutong
417819921 67575073
417821568 lyutong
417821601 67575073
417821859 67575073 417821568 lyutong
417833630 starleaf 417758680 quanquandu
417840920 lyutong
417842713 luice3222
417852592 candyhu
417852843 46277260
417853857 unknown2825
417854566 unknown2825 417819404 lyutong
417855148 46564815
417855468 lyutong
417856497 unknown2825 417855468 lyutong
417856680 unknown2825
417856735 unknown2825
417856764 unknown2825
417857017 lyutong 417856497 unknown2825
417857615 unknown2825 417855468 lyutong
417858455 unknown2825 417857017 lyutong
417858956 lyutong 417857615 unknown2825
417859428 alexmomo
417859893 unknown2825 417858956 lyutong
417862973 63586895
417865523 41777380
417868467 52603990
417868563 42570768
417869325 48348419
417873545 chennaoxin0308
417938945 64647406
417940773 xiaochan1012
417949982 65914819
417955708 mangguoguantou
417956644 49114869
417983813 4202836 417752643 1390841
417990382 realsugar
418061987 yuanbaby9 417758891 quanquandu
418166700 47386344
418591022 36457443
418594172 43240467
418729841 2665443
418731490 serendipity0718
418763877 53383870
418764838 49956323
418766956 49956323 417370097 erchee
418858156 erchee 418766956 49956323
418860475 2135144
418918312 49956323 418858156 erchee
419207105 quanquandu 418591022 36457443
419207769 quanquandu 418763877 53383870
419208516 quanquandu 417938945 64647406
419209566 quanquandu 417869325 48348419
419212753 57756770
419217283 organwang
419218581 Stephaniepumbaa
419218943 67614585
419221495 2791802
419224572 55329162 417377963 quanquandu
419226142 quanquandu 419224572 55329162
419226490 quanquandu 419212753 57756770
419226953 quanquandu 419221495 2791802
419226981 57756770 419226490 quanquandu
419228157 x7x7 417404918 quanquandu
419229486 4831018
419234583 60137726
419258044 36457443 419207105 quanquandu
419279064 64647406 419208516 quanquandu
419288973 3920689
419311174 55329162 419226142 quanquandu
419716779 53383870 419207769 quanquandu
419718537 59897296 417368558 quanquandu
419719788 midnightmocca 419207105 quanquandu
419726432 sophiesu
419733101 26631505 417401218 64301078
419733499 appppppple
419733795 26631505 417407197 freesia319
419736918 imsunflower
419739476 44640031
419740308 26631505 418729841 2665443
419741260 26631505 418729841 2665443
419756583 oiiiio
419761764 40891098 417693897 42400952
419793603 pryo
419796273 quanquandu 419756583 oiiiio
419797517 quanquandu 419726432 sophiesu
419798604 42400952 419797517 quanquandu
419798856 sophiesu 419797517 quanquandu
419801022 quanquandu 417693897 42400952
419801658 42400952 419801022 quanquandu
419802166 quanquandu 419801658 42400952
419803405 42400952 419802166 quanquandu
419804012 marlborof1
419809758 48957692
419816779 quanquandu 419803405 42400952
419819596 quanquandu 419809758 48957692
419825299 42400952 419816779 quanquandu
419825943 55515318
419836309 3691994
419837360 wywmzyq
419851270 oiiiio 419796273 quanquandu
419858827 64301078 419733101 26631505
419860571 57351530 417405631 freesia319
419861586 60770711 417399547 quanquandu
419883140 34562635
419884855 Eeeexy
419887533 ll-________-
419888108 62311489
419933812 freesia319 419860571 57351530
419938948 3887721
419939154 48707460
420012241 64488912
420012802 45786849
420088493 lamour4devil
420143123 quanquandu 420088493 lamour4devil
