417423768 67360978
417424044 60522233
417424080 59481797
417429863 61571930 417424080 59481797
417429939 lzjmusic
417429943 61571930 417424044 60522233
417430245 61571930 417423768 67360978
417430304 61571930 417429939 lzjmusic
417430316 57940081
417430394 DarkFire 417430304 61571930
417431233 61571930
417431349 61571930 417430394 DarkFire
417431422 54255838
417431549 57940081 417431233 61571930
417431944 61571930
417432108 57940081 417431944 61571930
417432111 DarkFire 417431349 61571930
417432295 3062629
417433615 61571930 417432111 DarkFire
417433709 61571930
417433762 61571930 417432295 3062629
417435482 DarkFire 417433615 61571930
417438904 61571930 417435482 DarkFire
