417361653 baiwei_ren
417364663 60079264 417361653 baiwei_ren
417365550 baiwei_ren
417371203 60079264 417365550 baiwei_ren
417605551 lanlan_
417606225 53219802
417618572 58642317
417635656 60079264 417606225 53219802
417639023 60079264 417605551 lanlan_
417640781 lanlan_ 417639023 60079264
417642402 53219802 417635656 60079264
417647336 67575073
417647499 67575073
417653125 60079264 417647336 67575073
417653940 60079264
417654534 49153161
417655674 44232292
417657870 60079264 417654534 49153161
417658736 49153161 417657870 60079264
417659451 47828014
417660523 47828014
417660849 47828014
417661473 47828014
417662329 52271202
417662779 60079264 417655674 44232292
417664999 60079264 417662329 52271202
417667016 60079264 417659451 47828014
417671030 60079264 417658736 49153161
