417444825 45968141
417444888 65125283
417445147 58173441 417444888 65125283
417445323 xiaojiny
417445432 xiaojiny
417445554 58173441 417445323 xiaojiny
417445895 62650425
417445987 waterking007
417446014 60669786
417446213 64374283
417446225 65448587
417446272 xiaojiny
417449410 58173441
417449835 58173441 417446225 65448587
417449946 58173441 417446213 64374283
417450051 58173441 417446272 xiaojiny
417450180 58173441 417445895 62650425
417450185 52018638
417450356 55594138
417450667 58173441 417450185 52018638
417450798 58173441 417450356 55594138
417450809 45039198
417451050 58173441 417450809 45039198
417451098 4223238
417451130 35217956
417451224 4537623
417451570 37021991
417451676 xaolv
417451852 simphiwe_zuma
417452373 dazhuti
417452542 nara65
417452623 3464131
417452861 62650425
417452902 xiaojiny 417450051 58173441
417453127 44251223
417453228 impedance
417453229 63576350
417453318 maymay527
417453469 57772675
417453555 46134569
417453596 42066405
417453609 58173441
417453802 58173441 417451098 4223238
417453885 58173441 417451130 35217956
417453942 happytoy1986
417454000 58173441 417451570 37021991
417454030 46134569
417454188 58173441 417451676 xaolv
417454315 58173441 417451852 simphiwe_zuma
417454367 51045361
417454445 58173441 417452373 dazhuti
417454523 64870164
417454559 58173441 417452542 nara65
417454670 58173441 417452623 3464131
417454711 zrenata
417454719 55619470
417454761 58349644
417454777 58173441 417452861 62650425
417454923 yeyang8912
417455123 58173441 417454367 51045361
417455131 xiaojiny
417455356 58264802
417455391 xiaojiny
417455443 impedance
417455769 47234209
417456066 48211130
417456285 dazhuti 417454445 58173441
417456870 3766258
417456983 reggiexu
417457095 tammyli
417457362 58173441
417457408 k-boy
417457493 61355669
417457618 58173441 417456285 dazhuti
417457710 62650425 417454777 58173441
417457726 58173441 417457095 tammyli
417457806 snooppi
417457831 58173441 417457710 62650425
417458023 58173441 417454761 58349644
417458184 58173441 417457493 61355669
417458334 58173441 417455356 58264802
417458359 lezhu-ai-hanzhu
417458562 tammyli 417457726 58173441
417458879 59817654
417459188 missovermiss
417459616 67684735
417459656 60980199
417459914 fengxinxin
417459930 60962887
417459991 vanson-2nd
417460001 36246525
417460032 stonejane
417460162 yanshangwithian
417460372 dazhuti
417460510 60277578
417460551 dazhuti 417459188 missovermiss
417460552 60606998
417460703 58349644 417458023 58173441
417460811 66281740
417460908 62332263
417461021 1240711
417461023 58173441
417461139 dazhuti 417460032 stonejane
417461572 norra1989
417461700 36412715
417461770 37019644
417461788 58173441 417460510 60277578
417461839 QPG
417461888 stonejane 417461139 dazhuti
417462041 58173441 417461139 dazhuti
417462045 67090368
417462098 51045361
417462153 agupetc
417462214 58173441 417461770 37019644
417462424 60277578
417462496 58173441 417462098 51045361
417462639 51754379
417462717 happytoy1986
417462751 48645145
417462767 58173441 417462424 60277578
417462832 xionglaoda
417462966 peiyifei0622
417463028 dazhuti
417463175 unknown2825
417463365 53704236
417463388 64870164
417463407 go_sail
417463436 dazhuti 417461888 stonejane
417463489 61895542
417463616 36043321
417463827 45968141
417463864 46629632
417464130 supermonkey555
417464173 58173441
417464366 nikita_ng
417464405 44921603
417464469 53126610
417464501 58173441 417464130 supermonkey555
417464553 36246525
417464778 Yoica
417464781 46795561
417464805 64479109
417465017 tammyli
417465421 34147190
417465585 45400923
417465890 48896684
417465908 happytoy1986
417465914 TomatO123
417465927 49274670
417466022 48530790
417466344 64829232
417466662 jo9o
417466796 sosilkke
417466967 52984821
417467925 54470430
417468150 58359873
417468381 54782902
417468859 supermonkey555
417469043 35738855
417469106 58173441
417469223 58173441
417469287 58173441
417469321 62612632
417469482 lostwish
417469573 2842038
417469910 58173441
417469960 CsLoveXrz
417470048 61105500
417470325 ijuwin
417470430 46643514
417470447 happytoy1986
417470708 39630777
417470789 DYDYD
417470882 3070715
417470883 alexmomo
417470924 58169384
417471038 2921399
417471275 stonejane 417463436 dazhuti
417471340 heyt
417471382 10030261
417471605 42062652
417471668 lovefang
417471871 1973196
417471969 zhuhengheng
417472195 dazhuti 417471275 stonejane
417472294 34596414
417472504 36246525
417472663 nature-sky
417472705 53890677
417472735 49876660
417472752 50163913
417472825 sky890131
417472888 toussontfaux
417472993 47531635
417473075 57513114
417473221 charmmycheung
417473222 DYDYD
417473294 DYDYD
417473356 DYDYD
417473409 DYDYD
417473529 19417951
417473549 DYDYD
417473697 happytoy1986
417473924 sky890131
417473971 45392374
417473996 55016972
417474302 36412715
417474347 52718881
417474613 60277578
417474690 62122303
417474693 58173441
417475101 51691705
417475290 FJYT
417475409 nimiao
417475415 lovefang
417475587 happytoy1986
417475591 lovefang
417475614 3116289
417475703 tammyli
417475708 double640
417475791 istoby
417475812 meery52
417475845 PercyNi
417475987 lady_a
417476005 57940081
417476065 60277578
417476178 65887913
417476554 58173441
417476566 2312613
417477013 istoby
417477202 renee529
417477639 58173441
417478044 58173441 417464405 44921603
417478140 58173441 417462098 51045361
417478342 zrenata 417472993 47531635
417478365 58173441 417477013 istoby
417478408 46643514
417478452 impedance
417478698 charmmycheung
417478725 58173441 417476566 2312613
417478852 nh007
417479056 akiais
417479227 58173441 417478408 46643514
417479368 58173441 417479056 akiais
417479977 54237773
417479981 58173441 417478698 charmmycheung
417480498 akiais
417480660 58173441 417478342 zrenata
417480851 60277578
417481008 58173441 417480498 akiais
417481102 58173441 417480851 60277578
417481134 2282448 417475987 lady_a
417481685 58173441
417481689 46643514 417479227 58173441
417481715 64617521
417481875 58173441 417475987 lady_a
417481892 shuirudan
417481967 4244237
417482084 zaishilaozi
417482195 66755639
417482278 58173441 417481689 46643514
417482455 42062652
417482461 58173441 417481715 64617521
417482643 bxy
417482694 58173441 417481967 4244237
417482882 58173441 417482084 zaishilaozi
417482918 46643514
417483042 58173441 417479977 54237773
417483079 xiaojiny
417483278 58173441 417482918 46643514
417483625 58173441 417483079 xiaojiny
417483745 58173441 417482643 bxy
417483867 58173441 417482195 66755639
417484185 5041819
417484222 4244237
417484260 58173441 417480498 akiais
417484286 49592761
417484585 zyanzi
417484650 58173441 417484222 4244237
417484861 58173441 417484185 5041819
417484875 63209723
417484991 58173441 417473924 sky890131
417485343 4244237
417486023 52672091
417486057 58173441 417484875 63209723
417486118 42056130
417486348 missaduo
417486395 58173441 417485343 4244237
417486593 1973196
417486622 58173441
417486642 yeti4ever
417486724 4244237
417486799 58173441 417486118 42056130
417486826 dualpersonality
417486906 xxd750
417486979 58173441 417486642 yeti4ever
417487442 58173441 417486906 xxd750
417487638 58173441 417486348 missaduo
417487739 58173441 417486593 1973196
417488023 58173441 417474302 36412715
417488159 50360892
417488228 58173441 417473075 57513114
417488279 58173441 417488159 50360892
417488776 xxd750
417488850 58173441 417468859 supermonkey555
417489156 akiais
417489301 58173441 417488776 xxd750
417489527 58173441 417489156 akiais
417490069 58173441 417464805 64479109
417490252 58173441 417464778 Yoica
417490791 51045361
417490936 2225514
417490937 58173441 417466796 sosilkke
417491064 42056130 417486799 58173441
417491144 xxd750
417491168 39930682
417491195 58173441 417490791 51045361
417491307 dororo.
417491504 58173441 417490936 2225514
417491989 58173441
417492093 58173441 417491168 39930682
417492238 58173441 417491307 dororo.
417492362 47531635 417478342 zrenata
417492393 58173441 417491064 42056130
417492396 kidcode 417489527 58173441
417492495 imluckyholly
417492501 58173441 417492362 47531635
417492540 xxd750
417492591 happytoy1986
417492732 2225514
417492856 51941400
417493001 58173441 417492396 kidcode
417493049 42056130
417493079 57513114 417488228 58173441
417493175 58173441 417492495 imluckyholly
417493218 58173441 417493079 57513114
417493266 Yoica
417493337 58173441 417492540 xxd750
417493465 47531635 417492501 58173441
417493570 58173441 417493266 Yoica
417493824 58173441 417492591 happytoy1986
417494284 58173441 417492732 2225514
417494794 Yoica
417495335 xxd750 417493337 58173441
417495737 4191395
417495896 2225514
417496710 happytoy1986
417496752 58173441 417494794 Yoica
417497575 58173441 417495335 xxd750
417497666 58173441 417495737 4191395
417497704 hi_Gsummer 417478342 zrenata
417497861 58173441 417495896 2225514
417498051 58173441
417498146 58173441 417497704 hi_Gsummer
417499602 57513114 417493218 58173441
417500304 supermonkey555 417488850 58173441
417500534 58173441 417499602 57513114
417500705 58173441 417500304 supermonkey555
417501495 cam1lla
417502242 52672091
417502452 58173441 417501495 cam1lla
417502838 58173441 417502242 52672091
417503162 cam1lla
417503496 58173441 417503162 cam1lla
417504074 cam1lla
417504591 58173441 417504074 cam1lla
417504913 cam1lla
417505313 58173441 417504913 cam1lla
417505674 cam1lla
417505690 responsibility
417505959 58173441 417505674 cam1lla
417506124 58173441 417505690 responsibility
417513985 52672091
417514277 58173441
417516763 57513114 417493218 58173441
417517135 58173441 417516763 57513114
417517688 57513114
417518742 30017710
417520578 lady_a 417481134 2282448
417521646 64797043
417531585 58173441 417517688 57513114
417531734 58173441 417520578 lady_a
417531886 58173441 417521646 64797043
417533280 nara65
417536410 nara65
417542866 lady_a 417531734 58173441
417546790 58173441 417536410 nara65
417546921 58173441 417542866 lady_a
417553269 57326406
417553539 50405573
417553676 54674743
417556127 58173441 417553269 57326406
417556241 58173441 417553539 50405573
417557430 58173441 417553676 54674743
417558043 57326406
417558511 58173441
417562965 nara65
417563183 58173441 417562965 nara65
417563627 nara65 417563183 58173441
417564135 simphiwe_zuma 417454315 58173441
417774138 58173441
417774207 58173441
417774321 58173441
417774977 kydwithxloves
417776804 58173441 417774977 kydwithxloves
417778543 Lesliehong
417778573 Lesliehong
417779186 58173441 417778543 Lesliehong
417788654 mysweety
417788970 4728940
417790774 3464131
417793003 58173441 417788654 mysweety
417793258 58173441 417788970 4728940
417793497 58173441 417790774 3464131
417810232 56709232
417811144 58173441 417810232 56709232
417814465 57192401
417815042 TOYOFF
417815784 58173441 417814465 57192401
417815853 Alan-Tse
417816354 58173441 417815042 TOYOFF
417816564 58173441 417815853 Alan-Tse
417840108 57192401 417815784 58173441
417856942 58173441 417840108 57192401
417871313 57192401
417874773 58173441 417871313 57192401
417949495 57192401
417952510 58173441 417949495 57192401
417958020 50385651
417958064 cactiii
418004841 58173441 417958020 50385651
418005171 58173441 417958064 cactiii
418012653 cactiii 418005171 58173441
418018348 58173441 418012653 cactiii
418033090 26628550
418034581 58173441 418033090 26628550
418042268 26628550 418034581 58173441
418051867 58173441 418042268 26628550
418055651 50385651
418056420 58173441 418055651 50385651
418059064 50385651
418059731 58173441 418059064 50385651
418060117 60277578
418061244 58173441 418060117 60277578
418061536 60277578
418063190 58173441 418061536 60277578
418063737 60277578 418063190 58173441
418065147 41531934
418066117 kafish
418068617 58173441 418066117 kafish
418073571 wochuozao
418076099 58173441 418073571 wochuozao
419035934 54258626 417774207 58173441
419192645 58173441 419035934 54258626
420232362 philandevil
417564517 58173441 417563627 nara65
417564634 58173441
417564775 58173441 417564135 simphiwe_zuma
417565044 50360892 417488279 58173441
417565246 62305321
417565792 58173441 417565044 50360892
417565855 58173441 417565246 62305321
417566172 48665278
417566471 58173441 417566172 48665278
417567714 4728940
417568341 58173441 417567714 4728940
417568998 suddenlyIsee
417569342 58173441 417568998 suddenlyIsee
417569785 54674743
417570334 58173441 417569785 54674743
417570730 59180946
417571022 58173441 417570730 59180946
417579907 58173441
417580212 64695149
417580613 58173441 417580212 64695149
417582422 58264802
417584693 58173441 417582422 58264802
417586080 orztot
417586751 58173441 417586080 orztot
417588523 zrenata 417497704 hi_Gsummer
417588681 zrenata 417492362 47531635
417588818 zrenata
417589119 58173441 417588818 zrenata
417602055 47531635 417588681 zrenata
417612068 64695149
417615543 58173441 417612068 64695149
417619452 54674743
417620017 58173441 417619452 54674743
417622635 54674743
417623314 58173441 417622635 54674743
417623909 54674743
417624614 64695149
417625458 58173441 417623909 54674743
417626150 58173441 417624614 64695149
417630648 suddenlyIsee
417632843 58173441 417630648 suddenlyIsee
417637536 54674743
417638444 58173441 417637536 54674743
417638555 64695149
417641783 58173441 417638555 64695149
417645393 suddenlyIsee
417646254 58173441 417645393 suddenlyIsee
417648592 54674743
417650027 58173441 417648592 54674743
417653768 54674743
417656639 58173441 417653768 54674743
417664134 54674743
417667717 58173441 417664134 54674743
417670327 54674743
417672390 58173441 417670327 54674743
417673726 54674743
417674114 sophiechxf
417674601 sophiechxf
417677277 58173441 417673726 54674743
417677427 Bily-
417677715 58173441 417674114 sophiechxf
417677899 45944879
417678732 58173441 417677427 Bily-
417681706 58173441 417677899 45944879
417681866 61883396
417683474 58173441 417681866 61883396
417683965 61883396 417683474 58173441
417686682 58173441 417683965 61883396
417687206 61883396
417687729 58173441 417687206 61883396
417689239 61883396
417692189 go-out
417692408 58173441 417689239 61883396
417692625 58173441 417692189 go-out
417692948 61883396
417693265 61883396
417693889 go-out
417694161 58173441 417693265 61883396
417694525 58173441 417693889 go-out
417694875 61883396
417697437 36018711
417698611 go-out
417699151 58173441 417694875 61883396
417699693 61883396 417699151 58173441
417699792 58173441 417697437 36018711
417701178 58173441 417699693 61883396
417701876 61883396
417706205 58173441 417701876 61883396
417726367 unknown2825
417731835 58173441 417726367 unknown2825
417737168 54003865
417739791 58173441 417737168 54003865
417740409 54003865
417745013 62650425
417746938 58173441 417740409 54003865
417747077 58173441 417745013 62650425
417747528 45281430
417765831 54258626
417766732 mmming
417769565 50737574
