417547932 50811004
417548849 luanjiayi
417551254 tiotio
417590021 tiotio
417604422 3605194
417617806 50452237
417662648 tiotio 417604422 3605194
417664137 tiotio 417617806 50452237
417665223 52989515
417665749 tiotio 417665223 52989515
417667425 52989515
417668282 67498264
417668591 3605194
417668826 tiotio 417667425 52989515
417669476 52989515 417668826 tiotio
417673327 tiotio
417673649 tiotio 417668591 3605194
417673749 tiotio 417669476 52989515
417673919 64895504
417674134 tiotio 417673919 64895504
417674297 bedouins9
417674602 64895504 417674134 tiotio
417674650 tiotio 417674297 bedouins9
417675026 tiotio 417674602 64895504
417675309 64895504 417675026 tiotio
417675531 67498264 417673327 tiotio
417675603 mianhua11
417676465 tiotio
417676754 tiotio
417676947 56858591
417677343 outetsu
417677392 52989515 417673749 tiotio
417677455 3006857
417677647 tiotio 417676947 56858591
417677969 tiotio 417677343 outetsu
417678234 tiotio 417677392 52989515
417678461 tiotio 417677455 3006857
417678577 67498264 417676465 tiotio
417679017 tiotio
417679953 67498264
417680141 tiotio
417680848 62525613 417547932 50811004
417681825 56858591
417685674 tiotio 417681825 56858591
417686417 tiotio
417688408 bedouins9 417674650 tiotio
417692942 52989515 417678234 tiotio
417693016 tiotio
417693113 tiotio 417692942 52989515
417693400 littlebearcoco
417694112 52989515 417693113 tiotio
417698802 tiotio 417693400 littlebearcoco
417699117 tiotio 417694112 52989515
417703289 52989515
417704037 tiotio 417693400 littlebearcoco
417704152 tiotio 417703289 52989515
417705479 56439446
417705743 tiotio
417705940 tiotio 417705479 56439446
417706247 64714991
417706793 62036801 417693400 littlebearcoco
417706814 56439446 417705940 tiotio
417706897 tiotio 417706247 64714991
417707424 tiotio 417706814 56439446
417707920 56439446 417707424 tiotio
417709446 tiotio 417706793 62036801
417711440 62036801
417711684 63750882 417706897 tiotio
417712127 tiotio
417712327 tiotio 417711684 63750882
417712606 63750882 417604422 3605194
417712787 tiotio 417712606 63750882
417715055 tiotio
417717092 62036801 417712127 tiotio
417717980 67564340
417718209 67564340 417717980 67564340
417718218 tiotio 417717092 62036801
417718402 tiotio 417718209 67564340
417718463 4062664
417718880 tiotio 417717980 67564340
417719009 tiotio 417718463 4062664
417719896 67564340 417718402 tiotio
417721185 62036801
417722622 tiotio
417723038 tiotio 417719896 67564340
417723309 tiotio 417719896 67564340
417723496 67564340 417723038 tiotio
417723630 4062664 417719009 tiotio
417724045 67564340
417724140 tiotio 417723630 4062664
417724399 62036801
417725174 50326122
417725767 tiotio
417726132 tiotio 417725174 50326122
417726354 62036801
417726886 tiotio
417728505 tiotio
417728615 tiotio
417728695 tiotio
417728747 tiotio
417728845 tiotio
417730050 62036801 417726886 tiotio
417731735 tiotio
417746572 4252859
417787061 tiotio 417746572 4252859
417799264 4252859 417787061 tiotio
417801567 52989515
417806665 64714991 417706897 tiotio
418026972 tiotio
418068893 outetsu
418084989 tiotio 418068893 outetsu
418265976 iambellucci
418325061 tiotio 418265976 iambellucci
418495214 iambellucci 418325061 tiotio
418560983 tiotio 418495214 iambellucci
418562187 50450490
418574122 49239459 417746572 4252859
418601125 64981109
418653653 tiotio 418601125 64981109
418653924 tiotio 418562187 50450490
418688587 64981109
418689702 51997214
418749133 iambellucci 418560983 tiotio
418784656 tiotio 418688587 64981109
418786729 64981109 418784656 tiotio
418790184 tiotio 418786729 64981109
418817671 piankexianbuzhu
418823829 6773088
419820367 tiotio 418817671 piankexianbuzhu
419921915 piankexianbuzhu
