417464718 59740608
417464730 ai-xiaomuwu
417464983 luopanpan 417464718 59740608
417465006 luopanpan 417464730 ai-xiaomuwu
417465670 67733961
417465793 59740608 417464983 luopanpan
417466811 47786536
417467590 luopanpan 417465670 67733961
417467948 luopanpan 417466811 47786536
417469522 67733961
417469762 luopanpan 417469522 67733961
417470730 67733961 417469762 luopanpan
417473934 luopanpan 417470730 67733961
417474227 67733961 417473934 luopanpan
417474592 luopanpan
417474654 luopanpan 417474227 67733961
417476296 67733961 417474654 luopanpan
417476704 luopanpan 417476296 67733961
417477607 67733961 417476704 luopanpan
417480270 luopanpan
417480716 50746559
417817229 dingguanglin
417818362 61329354
417825707 yyy318
417827342 yyy318
417954801 39520234
419515653 sunshineji 417480270 luopanpan
419517182 domo7
419594151 67813625
419602068 57453473
