417594475 52480061
417594816 50608488
417595123 36880793
417595674 66805006
417595980 49164215
417596406 48124596
417597556 wozhongjiuaini
417599134 58642317
417603122 54970911
417606923 4306743
417617646 45404553
417623473 kongkong7
417646026 nb029 417595123 36880793
417646785 nb029
417646797 36880793 417646026 nb029
417646827 oeqanh
417647810 nb029 417596406 48124596
417648632 nb029 417599134 58642317
417648997 nb029 417603122 54970911
417649448 nb029 417617646 45404553
417649606 66612866
417649762 nb029 417623473 kongkong7
417650032 nb029 417595674 66805006
417650047 46824904
417650605 nb029 417597556 wozhongjiuaini
417652733 kongkong7 417649762 nb029
417653724 perfectionist
417655618 perfectionist
417656550 58673891
417656993 45404553 417649448 nb029
417657719 48289663
417658979 perfectionist
417665180 nb029 417656550 58673891
417665276 nb029 417657719 48289663
417665691 48289663
417665826 nb029 417650047 46824904
417666288 nb029 417655618 perfectionist
417666728 nb029 417653724 perfectionist
417667252 nb029 417649606 66612866
417668050 52392765
417668587 nb029 417646827 oeqanh
417669291 nb029 417668050 52392765
417670836 nb029 417665691 48289663
417676342 nimeiya 417670836 nb029
417678604 perfectionist 417676342 nimeiya
417681935 nb029 417676342 nimeiya
417683345 41092202
417683515 nb029 417678604 perfectionist
417683999 nb029 417683345 41092202
417685390 36880793 417681935 nb029
417688457 41092202 417683999 nb029
417690048 nb029 417685390 36880793
417690368 36880793 417690048 nb029
417711332 nimeiya 417681935 nb029
417711931 66612866 417667252 nb029
417713645 2758098
417713852 ZUGH
417714216 2361274 417596406 48124596
417714509 2361274
417720741 4898393
417741033 nb029 417713852 ZUGH
417741505 nb029 417714509 2361274
417741555 19417951
417742086 4876329
417742125 54003865 417652733 kongkong7
417743397 nb029 417742086 4876329
417743539 nb029 417741555 19417951
417744300 4876329 417743397 nb029
417775794 48124596 417647810 nb029
417792478 kongkong7 417742125 54003865
417795651 kan-hai
417796100 58673891 417690048 nb029
417796173 58673891 417665180 nb029
417797489 duanqiaozuoan
417816616 nb029 417795651 kan-hai
417817105 nb029 417797489 duanqiaozuoan
417817616 kan-hai 417816616 nb029
417818321 nb029 417817616 kan-hai
417826674 fetisher
417827700 nb029 417826674 fetisher
417833354 54003865 417792478 kongkong7
417838058 66117580
417842671 nb029 417838058 66117580
417848862 66117580 417842671 nb029
417849890 64829232 417816616 nb029
417861965 nb029 417848862 66117580
417862875 kongkong7 417833354 54003865
417876740 54003865 417862875 kongkong7
417883886 daimon925
417901189 55589828
417914739 nb029 417901189 55589828
417916825 66117580 417861965 nb029
418271066 kongkong7 417876740 54003865
418517404 36710286
418520409 tentwofour
418520542 54003865 418271066 kongkong7
418523070 4172366
418544234 15255240
418762745 58642317 417648632 nb029
418767820 51289692
418878503 nb029 418767820 51289692
418888374 keaner
419510281 kongkong7 418520542 54003865
419511727 meimiao
419672405 54003865 419510281 kongkong7
419835164 kongkong7 419672405 54003865
419839778 kristen-11
