417572120 49630287
417578899 yuanlaiyaai
417581288 nicetomeetyou
417583328 49630287 417581288 nicetomeetyou
417587541 nicetomeetyou 417583328 49630287
417592758 ll113486
417612477 49630287 417592758 ll113486
417615245 58685435
417616654 67022347
417620144 49630287 417615245 58685435
417628926 3034062
417636228 49630287 417628926 3034062
417636817 49630287 417616654 67022347
417638540 foreverrainbow
417638852 49630287 417638540 foreverrainbow
417646235 49630287
417685130 47080716
417697865 57819091
417703961 shadowlui
417706335 go_sail
417711262 61196310
417790822 5399328
