417882858 ai-xiaomuwu
417883122 3558985
417891560 3945438
417891877 futangzhi
417894312 migrantbirdpeng
417894444 3808961
417894571 2205218
417894642 SHITTT
417898134 2030100
417899051 kjkljl
417899752 cyhing
417899893 48601577 417898134 2030100
417900296 52181859
417921732 3558985
417922865 3558985
417995013 51767312
418025985 naver
418026373 yokiboboli
418066680 3558985 418026373 yokiboboli
418067289 43528575
418067669 3558985
418198940 3883741
418218855 64760385
418329711 Yoi1990
418331615 3921385
419338641 50907393
419340779 50825880
