417902973 67800831
417903244 joyjoy123
417904417 67802222
417905252 62599388 417904417 67802222
417905383 67802222
417905948 52603990
417906093 YSY119
417906133 48124596
417906407 67802222 417905252 62599388
417907505 62599388
417907783 62599388 417906407 67802222
417908045 67802222 417906133 48124596
417908163 66868277 417906133 48124596
417908574 67802222 417903244 joyjoy123
417908687 66926842 417908163 66868277
417908777 67802222 417907783 62599388
417909240 4820603
417909463 67802222 417905948 52603990
417909779 67802222 417909240 4820603
417910182 62599388 417907783 62599388
417912452 67803346
417912860 67802222 417910182 62599388
417914155 67802222 417906093 YSY119
417915402 67802222 417906093 YSY119
417916375 YSY119 417914155 67802222
417916476 YSY119 417915402 67802222
417919043 67802222 417916375 YSY119
417921890 nyshiqi
417922907 67802222 417921890 nyshiqi
417946696 YSY119 417919043 67802222
417947388 helloCCCCC
417947634 55694589
417949053 60049240
418148397 67802222 417949053 60049240
418222934 67802222 417947634 55694589
418224303 22251803
418244635 67802222 418224303 22251803
418269228 22251803 418244635 67802222
418269471 sicksummersick
418279918 67575073
418305120 67802222 418269228 22251803
418523536 55694589 418222934 67802222
418524730 zoe0613
418525721 speak
418791944 56506922
418844216 doyourbest3344
418845228 35286482
419280252 67802222 418524730 zoe0613
419283101 67802222 418844216 doyourbest3344
419313306 67802222 418523536 55694589
419321887 59897296
419323597 Jacobzebra 417907783 62599388
419337553 36785903
419360889 67802222 419321887 59897296
419370196 59897296 419360889 67802222
419370229 59897296 419360889 67802222
419380403 67802222 419370196 59897296
419382579 62612971
419385578 67802222 419382579 62612971
419438173 67802222
419453330 fenellarik
