418048143 57795927
418048997 63769266 418048143 57795927
418049547 45543265
418049978 57795927 418048997 63769266
418051297 63769266 418049547 45543265
418054486 smartshirley
418055968 45543265 418051297 63769266
418056390 63769266 418055968 45543265
418057338 63769266 418055968 45543265
418057971 45543265 418056390 63769266
418058909 mombar
418058995 63769266 418057971 45543265
418059107 Lindzy
418059249 45543265 418057338 63769266
418059425 63769266 418058909 mombar
418059773 63769266 418058909 mombar
418060235 63769266 418059107 Lindzy
418060423 39630692
418060575 mombar 418059773 63769266
418060857 63769266 418059249 45543265
418060902 mombar 418059425 63769266
418061210 46134569
418061234 33560968
418061257 63769266 418060575 mombar
418061605 63769266 418061234 33560968
418061906 63769266 418060902 mombar
418062167 63769266 418061210 46134569
418062345 9611209
418062584 63769266 418060423 39630692
418062892 63769266 418062345 9611209
418063242 45543265 418060857 63769266
418063282 55427524
418063597 45543265 418058995 63769266
418063630 63769266 418063282 55427524
418064007 63769266 418063242 45543265
418064188 63769266 418063597 45543265
418064489 55427524 418063630 63769266
418064683 63769266
418065088 39630692 418062584 63769266
418065105 45543265 418064007 63769266
418065145 48761283 418063282 55427524
418065460 63769266 418065105 45543265
418065676 63769266 418065145 48761283
418066031 babyruirui
418066084 mombar 418061906 63769266
418066265 45543265 418065460 63769266
418067002 63769266 418066265 45543265
418067161 63769266 418066084 mombar
418067282 63769266 418066031 babyruirui
418068266 45543265 418067002 63769266
418068841 63769266 418068266 45543265
418069788 24193297
418069915 44626404
418070138 45543265 418068841 63769266
418070480 63769266 418069915 44626404
418070574 63769266 418069915 44626404
418070722 63769266 418070138 45543265
418070913 44626404 418070480 63769266
418070927 63769266 418069788 24193297
418071220 63769266 418070913 44626404
418071707 45543265 418070913 44626404
418072227 44626404 418071220 63769266
418072379 mombar 418067161 63769266
418072516 63769266 418072227 44626404
418072833 44626404 418071707 45543265
418072837 45543265 418070722 63769266
418072861 63769266 418072379 mombar
418072913 44626404 418072516 63769266
418073181 63769266 418072833 44626404
418073578 44626404 418073181 63769266
418074133 63769266 418073578 44626404
418074246 45543265 418072833 44626404
418074645 thank.you
418076233 44626404 418074133 63769266
418076399 63769266 418076233 44626404
418076470 44626404 418074246 45543265
418076507 63769266 418074645 thank.you
418076605 44626404 418076399 63769266
418076714 65313409
418078805 jenny921016 418064683 63769266
418080622 knnnn
418081769 chsb
418084247 45039198
418094697 59464102
418099352 46134569 418062167 63769266
418100086 46134569 418064007 63769266
418104467 doris-p
418120253 54470430
418123459 imlittlehana
418124083 28310437
418130562 datouwmy
418131916 berrymmm
418133409 42230201
418134306 gracepuer 418063630 63769266
418136365 3045209
418137708 1138215
418138062 2241933
418139086 63769266 418137708 1138215
418139323 63769266 418133409 42230201
418163262 63769266 418069788 24193297
418163569 63769266 418078805 jenny921016
418163659 63769266 418080622 knnnn
418163886 63769266 418084247 45039198
418164052 63769266 418094697 59464102
418164279 63769266 418100086 46134569
418164387 63769266 418100086 46134569
418164826 63769266 418120253 54470430
418165121 43857751
418165225 63769266 418134306 gracepuer
418165295 63769266 418136365 3045209
418165355 43857751
418165728 63769266 418165121 43857751
418167602 57302341 418058909 mombar
418168341 kayano
418169237 2135032
418169291 63769266 418167602 57302341
418169485 63769266 418169237 2135032
418169628 63769266 418168341 kayano
418171271 57302341 418169291 63769266
418171543 50835886 418076470 44626404
418172243 63769266 418171271 57302341
418172603 50835886
418172722 15056420
418173026 52868320
418173201 63769266 418173026 52868320
418173240 63769266 418172603 50835886
418173468 50835886 418173240 63769266
418174122 63769266 418173468 50835886
418175063 newssS
418175384 naihemomo 418174122 63769266
418175547 63769266 418175063 newssS
418176069 54522065
418176570 63769266 418176069 54522065
418176983 52868320 418173201 63769266
418177368 63769266 418176983 52868320
418177399 youanna
418178286 63769266 418177399 youanna
418178543 47655034
418178868 63769266 418178543 47655034
418179668 62398149
418179694 50835886 418174122 63769266
418179937 littlebluebaby 418169485 63769266
418180508 63769266
418181313 littlebluebaby 418180508 63769266
418181783 63769266
418182022 49017407 418063630 63769266
418182262 63769266 418182022 49017407
418182702 59272939
418182735 49017407 418182262 63769266
418182827 littlebluebaby 418181783 63769266
418182887 6824146
418182965 63769266 418182702 59272939
418183319 63769266 418182827 littlebluebaby
418183544 63769266 418182887 6824146
418184357 littlebluebaby 418183319 63769266
418185026 63769266
418185361 46754639
418185468 40571465
418185844 63769266 418185468 40571465
418186214 6824146 418183544 63769266
418186492 littlebluebaby 418185026 63769266
418186561 40571465 418185844 63769266
418186612 littlebluebaby 418186214 6824146
418187565 m.p.dream
418187673 3502149
418187695 Agoni_Sx
418188565 nothinlove
418190678 63769266 418186214 6824146
418190947 63769266 418186561 40571465
418191241 6824146 418190678 63769266
418191664 63769266 418191241 6824146
418191774 63769266 418187565 m.p.dream
418191908 63769266 418187673 3502149
418191946 63769266 418187695 Agoni_Sx
418192008 63769266 418188565 nothinlove
418192335 6824146 418191664 63769266
418192352 3968865
418192363 46224963 418058995 63769266
418193234 63769266 418192363 46224963
418193264 63769266 418192352 3968865
418193475 2979463
418193630 63769266 418193475 2979463
418193843 allice
418194145 63769266 418193843 allice
418194928 39766341 418058909 mombar
418196129 57756770 418054486 smartshirley
418197116 67813625 418059249 45543265
418197905 58153632
418198233 TOYOFF
418199371 61328274
418200410 etern1ty
418204004 63769266 418197116 67813625
418204362 63769266 418197905 58153632
418205465 FUTU
418206304 63769266 418205465 FUTU
418209910 31139637 418206304 63769266
418210272 FUTU 418206304 63769266
418215118 43432860 418054486 smartshirley
418215618 63769266 418210272 FUTU
418219417 44626404 418171543 50835886
418224214 50835886 418219417 44626404
418225047 44626404
418225623 FUTU 418215618 63769266
418227263 44626404 418224214 50835886
418227797 zhhsbkl
418228456 50835886 418227263 44626404
418228598 50215155
418228896 44626404 418228456 50835886
418231182 dilo
418231371 smartshirley 418196129 57756770
418232960 sammy_sxm
418234549 63769266 418232960 sammy_sxm
418236355 56723702
418240449 50835886 418228896 44626404
418240921 63769266 418236355 56723702
418241465 63769266 418231182 dilo
418241484 44626404 418240449 50835886
418241690 63769266 418241484 44626404
418243302 44626404 418241690 63769266
418243998 56723702
418244206 63769266 418243998 56723702
418244566 50835886 418243302 44626404
418244817 44626404 418244566 50835886
418245555 56723702
418247417 YSY119
418248920 67139058 418227263 44626404
418249296 67139058
418249774 45543265 418197116 67813625
418250142 dilo 418241465 63769266
418250284 44626404 418248920 67139058
418251417 53397433
418253632 63769266 418249296 67139058
418254137 63769266 418251417 53397433
418259629 26107963
418260711 66541005 418191908 63769266
418263948 50835886 418244817 44626404
418267946 43003626
418268236 63769266 418259629 26107963
418269102 63769266 418267946 43003626
418269477 34147190
418271012 63769266 418269477 34147190
418272961 34147190 418271012 63769266
418274129 63769266
418274527 46224963 418080622 knnnn
418275273 64374283
418275360 34147190
418276479 63769266
418279079 34147190 418276479 63769266
418279395 57756770 418271012 63769266
418279589 67139058 418253632 63769266
418279775 63769266
418280342 63769266 418279589 67139058
418280541 63769266 418279395 57756770
418281149 34147190 418279775 63769266
418281346 57756770 418280541 63769266
418282576 67139058 418280342 63769266
418283256 60665635 418054486 smartshirley
418284023 63769266 418283256 60665635
418284384 57903379
418284637 63769266 418284384 57903379
418285530 67139058 418250284 44626404
418285961 57903379 418284637 63769266
418286456 63769266 418285961 57903379
418293716 44626404 418285530 67139058
418298829 55589828
418312844 littlemicky
418316671 46153680
418317205 45495478 418056390 63769266
418317367 63769266 418317205 45495478
418319855 lulu266 418056390 63769266
418320138 4287232
418320287 63769266 418319855 lulu266
418320557 pima_y 418228456 50835886
418321013 54597818
418321068 pima_y
418321487 55329162
418322479 lulu266 418320287 63769266
418323336 pbchen
418323462 hichenruo
418323559 colinevol
418324300 jidanchaomian
418324397 48954969
418325145 Yoi1990 418323336 pbchen
418325476 63769266 418322479 lulu266
418325772 orianaspeak 418324397 48954969
418326848 lulu266 418325476 63769266
418327014 63769266 418325772 orianaspeak
418327375 smartshirley 418283256 60665635
418328081 smartshirley 418284023 63769266
418328707 63769266
418328817 1390841
