418238048 49107029
418238735 52474777
418242809 60558343
418243647 48059027
418244704 62305321
418244927 60644462
418246578 puyi
418249432 62650425
418249771 dororo.
418251295 53495844
418251941 59492335
418252778 56675092
418261072 57687603
418262669 47863007
418263363 63033010
418264509 62893254
418266071 64870164
418266201 bobim
418267760 zil
418268441 shuwa510072734
418268914 49107029 418262669 47863007
418270611 57905348
418271146 65117429
418271848 9918218
418271945 thank.you
418274125 chilaweng
418279938 exoticas
418281365 50502637
418282343 67575073
418284358 61595617
418316925 53380835
418318893 2183204
418329215 4439887
418344466 58467522
418348900 luc0321
418362966 59650262
418376071 60415308
418381473 annuanxi
418385197 4244237
418386179 64749372
418393086 3750792
418426364 50601473
418428747 67384467
418429410 appleofmyeyes
