418583373 HAMOTO
418583786 59447157
418586032 huaiyuan
418587617 42799830
418588507 64097236
418588546 wuhai
418597973 29440069 418586032 huaiyuan
418599963 29440069 418588546 wuhai
418602174 29440069 418588507 64097236
418602218 29440069 418588507 64097236
418602249 29440069 418588507 64097236
418602493 4250349 418586032 huaiyuan
418606421 29440069
418608134 dororo.
418611618 29440069
418612257 43511158
418612671 42244815
418613953 29440069 418612257 43511158
418614287 MsHsu
418614861 29440069 418612671 42244815
418616225 42244815 418614861 29440069
418618169 29440069 418616225 42244815
418621409 zhjulia123
418624058 29440069
418624376 holyshitXXXXX
418624926 29440069 418624376 holyshitXXXXX
418650507 29440069 418624926 29440069
418653904 54370447 418614861 29440069
418703535 BlackAnthony
418730273 42244815 418618169 29440069
418986941 huaiyuan 418597973 29440069
419216019 mus1
419284243 29440069 418986941 huaiyuan
419285995 66099310
419288384 29440069 419285995 66099310
419299828 51778838
419340121 29440069 419299828 51778838
