418606184 girl_9
418606349 64870164
418606635 1700455
418606823 jullet
418607040 ausdauer
418607892 Jacobzebra 418606349 64870164
418608097 64870164 418607892 Jacobzebra
418608408 Jacobzebra 418606635 1700455
418608817 shwa518
418608911 pinklen
418608939 Jacobzebra 418606823 jullet
418609321 jullet 418608939 Jacobzebra
418609756 8826824
418609823 49025669
418610083 Jacobzebra 418608817 shwa518
418610654 Jacobzebra 418608911 pinklen
418611013 Jacobzebra 418608097 64870164
418611123 64870164 418611013 Jacobzebra
418611206 Jacobzebra 418607040 ausdauer
418611300 64870164 418611013 Jacobzebra
418611335 shwa518
418611488 63041916
418612320 Jacobzebra 418610083 Jacobzebra
418613198 Jacobzebra 418611335 shwa518
418613621 Jacobzebra 418611488 63041916
418613738 64860882
418614137 shwa518 418613198 Jacobzebra
418614233 Jacobzebra 418613738 64860882
418614484 64860882 418614233 Jacobzebra
418614500 46964151
418615639 Jacobzebra 418614137 shwa518
418615910 Jacobzebra 418611300 64870164
418616020 saar
418616493 Jacobzebra
418617571 Jacobzebra 418616020 saar
418617735 64487300
418619033 yoyo12
418619047 mayo524
418619848 mayo524 418609756 8826824
418620044 57063129
418620515 3597468
418620814 46964151 418616493 Jacobzebra
418621316 Jacobzebra 418619033 yoyo12
418622078 yoyo12
418623370 Jacobzebra 418619047 mayo524
418624403 yoyo621725
418624652 61362291
418624694 8826824 418619848 mayo524
418625214 Jacobzebra 418619848 mayo524
418625425 57802097
418625591 Jacobzebra 418620044 57063129
418625924 Jacobzebra 418620515 3597468
418626463 Jacobzebra 418620044 57063129
418626661 61578640
418626691 mayo524 418625214 Jacobzebra
418626832 Jacobzebra 418620814 46964151
418627085 soul_uki
418627141 25978283
418627541 Jacobzebra 418626661 61578640
418629348 Jacobzebra 418625425 57802097
418629577 58398882
418630117 Jacobzebra 418626691 mayo524
418630516 aitiaowudemeng
418630576 dizzydive
418631351 Jacobzebra 418622078 yoyo12
418631751 yoyo12
418631831 Jacobzebra 418624652 61362291
418632450 Jacobzebra 418630516 aitiaowudemeng
418632861 Jacobzebra 418630576 dizzydive
418633474 dizzydive 418632861 Jacobzebra
418633688 Jacobzebra 418631751 yoyo12
418634236 Jacobzebra 418629577 58398882
418634283 17806887
418634510 56398236
418634599 Jacobzebra 418633474 dizzydive
418634604 48533286
418634889 Jacobzebra 418634283 17806887
418635038 22251803
418635234 Jacobzebra 418634510 56398236
418635656 Jacobzebra 418634604 48533286
418635788 aitiaowudemeng 418632450 Jacobzebra
418635916 Jacobzebra 418635038 22251803
418636245 67432504
418636380 dizzydive 418634599 Jacobzebra
418637012 56398236 418635234 Jacobzebra
418637679 Jacobzebra 418635788 aitiaowudemeng
418638456 Jacobzebra 418636380 dizzydive
418638745 Jacobzebra 418637012 56398236
418639489 dizzydive 418638456 Jacobzebra
418642540 Jacobzebra 418639489 dizzydive
418643930 63310078
418643964 66087486 418639489 dizzydive
418648151 43493025
418648293 unknown2825
418648577 48533286 418635656 Jacobzebra
418649042 Jacobzebra 418643930 63310078
418649193 Jacobzebra 418648151 43493025
418649941 Jacobzebra 418648293 unknown2825
418650213 Jacobzebra 418648577 48533286
418650504 unknown2825
418710929 61956360
418711195 4275202
418711718 63406200
418712399 63406200
418712889 57018220
418713240 Jacobzebra 418712399 63406200
418713518 Jacobzebra 418712889 57018220
418713877 destinyzhao 418606823 jullet
418713924 54331786
418714069 destinyzhao 418606349 64870164
418714124 Jacobzebra 418713924 54331786
418714241 54331786 418714124 Jacobzebra
418715575 4275202 418712399 63406200
418715632 Jacobzebra 418714241 54331786
418715821 54331786 418715632 Jacobzebra
418716657 Jacobzebra 418715821 54331786
418716959 54331786 418716657 Jacobzebra
418717460 Jacobzebra 418716959 54331786
418717713 54331786 418717460 Jacobzebra
418717993 63406200 418713240 Jacobzebra
418718738 50395720
418719096 63406200
418719388 Jacobzebra 418717713 54331786
418719662 shiwanqing
418719770 53266686
418719938 Jacobzebra 418718738 50395720
418720032 Jacobzebra 418719770 53266686
418720067 4275202 418719096 63406200
418720407 Jacobzebra 418719662 shiwanqing
418720847 Jacobzebra 418720067 4275202
418721168 lionvie
418721218 42582349
418721630 4275202 418720847 Jacobzebra
418721636 63406200 418720067 4275202
418721660 Jacobzebra 418721168 lionvie
418721739 Jacobzebra 418721630 4275202
418721856 wengbeiluo
418721870 Jacobzebra 418721218 42582349
418722071 Jacobzebra 418721856 wengbeiluo
418722623 4275202 418721636 63406200
418723231 4275202 418721739 Jacobzebra
418723744 Jacobzebra 418723231 4275202
418723855 42582349 418721870 Jacobzebra
418724355 Jacobzebra 418723855 42582349
418724442 63406200
418724455 46903946
418724490 3619081
418724729 Jacobzebra 418724455 46903946
418724784 wengbeiluo
418724997 Jacobzebra 418724490 3619081
418725400 Jacobzebra 418724784 wengbeiluo
418725948 48954969
418726510 4275202 418724442 63406200
418726736 65939767
418730220 42582349 418724355 Jacobzebra
418732480 63406200
418737477 4275202
418742573 Jacobzebra 418726736 65939767
418742733 Jacobzebra 418730220 42582349
418743643 Jacobzebra
418744072 Snlin
418748925 Jacobzebra 418744072 Snlin
418753253 Jacobzebra
418792619 2203874
418793265 aitiaowudemeng 418637679 Jacobzebra
418794297 hongguougo
418794423 Jacobzebra 418792619 2203874
418795619 Jacobzebra 418794297 hongguougo
418796957 hongguougo
418797329 hongguougo
418797499 Jacobzebra 418796957 hongguougo
418797502 hongguougo
418798400 hongguougo
418798660 56099992 418607892 Jacobzebra
418798688 41771065
418798842 sungnie
418798984 20708008
418799017 Jacobzebra 418798400 hongguougo
418799264 Jacobzebra 418798660 56099992
418799522 Jacobzebra 418798688 41771065
418799686 hongguougo
418799919 hongguougo
418800078 41744961
418800256 hongguougo
418800776 Jacobzebra 418798984 20708008
418801146 Jacobzebra 418799686 hongguougo
418801270 hongguougo
418801556 67622433
418801770 Jacobzebra 418801270 hongguougo
418801900 Jacobzebra 418801556 67622433
418803431 34090878
418803759 Jacobzebra 418803431 34090878
418805414 34090878 418803759 Jacobzebra
418806890 37258627
418808348 poppy7mbsf
418810372 54519386
418810456 54519386
418810826 49797412
418813038 Jacobzebra 418805414 34090878
418813085 Jacobzebra 418806890 37258627
418650589 unknown2825
418651117 43493025 418649193 Jacobzebra
418651325 Jacobzebra 418651117 43493025
418652231 48533286 418650213 Jacobzebra
418652301 unknown2825 418649941 Jacobzebra
418653082 Jacobzebra 418652231 48533286
418655617 48533286 418653082 Jacobzebra
418656920 Jacobzebra 418655617 48533286
418658027 48533286 418656920 Jacobzebra
418666707 dizzydive
418669599 pinklen 418610654 Jacobzebra
418671057 Jacobzebra 418658027 48533286
418671278 Jacobzebra 418666707 dizzydive
418671431 Jacobzebra 418669599 pinklen
418671685 48533286 418671057 Jacobzebra
418672283 63784260
418676122 Jacobzebra 418672283 63784260
418677469 my2name
418679793 3034062
418680042 nico_jiang
418680267 mmming
418680581 4209484
418680876 warmgun1983
418680900 Jacobzebra 418680267 mmming
418681127 Jacobzebra 418680581 4209484
418681538 Jacobzebra 418677469 my2name
418682004 Jacobzebra 418679793 3034062
418682456 Jacobzebra 418680042 nico_jiang
418683009 Jacobzebra 418680876 warmgun1983
418683305 53966317
418684428 4209484
418685726 63714144
418685787 my2name 418681538 Jacobzebra
418686146 Jacobzebra 418683305 53966317
418686475 Jacobzebra 418684428 4209484
418687169 Jacobzebra 418685726 63714144
418687200 53966317 418686146 Jacobzebra
418687322 53966317
418687387 Jacobzebra 418685787 my2name
418687601 63714144 418687169 Jacobzebra
418687611 my2name
418687971 36586381
418688018 Jacobzebra
418688043 my2name 418687387 Jacobzebra
418688197 Jacobzebra 418687322 53966317
418688332 53966317 418688018 Jacobzebra
418688464 Jacobzebra
418688476 53966317 418688197 Jacobzebra
418688747 55888853
418688939 Jacobzebra 418688332 53966317
418689181 53966317 418688939 Jacobzebra
418689411 3854270
418689917 53966317 418688464 Jacobzebra
418690197 Jacobzebra 418687611 my2name
418690403 55009291
418691035 my2name 418690197 Jacobzebra
418691611 Jacobzebra 418687971 36586381
418692556 Jacobzebra 418688747 55888853
418694127 Jacobzebra 418690403 55009291
418694733 Jacobzebra 418689411 3854270
418694868 buzaijide
418695730 Jacobzebra 418687601 63714144
418696109 Jacobzebra 418694868 buzaijide
418696422 63714144 418695730 Jacobzebra
418696711 Jacobzebra 418691035 my2name
418697012 63406200
418697302 Jacobzebra 418689917 53966317
418697659 Jacobzebra 418697012 63406200
418697787 53966317 418697302 Jacobzebra
418698221 Jacobzebra 418697787 53966317
418698283 BlackAnthony
418698823 Jacobzebra 418698283 BlackAnthony
418700604 53966317
418700607 39622060
418700654 jennylyf
418701023 57018220
418702617 Jacobzebra 418700607 39622060
418703030 Jacobzebra 418700604 53966317
418703454 Jacobzebra 418701023 57018220
418703668 56823338 418671057 Jacobzebra
418703744 Jacobzebra 418701023 57018220
418703909 Jacobzebra 418703668 56823338
418704027 53966317 418703030 Jacobzebra
418704101 42582349
418704406 Jacobzebra 418704101 42582349
418705122 63406200 418697659 Jacobzebra
418705968 Jacobzebra 418705122 63406200
418706782 Jacobzebra 418705122 63406200
418707581 4275202
418707945 50395720
418708022 Jacobzebra 418707581 4275202
418708572 56823338 418703909 Jacobzebra
418708826 Jacobzebra 418707945 50395720
418708942 4275202 418708022 Jacobzebra
418709411 Jacobzebra 418708572 56823338
418709680 Jacobzebra
418710339 63406200 418705968 Jacobzebra
418710810 Jacobzebra 418710339 63406200
418710832 63406200 418706782 Jacobzebra
418710889 61956360
419307161 Jacobzebra
419308964 yanxicccccc
419309471 Jacobzebra 419308964 yanxicccccc
419321247 4513266
419322102 veii
419322462 Jacobzebra 419321247 4513266
419324237 4513266 419322462 Jacobzebra
419332147 Jacobzebra 419324237 4513266
419344251 4513266 419332147 Jacobzebra
419346496 Jacobzebra 419344251 4513266
419349962 4513266 419346496 Jacobzebra
419351475 Jacobzebra 419349962 4513266
419352895 58284363
419355483 47716157
419357200 42056130
419360942 2276601 418608408 Jacobzebra
419370440 67582794
419375837 Avenia
419447089 chunxiaod 419370440 67582794
419447932 48130091
419457108 jullllla
419529920 9755327
419535183 Jacobzebra 419529920 9755327
419535878 Jacobzebra 419352895 58284363
419536155 Jacobzebra 419357200 42056130
419536613 Jacobzebra 419375837 Avenia
419537030 Jacobzebra 419370440 67582794
419538488 Jacobzebra 419457108 jullllla
419538513 42056130 419536155 Jacobzebra
419539534 53403031
419541189 58284363 419535878 Jacobzebra
419546002 47795306
419585599 shshenmexin
419589247 Jacobzebra 419585599 shshenmexin
419589457 54364954
419592262 Jacobzebra 419589457 54364954
419592424 Jacobzebra 419589457 54364954
419592963 aprilwalnut
419652823 66609369 419585599 shshenmexin
419653172 66609369
419658659 Jacobzebra
419659959 ifeelfine
419674095 50395720 419659959 ifeelfine
419760074 6231034
419760663 6231034
419760736 38208418
419761608 6231034
419762096 nala-sheng
419765559 67622433 418801900 Jacobzebra
419811843 63185126
419816723 zuoeyi 418625591 Jacobzebra
419840555 ifeelfine 419674095 50395720
419842799 50395720 419840555 ifeelfine
419847976 shshenmexin 419652823 66609369
419928072 Jacobzebra 419589457 54364954
419928104 46383057
419928585 Jacobzebra 419760736 38208418
419928976 Jacobzebra 419761608 6231034
419929282 Jacobzebra 419762096 nala-sheng
419929632 Jacobzebra 419816723 zuoeyi
419930217 Jacobzebra 419840555 ifeelfine
419930739 Jacobzebra 419928104 46383057
419939967 50395720 419928072 Jacobzebra
419943961 36068231
419945986 Jacobzebra 419943961 36068231
419979630 60879959 418631831 Jacobzebra
419982565 4563332
419982855 4563332
419983675 67084981
419984562 Jacobzebra 419983675 67084981
419984775 Jacobzebra 419982565 4563332
419986873 4563332 419984775 Jacobzebra
420076542 64444919 419307161 Jacobzebra
420079612 49929523
420080499 64239785
420081263 Jacobzebra 420076542 64444919
420082041 64444919 420081263 Jacobzebra
420082809 Jacobzebra 420079612 49929523
420082969 Jacobzebra 420080499 64239785
420083136 jingyeqianxi
420090192 sinlish
420095276 63033010
420095521 63033010 420090192 sinlish
420095619 Jacobzebra 420090192 sinlish
420095839 Jacobzebra 420083136 jingyeqianxi
420096373 Jacobzebra 420095276 63033010
420103867 54364954 419928072 Jacobzebra
420125482 sinlish 420095619 Jacobzebra
420130698 sinlish 420095521 63033010
418813421 ai-xiaomuwu
418813561 Jacobzebra 418808348 poppy7mbsf
418813859 Jacobzebra 418810372 54519386
418813958 louis15yao
418814180 37258627 418813085 Jacobzebra
418814190 Jacobzebra 418810826 49797412
418814620 Jacobzebra 418813958 louis15yao
418814626 candy_law
418814667 64660771 418723855 42582349
418815030 poppy7mbsf 418813561 Jacobzebra
418815038 louis15yao 418814620 Jacobzebra
418815174 Jacobzebra 418814180 37258627
418815400 cooper_j23
418815523 alexmomo
418815985 Jacobzebra 418814626 candy_law
418816023 49797412
418816472 Jacobzebra 418815030 poppy7mbsf
418816534 66198558
418816694 Jacobzebra 418815038 louis15yao
418817054 Jacobzebra 418813421 ai-xiaomuwu
418817546 Jacobzebra 418816534 66198558
418817723 Jacobzebra 418816023 49797412
418818014 poppy7mbsf 418816472 Jacobzebra
418819143 lababa
418819536 Jacobzebra 418819143 lababa
418820003 Jacobzebra 418819143 lababa
418820300 jayee_
418820755 TOYOFF
418821071 kilin237
418822505 48220692 418635916 Jacobzebra
418823803 Jacobzebra 418821071 kilin237
418824128 Jacobzebra 418822505 48220692
418824322 52224263
418824712 bokunomirai
418824724 Jacobzebra 418824322 52224263
418825050 65939767 418742573 Jacobzebra
418825311 Jacobzebra 418824322 52224263
418825340 28089687
418825628 Jacobzebra 418825311 Jacobzebra
418826310 Jacobzebra 418824712 bokunomirai
418826524 65939767 418614233 Jacobzebra
418826583 Jacobzebra 418824712 bokunomirai
418826706 Jacobzebra 418825050 65939767
418826731 k_renee
418827278 Jacobzebra 418826731 k_renee
418827627 Jacobzebra 418826524 65939767
418829467 33456382
418829600 63185126
418829965 20708008
418830113 65939767 418827627 Jacobzebra
418830139 k_renee 418827278 Jacobzebra
418831046 Jacobzebra 418829467 33456382
418831079 50448763
418831225 Jacobzebra 418829965 20708008
418831548 Jacobzebra 418830113 65939767
418832115 sundayikel
418832122 20708008 418831225 Jacobzebra
418832256 65939767 418831548 Jacobzebra
418832389 Jacobzebra 418830139 k_renee
418833031 cathh
419063421 flyfuck
419063733 Jacobzebra 419063421 flyfuck
418833087 sundayikel
419064574 57451690
418833371 Jacobzebra 418832122 20708008
419068130 yooyixi
418833607 Jacobzebra 418832256 65939767
419068646 Jacobzebra 419068130 yooyixi
418834035 Jacobzebra 418833087 sundayikel
419068825 Jacobzebra 419064574 57451690
418834320 Jacobzebra 418832115 sundayikel
419069223 Mair
418834407 sundayikel
419069512 Jacobzebra 419069223 Mair
418834675 sundayikel
419070830 Mair 419069512 Jacobzebra
418835138 Jacobzebra 418831079 50448763
419070934 4900537
418835139 k_renee 418832389 Jacobzebra
419071072 Jacobzebra 419070830 Mair
418835497 Jacobzebra 418834407 sundayikel
419071216 Jacobzebra 419070934 4900537
418835592 Jacobzebra 418834675 sundayikel
419071720 Mair 419071072 Jacobzebra
418836563 sundayikel
418836652 65939767 418833607 Jacobzebra
419072067 Jacobzebra 419071720 Mair
418836932 Jacobzebra 418836652 65939767
419072332 Mair 419072067 Jacobzebra
418837062 Jacobzebra 418836563 sundayikel
419072534 Jacobzebra 419072332 Mair
418837314 xaolv
419072597 4900537 419071216 Jacobzebra
418837532 56040270
419072867 Mair 419072534 Jacobzebra
418837741 65939767 418836932 Jacobzebra
419072945 Jacobzebra 419072597 4900537
418838113 Jacobzebra 418837532 56040270
419073241 4900537 419072945 Jacobzebra
418838153 Jacobzebra 418837741 65939767
419073370 4900537 419072945 Jacobzebra
418838624 51775613
419074551 Jacobzebra 419073370 4900537
418838858 Jacobzebra 418838624 51775613
419074563 2203874
418838946 64359662
419074763 4900537 419074551 Jacobzebra
418839019 Jacobzebra 418838946 64359662
419074828 Jacobzebra 419074563 2203874
419075015 4900537 419074551 Jacobzebra
419075178 Jacobzebra 419074763 4900537
419076072 2203874 419074828 Jacobzebra
419076294 2203874 419076072 2203874
418839255 45675384 418799264 Jacobzebra
418841430 pinkdehouse
418839304 64288313
419076562 Jacobzebra 419076294 2203874
419076700 Jacobzebra 419076072 2203874
418842020 Jacobzebra
419076885 2203874
418839433 56040270 418838113 Jacobzebra
418842176 Jacobzebra
419077102 Jacobzebra 419076885 2203874
418839553 Jacobzebra 418839255 45675384
419077500 4900537 419075178 Jacobzebra
418842789 56844349 418842020 Jacobzebra
418839579 11669014 418616493 Jacobzebra
419077993 2203874 419077102 Jacobzebra
418842877 50978745 418815174 Jacobzebra
418839853 Jacobzebra 418839304 64288313
419078331 Jacobzebra 419077500 4900537
418842894 56844349 418842176 Jacobzebra
419078424 Jacobzebra 419077993 2203874
418839914 Jacobzebra 418839579 11669014
418842966 56844349
418843058 56844349
418840102 20708008 418833371 Jacobzebra
419078523 4900537 419078331 Jacobzebra
418843413 65315175
419078641 2203874 419078424 Jacobzebra
418840461 Jacobzebra 418840102 20708008
418843596 y-u-q-i
419079193 Jacobzebra 419078641 2203874
418840694 65315175
418844094 60664797
418840804 11669014 418839914 Jacobzebra
418861085 53495844
419079769 2203874
418840812 60664797
419081028 Jacobzebra
418863780 4252859 418614233 Jacobzebra
418841052 Jacobzebra 418840694 65315175
419081428 Jacobzebra 419079769 2203874
418875030 warmgun1983 418683009 Jacobzebra
419084010 3510325
418841098 Jacobzebra 418840804 11669014
419084757 5217973
418841166 Jacobzebra 418840812 60664797
418875961 66362456
419084792 49138749
418883122 42582349 418814667 64660771
418841211 56844349
419086828 6231034 418606823 jullet
418888366 Jacobzebra 418875030 warmgun1983
419087143 Jacobzebra 419084010 3510325
418890639 46273514
418892098 41771065
419087487 Jacobzebra 419084792 49138749
418895519 51039032
419087743 Jacobzebra 419084757 5217973
418896807 hichenruo 418613198 Jacobzebra
419088885 5217973 419087743 Jacobzebra
418897360 67582794
418905493 50025895
419089097 jullet 419086828 6231034
419090329 Jacobzebra 419089097 jullet
418915434 missjaye
418923969 64660771
419090869 jullet 419090329 Jacobzebra
418937789 godchildcain
419091452 Jacobzebra 419090869 jullet
418950431 33456382 418831046 Jacobzebra
419091609 63185126
418952879 57940081
419092192 jullet 419091452 Jacobzebra
418957017 51775613 418838858 Jacobzebra
419092968 Jacobzebra 419091609 63185126
418977409 elushen
419093628 63185126
418999041 2203874 418794423 Jacobzebra
419023493 Jacobzebra
419094358 Jacobzebra 419093628 63185126
419095611 63185126
419024195 Jacobzebra
419095888 Jacobzebra 419095611 63185126
419024341 Jacobzebra 418842877 50978745
419100253 63185126
419024631 Jacobzebra 418842894 56844349
419129677 56844349
419025514 Jacobzebra 418843058 56844349
419130272 Jacobzebra 419129677 56844349
419025726 47833655
419134088 56844349 419130272 Jacobzebra
419025860 Jacobzebra 418842966 56844349
419134338 Jacobzebra
419026298 Jacobzebra 418843413 65315175
419134677 Jacobzebra 419134338 Jacobzebra
419137632 60707170
419027009 Jacobzebra 418843596 y-u-q-i
419143514 jullllla
419027273 Jacobzebra 418844094 60664797
419145054 Jacobzebra 419143514 jullllla
419147825 9755327
419148878 Jacobzebra 419147825 9755327
419027718 Jacobzebra 418861085 53495844
419149151 Jacobzebra 419143514 jullllla
419028172 Jacobzebra 418863780 4252859
419149717 9755327 419148878 Jacobzebra
419150288 Jacobzebra
419028631 Jacobzebra 418875961 66362456
419150833 34708293
419028761 justforsp
419151465 Jacobzebra 419150833 34708293
419028868 Jacobzebra
419152079 47210405
419029934 Jacobzebra 418892098 41771065
419153818 Jacobzebra 419152079 47210405
419030217 Jacobzebra 418892098 41771065
419159267 47210405
419031392 Jacobzebra 418895519 51039032
419159752 Jacobzebra 419159267 47210405
419159789 suxiaoxia
419032225 Jacobzebra 418896807 hichenruo
419160120 Jacobzebra 419159789 suxiaoxia
419032609 Jacobzebra 418896807 hichenruo
419160981 47210405
419033014 Jacobzebra 418897360 67582794
419161422 Jacobzebra 419160981 47210405
419033549 51410574 418682004 Jacobzebra
419162472 47210405
419034074 Jacobzebra 418915434 missjaye
419177667 46273514 419028868 Jacobzebra
419035504 1980853
419195127 Jacobzebra 419177667 46273514
419035513 Jacobzebra
419202554 y-u-q-i
419036348 Jacobzebra 418937789 godchildcain
419203863 Jacobzebra 419202554 y-u-q-i
419036758 Jacobzebra 418950431 33456382
419206487 64617309
419037036 Jacobzebra 418952879 57940081
419206933 Jacobzebra
419210013 y-u-q-i
419037185 Jacobzebra 418957017 51775613
419212175 Jacobzebra 419210013 y-u-q-i
419037732 Jacobzebra 418977409 elushen
419239479 49055443
419038196 Jacobzebra 418999041 2203874
419264636 51039032
419038958 Jacobzebra 419025726 47833655
419276583 64444919
419039393 61105446
419303258 godchildcain 419036348 Jacobzebra
419039481 Jacobzebra 419028761 justforsp
419306881 Jacobzebra 419239479 49055443
419039780 51039032 419031392 Jacobzebra
419040176 Jacobzebra 419033549 51410574
419040983 Jacobzebra 419039393 61105446
419041251 Jacobzebra 419035504 1980853
419041513 61105446 419040983 Jacobzebra
419041722 Jacobzebra 419041513 61105446
419042097 Jacobzebra 419039780 51039032
419042212 inssxxxx
419042281 yooyixi
419042894 Jacobzebra 419042212 inssxxxx
419043088 Jacobzebra 419042281 yooyixi
419044001 52074006 418725400 Jacobzebra
419044835 jamie2011 418637679 Jacobzebra
419046332 58189775
419048275 4102868
419048614 Jacobzebra 419044001 52074006
419048968 3350783 418651325 Jacobzebra
419049125 Jacobzebra
419049345 Jacobzebra 419046332 58189775
419049655 61105446 419049125 Jacobzebra
419049818 Jacobzebra 419048968 3350783
419050702 51775613 419037185 Jacobzebra
419052000 64660771
419054242 50324391
419055525 notwall
419058214 yooyixi 419042894 Jacobzebra
419058387 flyfuck
419058441 Jacobzebra 419058214 yooyixi
419061567 Jacobzebra 419058387 flyfuck
419061970 flyfuck
419062324 Jacobzebra 419061970 flyfuck
419062614 flyfuck
419063033 Jacobzebra 419062614 flyfuck
419063196 57451690
419063418 Jacobzebra 419063196 57451690
