418580632 62047600
418582429 67851696 418580632 62047600
418584189 62047600 418582429 67851696
418586146 67851696 418584189 62047600
418586427 fantasyxuan10
418586528 54237773
418586800 65221806
418586976 65221806
418587054 45344476
418587214 65221806
418587302 62047600 418586146 67851696
418587497 HAMOTO
418588939 67851696 418586427 fantasyxuan10
418589258 67851696 418586528 54237773
418589688 67851696 418586976 65221806
418589964 67851696 418587054 45344476
418590665 67851696 418587302 62047600
418591152 67851696
418592485 62047600 418590665 67851696
418593583 59028619
418594771 67851696 418592485 62047600
418595857 67851696 418593583 59028619
418596888 54237773
418597953 67851696 418596888 54237773
418598436 liuxiaolier
418598668 54237773
418599932 59232297
418599947 52097920
418600392 46364111
418600944 4619450
418601486 47028170
418601694 67851696 418598436 liuxiaolier
418602887 67851696 418598668 54237773
418603300 67851696 418599932 59232297
418604409 67851696 418599947 52097920
418604568 67851696 418600392 46364111
418606171 67851696 418600944 4619450
418611290 67851696
418611370 liuxiaolier 418601694 67851696
418612371 67851696 418611370 liuxiaolier
418612981 xiaojiny 418611290 67851696
418612993 pinklen
418615894 26286986
418616287 67851696
418616344 liuxiaolier 418612371 67851696
418616773 67851696 418616344 liuxiaolier
418617708 67851696 418612981 xiaojiny
418617774 xiaojiny
418618973 67851696 418617774 xiaojiny
418619249 doraemonforever 418589964 67851696
418619556 xiaojiny 418618973 67851696
418619568 67851696 418619249 doraemonforever
418620785 67851696 418619556 xiaojiny
418621526 26286986 418617774 xiaojiny
418623582 67851696 418621526 26286986
418624705 26286986
418625085 43327285
418625436 liuxiaolier 418616773 67851696
418626622 67851696 418625436 liuxiaolier
418627286 33007407
418627617 liuxiaolier 418626622 67851696
418628045 67851696 418627617 liuxiaolier
418628521 bloommyeye 418597953 67851696
418630499 67851696 418628521 bloommyeye
418632223 liuxiaolier 418628045 67851696
418634117 kaakaa1126 418580632 62047600
418634311 67851696 418634117 kaakaa1126
418634473 kaakaa1126 418586427 fantasyxuan10
418634810 fantasyxuan10 418634473 kaakaa1126
418634979 kaakaa1126 418586528 54237773
418636343 kaakaa1126 418586800 65221806
418636950 22251803
418637099 kaakaa1126
418637165 65221806 418636343 kaakaa1126
418637572 stillwannab
418642253 67851696
418642780 67851696 418637572 stillwannab
418644051 67851696 418632223 liuxiaolier
418646199 liuxiaolier 418644051 67851696
418646333 liuxiaolier 418644051 67851696
418648270 67851696 418646333 liuxiaolier
418671008 liuxiaolier 418648270 67851696
418685179 67851696
418912989 1124124 418582429 67851696
