418581790 girl_9
418582007 huaiyuan
418582420 67852357 418582007 huaiyuan
418583382 huaiyuan
418583606 56089297
418584109 42066452
418585736 67852357 418583382 huaiyuan
418585862 67852357 418583606 56089297
418585977 33379246
418586127 45498386
418586289 67852357 418584109 42066452
418586393 huaiyuan
418586581 67852357 418586127 45498386
418586763 67852357 418586393 huaiyuan
418587144 44051055
418587300 1138846
418588025 1411789
418588243 67852357 418585977 33379246
418588356 67852357 418587144 44051055
418588920 42066452
418589125 67852357 418587300 1138846
418589766 67852357
418590027 67852357 418588025 1411789
418590662 67852357
418590967 42066452
418591471 1411789 418590027 67852357
418591842 44051055 418588356 67852357
418591934 67852357
418592112 54243794
418592218 67852357 418591842 44051055
418592321 67852357
418592421 58398882
418592616 67852357 418591471 1411789
418592662 42066452
418593130 42066452 418592218 67852357
418593340 44051055 418592218 67852357
418593590 dongsaner
418593634 67852357 418592421 58398882
418593754 67852357 418593340 44051055
418594233 67852357 418592662 42066452
418594374 67852357 418593590 dongsaner
418594654 67852357 418593130 42066452
418594941 4250349
418595431 42066452 418594233 67852357
418596000 42066452 418594654 67852357
418596575 67852357 418594941 4250349
418598505 67852357
418598714 67852357
418599188 67852357
418600067 4520607
418601182 67852357 418600067 4520607
418601692 njxule
418601904 4250349
418602108 42066452
418602575 42066452 418599188 67852357
418603278 shoudao80
418603315 67852357
418603434 42066452
418604040 67852357 418601692 njxule
418604498 4250349
418604625 66476639 418594233 67852357
418604731 njxule 418604040 67852357
418604894 55009291
418604981 67852357 418603434 42066452
418605330 67852357 418604625 66476639
418605850 CannyWoo
418605869 67852357 418604731 njxule
418606351 67852357 418604894 55009291
418606397 42066452 418604981 67852357
418606619 66476639 418605330 67852357
418606627 67852357 418605850 CannyWoo
418607028 42066452 418604981 67852357
418607119 48843090
418607213 48180071
418607516 diviniz
418607631 CannyWoo 418606627 67852357
418607685 67852357
418607923 55998310
418608019 63857169 418604981 67852357
418609028 CannyWoo
418609068 funny_520
418609071 42066452 418607685 67852357
418609152 63639307
418609177 67852357
418610143 42066452
418610319 67852357
418610355 funny_520
418611010 67852357
418612017 42066452 418611010 67852357
418612292 67852357
418612565 67852357
418613000 42066452 418612565 67852357
418613083 42066452
418613147 48220692
418613305 67852357 418607213 48180071
418613696 43078364
418614442 67852357 418607923 55998310
418615122 67852357 418613696 43078364
418615324 42066452
418615394 67852357 418613147 48220692
418878336 46093255
418880104 35389815
418883948 66197179
418889899 missjaye
418907686 3507179
418916829 missjaye 418907686 3507179
418918778 67852357
418919711 67852357
418921408 67852357
418921670 67852357 418878336 46093255
418929503 3507179
418931544 3507179
418972861 65037589 418929503 3507179
418989067 missjaye 418929503 3507179
419005101 67852357
419008107 donggehaha
419009795 2894353
419022768 65037589
419084856 47254439
419085977 46482368
419091924 48984648
419093303 48984648
419095812 brickinwc
419096015 48984648
419096703 63004570
419098753 48984648
419119363 62190827
419266507 3653530
419283085 67852357 419085977 46482368
419283207 67852357 419095812 brickinwc
419283514 67852357 419098753 48984648
419284056 67852357 419091924 48984648
419284427 67852357 419096703 63004570
419284723 67852357 419009795 2894353
419285228 67852357 419022768 65037589
419287174 67852357
419290968 guanyuhang
419294474 xoxxooxxoxxxxox
419294675 3597468
419296821 59897296
419300813 61261988
419303028 67852357 419294474 xoxxooxxoxxxxox
419303427 67852357 419294675 3597468
419303885 3597468 419303427 67852357
419304155 67852357 419296821 59897296
419304568 xoxxooxxoxxxxox 419303028 67852357
419307289 67852357 419300813 61261988
419307991 67852357 419303885 3597468
418615547 55998310
418615616 2791408
419308656 65037589 419294474 xoxxooxxoxxxxox
418615941 67852357
419310657 59897296 419304155 67852357
418616372 67852357 418607516 diviniz
419311606 65037589 419300813 61261988
419312368 38208418
418616863 diviniz 418616372 67852357
418616909 andrecrcx
419312437 xoxxooxxoxxxxox
418618435 CannyWoo
419313361 65037589 419310657 59897296
418618829 48180071 418613305 67852357
419317298 65037589
418618994 67852357 418613083 42066452
418619029 51999577
419318338 59897296 419313361 65037589
418619038 43078364
419318554 65037589 419312437 xoxxooxxoxxxxox
418619150 58132769
419319608 65037589 419318338 59897296
418620002 67852357
419319877 41853794
419320023 62796727
418620159 67852357 418615616 2791408
419320163 52744397
418620268 42066452
419322626 65037589 419320023 62796727
418620416 67852357 418616863 diviniz
419323021 59897296 419319608 65037589
418621135 67852357 418620268 42066452
419323171 51824656
418621453 MsHsu
419324366 65037589 419323021 59897296
418621461 67852357 418619150 58132769
419325303 38208418
418621544 diviniz 418620416 67852357
419330830 xoxxooxxoxxxxox 419318554 65037589
418621874 67852357 418616909 andrecrcx
419338702 48875638
419339572 3544774
418622146 MsHsu
418622191 47212954
419358811 67852357 419320163 52744397
418622263 42066452 418621135 67852357
419358859 3597468
418622297 funny_0214
419359356 67852357 419323021 59897296
418622405 67852357 418621544 diviniz
419359781 67852357 419339572 3544774
418623517 diviniz 418622405 67852357
419359856 alicelam
418623522 67852357 418622263 42066452
419360216 64486055
418623918 67852357 418622146 MsHsu
419362288 67852357 419318338 59897296
418624158 67852357 418621453 MsHsu
419362921 67852357 419360216 64486055
418624525 67852357 418619038 43078364
419363760 67852357
418625225 sewll
419365089 67852357 419304568 xoxxooxxoxxxxox
418625418 67852357 418619029 51999577
418626146 67852357 418625225 sewll
419367694 59897296
418627195 67852357
419370516 2630395 419311606 65037589
418627665 alashendeng
419371594 67852357 419370516 2630395
418627926 67852357 418618829 48180071
419374063 2630395
418628839 heidimeng
419374252 daymoon.Jan
418629126 47212954
418629591 25978283
419376418 xoxxooxxoxxxxox 419365089 67852357
418630068 67852357 418627665 alashendeng
419379560 64486055 419376418 xoxxooxxoxxxxox
419379938 2077167
418630263 67852357 418629591 25978283
419387160 lollollollol
418630959 67852357 418628839 heidimeng
419389848 65037589 419370516 2630395
418631412 67852357 418629126 47212954
419393555 65037589 419325303 38208418
418633647 alashendeng
419394448 sunlan0122
418635903 43076826
419396208 2630395 419389848 65037589
418638531 67852357 418635903 43076826
419402938 37025309
418638730 43078364 418624525 67852357
419403589 66299217 419363760 67852357
418638809 3597468
419429247 31461164
418639368 67852357 418638809 3597468
419443046 67852357 419403589 66299217
418639831 43076826
419446127 46482368 419283085 67852357
418641018 57687603
418641064 tfyt
419449387 67852357 419402938 37025309
418642118 67852357 418639831 43076826
419490568 37025309
419490744 ai-xiaomuwu
418642256 leisaid
418642356 67852357 418641018 57687603
418642594 67852357 418641064 tfyt
418642936 67852357 418642256 leisaid
418643674 57687603 418642356 67852357
418646507 leisaid 418642936 67852357
418648049 43076826 418642118 67852357
418648155 critus1110
418652676 62796727
418652826 MsHsu 418623918 67852357
418653490 58362049
418653829 njxule
418657185 67852357 418648049 43076826
418657336 67852357 418653490 58362049
418657711 67852357 418653829 njxule
418658756 67852357 418652676 62796727
418659026 67852357 418648155 critus1110
418665611 56453094 418586581 67852357
418670443 67852357 418665611 56453094
418674228 62709271
418681504 51999577
418690088 3507179
418690608 3507179 418601182 67852357
418692039 3507179 418605330 67852357
418693186 2630395
418698232 45300101
418700563 67852357 418692039 3507179
418701015 67852357 418693186 2630395
418701674 67852357 418681504 51999577
418703724 3507179 418701674 67852357
418703993 2630395 418701015 67852357
418704986 62796727 418658756 67852357
418710276 56453094 418670443 67852357
418776172 47861828
418793099 njxule
418800289 67852357 418793099 njxule
418800972 62796727
418802933 67852357 418704986 62796727
418803888 67852357 418800972 62796727
418804856 67852357 418703993 2630395
418806178 67852357 418703724 3507179
418812226 66299217
418820578 62796727 418802933 67852357
418820999 62796727 418803888 67852357
418822396 TOYOFF
418875057 59633547
419490799 ai-xiaomuwu
419494336 65592286
419495637 65592286
419495916 42848014
419500150 65592286
419524282 52203271
419526554 zhaojili
419528560 65037589 419396208 2630395
419529061 65037589 419402938 37025309
419529405 65037589 419526554 zhaojili
419532212 37025309
419540276 65037589 419394448 sunlan0122
419541216 prince_lam
419553297 65037589
419554307 37025309
419558591 65037589 419554307 37025309
419559888 sisidayemener
419561451 17093370
419573980 53502875
419668070 philandevil
419762563 51559569
419783380 4540449
419784155 4540449
