418889325 dearsuebear
418890425 64291665
418892941 62904067
418910889 67097684
418912584 Mika-Q
418917846 65759550
418923058 51751455
418923284 55327975
418923463 55327975
418936527 58199590
418937774 K-say
418949054 51065070
418966188 64549487
418969014 naver
418969531 51533831
418970810 37351157
418988643 52365801 418892941 62904067
418989083 52365801
418991216 57986098
418992546 3707158
418994994 59539869
418997231 47583619
419010529 smylldon
419037013 62904067 419010529 smylldon
419052463 smylldon 419037013 62904067
419054123 62904067 419052463 smylldon
419055741 smylldon 419054123 62904067
419056185 62904067
419057484 56723702
419058096 somapan
419070874 3883741
419072509 51217802
419072995 53590156
419093216 60756737
419095025 45267441
419196033 66780588 418890425 64291665
419198288 66780588 418892941 62904067
419199078 66780588 418912584 Mika-Q
419199864 53454341
419200052 48786558
419200122 66780588
419200747 49051392
419202614 ctyml
419204477 48130091
419204686 48130091
419206003 44137619
419206214 FuzzySandy
419207716 41783707
419209507 66780588 418969014 naver
419210699 48579433
419210826 66780588
419210858 3587448
419211713 50134248
419213458 lingst
419213833 51710217
419214016 41783707
419214932 66780588
419215822 1108194
419216205 foreversumm
419216486 46224963
419217127 day_day_dream
419218333 61499354
419218898 66780588
419219279 66780588 419217127 day_day_dream
419219439 smylldon
419220132 66780588 419219279 66780588
419220246 crystaldyw
419220782 3250777
419225599 63503435
419225872 62677158
419225975 62677158
419227087 49856827
419227436 babyblood
419228749 4682488
419231202 51775613
419231299 51775613
419234095 66780588 419231202 51775613
419237083 3870975
419237132 3870975
419238794 36421209
419239215 madelady
419239448 67604026
419240471 35884251
419242060 51140782
419242330 61327607
419242885 61592353
419243253 51549108
419244417 50612096
419244637 dorocat
419245502 nani1102
419246792 62904067 419198288 66780588
419247371 mengyoumomo
419247807 56413539
419248313 54906065
419248690 dearJoys
419248919 wangying9018
419249494 enjoyYClee
419250129 41186974
419250628 migushiwoo
419250877 47944164
419251258 joylan
419251545 58018076 418892941 62904067
419251671 jenny921016 419200122 66780588
419251802 3622346
419252079 51112699
419253468 14405187
419253568 qiansdyh
419255143 52544152
419256010 52544152
419256229 JellyJellyJ
419256781 semmes
419257722 hanaslove
419260178 49745566 418892941 62904067
419262628 48826222
419263449 just-being-me
419263498 50725841 419200122 66780588
419264037 lemon1991
419265014 dadasshen
419265177 51055130
419265196 talkabout
419265274 51055130
419265323 51055130
419266141 43783322
419266204 nvquanzhuyi
419266500 57275692
419268582 2543166
419269829 45298389
419270702 49196634
419270795 3573122
419270875 lawenda-hx
419272326 40459945
419273612 shmilyll
419274762 45039198
419275407 4477674
419280665 62904067 419251545 58018076
419280970 62904067 419260178 49745566
419282227 47900065
419282404 64549487
419283759 newkimiboom
419286329 48313587
419288608 toxic717
419290913 18259506
419294381 4470096
419298267 66895542
419299065 du-yuanyuan
419300923 50159079
419303483 41846499
419305560 52557926
419315551 dj0823
419320077 3179041
419327064 65947713
419327549 62346655
419330436 misrbb
419331884 wanyingwong
419335207 shuwa510072734
419349741 66780588 419238794 36421209
419351009 66780588 419237132 3870975
419353054 50419216
419370447 66780588 419242060 51140782
419373289 59390281 419209507 66780588
419377684 23856208
419379034 66780588
419382335 66780588
419395422 63677907
419435446 66780588 419395422 63677907
419435967 66780588 419395422 63677907
419463955 65334881
419470562 62311285
419470643 62311285
419470794 62311285
419475798 52621429
419487164 tiankele
419488247 tiankele
419492113 58803545
419492862 51720437
419493005 66780588 419288608 toxic717
419493292 48937793
419494439 toxic717 419493005 66780588
419498258 melody-summer
419499733 6223552
419500319 54906065
419502445 64760385
419502582 67036679
419508844 54314147
419517392 64944381
419522551 39003242
419525709 54906904
419527277 winnebei
419528749 cherry0906
419534469 66780588
419542454 39188374
419543231 50386860
419550746 1172752
419554531 60248391
419554864 ai-xiaomuwu
419554930 ai-xiaomuwu
419560950 47967729 419534469 66780588
419564985 52386481
419568818 53744947
419571105 50940545
419572096 30282087
419572547 53597188
419572604 67337456
419574636 shiwanqing
419594430 61616673
419596139 pallaspurple
419599881 48529630
419600064 51710217
419602667 littlehail
419603503 pallaspurple
419603785 1138215
419603873 45158606
419604054 pallaspurple
419604728 57924612
419605939 67472673
419608102 49148854
419608449 neko_neko_
419609622 66780588
419610002 53969201
419610503 66780588
419610599 51140782 419370447 66780588
419612286 pallaspurple
419614697 66780588
419616129 49696567
419616513 39520234 419196033 66780588
419644177 2506558
419645526 55882249 419200122 66780588
419645750 4679780
419648328 thosethings
419649480 creeppin
419652133 LHMono
419652553 49470182
419663108 28837543
419663597 ldlizhiqing
419665741 4503202
419666778 38617469
419668792 44919783 419609622 66780588
419670795 53524780
419693234 sammychoo
419696617 64223805
419697757 yue126 419218898 66780588
419698091 45505840
419699457 61429706
419700831 goo1007
419701101 64223805
419711347 55787367
419715942 57714117
419716906 44579275
419722217 Explosion
419731391 66780588 419722217 Explosion
419731874 66780588 419699457 61429706
419732120 66780588 419697757 yue126
419732919 66780588 419698091 45505840
419733630 66780588 419663597 ldlizhiqing
419733963 66780588 419648328 thosethings
419734191 66780588 419616513 39520234
419735335 Azules
419735532 38445735
419737623 3828606
419738375 66780588
419740358 66780588 419735335 Azules
419742331 Azules 419740358 66780588
419745307 50159079
419745779 50159079 419733963 66780588
419746180 26619060
419751874 54968086
419759331 48363785
419760391 35632864
419760557 mutsing
419774129 66780588 419742331 Azules
419774869 66780588 419742331 Azules
419774904 66780588 419742331 Azules
419775230 66780588 419760557 mutsing
419778378 48477203
419779867 58422809
419782063 51751455 419733963 66780588
419784973 Azules 419774869 66780588
419801382 62020597
419805911 mskl
419807311 63059166
419809979 23827842
419815354 cellopeipei
419819254 66780588
419839021 39520234 419734191 66780588
419843492 65468338
