419119963 ai-xiaomuwu
419120403 2600403
419125174 67813625
419130488 haokubi
419132173 cssong
419133957 2853540
419160382 67813625 419130488 haokubi
419161389 67813625 419132173 cssong
419163444 67813625 419132173 cssong
419163844 67813625 419133957 2853540
419233176 zzsycfx57
419266532 61151543
419275733 louise-daily
419276126 may1986
419277286 66099310
419277925 58593937
419278763 54115994
419305611 51778838
419323807 67813625 419233176 zzsycfx57
419324890 67813625 419266532 61151543
419325235 67813625 419275733 louise-daily
419325579 67813625 419276126 may1986
419326541 67813625 419277286 66099310
419326843 67813625
419327728 63865841
419327919 67813625 419278763 54115994
419328384 67813625 419305611 51778838
419328670 58593937 419326843 67813625
419329010 67813625 419327728 63865841
419329217 67813625 419328670 58593937
419332869 54115994 419327919 67813625
419334528 67813625 419332869 54115994
419335106 kingoftang
419336347 54115994 419334528 67813625
419336443 douban0805
419338658 58593937 419329217 67813625
419339129 57967339
419342412 67813625 419336347 54115994
419342695 67813625 419338658 58593937
419343021 54115994 419342412 67813625
419343147 67813625 419339129 57967339
419344209 33621344
419345280 m1ssfe1
419346551 57967339 419343147 67813625
419350828 42347461
419352173 58593937 419342695 67813625
419356777 molisummer
419357582 52967821
419359451 smartshirley
419362362 2289743
419373081 67813625 419335106 kingoftang
419373214 67813625 419344209 33621344
419375349 63865841 419329010 67813625
419375683 67813625 419352173 58593937
419375981 49956323 419163444 67813625
419376424 67813625
419377126 67813625
419379783 67813625 419362362 2289743
419384543 58593937 419375683 67813625
419387766 62462082
419389369 61242678
419391755 2212273
419391759 40425603
419411785 44052776
419433251 kingoftang 419373081 67813625
419494519 67813625 419384543 58593937
419495485 67813625 419387766 62462082
419496592 67813625 419389369 61242678
419497144 67813625 419391755 2212273
419497420 67813625 419391759 40425603
419498662 67813625 419411785 44052776
419498990 67813625 419375981 49956323
419501901 67813625 419350828 42347461
419502175 ZUGH
419502549 67813625 419357582 52967821
419503417 67813625 419502175 ZUGH
419503919 ZUGH 419503417 67813625
419506339 49956323 419498990 67813625
419521688 67813625 419506339 49956323
419522935 sophiessy
419523447 67813625 419503919 ZUGH
419541024 go_sail
419541346 ZUGH
419582497 67813625 419541346 ZUGH
419583921 willyoumarry
419587661 67813625
419590284 62168894
419593805 go_sail 419587661 67813625
419647158 67813625 419590284 62168894
419648895 qj0564335
419676323 62462082 419495485 67813625
419712064 67813625 419676323 62462082
419712166 67813625 419648895 qj0564335
419717092 hahehahe
419719765 ftj512
419719926 ftj512
419721166 ftj512
419724631 67813625 419719765 ftj512
419724866 67813625 419721166 ftj512
419726004 ftj512
419726331 ftj512 419724866 67813625
419728373 ftj512 419724631 67813625
419732790 64710821
419735928 64710821 419728373 ftj512
419736333 ftj512 419735928 64710821
419737596 64710821 419736333 ftj512
419737915 55332058
419778037 cloxxx
419778408 67813625 419728373 ftj512
419782388 67813625 419732790 64710821
419787129 momoshim
419788073 cloxxx
419788400 64710821 419782388 67813625
419789331 67813625 419737915 55332058
419790285 67813625 419778037 cloxxx
419790567 67813625 419788400 64710821
419791007 3659991 419737915 55332058
419792249 67813625 419791007 3659991
419793121 67813625 419373214 67813625
419795604 64710821 419790567 67813625
419799388 cloxxx 419790285 67813625
419801638 67813625 419795604 64710821
419802851 zuoeyi 419327919 67813625
419803173 67813625 419799388 cloxxx
419803465 zuoeyi 419790285 67813625
419803988 44428332
419805195 cloxxx 419803173 67813625
419806628 64710821 419801638 67813625
419808948 cloxxx 419803988 44428332
419810371 cloxxx 419803173 67813625
419813534 zuoeyi 419808948 cloxxx
419814822 cloxxx 419813534 zuoeyi
419819038 67813625 419803465 zuoeyi
419819924 67813625 419803988 44428332
419820825 dudubean
419826569 67813625 419810371 cloxxx
419827603 61895355
419829497 september905
419830337 cloxxx 419826569 67813625
419843709 rabbitbeauty
419882218 louise-daily 419325235 67813625
419882419 rabbitbeauty
419914746 67813625
419915262 ftj512 419882419 rabbitbeauty
419915952 67813625 419829497 september905
419919771 67813625 419843709 rabbitbeauty
419925017 yshhq
419925311 67813625 419882419 rabbitbeauty
419925800 67813625 419925017 yshhq
419927128 67813625 419820825 dudubean
420046927 61895355 419914746 67813625
420048985 67813625
420093816 Sistine
420097405 51859626
420103320 ftj512
420103820 ftj512
420104125 ftj512
420134586 september905 419915952 67813625
420146261 Sistine
420152040 53821368
