419535433 24331722
419535914 19513740
419536716 19513740
419538161 19513740
419538340 65171725
419538614 19513740
419539444 56822170
419539598 65171725
419540198 64396222
419540250 2842765
419541563 19513740 419538340 65171725
419543752 19513740 419540198 64396222
419545285 19513740 419540250 2842765
419546181 19513740
419547295 19513740
419549334 4640343
419549436 33957288
419550118 42373093
419550813 24868877
419551668 34990749
419553949 36740389
419555602 55459112
419556687 3702547
419558035 19513740 419550118 42373093
419558723 19513740 419549334 4640343
419559844 19513740 419550813 24868877
419560926 19513740 419551668 34990749
419561620 ostrawberryo
419562017 19513740 419553949 36740389
419562351 19513740 419555602 55459112
419562732 19513740
419563879 36740389
419564448 19513740 419561620 ostrawberryo
419564670 ricky_wangsq
419564898 26312989
419565658 ostrawberryo
419565702 26312989
419565829 19513740 419563879 36740389
419565834 shrekbaiyu
419566079 54413607
419567060 36740389
419567310 19513740 419564670 ricky_wangsq
419568075 19513740 419564898 26312989
419568160 dearmia
419568344 19513740 419565658 ostrawberryo
419568736 19513740 419565834 shrekbaiyu
419569743 19513740 419567060 36740389
419570481 36740389
419570858 kaylynn
419571284 shrekbaiyu 419564670 ricky_wangsq
419571386 19513740 419568160 dearmia
419571735 shrekbaiyu
419572339 shrekbaiyu 419567060 36740389
419572834 kaylynn 419571735 shrekbaiyu
419572838 19513740
419573241 36740389 419572339 shrekbaiyu
419573593 19513740
419573802 19513740 419573241 36740389
419574037 2853540
419574809 19513740 419574037 2853540
419575439 36740389 419573802 19513740
419575472 kaylynn 419573593 19513740
419576122 ricky_wangsq 419573593 19513740
419576802 19513740 419575472 kaylynn
419577554 19513740 419575472 kaylynn
419577767 shrekbaiyu 419575472 kaylynn
419577786 suke999
419578449 missing7V
419578836 66476639
419578848 19513740 419575439 36740389
419579081 kaylynn 419577767 shrekbaiyu
419579183 57802097
419579432 19513740 419577786 suke999
419579913 kaylynn
419580396 4403722
419580613 19513740 419577767 shrekbaiyu
419581008 19513740 419580396 4403722
419581417 suke999
419581889 50760633
419582415 venla
419582836 45913582
419582906 ii53231323
419583089 19513740 419581889 50760633
419583312 36740389
419583601 19513740 419582906 ii53231323
419583906 19513740 419583312 36740389
419584296 50760633
419584560 42347461
419584792 42347461
419585613 19513740 419582836 45913582
419586041 19513740 419584792 42347461
419586088 notyou
419586864 19513740 419584296 50760633
419587191 19513740 419586088 notyou
419587654 56108590
419588584 50760633
419588771 notyou
419588810 ii53231323
419589131 19513740 419588810 ii53231323
419589475 19513740 419587654 56108590
419589832 19513740 419588584 50760633
419589895 19513740
419590275 19513740 419588771 notyou
419590335 sco8087
419590419 50760633
419590520 45913582
419590544 ii53231323 419589131 19513740
419590789 cici1223s
419590912 19513740 419590335 sco8087
419590977 50760633
419591155 19513740 419590419 50760633
419591305 67813625
419592010 19513740 419590520 45913582
419592380 19513740 419590789 cici1223s
419592764 19513740 419590977 50760633
419592890 19513740 419590544 ii53231323
419592991 sco8087
419593487 50760633
419593613 19513740 419593487 50760633
419593763 ii53231323
419593896 45913582
419594026 64795796
419594031 19513740 419592991 sco8087
419594340 1749262
419594399 19513740 419594026 64795796
419594790 64795796
419594966 19513740
419595140 19513740 419594790 64795796
419595325 64795796
419595730 64795796 419595140 19513740
419595836 64795796
419596384 52489019
419596771 64795796 419596384 52489019
419597187 63454357
419597658 sco8087
419597749 sunshineky
419599010 sco8087 419594026 64795796
419599197 52489019 419596771 64795796
419599362 52489019 419596771 64795796
419599505 52489019 419596771 64795796
419601210 may77501
419602757 41338429
419606024 64396222
419607102 10403936
419607212 57883873
419609102 chengzidouban
419609758 49201669
419623385 Arielma
419646557 26312989
419647832 Yuki.F
419667205 twotony
419667497 50773233
419677714 dearmia
419681568 64795796
419681571 64795796
419703101 2853540 419599010 sco8087
419704760 2853540 419681571 64795796
419705113 2853540 419681571 64795796
419726406 64795796 419705113 2853540
419734437 65171725
419757816 sco8087 419703101 2853540
419763850 hanjinglei815
419765434 hanjinglei815
419795045 36421209
419870205 34990749
419904537 53491052
420191741 ii53231323 419904537 53491052
