419464159 59772531
419464243 1614749
419464830 67915142
419465068 54926601
419465125 59897296
419465287 51697775
419465413 blowers
419466071 67915142
419466239 67915142
419466728 38082892
419466871 67915142
419467060 63621256
419467228 67915142
419467440 38082892
419467643 impedance
419468026 67915142
419468086 pansijing
419468413 bxnw1992
419468816 67915142
419469669 67915142
419469964 dxair
419470388 67915142
419470822 67915142 419469964 dxair
419471716 63621017
419471878 67915142
419472614 bikoi55
419472680 67915142
419473118 Traveler-ing
419473135 67915142 419472614 bikoi55
419473972 changbai
419474000 67913922
419474343 67915142
419475333 67915142 419474000 67913922
419476675 67915142
419476827 67913922
419476990 3530079
419477801 67915142
419478711 woshihaoren123
419479207 67915142 419476990 3530079
419479383 48601577
419479561 51710217
419479919 67915142 419478711 woshihaoren123
419482731 67915142
419483500 67915142
419483850 bikoi55 419473135 67915142
419484359 eillen-han
419484655 67915142
419485243 wuzhuyizhe
419486333 67915142 419483850 bikoi55
419487668 3388021 419486333 67915142
419487899 impedance 419486333 67915142
419487952 67915142
419488520 67915142 419487899 impedance
419488645 impedance 419488520 67915142
419489876 67915142
419490627 67915142 419488645 impedance
419490925 impedance 419490627 67915142
419491481 67915142
419492620 67915142 419490925 impedance
419494919 impedance 419492620 67915142
419495125 67915142
419496195 woshihaoren123
419498027 3388021
419498726 67915142
419499147 63757641
419500562 67915142
419501135 67915142 419499147 63757641
419502716 67915142
419504362 35456954
419504610 57366300
419505014 impedance 419502716 67915142
419505591 67915142
419506727 67915142
419507864 67915142
419507956 eric-fhc
419508096 51222575
419508110 62187235
419508791 4110493
419509109 67915142
419510418 67915142 419508096 51222575
419511182 67915142
419512282 67915142
419512662 67915142
419515124 67915142
419515905 67915142
419517325 67915142
419518846 67109176
419520852 perfectionist
419521256 muaoven
419521740 muaoven
419521763 67915142
419522139 3530079 419479207 67915142
419523187 67915142
419523434 37675999
419524588 67915142
419528372 67915142
419528903 56475324
419529477 48878177
419529499 impedance 419528903 56475324
419532291 56475324 419529499 impedance
419532610 impedance 419532291 56475324
419537308 alashendeng
419626114 3530079
419630247 day_day_dream
419655662 36412715
419667442 imwhy1123 419465125 59897296
419671342 67915142
419671504 64337151
419673023 41653428
419689232 59897296 419667442 imwhy1123
419689706 imwhy1123 419689232 59897296
419819193 58015385
