419791435 53697273
419791525 41878122
419792137 51740612 419791435 53697273
419792220 8197485
419792429 ddeenngg
419792525 51740612 419791525 41878122
419792642 53697273 419792137 51740612
419792766 51740612 419792220 8197485
419792985 moe_gor 419792137 51740612
419793086 51740612 419792642 53697273
419793281 51740612 419792985 moe_gor
419793994 51740612 419792220 8197485
419794322 58546162
419794366 atom012
419794416 36421209
419795345 51740612 419794322 58546162
419795411 51740612 419794366 atom012
419795814 51740612 419794416 36421209
419795937 51740612 419794416 36421209
419796776 kaede_1223
419797179 lizza
419797592 50824752 419792137 51740612
419798026 51740612 419796776 kaede_1223
419798281 jxiaoxiao
419798653 51740612 419797179 lizza
419799096 51740612 419797592 50824752
419799614 51740612
419800025 50531557
419800212 abbabaab
419800302 pennie623
419800428 49909168 419799614 51740612
419800648 51740612 419800025 50531557
419800805 50531557
419800817 51740612 419800428 49909168
419800905 pennie623
419801413 49909168 419800817 51740612
419801593 50531557 419800648 51740612
419801641 51740612 419801413 49909168
419801879 51740612 419801593 50531557
419802196 46482368
419802798 51740612 419802196 46482368
419804131 50531557 419801641 51740612
419804418 51740612 419804131 50531557
419806209 50824752 419799096 51740612
419808664 sosilkke
419813995 robin-fei
419814817 1115481
419815857 51740612 419814817 1115481
419816518 26605722
419818579 54115994
419821372 tianshengmeie
419822334 65827561
419861477 50907393
419867585 2603656 419799614 51740612
419884775 4250349
419889172 43262256
419923741 55970630
419926157 41336999
419926650 Helen29
419929885 3413910
419935220 2287450
419936086 45664287
419951675 3867897
419958761 waittt
419960350 feiyou
420184531 50531557 419804418 51740612
