420111697 linzhengying
420112564 58417357 420111697 linzhengying
420112829 zhaojili
420113020 40584488
420113983 58417357 420112829 zhaojili
420114188 58417357 420113983 58417357
420114552 zhaojili 420113983 58417357
420115982 58417357
420116310 58417357 420114552 zhaojili
420116967 35216996
420117161 wkwangke
420117627 58417357
420117670 50353732
420117915 59976143
420118064 58417357 420116967 35216996
420119130 58417357
420119397 bucktooth
420119606 58417357 420117670 50353732
420119964 mintdream
420120068 58417357 420119397 bucktooth
420120188 58417357 420119964 mintdream
420120272 3938082
420121069 50353732 420119606 58417357
420121245 58417357 420120272 3938082
420121710 58417357 420121069 50353732
420122978 58417357
420123690 50353732 420121710 58417357
420124991 58417357 420123690 50353732
420126434 storygoon
420126911 storygoon
420127540 58417357 420126434 storygoon
420128269 58417357 420126911 storygoon
420128768 bucktooth
420129444 zuji
420130011 storygoon 420128269 58417357
420130379 wkwangke 420119130 58417357
420130782 58417357
420130921 bucktooth 420130011 storygoon
420131458 58417357 420130011 storygoon
420131569 lyrian9064
420132153 58417357 420129444 zuji
420132743 bucktooth 420130782 58417357
420132841 3464388
420132962 58417357 420130379 wkwangke
420133082 53284953
420133311 58417357 420131569 lyrian9064
420133729 bucktooth 420131569 lyrian9064
420133815 58417357
420134029 58417357 420132841 3464388
420134085 lyrian9064 420133311 58417357
420134292 58417357 420133082 53284953
420134520 bucktooth 420134085 lyrian9064
420134620 lyrian9064 420133729 bucktooth
420134710 57629062 420132962 58417357
420134929 58417357 420134085 lyrian9064
420135210 lyrian9064 420134520 bucktooth
420135220 58417357 420134710 57629062
420135428 lyrian9064 420134929 58417357
420135491 26479275
420135791 43563199
420135942 58417357 420135210 lyrian9064
420135985 YoungLong
420136135 58417357 420135428 lyrian9064
420136367 58417357 420135985 YoungLong
420136706 lyrian9064 420135942 58417357
420136749 YoungLong 420136367 58417357
420136857 57629062 420135210 lyrian9064
420137075 58417357 420136857 57629062
420137141 bucktooth 420136706 lyrian9064
420137267 lyrian9064 420136135 58417357
420137690 lyrian9064 420136857 57629062
420138026 57629062 420135220 58417357
420138448 58417357 420136706 lyrian9064
420138699 58417357 420138026 57629062
420139078 46298838
420139098 lyrian9064 420138448 58417357
420139118 58417357
420139155 57629062 420137690 lyrian9064
420141771 lyrian9064 420139155 57629062
420142146 45069351
420143937 57629062 420141771 lyrian9064
420148865 storygoon 420130921 bucktooth
420154781 storygoon 420139155 57629062
420183690 58417357 420154781 storygoon
