16567322
16562027
16453302
16563429
15026529
16636903
16652912
16658013
9269968
16656664
16631394
16126425
16641335
16640382
12301372
16596115
16632776
16641875
16623078
16635956
16570401
16636868
16635498
16621955
16404257
16618997
16631889
16626286
16616040
16591563
16605220
13084867
16589033
16399543
16603286
16602316
16591565
16597941
16595431
16595545
16596137
16595687
16539280
16575364
16595526
16594304
16579804
16594060
16584323
16568175
16593693
16569927
16569217
16573546
16545669
16563716
16563425
16563424
15888740
16547849
16561034
16549639
16553591
16522161
16551851
15780994
16551526
16549428
16544928
16546445
16516500
16525521
16547770
16464446
16542583
16527830
16538516
16537051
16538772
16536366
16530018
16519270
16518021
16172352
16530073
16530937
16407634
16396511
16522331
16522872
16442393
8430798
16515858
16517460
16511843
16462661
16502638
16482220
16487712
3941582
16508945
16504622
16395271
13614036
16491468
16488163
16499392
16502627
16453932
16491187
16484081
16495973
16327855
14775822
16455324
16026533
16326458
16485866
16398916
16483634
16366290
16474054
16473471
16374566
16468898
16467890
16441661
16394692
16407416
16629358
16594509
16628684
16627093
16618551
16623292
16624510
16622308
9788451
16614430
16596800
16622013
16598884
16619142
16619088
16604837
16595596
16615087
9514908
16617132
16606434
16610050
7498396
16597968
16588412
16461568
16460148
16424555
16444234
16452071
16194393
16441508
16196379
16444905
16420021
16120329
16437626
16440955
16441432
16440121
16432875
16437722
16423350
16348963
16431269
16432625
16432081
16426138
15546905
16422394
16421938
16135059
16181601
16387738
16367121
16416661
16413567
16380037
16410071
16401561
13297034
16408349
16381456
16329691
16405320
16383636
16395886
16393071
16394963
16376091
16379240
16371205
16374109
16344416
16390052
16368078
16365192
16345926
12891014
16367218
16296146
16163709
16365777
16358004
16211533
16358668
15623385
16343309
16177522
16344691
16304584
15715997
16339121
16337671
16226937
16310001
16334590
16322027
16327308
16311365
16353405
16376075
16334302
16372920
16375229
16373374
16368240
16376456
16375720
16376214
16374334
16314296
16001419
16365497
16365399
16368307
16174304
16366684
16372305
16372228
16354125
16371272
16326175
16369784
16369644
16129931
16321704
16303491
16309067
4655673
8002308
16309020
16309505
12698713
15067461
16289776
16306718
16305821
16188651
15298657
16037153
16269567
16294675
16291674
16293239
16287595
16252801
16277157
16258800
16280927
16225335
16219695
16194559
16192064
16206980
16200146
15642499
16203554
16203315
16158569
16199900
16192649
15443229
16188254
15777359
16179873
16178714
16172033
16175459
16137020
16113868
13278474
16158789
13968268
16171182
16161496
15994998
16153685
16101988
16155971
16062577
7405523
9164167
15697317
14220920
16138090
16130743
16157179
16081832
16127347
16138000
15426461
16129934
16139559
16108241
15920182
16113579
16097931
15790808
16112415
16107371
16040302
16093615
14525173
15638553
16101667
16099621
16069596
16075731
16075373
16068644
16063764
16045587
16035121
12788014
15589629
16056451
15839124
16053095
13674227
16050771
16044962
15988442
16030812
16041888
16029074
15929481
16281878
16282525
16281701
16138331
14815632
16278150
16268646
16275163
16270947
16197662
16255077
16254997
16243484
16252601
16251106
16071539
16242598
16229275
16224733
16204348
16211220
16209396
13471441
15747473
15809463
15907583
15784237
15862746
15761083
15888028
15782254
15874820
15862822
15812720
14886086
15756998
15856307
15803951
15839355
15844574
15846544
15739040
15839556
15830845
15831075
15819811
15821456
15821475
15756107
15737379
15760662
15766544
15741161
12402339
15747767
15397616
15670606
15750243
15745553
15751118
15483047
15743048
15566675
15743080
15716459
15302902
15695425
15736192
15657454
15685797
15730902
15295678
15727544
15987099
15781891
15980444
15967988
15917314
15746073
15868042
15960433
15958236
15295758
15760383
15803366
15956623
15839324
15755310
14343609
15627477
15839678
15791723
15821385
15848612
15839218
15839732
15858954
15914073
16041228
16016589
16034215
16039944
13989830
15994530
15957614
16028071
16018827
15957269
16022050
16016527
15996628
16011134
16012619
15991720
15991229
16006388
15723648
15959007
15995211
15997486
15994216
15989118
15991375
15803436
15813375
15794428
15811218
13751823
15810091
15719806
15755324
15585573
15779462
15794289
15661458
15774278
15680933
15789445
15788256
15787414
15760130
15772132
15777973
15774129
15774578
15398041
15773282
15702429
15725695
15704112
15722336
15718685
15700593
15718130
15298709
15644862
15708437
15706836
15649314
15697057
15532977
15526839
15653335
15691076
15655344
15691331
15686080
15581583
15676229
15693075
15692528
15691959
15640774
15445541
15120285
15669817
15682031
15681614
15665979
15676750
15655804
15614982
15657173
15490445
15300769
15657164
15652883
15617836
15600835
15439381
15647203
15643842
15640489
13510285
15620805
14834178
15632177
15607186
15633276
15166311
15253926
15597696
15612118
15443062
15622596
15171850
15617424
15600874
15147352
10727491
15554973
15590542
15521018
15596097
15548084
15582137
15550710
15581379
14421410
15555039
15577873
15575980
15579350
15558141
15532724
15528441
15564136
15556725
15549251
9260774
15544206
15539998
15396642
15506247
13688054
6079757
14597911
15483308
15518675
15430943
15468949
15507041
15512029
15507232
15118597
11372580
15482183
15296750
14865146
15275655
15379327
15361523
15350040
15371903
15365484
15370475
15343920
15331784
14981311
15361682
14588790
14455015
15332620
14398929
15339742
14776958
15337121
15327557
15332936
15324877
15294286
15320686
15275928
15391284
15420487
15430320
15432512
15349131
15405991
15003312
15414582
15401312
14627339
15388972
15376306
14922197
15399699
15226171
15275152
15366682
15340595
15358351
15270135
15368393
15383204
15361548
15358267
15365219
15301336
15305245
15308626
1254472
15304067
15299170
15302311
15252736
15297522
15261151
15287490
15252157
15276098
15203780
15192684
15275155
15256307
15253253
15220083
15128485
15247898
15226494
15089688
14914316
15241773
15454496
14697867
15473501
15466880
15422634
15471667
15385843
15482217
15453592
15472355
14673316
15455440
15454334
15397430
15468372
15466818
15241939
15308275
15448950
15453917
15452222
15405502
15446344
14366302
15383939
14282140
15218928
15230342
15236646
15228506
15207036
15227982
14618754
14775085
10741291
8586934
15203698
15176651
15214391
15213300
15199740
15171125
15040378
15201374
15189074
15144133
15199342
15106674
15185189
14740783
15186623
15183036
15177181
14464486
15172680
14724796
15159334
14988777
14939586
15146209
15161127
15134882
15144575
14587894
15040912
15132030
15137705
15129790
15122431
15118415
15100475
15102863
15096182
2176962
14639293
15096453
15083893
15089022
14323515
15114072
14977374
15072441
15105949
15070576
15098767
15088427
8919246
15087808
15087925
14914333
15090828
14973011
15089680
8719107
14899456
15081707
12626499
15062181
15070249
8802566
14832756
14949459
14552186
14927100
14965440
7619961
14964765
14952724
14941412
14893935
14947627
14600197
14817157
14935398
5261010
14627043
14791211
14410953
14409812
14412305
14868662
14910208
14899195
14602816
5845925
15065674
15052141
14816349
15054737
14482409
14963457
15019193
15026412
14839036
14985444
15034461
14963086
15032070
15031425
15008201
15011244
13897052
14860917
4561518
15004779
14941134
14829315
14981977
14720690
14981760
14897656
14890960
14480705
14886916
14879892
14884721
14881663
14881234
14639050
14739741
14745559
14795909
14804842
14848853
10539966
14848228
9794260
14848247
14800120
14834573
14833713
14821713
14353618
14765028
14804460
14645956
14600130
14740387
14713623
14740005
14738954
14733181
14646097
14734527
14624404
14646189
14729725
11182210
14640888
14360409
14709092
14699455
14682960
14701686
14697105
14689258
14687298
12816486
14629150
14336103
14821215
14817744
14805922
14800855
14335662
14726308
14525963
14797358
14761332
14785642
14581137
14702840
14777492
14681396
14761701
14496793
14764671
14766144
13334660
14710283
14762289
5709349
14437039
14175556
14739596
14610759
14610727
14600955
14521847
14458609
14564830
14566620
14591832
14571422
14344764
14579256
14584477
14585904
14576599
14573707
14574104
14569734
14572978
14538663
14525993
14566029
14469125
14564778
14548879
14546872
13599184
14501403
14537234
14481535
14550874
14455196
14548070
14541553
14537117
14540035
14540051
4143195
14505820
14530030
12100525
14521521
14509595
14519400
14488228
14509482
14502083
14404582
14507072
14500676
8174064
13086380
14683366
14587442
14677228
14640631
14654560
14644874
14651889
14649718
4583903
14639717
14640420
14639709
14620216
14598408
14580833
14554362
14622010
14484735
14614568
14593304
14530786
14563067
14611819
14607669
14498484
14480075
14365471
14450348
14484403
14489901
14317928
14488071
14485358
14473315
14471738
14444097
14446096
6665766
14467956
14434369
14478074
14477562
14477084
14473841
14472750
14471577
14270439
14438633
14391432
14310415
14318214
14327244
14305737
14260217
14317834
14316822
13526769
14285589
14304738
14307262
14235183
14308935
14286665
14277496
14298992
14292723
14295975
14295879
14294847
13925326
14292746
8320936
14165712
14271457
14465729
14363269
14337440
14438022
14452273
14155722
12940178
14437526
14427668
9092277
14446441
14288200
14443268
14444850
14405678
14420274
10391034
13948869
14428376
14435096
14433035
14426870
14348239
14340389
14416198
13029104
14411423
14403829
12219069
14400293
14399707
14397916
13727757
14391895
14388322
14385831
14382816
14383923
14292561
14378663
14378602
14378536
14378236
14347720
14369337
13514321
11940105
14369435
14370295
13806902
14341290
14366195
14342027
14365581
14343242
14340833
14356646
14055880
14355713
14347097
14286817
14347914
14346877
10270710
14316040
14070433
14341857
14340733
14294903
14323128
14233440
14316276
14321471
14340141
14321939
14254882
14268175
14278849
14237742
14275134
14227508
14272373
14256751
14218901
14266657
10009453
14266353
10723042
14167990
11107685
14259549
14247803
14233518
12622776
14241993
14059929
14211964
14186212
8983059
14180327
5256308
14184949
14115061
14215672
13822584
14217495
13838923
14204528
14204774
14080392
14207765
14207547
14186411
14160017
14156402
13589492
14168314
14091389
14176094
12960099
14157940
14166335
13927225
14163067
14115093
14145298
13980220
14031018
14159154
14158151
14079635
14148266
14144799
14143383
13952051
14138121
14110774
9942228
14078934
14060150
14132686
14051613
14104789
13670199
14123103
14055254
13972820
14054888
14104871
14107890
14020287
13971037
14017711
14022174
14021744
13434596
13714940
13771664
14008733
13982042
13991289
13993628
13668412
13990603
13939193
13972252
13926142
13955592
13961280
13945861
13927173
13954738
13947389
13937553
13946198
13944887
13744801
13927420
13369428
13875176
13919155
13815398
13909190
13883314
13927227
13648502
7942375
13886847
13013896
12590716
13242153
13907191
13902349
13886704
13412996
13903640
13882941
13886712
13896773
13900075
13755345
13658520
13807348
13813551
13821154
13812433
13739793
13316171
13813769
13695135
13739881
13809132
13791980
13800976
13451562
13732203
13789711
13785099
13787062
13780871
12031827
13778302
13767499
13704632
13643193
13778019
13763463
13487832
13772035
13725660
13765962
13763033
12693023
13765771
13729838
13759463
13552009
13607891
13621331
13654127
13740645
13737767
13685051
13740753
13589449
13677821
13497009
13726664
13688328
13698616
12620699
13728001
13738045
13884208
13529960
13868977
13873786
13581726
13865616
13844915
12718453
13854409
13838609
13762183
13840775
13845490
13658102
13676040
13650552
10311365
13754321
13785604
13251354
13824925
13616391
13730306
13156039
13683125
13718395
13722703
12662647
13717611
13725004
13673327
13679572
13711878
13716896
13710190
13706712
13205395
13683418
13474466
13674081
13702334
13686072
13692944
13517269
13685416
12974234
13683689
14007315
14054495
14021816
13917354
14076579
14071830
11708176
13742909
13967518
13232223
13309753
14065493
14057330
14053209
14052546
14049776
13914650
13962921
14030848
13984373
14043959
13943440
13829900
14017813
13957617
13685865
13683540
13675389
12573746
13654248
13648290
13667272
13676525
13471750
13670842
13672709
13672525
13613996
13075130
13621407
13661811
13605417
13448793
9490237
13644189
13648435
13499414
13641589
13319015
13609380
13455010
8932026
13439558
13435878
13439936
13444090
13426102
13396625
13381572
13434036
13389503
13436758
7174956
13403457
13434339
13419241
13409583
12908996
13288509
13423888
13415301
13396587
12895901
13413757
13360452
13096334
13515788
13515594
13511832
13511649
13386213
13504111
13439336
9993204
12804627
13484887
13482849
13476819
13478724
13475701
13475702
12802192
13130628
13415000
13461882
13462597
13462945
7788119
13389729
13424488
13638867
13638848
13626924
13631684
13633066
13634668
13197366
13628193
13601791
13609890
13289926
13514407
13535863
13518244
12399505
13614355
13439834
13612468
13464964
13609266
13511511
13605102
13591559
12866298
13593342
13584068
13560476
13509519
11889374
13590855
13252402
13586102
13426712
13550171
13422801
13566404
13558219
13506077
13497052
13542319
13537732
13530962
13538156
13533733
13533500
13530071
13525195
13499412
13520092
13522919
9720731
13004131
13309958
13345409
13384713
13392010
12888956
10525812
13392654
13392930
13390322
13364736
8235672
13381618
13388355
2063358
13323710
13368469
13287864
13253415
12029180
13371112
4419450
1162134
13353367
13288270
13250227
12814160
13288227
13270893
13276677
13288166
13184451
12438996
13286145
13277794
13286093
12721490
13282246
13227992
13277793
11164276
13274527
13275558
13226243
13264102
13193739
13247022
9398565
13216529
13357204
12852917
13344976
13338825
13205386
12865095
13342382
13302225
13336342
13218567
13151439
13238052
13321143
13320758
13248134
13307268
13010477
13310139
13309447
12725024
13291980
13079720
13298512
13242815
13263409
12416789
13244606
13243330
13236232
13236594
13054649
13116494
12929329
12979546
11976633
13223584
12710380
13200683
6230982
13189849
13146917
13213132
13213130
13209700
13134843
13106964
13202687
13202671
13127376
13193436
13197891
12245338
13169393
13193736
13191398
13115278
13187432
13185980
13184864
13184040
13179957
12959213
13030071
13141609
13172010
13045219
13099022
10990709
13113233
13157068
13110158
13162238
13160836
11599180
13151156
12952177
13096497
13084284
13078642
12965335
13089165
13090081
13051762
13080029
13037009
13065827
12843320
13064614
13063442
13056959
12525372
12964210
13052212
13008730
12890744
13056133
13032372
13013183
13030940
13016428
12947244
12934135
12121572
12938544
12939259
12907684
12933793
12751710
10190206
12864633
12917648
9531996
12916134
12920567
12854292
12913381
12888123
12763818
12886704
12907935
12904147
12906436
12906434
12906364
12848407
12995783
12998639
13018740
13012550
12977800
12941709
13005576
12263247
12988427
12977171
12981000
12860252
12558220
12973104
12962081
7746788
12725030
12553705
12967176
12790748
12953667
12618830
12934950
12923412
12936377
12962930
12962438
13127881
13081535
13105562
13126864
13069557
13120415
13105749
13101823
13104293
13125792
13114368
13105491
13113192
12996325
13107425
13108202
13047954
12699804
13106812
7541593
12889619
13099406
13069214
12892586
12896421
12876739
2064271
12891950
11795946
12891472
12890946
12802611
12805805
12860250
12817323
12714432
12721401
12849648
12873648
12741260
12869956
12867016
12843206
12861032
12857598
12831182
12804135
12847670
12839778
12837480
12839213
12831926
12811141
12835146
12721706
12819479
12832186
12830467
12830769
12049678
12830468
12779044
12827457
12812076
12825280
12756457
12818414
12604852
12591670
12765287
12773017
12806276
12807944
12806679
12800768
12728468
10287008
12762955
12794680
12782542
12786159
12795804
12772544
12773367
12681970
12788547
12788201
11602324
12784424
12784419
12782541
12601502
12780295
12771062
12774651
12763790
12772011
12771005
12670087
12625091
12668079
12643341
12664792
12660057
12659976
12579040
12654914
12654857
12534702
12653461
12053304
12652859
11958188
12590756
12550191
12634206
12629060
12613170
12193264
12546825
12615536
12620293
12358315
12714699
12588958
12708091
12704866
12695714
12700876
12688034
12682453
12694903
12690865
12691426
12660311
12690733
12690286
12635060
12684545
12611109
12683504
12676059
8318360
12680729
12678653
12673167
12641197
12666593
12757739
12537788
12763009
12735280
12753934
12751130
12732863
12754362
12418672
12706031
12747782
12738068
12720772
12723341
12714724
11784618
12688389
12735204
12703755
12732248
12717998
12656831
10274349
12702672
12691418
12574366
12567813
12392261
12573145
12572665
12567432
12504591
12497153
12568902
12254152
12555159
12559786
12392453
12503912
12556716
12464282
12511554
12549996
12524790
12548798
12309656
11535763
12524746
12520067
12252884
12618418
12537609
12574911
12603394
12610049
12572297
12589752
12606708
11596564
12602839
12505267
12585287
12573270
12590022
12572236
10698928
9759605
12577815
12422912
12575571
10604271
12576271
9756908
12575268
12308410
12437097
12530214
12523626
12446617
12519173
5962307
12420044
12476211
12492045
12515094
12497146
12502983
12496857
12492031
12505259
12467019
12496188
8273000
11853746
11863249
12470244
11422847
12342478
12128938
12431388
12371103
12154821
12409877
12409994
11672540
12402781
12340624
12304391
12308508
12252901
12023634
12373906
12007681
12390007
12359378
12371221
12373922
12370679
12361057
12355446
12336421
12302799
12339409
12250790
12332191
12485507
12465154
4331811
10264065
12124094
12469742
12462100
12143099
12465672
12422916
5515131
12339077
12446123
12447010
12433208
11809760
12074455
12438023
12389733
12392325
12376090
12427027
12410768
12208247
12362012
12332755
11185793
11355591
12330258
12329575
12053114
12328107
12231194
12323656
12313377
12287900
12078121
12045145
11378692
12298000
12130087
12297175
12235313
12125429
12288614
12075447
