2430362
2421374
2426353
2421394
2536847
2548407
2531010
2464313
2460129
2541746
2543485
2541797
2437470
2543353
2538537
2485503
2476702
2519546
2532531
2431048
2530857
2499176
2527337
2527336
2512010
2498734
2523911
2525243
2518698
2421325
2357127
2406623
2376390
2330255
2406597
2418825
2411494
2139607
2355999
2315013
2299659
2404686
2388884
2395970
2389675
2400789
2004442
2381908
2353679
2287860
2390371
2260980
2384883
2371214
2470519
2480711
2443494
2470754
2466720
2474304
2474257
2359369
2468192
2438025
2470187
2452015
2422588
2467446
2422373
2308573
2453667
2451336
2460995
2461429
2441065
2445915
2449123
1912828
2454569
2518204
2521202
2480706
2507744
2481514
2514445
2512454
2509057
2466763
2465259
2506380
2503511
2405486
1069037
2007860
2499763
2479869
2456814
2484295
2491342
2453009
2475534
2471362
2485845
2485516
2308790
1082084
2286590
2291650
2265731
2284122
2295358
2294552
2299138
1454723
2294986
2294966
2294235
2294246
2290666
2286122
2290651
2282667
2273481
2284800
2284599
2260903
2282454
2284447
2282738
2327911
2381024
2378299
2345295
2287354
2345071
2359721
2346957
2241163
2362758
2272644
2308613
2312071
2335467
2331762
2349835
2354472
2351160
2352984
2289552
2177986
2341539
2337668
2328298
2335743
2325861
2331443
2335825
2330953
2278413
2330537
2318559
2327187
2204341
2307748
2325641
2320094
2327605
2317019
2322229
2302621
2317690
2315708
2299031
2296519
2310040
2279729
2210584
2299934
2250420
2203852
2088677
2208605
2115106
2213265
2200026
2175104
2185557
2210540
2201503
2210539
2148421
2039566
2204964
2181225
2191890
2154596
2202528
2203520
2193567
2198043
2128579
1084089
2195968
2179220
2231010
2237772
2237552
1782839
2222337
2101390
2053490
2212623
1706278
2232814
2104893
2222148
2226069
2211554
2215706
2193353
2226242
2225713
2223537
2196706
2220718
2207848
2213759
2216123
2210808
2192712
1786796
2275463
2277286
2278026
2107402
2125772
2277281
2270263
2261224
2209034
2271417
2255466
2267980
2265718
2258299
2264826
2252860
2263573
2262951
2240505
2225034
2181510
2244989
2211928
2192164
2154371
2178100
2195126
2193720
2193646
2193712
2101709
2189718
2192162
1635623
2165033
2167985
2182590
2188530
2188366
2130450
2185977
2184904
2183207
2167759
2179389
2178443
2130993
2177151
2261359
2236271
2260683
1298214
2252640
2255088
2254860
2227649
2250828
2245131
2243120
2247439
2234129
2242324
2229146
2242764
2242331
2242326
1562646
2241150
2241161
2222341
2222167
2228547
2216312
2152818
2131566
2136160
2143082
2070748
2142636
2141635
2140412
2149344
2139788
2143061
2142835
2133805
2140348
2139188
2137863
2118265
2137391
2107456
2134939
2125939
2042258
2088373
2131014
2132440
2022622
2129376
2150721
2073488
2143163
2158597
2063937
2108545
2172053
2172018
2078989
2164254
2170209
2170125
2163857
2164187
2103455
1681873
1505887
2140363
2111203
2131036
2151311
2157867
2146834
2017225
2132747
2132741
2127970
2131048
2130334
2130773
2098586
2123946
2123102
2056368
2119948
2109326
2127375
2126659
2117584
2106296
2076506
2086583
2106243
2103321
2112672
2111548
2117134
2111955
2117005
2114259
1809047
2107836
2105856
2075401
2109159
2107339
2100660
2099625
2102893
1884777
2098807
2085135
2076665
2095009
2102763
2101202
1969968
2098945
2095325
2099948
2097864
2068982
2098643
2064835
2079341
2041712
2070892
2073768
2068075
2073249
2070130
2051585
2064979
2066811
2068193
2065294
2065738
2049661
2046183
2063843
2059955
2023448
2054962
2034782
2060268
2041947
2045702
2042387
2075349
2023227
2061732
2093664
2037928
2021698
2091727
2078563
1729967
2084807
2082629
2061632
1020175
2086717
2086680
2078121
2081458
2083794
2077040
2082991
1175942
2081365
2063731
2078570
2049009
2010780
2049647
1979390
2046072
2016179
2053595
2041321
2037453
1985641
2050822
2049118
2047274
2051451
2021585
2047615
2017880
1675783
2034358
2035413
2045187
2043318
2031953
2040035
2013507
2028841
2034095
2039473
2038543
1958457
1495367
2022583
2021514
2010468
2034825
2031030
2016301
2031031
2032651
1972776
2031119
2030949
1913661
2023647
2017442
2025575
2017276
1557217
1990673
2020960
2021495
1979934
2018558
2015648
2011578
2012718
1971875
2009189
2014962
2014708
1984144
2008046
2013604
2013290
1975629
1977846
2012145
1998005
2011185
2010187
1956128
2009214
1987031
1994575
1973936
2005416
2004381
2003627
1871909
2001740
1939045
1989513
1968312
1963037
1702029
1993795
1998277
1982214
1996754
1989482
1990004
1993784
1987887
1817031
1988190
1936526
1981385
1977295
1917177
1980871
1980987
1636002
1969993
1735715
1869389
1122030
1591477
1973084
1972435
1943087
1970887
1970093
1950888
1920261
1804731
1934021
1736437
1961327
1959994
1947919
1868206
1952646
1924702
1618281
1929107
1950720
1848641
1889457
1835282
1831948
1896863
1656125
1888067
1894955
1873082
1669997
1872214
1887995
1888605
1889957
1887491
1880081
1873956
1876225
1883333
1830721
1877284
1809789
1873868
1851820
1873055
1852255
1610908
1717331
1838120
1779975
1706394
1772327
1868342
1791487
1852331
1626628
1863704
1856053
1861374
1439577
1858233
1860541
1632804
1826538
1661821
1855779
1849991
1857166
1855569
1765275
1913813
1916204
1922888
1945805
1941701
1931635
1885254
1658656
1943334
1938329
1933905
1935751
1782290
1846718
1917581
1932868
1924998
1661607
1823914
1688005
1466962
1924185
1922844
1832512
1915855
1841731
1851409
1833945
1841667
1758302
1844543
1789336
1842785
1835470
1799128
1770862
1819461
1819663
1829688
1831683
1827617
1762068
1771289
1824474
1817075
1818576
1812491
1477002
1802399
1816251
1912335
1914590
1912489
1837679
1903422
1885293
1868818
1877851
1859206
1860626
1879940
1603403
1907978
1756432
1905704
1905536
1901694
1901708
1834523
1899091
1879820
1899774
1889833
1886505
1869840
1811386
1802006
1809496
1808807
1809361
1809160
1739970
1807528
1807114
1759726
1797129
1774740
1782898
1802564
1792838
1786442
1747768
1389798
1760018
1800294
1784509
1766637
1772659
1795330
1791274
1757683
1770292
1751154
1789097
1705572
1454911
1789014
1752725
1611014
1727257
1754001
1784036
1782733
1782297
1778693
1781319
1779994
1777544
1772740
1773535
1768484
1770879
1759114
1760222
1742126
1751960
1707434
1749849
1739693
1711823
1687012
1742562
1557851
1683858
1726831
1667259
1719387
1703830
1731270
1732663
1225063
1719296
1727156
1626269
1727101
1725381
1707326
1685559
1724519
1720024
1632940
1555034
1594230
1578026
1631982
1604715
1629649
1623853
1628527
1586690
1618173
1626342
1618268
1624868
1622569
1623351
1623357
1613231
1622007
1536410
1582249
1609459
1615194
1573433
1618427
1644964
1672544
1664547
1616498
1625424
1653840
1668083
1576918
1665268
1664194
1662950
1661009
1640906
1661595
1576949
1598175
1650409
1649130
1626815
1639024
1641529
1651719
1658509
1655999
1656061
1677780
1690743
1678960
1684231
1682481
1680568
1681211
1682188
1684273
1669420
1678411
1683997
1661211
1683593
1681795
1682620
1681684
1681454
1681266
1598059
1675991
1655945
1676707
1663726
1425126
1660368
1723101
1685919
1713764
1718294
1715583
1715841
1701342
1711813
1706192
1700314
1604528
1692302
1708805
1708804
1707974
1707397
1635503
1706167
1690950
1691478
1704627
1700426
1696938
1656030
1618265
1607886
1616542
1613711
1615508
1611329
1613380
1595331
1599049
1609445
1594078
1609804
1606162
1605804
1603670
1604698
1492049
1603477
1572923
1572110
1600268
1600236
1588461
1589446
1586205
1591997
1589657
1590542
1587204
1590811
1556620
1579017
1556130
1533870
1576164
1552744
1573841
1581586
1566150
1577693
1574563
1576561
1577597
1565269
1557770
1574144
1541949
1571416
1571559
1571603
1508551
1566054
1567355
1554076
1565500
1570025
1568619
1568543
1553468
1566243
1564706
1565331
1543207
1558188
1561410
1543242
1553243
1549465
1553964
1558161
1558102
1547273
1554280
1392825
1469981
1631998
1649806
1610639
1650838
1653310
1638426
1650993
1623368
1643246
1641655
1643532
1641899
1643119
1642826
1642360
1598295
1640354
1563478
1632464
1637852
1636538
1623419
1632177
1632609
1634171
1507242
1512606
1532659
1532554
1526323
1522426
1531260
1428774
1529278
1523738
1494578
1528901
1528093
1302975
1526823
1521422
1495060
1510245
1520804
1520003
1520341
1506784
1490280
1433976
1513895
1545864
1499097
1473756
1549560
1549199
1532398
1545493
1541829
1533817
1543066
1543041
1509522
1538881
1541147
1518674
1515107
1538962
1536675
1538517
1538498
1536881
1535346
1534740
1531444
1533955
1498950
1496079
1495418
1467163
1495558
1487269
1495087
1495078
1494944
1493988
1491103
1473911
1492825
1492466
1473940
1491755
1490789
1490235
1489526
1489718
1319681
1485002
1476421
1487928
1486620
1487209
1460453
1484216
1485554
1469958
1483109
1436753
1461067
1473586
1479893
1479696
1473126
1425513
1424423
1474188
1474576
1421953
1465440
1473931
1472120
1470802
1471271
1469356
1390369
1458203
1440031
1452176
1425303
1445842
1450113
1447857
1448061
1446165
1447665
1443895
1434209
1416307
1445618
1445615
1445206
1435453
1443296
1434786
1443113
1439319
1439704
1441208
1351397
1437797
1400493
1446541
1460136
1456316
1368102
1426552
1457886
1458389
1448029
1453986
1453321
1420921
1457542
1442523
1437392
1451130
1360486
1438411
1434186
1455773
1455356
1324790
1453684
1437166
1422206
1416001
1453224
1232337
1462834
1465187
1463197
1469266
1460461
1400182
1468840
1466954
1372288
1467798
1458775
1465558
1405120
1462863
1464410
1464408
1464269
1413428
1461975
1404485
1232882
1459726
1462338
1508718
1513951
1097551
1510404
1470003
1506775
1510374
1507048
1507110
1506796
1506916
1505732
1492137
1504132
1489133
1503563
1503169
1503104
1493563
1493332
1501240
1500155
1496048
1499820
1494261
1363180
1328086
1374563
1248999
1373386
1382229
1387149
1383943
1238953
1384023
1384010
1385315
1234564
1383429
1380981
1383378
1379499
1382231
1378531
1380522
1349820
1379580
1379111
1373078
1378572
1423518
1419141
1422010
1421565
1409971
1416539
1415671
1411254
1412798
1417313
1408661
1411299
1308122
1414551
1378795
1395757
1412803
1344916
1414068
1370518
1403745
1411551
1385480
1405427
1412490
1396775
1396304
1395814
1395266
1394816
1394001
1391040
1389148
1366248
1391045
1390726
1389607
1392001
1390871
1390693
1377255
1390170
1389908
1354093
1385161
1389284
1387161
1388110
1388141
1379366
1352719
1434996
1433975
1433164
1431522
1030223
1432304
1431925
1429143
1407818
1430296
1430920
1430898
1382485
1430620
1430291
1430228
1429125
1375266
1386157
1293564
1385637
1418138
1426054
1424900
1409698
1407914
1409146
1408501
1398166
1386460
1050884
1402869
1392237
1399493
1404462
1404940
1396553
1401416
1400852
1398893
1399801
1397163
1400812
1363933
1397252
1397867
1397602
1386597
1395755
1376198
1375395
1377805
1347159
1375217
1232987
1374604
1373577
1374929
1374588
1371791
1279146
1374038
1369457
1370210
1372304
1371370
1369374
1368910
1369544
1247954
1364711
1230877
1229197
1362142
1358114
1301660
1321579
1347516
1347129
1335931
1340187
1360824
1362319
1337090
1354733
1363543
1363542
1363350
1362429
1362348
1342046
1338304
1359335
1359170
1356736
1342465
1358723
1356795
1290626
1357736
1354289
1344760
1351118
1354776
1338360
1259709
1349313
1350891
1325171
1218967
1346447
1347251
1305829
1328124
1321064
1315060
1345519
1330365
1345152
1321034
1342459
1342422
1330639
1342474
1222531
1293035
1269940
1292336
1241552
1272547
1285353
1289086
1285635
1246601
1225075
1127398
1284045
1239912
1258267
1281029
1216630
1284721
1276114
1283854
1282544
1262910
1281116
1014088
1276317
1341101
1340240
1339993
1321285
1249686
1232000
1338984
1315760
1338864
1338227
1336355
1337770
1303684
1328962
1337315
1336705
1320849
1328858
1333422
1327764
1026910
1331786
1330508
1319918
1325972
1277492
1277777
1238319
1226899
1270493
1276236
1274145
1272483
1244112
1256035
1233234
1185554
1265113
1264636
1259904
1265143
1263433
1263242
1250524
1262940
1262016
1256883
1262492
1260347
1255543
1312256
1316965
1328349
1325515
1321672
1327452
1285940
1324883
1313898
1321861
1319592
1317631
1240087
1319511
1314729
1094140
1318810
1278405
1316753
1312279
1314998
1316272
1293965
1313773
1302015
1235423
1281884
1312285
1312191
1311948
1309882
1309278
1298729
1306350
1284842
1308781
1133327
1109593
1289408
1304132
1297213
1296334
1305042
1301344
1301976
1293108
1284918
1246636
1286696
1296273
1242767
1248182
1256508
1256818
1154588
1256705
1255259
1255534
1250754
1254935
1248068
1250735
1251984
1183315
1250747
1249368
1209325
1247973
1247948
1210342
1151986
1234762
1235574
1244756
1186870
1236470
1228397
1244111
1239875
1242802
1241893
1240656
1229648
1237289
1133395
1231021
1236886
1237065
1235272
1235277
1234866
1231547
1228154
1229977
1232780
1112806
1230626
1231899
1221660
1209544
1222405
1197247
1229850
1228834
1219446
1224676
1221730
1223488
1222722
1221551
1219526
1223715
1214652
1222404
1216672
1028345
1193144
1219210
1220390
1200186
1219517
1217081
1217329
1216182
1217553
1179105
1151869
1178461
1177971
1178437
1177739
1177475
1161208
1126979
1155355
1164690
1090795
1107778
1130888
1169328
1106211
1167295
1164147
1152150
1161019
1161924
1147610
1097597
1157790
1157784
1151062
1146964
1151585
1146483
1147498
1142764
1145869
1145489
1135678
1110702
1130115
1136163
1102998
1133035
1121257
1122626
1127568
1112667
1126541
1060144
1117205
1122576
1117684
1117416
1089312
1215623
1215690
1210666
1202194
1208697
1213782
1211997
1188077
1212016
1120709
1211741
1208239
1209909
1207204
1123557
1185350
1201274
1194749
1186573
1194403
1202109
1178469
1160571
1194876
1194557
1118938
1115072
1117050
1102994
1116092
1099150
1111188
1098452
1109439
1110065
1052716
1096581
1080821
1102609
1082130
1023628
1097812
1092879
1079486
1103859
1098815
1099898
1102793
1102984
1102790
1197602
1192803
1180222
1192842
1192741
1192358
1192654
1184424
1111172
1185245
1188186
1187051
1186829
1131460
1186017
1184618
1184940
1155530
1184935
1184512
1173940
1181782
1151008
1183316
1113197
1100742
1081816
1098776
1077172
1097805
1097560
1097342
1087445
1096098
1093449
1067438
1095419
1093378
1091005
1091405
1091554
1072676
1089175
1086654
1088109
1076415
1085635
1086247
1082936
1079824
1065392
1065165
1067162
1056971
1006276
1065072
1058275
1063849
1025709
1055071
1038817
1010777
1062693
1060358
1055065
1016712
1049684
1006261
1056287
1033194
1046731
1043159
1049688
1054362
1027521
1008286
1080986
1067990
1069819
1081663
1067288
1081024
1082347
1078992
1068721
1079251
1073698
1041889
1077319
1073417
1074518
1075698
1076435
1033158
1018575
1002124
1046160
1071718
1068275
1068480
1007447
1017196
1015237
1015344
1015342
1001983
1010844
1012035
1011873
1009802
1011000
1010075
1008443
1009807
1008936
1008935
1008188
1006154
1004488
1005229
1005923
1002284
1028000
1024963
1025641
1008061
1027131
1023828
1026166
1024116
1023950
1019476
1020979
1019873
1012596
1020568
1020270
1017781
1019610
1019438
1018716
1018823
1016075
1017919
1005115
1017635
1017636
1040455
1043759
1005322
1025154
1041923
1040174
1041888
1036159
1004693
1039727
1036216
1038868
1035652
1034480
1031420
1033349
1026750
1010474
1017343
1027387
1031248
1030560
1029778
1029447
1024193
1049458
1006299
1049785
1052759
1045581
1047919
1050135
1051865
1027905
1043334
1050799
1049430
1043374
1045577
1032469
1042701
1049843
1015946
1047001
1046667
1044489
1046499
1045871
1041323
1024461
