12161206
12273846
12237863
12269888
12051514
12059263
12057205
12052160
11718103
12040437
12050069
12040313
12039838
12009655
12032778
12032279
12030992
11985489
11982174
11541160
12025898
12008177
12000016
12013841
11989353
11955790
11873819
11930479
12011170
12254106
12264337
12206242
12258700
12214572
12255949
12235737
12252582
12247032
12243764
8851289
12206148
12228875
12231815
12075140
11475314
12217079
5042691
11947873
12216165
12217558
12204865
12198742
12212069
12179107
10621678
12124407
12134234
11979962
12127813
12094830
12125432
12124775
12109559
11709747
12064256
11623272
12104881
12055846
12067925
12081917
12085395
12085348
12081090
12063086
12070763
12054326
12058905
12061130
12009166
12126990
12207008
12207333
12176844
12193716
11634496
12190466
12168512
12164776
12178821
12178441
12173065
12125310
12126671
12013595
12113843
12130094
12149785
12149749
12051319
12149242
12138118
12140735
12125670
12113241
11981875
11325707
12008273
9755543
11978838
11843020
11887927
11947442
11851973
11998185
10996091
11991627
11991746
11813421
11988316
11987527
11972668
7617535
11957344
11985437
11984838
11983701
11934762
11982531
11977618
11976634
11977078
11976620
11967469
11932825
11948729
11959487
11918621
11956692
11778566
11953042
11903692
11949565
11625914
11945666
11940090
11722181
11890817
11935639
11925056
11822845
11919938
11839177
11919909
11911473
10494009
11909210
11807482
11908600
11910921
11823944
11910628
9739107
11867855
11862956
11865940
11842209
11899447
11903473
11797246
11898749
11577175
11882809
11678927
11588342
11307799
11848269
11858652
11849730
11863497
11690185
11842617
11754146
11640029
11849629
11848687
11845623
11840284
11839965
11827644
11797471
11821820
11563226
11835083
11832768
11690576
11629081
11808114
11828234
11827027
11821108
11818792
11826312
11825358
10396242
11661452
11654250
11716223
11555321
11711135
11681852
11703250
11707136
11611971
11638952
11511622
11703422
11680886
11648644
11700822
11696908
11566730
11675123
11613466
11577059
11689181
11223225
11684409
11680983
11681417
9668077
11737287
11340081
11807017
11158169
11720996
11799132
11566902
11811580
11808321
11798350
11747386
11797249
11799911
4311866
11769558
11762963
11777002
11785104
11755447
11791426
11791071
11787476
11789411
11766003
11534562
11634619
11676099
9467925
11629055
10944684
11581491
11663254
11661305
11656652
8683598
11656919
11653064
11652611
11647287
11643979
11632139
11647734
11586341
11644245
11641198
9550159
11642617
11641608
11630941
8144740
11778745
11147314
11773123
11753574
11762146
11765794
11710870
11759558
11758018
11758873
11699638
11716170
11714057
11466998
11743089
11685356
11463087
11729574
11726901
11555973
11708661
11538677
11719921
11720056
11637569
11632258
11636530
11635188
11560647
11633596
11633477
11630045
11629480
11629031
11619841
11625596
11440440
11530948
11622588
11534750
11594593
11528933
11565916
11571644
11607811
11597882
11613456
11593527
11525932
11605466
11611788
11611786
11599347
11588332
11607246
11591615
11598588
11574418
11545663
11594055
11560364
11498067
11516156
11591356
11566748
11587038
11579442
11583182
11571948
11585464
11461612
11553468
11576483
11561538
11568612
11563760
11567145
11544751
9552044
8890742
11571969
11568918
11053208
7267027
11541715
11557186
11563553
11561541
11506724
11521630
11530804
11545494
11525244
11544891
11544558
11542020
11451252
11523722
11540227
11425128
11366654
11411313
11378310
11411016
11338480
9387303
11397516
11393900
11394993
11098881
5402419
11372997
11364550
11372031
11379593
11381200
11389628
11385770
11377266
11375852
11273934
11358067
11346689
11363038
11361132
11360308
10566514
11237050
11351086
11345688
11269545
11345814
11331286
11336605
11312620
11331249
11338834
11338025
11332748
11322555
11329907
11310808
11326381
10540789
11318068
11312815
11224983
11314962
11240717
11451302
11450223
11370967
11448822
8913392
11448509
11354477
11416040
11443823
11412506
11443488
11428136
11359294
11437119
11426841
11389187
11408427
11361151
11330918
11431094
9908493
11431236
11349010
11429566
11428567
11522129
11503040
11396432
11528197
11516076
11462779
11529258
11526950
11524911
11525210
11302693
11524303
2869410
11522225
11521345
11464896
11504061
11446270
11513532
11478552
11464596
11453072
11457745
11506430
11504721
11322144
11504004
11493106
11469242
11499563
11302844
11405161
11479196
11477869
11461580
11479866
11470647
11476267
11448867
11471271
11464846
11464504
10683307
11461498
11443149
11457435
10967489
11445901
11431824
11368437
11309880
11304534
5753757
11310675
11274357
11296193
11136475
11303734
11276313
11299949
1217907
11296241
11295488
11294924
11140263
11228687
11135351
11284878
11283523
11284494
11271217
11284114
10398537
11243242
10943004
11256334
11262406
11239684
11041291
4421137
11219981
10989606
11230515
11246770
11130249
11246141
11223970
11231321
11216059
11238083
11219111
11230388
11228705
11225606
11223805
11216393
11103440
11196355
11211939
11205054
11215585
11194257
11200607
10945117
11206154
10758870
11075033
11196674
10949377
11165365
11196537
11108584
11052917
11186442
11185193
3687340
11186950
11150375
11173205
11163444
11171436
11168803
9617707
11166336
11165116
11090919
11070546
10436842
11085585
10805801
11084922
10853023
11053252
11082958
11073081
11078547
11060721
11075768
11050795
11028013
11060706
11033579
11058900
10935602
11060675
10951026
11059938
11044718
11058678
11050811
11042375
11042434
2527168
10972707
11043503
11042877
10838906
11030740
11030459
11029031
11026823
10995564
5470141
10999602
10998247
11008219
10950666
10997123
11006491
10927710
10973564
10950594
10992745
10953804
10963727
10995839
6720084
10736878
10972526
10991049
10875866
10976277
10865798
10882404
10494071
10961894
10932868
10908746
10971567
10807788
10381425
10968245
10966569
10852193
10959203
10722365
10965167
10958674
10896508
10850701
11153216
10791415
11082053
11152248
11150177
11140219
11148005
11115901
11123209
11132366
10259059
10953045
11097534
10581158
10885831
11100717
10828704
9877223
11118329
10337009
10165966
11083557
11016442
8967364
2232081
10890668
10909719
10950352
10926214
10952544
10952237
10940368
10914994
10944370
10931755
3389249
10918006
10922004
10776911
10795578
10412600
9468166
10908980
10848418
10906582
10898164
10819368
5042773
10833689
10906466
10861097
10828947
10906741
10905297
10776259
10899332
10896819
10891862
8171777
10882060
10884816
10341571
10857271
10804236
10870427
10880459
10871041
10878924
10867603
10865087
10859240
10864141
10755191
10482091
10862487
10783924
10803702
10857915
10855401
10847346
10849937
10849357
10757345
10846726
10834185
10802464
10704409
10829056
10829300
10833871
10790285
10831817
10829316
10829196
10826829
10794696
9293767
10808825
10823698
10810407
10804247
10818957
10816829
10789367
10725871
10804842
10805642
10741193
10734219
8205113
10782059
10783972
10795300
10761346
10794979
10764070
10791149
10786359
10762434
10764443
10780137
10680668
10776076
10774224
10763751
10624812
10597863
10595830
10616576
8396876
10611962
10555500
10549279
10598608
9470063
10602741
10602832
10561399
10599393
10597334
10596982
10589194
10589090
10583253
10504158
10557601
10570236
10566789
10560893
10577606
10685440
10713041
10697591
10658213
10652875
10723927
10651670
10702929
10722736
10661876
10712293
10718325
10707352
10711711
10656557
10717981
10632088
10711607
9503317
10699133
10692647
6312337
10682462
10700244
10641874
10656510
8197719
10630802
10649166
10647897
10649206
10624335
10046395
10547531
10548995
10595308
10614313
10637212
10556481
10585571
10616694
10614880
10625451
10604543
10614554
10629168
10624864
10616571
10625529
10398979
10611823
10738814
10734509
10732189
10737978
10477238
10747230
10756879
10757205
10758953
10748709
10756165
10751667
10730026
4923062
10727477
10739567
10727524
10737426
10738607
10681200
10733698
10737592
10737192
10734494
10689110
10627114
10667834
10683822
10677606
10602709
10690509
10687881
10387238
10596896
10619412
10683425
10682364
10596658
10670708
10644640
10628778
10669327
10667431
10651827
10629933
10659216
10656430
10536688
10657087
10407873
10277584
9970736
10524266
10281000
10498810
10478617
10499772
10518516
10525438
10525097
10525487
10465398
6369408
10515836
10504141
10506197
10508356
10497773
10504079
10448533
10497617
10502375
10463727
10494997
10501430
10501282
10463395
10499492
10499184
10484140
9116032
10470579
10449335
10374438
10388476
10490181
10459887
10482900
10478418
10460773
10466987
10449842
10340202
10428899
10457452
10460189
10375347
10143924
10277575
10575541
10563259
10572678
10570122
9622267
10565796
10563713
10556648
10563226
10025383
10555823
10533948
10539200
10500460
10543910
10546864
10531095
10523544
10544123
10541980
10376065
10544934
9708514
10526324
5832264
10372806
9845693
10383814
10406867
10233249
10405346
10315324
10369626
10310108
10286675
10171517
10222243
9990979
10395037
9805487
10341472
10352371
10385656
10308206
9642531
10374038
10377825
10375615
10362330
10373682
10327643
10289468
10368979
10292716
10354426
10331592
10269796
6643061
10348930
10351722
10353750
7739482
10346102
10339859
10322057
10319313
10268518
10336142
10334660
10330540
10264926
10310231
10246436
10308229
10253739
10276365
10263366
10272979
10271928
10258923
3160357
10265923
10258317
7434696
10246361
10260631
9680041
10240261
10247261
10245706
10037594
10118038
10247153
10237332
10241260
10242788
10249844
2058088
10241024
10242399
10294431
10447669
10447734
10442333
10446900
10042984
10354295
10419130
10316340
10417424
10426073
10407548
10280229
10350191
10415852
10419331
10406739
10371592
10401876
10415289
10415988
10414845
10206867
10312987
7983518
10322542
10317424
10281264
10287257
10293041
10276032
10305960
10286375
10299475
3697118
10301598
10301611
10301193
10299682
7333180
10248035
10297472
10287942
10131692
10264630
10289822
8339000
10196053
10283303
10280723
10242400
10009702
10240801
10231667
10240522
10174427
10078417
10146562
10235367
10233306
10124462
5023120
10199513
10221974
10205166
10228062
10222850
10214808
10223765
10223018
10211042
10209057
10192858
10205148
10197141
10198947
10175225
9858808
10191140
10144267
10075341
10187333
10187061
10181277
10183755
10181478
10179186
10172208
8342439
10144027
10109692
10175478
10171055
10175148
10171687
2959151
10170401
10152961
10166286
10164651
10052137
10121957
10154177
10148963
10135802
10146591
10145016
10142012
10140883
10099226
10100583
10132959
10100577
5804997
10077801
10103309
10110061
10105214
9653827
10117473
10090492
10100229
10113692
10113689
10063095
10061333
10057246
10037806
10050321
10051929
9354332
10042469
10049797
9072355
9991873
10042509
10002424
8233025
10042476
10042628
10002312
10038153
9995580
10015244
9968299
9977448
10014856
10022329
8579771
10025878
9945461
9951528
9942564
9972638
9969275
9969728
9963233
9965705
9863277
9959561
9966950
9965419
9954123
9018638
9958710
9957092
9959209
9958240
9931347
9946263
9955001
9953814
9951418
9883862
9942147
10108758
10067968
10102870
10099527
10097417
10093562
10044628
10095585
10092677
10067480
10073302
10069734
8477797
9586065
10082102
9949774
10076825
10030970
10065789
10045685
8316070
9922919
10051684
10066276
10040641
10012411
10025412
10023049
10023236
10007774
9996063
9995401
9806345
9994676
9979474
10009060
9993746
9992934
9992850
10004307
9991201
10004325
9984617
9972398
9928001
9998784
9758290
9577861
9985119
9992303
9889305
9969624
9994261
9989037
9990724
9991994
9991050
9976871
9929236
9990637
9981833
9988537
9982872
9988906
9878379
9978622
9973830
9914789
9910160
9981435
9972779
9956684
9918582
9868813
9289051
9952561
9948222
9875011
9940792
9282696
9936249
9946845
9944817
9857420
9766449
9765146
9880612
9928586
7514121
9929591
9939125
9786277
9879114
9919211
9937231
9927745
9928802
9913533
9887727
9906894
9872971
9924750
9913555
9918367
9917299
9888508
9923118
9915577
9913158
9918402
9913358
9913916
9914720
9913035
9896914
9884410
9910477
8432311
9905038
9890421
9900444
9903794
9885031
9885719
9895246
9778353
9896915
9778430
9874882
9898796
9894581
9882493
9892495
9892326
9891853
9882358
9888653
5706649
9797602
9703816
9878986
9878796
9715356
9875737
9848549
9872946
9878306
9868477
9786376
9877207
9781626
9835285
9779621
9835161
9826869
9819702
9819853
9830773
9806112
9820577
9820775
9780732
9822748
9821472
9609292
9792344
9816728
9816994
9816835
9816069
9814641
9806755
9812258
9802838
9811088
9715538
9774589
9775726
9661418
9773839
9735337
9765443
9765692
9769526
9745647
9753547
9742142
9750512
9455074
9762657
9478604
9762346
9759136
9762591
9760010
8143752
9661336
9758718
9753253
9759164
9858579
9858105
7633450
9843851
9847462
9809565
7951003
9705068
9844957
9847524
9784305
9847048
9846767
9836581
9561690
9817642
9842878
9842320
9842367
9837499
9838924
9834575
9803036
9726079
9831405
9689254
9808170
9806087
9805833
9804065
9799915
8164171
9770018
9801714
7578292
9767930
9783187
9796465
9782674
9795112
9793382
9790845
9793141
9791989
9778059
9772612
9781379
9779454
9783149
9778163
9829709
9875453
9875447
9859186
9785940
9861535
9866960
9871942
9873799
9873488
9847224
9873349
9863943
9873027
9870399
9829022
9846525
9866945
9839577
9686418
9844767
9851424
9701293
9831709
9855908
9747971
9748588
9753765
9745940
9732796
9744863
9704857
9656721
9737482
9702603
9650222
9699630
9737662
9571416
9731683
9732362
9731023
9731013
9724870
9717777
9722104
9727118
9708127
9722125
9701925
9716595
9723166
9714827
9718726
9705912
9716464
9679987
9654972
8801138
9552036
9712548
9658744
9712546
9708894
9709852
9465372
9619581
9373603
9656756
9697317
9679704
9702954
9701938
9691343
9682802
9699291
9696028
9678988
9649586
9671263
9695475
9690812
9581316
9692999
9681559
9660032
8997260
9625524
9692232
9691032
9652821
9681302
9687802
9658471
9687806
9686542
9684151
9678728
9676760
9679808
9605946
9592797
9602272
9586659
7570042
9598699
9599327
8784869
9586577
8572940
9594584
9593034
9593077
9592223
9521096
9551116
9587885
9588567
9521352
9583620
9582454
9585154
9584819
9584470
9582359
9537296
9614956
9457274
9450367
8435851
9593863
2370237
9336543
9619548
9126890
9618545
9618230
9582355
9558913
9602707
9586111
9596939
9614758
9613324
9604389
9598537
9600714
9610028
9551071
9606926
9604194
9649035
9634262
9654574
9599369
9616972
9625789
5629537
9634904
9518118
9618582
9649276
9576342
9637018
9450113
9590130
9553226
9634891
9445733
9350891
9632338
9629646
9629860
9629750
1229084
9580215
5195421
9556816
9575446
9574699
9574413
9573828
9570988
9570703
9566851
9546869
9470793
9566426
9536453
9526667
9564341
9562614
9466579
9563858
9562912
9442443
9498166
9555701
9560102
9558299
9664404
9679091
9681344
9675635
9661141
9678370
9616035
9526489
9648500
9673768
9659849
9671984
9670698
9660996
9579587
9362616
9664977
9633412
9651369
9664060
9659838
9619613
9659825
9659489
9644545
9558339
9043909
9556607
9551965
9555446
9555443
9534927
9546009
9531981
9545822
9547220
9534137
9546937
9535075
9509452
9457337
9537994
9540329
9429227
3449261
9265669
9518251
9535786
9536632
9518466
9511866
8714900
9483387
9532409
9514740
9531792
9514863
9529581
9518409
9521567
9525549
9523639
8991094
9327795
9103915
9521018
9520802
9520592
9519309
9438176
9478739
9222774
9517380
9509041
9514147
9493510
9514186
9500980
9513925
9491988
9501516
9498372
9498210
9504349
9501104
9480818
9501485
9498649
3225829
9491771
9497379
9497374
8496668
9467288
9491546
9486639
9490472
9481476
9422607
9411088
8796902
8225774
9203709
9345357
9212771
9323462
9355554
9342014
9328055
9333655
9212531
9340068
9345657
9336406
9337378
9340218
9234630
9338120
9319486
8703049
9334175
9334501
9334160
9325723
9225336
1071804
9467893
9464607
9440535
9458904
9466015
9465425
9443887
9462807
9138341
9454302
9459943
9405938
9406792
9409079
9368197
9451624
9416154
9450339
9418738
9423572
9442831
9369891
9406245
9445099
9482734
9482426
9473083
9001299
9478317
9450136
9450103
9450150
9450217
9450229
9450239
9475645
7482678
9474281
8991546
9477252
9474449
9403270
9475724
9469430
9471683
9473806
9467127
9468981
9463372
9442380
9443901
9438157
9442959
9441845
9440803
9356095
9418696
9433114
9415763
9406718
9412204
9406381
9403785
9403077
9402740
9401631
9374930
9397874
9386236
9353615
9391165
9381684
9386627
9390173
9385764
9260866
9382976
9207030
9381614
8208401
9164134
9366878
9379736
9380038
9377726
9358200
9344003
9370664
9351515
9351399
9353235
9345992
3762084
9330795
9362168
9361529
9361414
8797931
8592115
9331914
9148605
9307391
9323335
9322989
9274938
9319230
9320984
9312398
9315951
9315826
9274059
9306731
9288592
9302731
9303311
9304581
9294924
9272947
8135145
9292703
9290795
9210356
9275237
9104372
9281952
9205509
9282572
9243188
1020880
9259383
9278093
9275550
9257503
9258109
9218183
9138924
9262376
9266573
9258228
9212174
9200489
9260354
9248058
9257088
9255968
9251737
9250363
9239074
9251282
9250747
9248064
9247375
9213135
9198102
8374263
9240829
9239100
9203353
9237436
9238870
9234402
9221422
9236762
9237822
9235066
9231617
9228474
9230778
9226565
9198986
9065752
9219386
9213345
8991156
9125762
9131756
8877886
9108836
9137360
9118527
9128753
9027003
9130424
9127819
9121640
9124884
9123099
8981020
9123770
7759531
9123734
9073691
9052052
9106024
9120576
