
36175472
36122403
36176289
36177396
17169949
36104987
36116966
36177435
36174168
36174663
36158055
36166409
36171121
36175523
36171783
36146190
36137573
36161197
36157192
36157896
36160827
36157968
36151969
36156538
36123312
36136220
36140935
36151702
36151042
36109014
36139537
36145671
36146637
36137195
36163512
17914743
36130663
36164316
31398290
19993830
36128222
36170080
36130543
36167741
36125921
36142365
36070984
36138274
36142206
13746061
36055891
9827452
36097537
36110539
36114659
36081649
36048126
36072693
27204318
36080544
36094228
36105918
36097542
36098642
36064708
36061479
36125152
36138152
36110155
36134072
36133317
36097167
36051140
36128583
36126597
36124105
8421873
36098438
36120108
36094725
36113475
36121881
36079220
36067382
36090883
36060081
36088788
36078644
36068573
36080849
36081160
36076455
36057499
36071409
36059480
36036783
36068128
36032773
36062780
36037720
28118582
36048164
36037037
36032852
32030465
32019769
31810020
32054373
17407879
31818116
32059428
31953842
10611575
31983406
32034625
29099317
32031153
32048406
24119249
32041141
31504416
31780751
31873179
32032337
32037014
31522370
31998725
27850617
31956865
28963912
32004914
32017339
32008289
31972668
14316787
14405377
32009219
32006777
31303722
24003337
31976506
31991997
2213261
2159939
31944948
31976510
31846524
31974891
31978118
31973813
31975711
31581185
31882702
31865724
31945623
29478646
31919045
2797541
31964129
31950718
28926367
31776181
31961716
31912575
31693222
31589282
31323034
31892729
31885939
31783859
31915403
31940029
31829129
31923068
31859131
31916167
31926845
31742892
31914926
31871097
31870061
31860559
31860650
31762460
17313188
31834209
31751692
31843176
31831719
31832649
31845940
31828405
31713307
31827903
30358033
31466224
31835899
30795800
31381046
31793573
31823880
31602318
31822673
31825993
31681716
31720641
31691315
20785511
31673477
31700819
31701854
31699856
31707642
31167204
31364172
31646409
31620378
31619396
30980548
31676671
30593229
31688800
31686926
31687825
31694244
31551154
31689247
31625202
31571231
31679347
31625426
31653533
31654048
31581009
31673987
31630472
31651947
31103143
31620292
31575058
31602337
31593313
31520916
31580451
31520867
31256439
31318603
31564547
31664033
31640044
31431180
31630739
16460213
31012324
31774839
31911232
31911495
31912494
31912963
31909357
31000384
31910102
16951749
30948642
27358688
31900526
31884803
17339631
18370422
10397191
10416855
31885838
9842840
28198372
31875107
31808953
31871549
31794241
22355171
31786705
31742779
31809899
31080367
31783910
31792898
30958504
31741467
31800079
31781530
31029965
31655982
31777817
31726229
31748775
30727836
27802026
31773529
31774203
31731914
31315426
31740755
31765672
31620184
31490879
29062758
31537748
31595696
31508130
31284735
31526745
31557142
31541163
31568970
31016590
31515756
31256765
31569982
31535570
31509504
21291679
31562536
31540072
31535189
31525685
22797103
31147328
29899123
31539583
31493197
31528247
31470859
31523353
3807293
31138899
31511915
31508117
31274236
31503128
31345415
26994533
31500579
31472411
31439899
31494772
31490745
31488669
30776115
31382597
23363613
31407647
31228827
31422035
30702816
31307297
31485230
31229611
31228444
31273755
31460097
31436951
31148554
31460189
31154103
31411877
31449310
31180859
31406475
31449113
31439534
31411564
31411459
31325155
30410326
31394166
30849455
31414138
31122344
27555342
31408412
31179386
31172486
31155921
29625681
31201434
30013699
30944144
31045340
31135710
30803607
31012194
31122372
31178026
31038630
30722318
31171940
31170247
31143935
31155217
31152568
30788849
31006152
31151985
29033536
31129592
31292329
31289927
31177425
31260445
16408792
30175793
31250590
31277190
31276942
31249347
30560583
13723136
31213981
31237781
31252000
30947610
31061454
30140328
2588183
31119299
31098681
31233816
30757195
30586642
30237599
31329523
31321055
28066552
31318818
31329885
31304195
31318139
31096669
31321076
30911688
31290422
27614337
30892331
31314192
31146530
31172213
30819618
30921325
30991398
29537098
31299846
31260355
31262632
6667365
30790484
31408260
31393424
31405760
31398503
31397691
31396639
31352713
31359968
31381165
31386379
29139991
30003708
31380471
31375491
26592426
31303973
30989938
31370409
31357241
31357122
31294911
31353943
31352425
31294305
31331772
30114276
31144907
31127803
30653858
30820922
30642237
31076170
31113324
31090664
31107710
31056225
31047286
31079815
17329236
31080535
31076378
31056534
31075071
30455934
30904664
29034746
31069312
31058526
31064952
31008150
31060963
13947285
28911991
31012754
30957454
31021056
31048232
31001772
31033246
31043557
31035752
31020840
31013603
18413725
30954228
31002869
31002414
30972335
30997609
30680459
30996530
29726382
30976430
30802989
30965267
30822138
30976147
30975272
30974962
27273007
30961042
30930450
9916162
30271281
30757240
2104193
30802628
30949555
30937125
30954179
30943624
30705311
30925955
30943294
30944974
30941651
30940510
30639016
29956050
30838961
30876703
29813606
30930736
30896581
30927958
30922861
30909945
30853534
30890498
30866548
30900623
30901667
30901219
30893268
30869134
30900380
28187468
30900998
30877014
30518637
30893632
30884995
29953036
30813176
30856717
30712994
30729446
30724934
30725217
30644925
30718741
29296546
30716920
30429400
30295708
30700997
30694200
30624853
30701671
30695984
30595790
30029559
30695284
30293272
30642687
30678852
30272544
30660203
28094397
30191947
30812814
30814452
30457334
30617578
10546389
30535608
29787855
30840160
30832741
30641064
30831466
30825671
30582986
30818760
30722076
30701920
21110359
30770082
30798830
30231787
19867205
30279937
30790886
30792868
30757031
30790204
30789387
30599258
28704563
11587737
30769264
27608545
30782679
30741131
30782385
30780575
30761108
30755767
30773424
30682241
30157505
30745456
30768245
30759040
30729095
30745582
30014835
30749206
30711783
30741230
18784767
18796049
30622734
30625734
30608013
22678242
29650246
26654843
9582308
30619273
1655944
30616181
29779097
29953900
15130055
30053747
30356108
30604063
30602202
30600260
30578331
30591743
29962643
30506358
29549986
30603965
30314275
30109171
30584928
30668242
27126427
30667189
30657919
30665537
28076689
30653456
30636304
30612338
21242462
22916909
30644457
30629519
28131177
30520667
30625525
30611094
30619918
30624396
30629952
30277066
30461569
14594921
20481899
26540410
30528455
1739627
12660259
2154089
30505846
30291427
30354841
30246371
30328372
30495121
12857282
30462494
30336527
30367121
30417753
30484655
30485564
30473469
30233945
26092977
28135381
30588436
30375170
30538169
30585828
30228137
30513569
30448736
30561438
30583652
30550117
30247482
30562771
29034022
30572348
30179447
30214955
30511231
30565745
30546029
30516774
29956276
30544202
23438539
29587346
30362156
30046066
30356933
29993667
30470612
30451509
30462647
30431679
30462413
30451627
30365472
30424081
30446902
30446814
28203633
14148444
30397457
17107808
30369321
30181186
30256721
30229275
30292821
30395542
30372748
30257829
30395007
30276780
30325017
30378163
30138711
21651545
30374879
30140921
17712318
29798082
30365580
30369708
24006966
30363550
30247109
28900512
30327460
30297975
30106871
30278918
30334764
30324885
30241314
30223018
30295267
30068627
30073215
30175350
30082273
30172263
30152703
8274047
30150020
30114356
30047769
23780293
29874040
30124150
30004823
30051470
30054294
30111655
30110441
29968007
29649324
30111239
30103048
30111279
13692694
30100009
23848066
30103714
30071855
22736787
29990580
30002795
29917677
30074277
30079981
30093425
30091407
29887650
17301675
30086768
30045094
30081016
29858113
29458299
29665852
26789000
21789301
30069116
29998257
29502437
29737802
30238040
30116948
15391814
30174183
2341494
30122750
30232240
30210136
30231426
30219679
29843161
30198811
4186052
29898543
30097099
30211137
30190735
30193212
30091045
30180711
30184517
30190595
30183050
30182681
30181879
30140520
23983905
30227786
30294949
30234710
30264591
30291761
30290227
30289995
16301646
29831099
29760017
30278331
30278134
17679291
30237866
30257310
30257088
30246781
30255615
30247532
28800519
30243557
30208085
30102735
29598478
29951172
29640170
5706825
29926404
29955812
29957399
29355853
29957172
29942044
29770160
28608230
29558985
28642560
29923686
29922006
29483942
29663288
29916052
29911651
29749445
29910096
29908037
20516898
29816673
30033892
29244116
29941634
29828577
30036803
29865960
30034164
30022004
30025386
30004715
30003508
29998311
29846910
29986180
29991991
29991745
29782356
29953897
28959224
29980828
29968833
29950041
29973174
29970677
29926869
9468861
29704676
29758920
26981263
12477010
29882079
29892750
29889468
29554184
29836813
8075853
29826149
29836740
23184158
26076351
29856260
29878940
29877279
29865251
29345414
29861160
29838022
1471173
29772370
28004661
29031315
29650411
29676954
29676850
29676183
29636650
29627123
29659268
29651103
29666102
29659650
29656199
29490735
29667377
29666414
29661211
29620404
29654889
29654362
29642592
29653725
29650651
29446450
23793286
29608095
29671266
29666326
29843392
29832322
29646806
8944262
29788963
29836398
23515331
3691457
29824431
29794876
29767733
29827271
29823808
27588113
29821041
29754299
28439276
29818982
29775281
13892175
29716224
29787484
29798432
29741057
29739425
29687725
29686820
29694684
29616976
29714766
29685323
29713355
28250712
29652027
29679050
29710778
29679285
29456500
29699503
19956670
29695925
29690307
27565216
29688945
29665621
29650953
29667297
29636188
29568069
18911150
29577219
29640544
29641347
16233882
29629500
2882745
29578308
29632538
29552696
29625586
29598721
28471503
29622174
29582910
29596498
29400102
29598132
29603369
29601394
1050416
29513223
29587722
29572194
13940581
29121975
29566313
29575032
29574156
13441253
29570314
9988232
29299245
29560369
29560028
29186342
29528372
22751013
29304805
29392411
29398572
29532356
10564396
15345430
9252085
29476471
4308612
29491302
29436416
28815349
28150641
29494535
2109406
28604637
23925364
29374372
29476144
29394067
29467459
29462831
29449405
29381468
8626314
29378142
29403480
27309890
29376414
18523282
29436916
21997542
28919544
6399698
29410402
28731645
29063415
29403771
29209410
29403877
29400135
29383844
29393789
29379292
29387900
29250665
28770948
29386748
29330362
29367213
29373835
29351794
29350372
29269350
28985769
2976773
28664800
29345616
29339923
29329349
29193865
29436505
9931233
29803320
29483571
29789153
29777989
29721575
29783037
29750975
29777907
17622198
29720498
29757262
29765156
29765993
29741386
29731330
29624202
29737702
29742354
8707408
29719502
29728374
29745288
29530759
28968107
27729418
29111988
29108068
29027360
3329984
28635172
29006838
28886691
28939862
29044361
29088705
28903665
29073531
28528946
29061657
29058243
28932980
29017319
28961001
28977106
29014817
29043840
29042553
29041154
29306304
29198260
29315282
23898598
29318189
29295831
29285849
29295944
29304181
4935158
29301147
29278496
9775634
16827443
29279877
29288349
29254149
29274981
28980534
28212619
4283717
29221560
28546612
29240670
29266167
29190898
29115448
29258701
29256308
29242241
29233830
29244273
28636528
29238944
29234794
23543768
28702322
7967715
14369598
29220426
29154507
29215672
2300392
29202537
28194045
29138063
29192261
29138635
29181380
29177021
28832537
29034372
28639925
29005371
29021913
29019121
29017066
28886717
29005818
3944514
29002320
29001845
29000623
28956777
28996949
28974316
28148117
23593178
28986665
28987559
28953147
21387539
28957405
28955982
28976236
29136827
29003754
27171697
28617731
29142736
20579584
29169148
28957551
28383235
29143474
28870987
29117013
29151273
28748595
28974814
28402877
29126398
29130424
29120217
29125994
29126435
28884412
20457019
29115546
29113092
27608080
28466558
28973181
28872477
28948166
28967717
28939951
28961712
28962767
28779991
28831226
26767370
27560425
28934845
28921142
28080508
28921047
11402700
28787593
28733366
28892052
26081054
28875705
28878467
28819498
28258903
20570827
28739626
10744628
28866979
28821728
28839259
28856861
28854717
28822109
28849604
28833220
28841213
28695553
28830199
28802092
4713155
28830942
28830513
28824203
28821460
28483641
28821621
28820591
28806709
28777304
27839143
28606386
28727819
28712618
28798977
20702316
28650331
28768520
10181620
28736678
27846331
23419741
15275911
28774089
28140762
28756371
28683177
28733578
28763299
28751125
28744794
28162713
28703645
27713131
28456489
28549928
28424932
28512695
28523049
27638387
9436461
12997697
28398757
28489362
28508250
28461392
28500339
28330985
28506036
28491982
28493978
18482136
28491044
28392755
28484197
28315107
4418267
28435550
28425375
28600471
23063868
28608413
27949904
28506892
22539841
28593601
28049760
28613992
28613674
28566720
23800899
16398613
27620821
28608258
28605037
27992603
28591087
28549207
28582405
28442871
28574666
27855535
28456623
28569801
28412609
1131465
28456126
23585891
28309692
28386648
28393604
16403671
28435579
28435265
28433485
28433092
28430622
28420715
28301371
28413247
28420751
27945378
28408553
28406574
28402342
28395534
28374805
28394723
28337550
28632944
19851385
28570115
28610454
28642985
28676826
28601587
28384848
28509050
28674322
28640081
28666295
10622890
28533378
28650211
28642678
28638386
28627133
28636351
28211870
28637162
28511566
26953015
28632095
28612104
3783195
28738128
28673017
28749226
28503976
28331432
28736606
28727050
28733429
28720682
27704774
9835166
28629218
17584036
4871450
28415344
28683635
21895237
28158938
28709080
28675735
28671612
28697663
28647052
28566522
28057888
28235586
28388102
28274248
28383279
28382936
28382973
28316807
28372468
21624650
27939315
19573220
28357937
27441487
28355172
28257694
28192783
11499861
28308581
28286142
28333431
28293379
28313057
28330229
28312120
28305267
27328741
28318866
27343572
28300804
28286201
28287081
28293737
28307857
28290061
28311614
27918327
28275353
28219765
28275051
28276515
28270910
28267699
28269056
28235647
28056973
28183497
28256581
28258611
28234412
28226061
28233267
28209334
28243121
28250737
28247511
28084447
28229490
28054872
28204689
28150199
17075498
27657448
28218434
17658703
28185540
28198304
28215705
28145642
28206994
28211284
4487971
28192313
1386465
27544364
28080029
27916252
27453556
27077464
27853783
27965658
28020185
27998940
28063660
28066623
13119860
28065601
28063700
27576159
28059063
28057245
28059003
27748080
28052838
28047678
28023215
27987077
27830967
28024523
28021113
27783780
28130619
28113353
28118113
27160607
28126731
28125931
28124368
28121944
28121083
28099848
28112889
27938044
27785252
28105828
28103155
28005000
28046977
27952188
28056336
27983591
21632934
27917495
28094733
28092764
28185758
28118682
10620345
28132905
6566811
28173269
28166158
28148968
28166555
28164631
28087676
28122767
28135264
28154378
28149816
28152861
28150502
28146002
7448617
27956160
28135663
17727615
28005753
28133274
27581316
28015280
28011245
27890306
27958984
27734634
27913304
27977599
27972737
27986686
27976988
27951975
27911055
3949965
27964012
27965973
27964960
27757945
27927482
27945848
27843288
27942797
27914882
27869641
27903900
27931182
27933150
27797198
27930431
27927347
27612284
27891312
27912460
27756877
27887218
27590647
27564163
27891116
27747116
16141874
27839115
27889665
27871374
11042092
27885991
27856571
27881859
27875228
2624082
27866767
27853189
27780604
27809777
27855710
27868520
27839977
27563615
27864701
11440035
27852726
27857329
27847812
27851772
27845602
27843519
27774590
27839931
27820075
27725016
27832052
27799795
12304042
15087682
27807548
27800549
27716073
27747969
27745818
27728693
27729890
27705931
27737357
27714536
27731702
23296851
27729215
27661393
27432147
27717262
27715892
27562342
27707598
27699425
27704237
6301262
27699433
27701811
27544571
27588689
27639160
27672328
27758377
27782579
27751332
1729357
26972229
27683994
21074869
27785805
27792980
27792636
5266918
27657960
27787703
27777198
27776754
27774157
27772548
27766555
27766987
27754975
27745288
1467068
27752733
27751994
27749005
27484289
27380061
27472559
27443832
27354153
27133677
27459895
27453801
27456686
27456476
27441350
27452569
27446541
1432313
27354828
27438289
27434689
27435467
26679127
27414350
27430577
27380513
27412847
26938258
27424302
27643877
27653071
27648306
9339628
24125397
27622349
27639234
27630938
27636164
27639123
9659101
27632132
27632936
27631156
27582157
27625921
27616913
27387054
27604494
27612329
27605826
27596338
27590613
27579739
27586583
27530039
27485933
27531344
27524778
27524202
27505865
27517708
27415929
27236528
9685031
27505920
27516905
27451191
27515992
27304790
27513513
27497528
27499937
22328711
27491537
27427357
27497934
27441445
23790727
27453921
27696249
27694504
27558985
27581141
27331908
27689416
27219713
27683622
27683934
27674766
27645431
27671037
27673048
10280468
27657135
27669168
27642792
27527120
27668506
27627856
27587842
27600497
27657199
27657483
27653771
27486755
27570134
27562284
27386712
19465130
27519271
27560873
27565533
8150199
27563361
27554721
27559316
27549321
27513034
27558824
27550886
27547595
27420563
27476031
27544424
27544345
27288609
27387718
27264463
27533735
27406097
27420282
27245750
27353195
27318151
27414911
27393140
22722214
21198063
26549402
27410163
27409728
27363353
27406678
27159681
27365087
27061133
27300219
17353160
19506234
27395683
27372176
27386914
27383018
27331651
27318620
27350952
27245421
27364564
27372007
27327073
27377063
24082125
27372776
27182716
27350450
23729112
14693697
27354077
27272685
27336720
27257384
26658796
27269990
27313411
27245741
27225697
26979093
27285446
22952848
22547297
27279504
27291790
27242018
27277134
27280509
27250403
27019263
27273690
26777037
27185994
26914368
17937500
27271503
27116064
27149220
27268069
7021227
27051487
27225565
27256330
9655205
27164795
27249007
27229337
27102250
27101829
27068023
27097486
26814545
7591068
27093554
27090811
17500553
27030499
27038906
27075846
21417706
27031512
26078353
27011468
27045961
26694022
27075645
27075015
