35634755
3410577
8299517
7993492
5240017
3491240
8311007
10321197
5197133

34339292
8555028
36030430
35840552
35808937
31730480
36024037
18050519
36023620
35979657
36020600
36004104
28636932
35986008
35998101
36003994
36002414
35989980
35997004
31211509
35896628
35818342
35894174
35673087
34137426
35895074
35262235
34433162
35526811
35773429
35882673
35879043
35774024
35828295
35846870
35873155
35803084
35762045
35450020
35769408
16067868
26761054
35794462
4949423
34506531
35430017
35319867
35735857
35772045
35008728
3900195
35718545
35780340
34150713
35756047
35664228
35737092
35713624
35717000
35651838
35721041
35675289
35697296
33974956
26760994
34548544
32466484
35224422
35470479
35646286
13345696
35652088
35966038
26606496
34598517
35590871
35969998
35967255
35690523
35947445
35932317
35453012
35956717
7980735
32920092
35927169
35049715
17729626
35843902
9175191
35902764
35902744
35732698
35899267
33641175
35896256
35430841
35515595
35514489
35513301
35497333
35495639
33158274
35481694
35481463
35244099
35340204
35470869
35404452
15913423
35374660
18941008
35237487
35448405
35446029
2547044
35432448
35434554
35436934
35417506
35435176
35646963
34561171
35626585
35381047
35559536
35557679
32290687
33707419
35558585
35599626
35306067
33949274
35557960
35591399
35049602
35141669
31319702
35574570
35551237
35573356
35458251
35541870
35556786
35444234
35526203
27976103
34952310
34187051
34837266
29413388
35126073
32502447
35151098
35132718
4410086
35122728
35079650
35136032
34457282
35131016
35129889
34657591
35116354
35087119
35122227
35099449
35118941
35083912
11608786
8345926
35344911
35316981
35161727
35310475
35287352
32353148
35285305
34012329
35189852
35218860
35236965
35188313
34632262
35222653
34797920
35223089
35235879
35148428
35103381
35201493
35000108
35155678
35140297
35076439
35176831
35102937
35096378
34249421
35063046
34654925
34940714
35081746
34866393
34590126
35022071
34995417
34978539
34965780
34654915
34629170
34617201
34609385
34600978
34585661
34565903
34533158
34423602
34422219
34395211
34326618
34180921
34174415
34114400
34103115
34040026
34034261
34019067
33978522
33902612
33896814
33862963
33858004
33727628
33711959
33686341
33667211
33656815
33632139
33550831
33548998
33524410
33494853
33386550
33385557
35432222
34145479
35425024
35193829
35408868
35422309
33655595
35420515
35397716
35413173
35408543
35388414
35393948
35261339
35184689
35270041
35278151
35337669
32439191
27321769
26615294
35054140
35363595
35180538
33358454
33295816
33290227
33282250
33268830
33262745
33244940
33235512
33232770
4416406
33150253
33142147
33103995
33084813
33079445
33068375
33057534
33055651
33047783
32980094
32967660
32318872
31908272
31875439
31728846
13785961
34990399
34945993
34963698
34929812
34953953
20131740
31325416
16760648
34948035
34866789
34948043
34943785
34945406
33403725
34845213
32699662
15568791
34923942
34083035
34917369
33126756
8363636
34876970
34562995
31457893
31452517
31143631
28634947
27272332
18867389
34971288
10069016
29033440
34920030
35025429
34388680
34945318
34987227
34988889
34922273
34117121
35008378
35028652
35023862
28435652
35021499
35018919
34959947
34884482
34779517
17332247
33410381
34791566
8760284
34823142
33278229
34630944
34648401
34800665
34638088
34781035
34780882
34779953
34720710
34749822
2251626
34769483
34157964
34757067
34753003
34746059
34340581
34281550
34279006
34272494
34267153
34248016
34244484
34198572
34234889
34184506
34226230
34192221
34077122
34200557
33661838
34136371
34137136
34147559
34125420
33664966
34034002
34065931
34017567
34020772
34085035
34528527
23613252
34417181
34451842
19528288
34468571
34466878
34475504
34204039
34367296
34430617
34446110
34173938
34430108
9548970
34440160
34436850
34349233
33659414
34316269
34048513
32305697
34347073
34397420
34392356
34749868
34751108
10323735
34615542
34086528
34695218
34711556
33517758
34673982
34676060
8123013
34209410
32949147
34612066
11293680
19374657
33983650
34590443
34321144
34589160
33930390
34454636
34564790
34316475
8277303
34390237
34384107
34362583
24108809
34376468
34085772
33660930
34316640
34344469
34334546
34152043
34292977
34325406
34305554
34210829
34268998
34305572
18535457
21797972
34286429
5292973
20688476
34290560
34239577
34232494
34078074
34067293
33606337
19228963
34048971
34047959
34022041
34041813
34041772
33981536
33976542
33848530
33974205
33903116
18965852
33931765
33812994
33983494
8154113
33933187
33467268
33838919
33893312
33893248
33947023
16164135
33918099
33919513
33917983
33669205
33531933
18352232
33574084
33878139
33859638
33858007
33737008
33608378
33824642
33767614
33402513
33782651
33768046
23901440
33695281
33721302
33709507
33689783
33707992
33667704
32923377
33694848
33660923
33690090
33665299
33073124
33579324
33633959
33365123
33601457
33336694
33575436
33608038
33608185
33159678
33589571
33346240
21185545
31521745
33546786
5380981
10517999
29686185
33207865
10160517
33332772
33322181
33171130
33310760
33182590
33289569
33153105
33285306
33283181
33136107
33267444
4464899
33263656
33236405
33256130
33256116
33243247
33251917
33249667
33243685
33082157
33082022
33127642
33179814
33019921
33488207
33184745
33491109
33479237
33470793
33275860
33451243
33442617
32166499
33429832
33392763
33420705
33398112
32859346
33354469
33362996
33359735
33383871
5075201
32978580
33287126
33272765
33347386
33337654
8254043
33161423
33170848
33161916
32905518
29921006
33068923
33077926
33138280
33104046
33113086
18779374
32870211
33063510
33023711
33100521
33093708
33081982
33015404
33049432
32930989
32513500
33045422
33024507
33014499
33024584
32694912
30395442
32859941
32865644
32642866
32582351
32857306
32807886
32843593
30712071
32831458
29550118
32829870
11738923
32756203
32767538
32813104
32775457
32779624
32716259
32764038
32693580
32404695
31971484
32642412
33007392
32543604
32946740
32700323
32997133
32471146
32980785
32922104
10564595
32921469
32758522
32973782
32972824
32844940
32961581
32953871
30464797
32930993
32918063
32883657
32843275
32856144
32896383
32782993
32808828
27825318
31436461
31954340
32597819
32749613
32603212
32722208
32712382
32704905
32705965
32707319
32690512
31112233
31624394
32669236
32339331
32667753
32659221
32627538
32483985
32638093
32314477
32635228
32588765
32561253
32505383
32393512
31907549
32199348
32488290
32503540
32502193
32496901
18795352
32447785
32429356
32392393
32408168
32444461
30491545
32333210
20162800
18379170
32378515
32236817
4958965
32411064
32405613
32393055
32304131
32604712
32540261
32612624
32565310
32599775
10561044
32565467
32438401
32532012
32534393
32558744
32552130
32536834
32536925
32355318
32257346
31244058
32517729
32490412
32422870
32499369
32424982
32413472
32289752
32507701
31942853
31463659
32074200
32058210
31883373
32054737
31853345
31836080
32058567
30883742
31133257
31289263
31918351
31948762
31662185
32018980
32006446
31829588
31979124
31911472
31918289
31898166
31869607
31904943
31649766
32373850
12797482
20347132
32074946
32348342
32336422
32305163
32335269
32296843
32337519
32331587
27120903
32321782
32202634
32222378
32226029
32225322
32298319
16194490
32198828
32251248
32198448
31972464
32174445
32213469
31899146
31676294
31863223
31708858
31839911
31759182
30782640
31506519
31671483
31808780
31844948
31677378
31837665
31791553
31803432
31804599
31732104
31524606
31726634
31597724
31747367
22318637
31733060
18145317
31681836
32224576
32221508
32221832
17631542
32207859
32177200
32199347
32191732
32184645
32183192
31417190
31887030
32145847
32114887
32065467
9010401
32001610
31487174
31087167
32123419
31953369
31344450
32024811
30653617
31430991
31692157
31685236
31625219
31672183
31204839
31610728
31237385
31530618
31640487
31536052
31544170
31565640
31362747
31594509
31510103
31420439
31461170
31565652
31536041
31380799
30365380
30912870
31446391
26590204
31509825
31493193
31129750
31502938
31500315
31299381
29683379
31183146
31351785
30734362
31444284
29510788
31323123
31052899
31435969
31279392
31392386
31371504
31305570
30332757
31306944
16606309
29737062
31359353
30511400
31350982
30211232
31126407
30510845
31204605
31325637
31125558
31305121
31151881
31300269
31209551
23895818
31281517
31276490
31264496
31124961
5201994
8097348
31252984
31247457
31125654
30622340
9047768
8232914
31155568
29688429
31180179
30628431
31160526
31105833
31181402
21155166
31193539
28653474
31159516
31177315
31055544
31176184
31175462
21677744
31172835
31156917
30681593
30654848
31161250
31136840
31093043
31009347
29070533
31076887
30902206
30544306
30371142
30524744
30179996
30531045
30409715
28236890
30217007
30500399
30497054
30478067
30301302
30449040
30470360
30380975
30063045
30124761
30391534
30419389
30271144
30348996
30367638
30347470
30391159
30390112
29625834
31103393
31081617
30917123
31065212
10229138
30995473
30653509
30291756
29133600
30976760
30976796
30941389
30964910
30945804
30864752
30679732
30755731
30890788
30679694
29032203
2286134
30863060
30845072
30473246
30259101
28803741
29435290
30261928
2385433
30253457
30186691
30252698
30231545
30014851
30159416
30246171
30196414
30225717
30217460
30217806
30125276
30204871
30207325
30193643
29391958
28055680
30111040
30036873
30168500
29234075
30110134
30110651
29346295
29532536
30090820
29808462
30102791
29894423
30029856
29863960
29883181
30099890
30092681
30085090
28793236
30086982
30010473
29775247
30056504
26636413
30051893
30044587
29681661
30035633
30592641
30641226
29931971
30349055
29881178
22486295
30653767
30636781
30642747
30636999
30637535
30528480
30362478
30632015
4936068
30531936
30540976
4364003
30607466
30306687
30599650
26525324
30596040
30586901
30552618
29770769
30379042
30059537
30369298
30358201
30321662
29794266
29204299
30328324
30069018
30285374
30325763
6875536
30247781
30301580
30289946
30305849
30024460
30247352
30297821
16667426
30264070
30253424
30271405
30041220
30042450
30042437
30042414
30042397
30008906
29950257
30027914
30021601
29434080
29995968
30005046
29947900
29843534
29824787
29569143
29970625
29969174
29952222
21046068
29890478
29936429
29936298
29922356
29673883
29779901
30799256
30637483
30401158
30633290
30619458
30735310
30683487
30727320
30609092
30757935
30646179
17482529
30748569
5358804
30729059
30685316
30709151
30661158
30706742
16657141
30676962
30561649
30643413
30681654
30636048
29594816
22951123
27273714
27665687
29650576
29698906
29695820
29593847
29676456
29617183
29349026
29672080
29542836
29662860
7521170
29538667
29651494
29525194
28876077
29347895
29535366
29638486
29626060
29617120
29611987
29733428
29758956
29864163
29779365
29837517
29699177
29787033
29832942
29795777
29832933
29816263
29794428
29797980
29789898
29770019
29787684
29660021
29759200
3969452
29719576
29744153
26588767
29684572
27962350
29723250
29344084
29355495
29330679
29353661
28928678
22433877
29278169
29315405
9758461
29255767
29326956
29332740
29332126
29327501
29325178
28982223
29118487
29317818
29199024
29310397
29290421
27984710
29235238
27822450
29233500
29507363
29505068
29493161
29444774
29459131
29486897
29487285
29326139
29482597
29193353
29350222
29354633
29441484
29387519
28590334
29423611
28993724
29350603
29412043
29411790
28823478
28460704
29378599
29371746
29365170
29603647
29607829
29603384
29603530
28957003
29590741
28576450
16422593
29583670
29581730
29487051
29486316
29574448
29549774
29214750
29543504
22042003
29285006
29379901
29526840
29532811
29536997
29499332
29435858
29471546
27136425
29232799
29197671
29056033
29218241
29187154
29203627
29129355
29122155
29203454
2563264
3841544
29176593
28866300
28370761
29135707
27644140
29116443
26732438
28523436
29079737
29063164
29100027
27337374
28774794
28952142
28949303
28851537
28785512
28907136
28685205
28889480
28721550
28860494
28861152
28823961
28848087
28846208
28848570
28397253
28845416
28836643
28678560
28657427
28820529
28810167
28818200
28779395
28783764
28782211
28961375
29056785
29050454
28614793
28963496
29006846
29030902
21245963
29019783
6039376
28921850
29013344
29003972
28987734
28888293
27593685
28851784
28986698
28880304
28967860
28966203
28812781
28961960
28927563
28953035
23097348
28285789
28760630
28478218
19332295
28760536
28735529
28757224
19658127
28117576
27117280
28744746
27478144
28641504
28638104
28672407
28696605
28697806
28695970
28679887
28690467
27999355
28671889
28351172
27168925
28491277
28665505
28663827
28558984
28661497
28651064
28635943
6574001
28627033
28331712
28616176
28169026
28287601
27060672
28589837
28582392
28537034
28567313
28494377
28557338
28606033
28288668
28576117
28566223
5746563
28561811
28508858
28558437
28557012
5805270
28546437
4525547
28524813
28529934
28487237
28510372
28508025
28500269
22374513
28417947
28483797
28466641
28454313
28445559
28285850
28476436
28441330
28444615
28438425
28317587
28281880
28249012
27280580
28278492
28202663
28268366
6268789
4524736
28221866
28257211
28218339
28253343
28248257
27869690
28248240
28247323
28235559
28231086
28184012
28209777
28209244
28144678
28170339
28165432
9441734
28435206
28361632
28430481
28240570
28378997
28397569
27891764
28315287
28397031
28376681
28163598
28236031
5092977
28336924
28303111
28326272
28324704
6364314
28320175
28319417
27941226
28285567
28249003
27947343
28109252
28080511
28154734
8489824
28088165
26632232
28131977
28132991
28133767
28112190
28111123
28107481
28099086
27969298
28091548
28077563
28051804
28079768
28057684
28018380
2290904
8683217
28058269
28049716
22797446
27762714
27959833
28017835
28038837
28025113
26103565
27844931
16597771
27974182
27999062
23894863
27991547
27976127
27094816
27948499
26614370
27952094
3804826
27921396
27943235
27588014
27916189
27636718
27902819
27860702
27837792
27882247
18244105
27875226
27874429
27870872
27844815
27823648
27862483
27234789
27858808
27858611
27375063
3427299
27843426
27831378
27828530
2445212
27714773
27805270
27772345
27797666
27789474
27792000
27792235
27778794
27286142
6862598
27233167
15174690
23107658
27234569
27209286
27104036
27222261
27121263
26039558
27194869
27215329
27201263
27174495
26932538
27200069
27129366
27142002
27194010
26636161
27185855
27039828
27176444
27126816
27257774
27548930
27241486
27468821
27507458
27551062
27549327
27549747
27518680
27453679
27524503
27537512
27531365
27057414
27330828
27487762
27487756
27492246
27479287
15819940
27477415
27414918
27427767
27473599
27420500
27639272
27543256
27484314
27623446
27647879
27623458
27036691
27352723
27633606
27578563
27558749
27590904
27582432
27609609
27607495
27602956
27578152
27502628
27589017
27580994
26700434
27515712
27571585
27570899
27568255
27779912
26900483
27676344
27761491
27757848
27060181
27748638
27737730
5523191
27731141
27594701
27611552
27727119
27724231
27722501
27676968
27702594
27691463
27686306
27571588
27678684
27680685
27624808
27664658
27648409
27472182
27334218
27352884
27379175
27415343
27453426
27276889
27419789
27410208
27397719
27398884
27397969
27380243
27349767
27344997
27348260
22007342
27338596
27328947
27257912
27317857
27318119
27310726
27282545
27213757
27169999
27157122
27152070
27121175
27144077
27141447
27138750
27096688
27111625
27104067
27119615
27079473
27103614
15473185
27017484
27047838
26991943
27073534
27021904
24090316
27061274
27052699
26938960
27050320
4764439
27048411
27050795
27039111
27009654
27042838
27015520
27039568
27025083
27030773
26995881
26983280
26931329
26999136
26984830
26918395
26517294
26825013
26874036
26596722
26939529
26891626
26766752
26857412
26869725
26867145
26873480
26864805
26868269
26697836
24077313
26829697
26817570
26824266
10165948
26642467
26791452
26787686
26789541
26750411
26740647
26775134
23974204
22560091
26737765
26684511
26749187
8231127
26707188
4976228
26742236
26033504
24155289
26032850
24177249
23164106
24025945
26024130
24057186
2360122
24166025
24145748
24126273
24150363
23801368
24145007
13838724
24051206
24012264
24155351
24097984
24143641
24138841
24128938
23043541
24108653
21476422
23943012
23966975
23528428
22573723
23946055
23949567
23933826
23945988
23945622
23943820
23943076
23929713
23928532
23928010
23711016
23915397
23914219
23893152
23787552
23884398
23825855
23890045
23849023
23541804
26718575
26545255
26734365
26636101
26737907
26706877
26710820
26551997
26710599
26586877
26694569
26677314
26687987
26548305
23946862
26646504
26664814
24130443
20036266
26661187
26652934
24033269
26643916
26636954
23753490
26553675
26623439
24111954
26516336
26522110
26587716
10170537
26575782
23947252
26482671
26551842
18996114
24068945
26500417
24132326
26503618
26489337
26091224
24109907
26093708
24178901
26083471
23897542
26074248
26060984
24108311
15553930
24087283
16661369
24076427
22081956
23619265
23104158
23475396
24020469
23896630
23381262
24042485
24040154
24021990
24004927
24018357
8253771
24014415
23657184
23989520
23930081
23977277
23988052
23985312
23670062
23439845
23758712
23731808
22319322
23606747
23741050
23737997
23731922
23668151
23669164
23708684
8806629
23701341
23635526
23295730
23686478
23654529
23621628
23653572
23131001
23654685
23655053
21630016
23654026
23609783
23347943
23645711
23428956
23594389
23617117
23606171
4501886
23577339
23359164
23569860
23474109
23562285
23563914
12869096
23558434
23559597
23554546
23553410
23542407
22294126
23521011
9505870
23508123
23498182
23776491
17005029
23872673
8603489
23859136
23859082
23639934
23789243
23824809
23772548
23826715
23794677
23804405
23760817
23289164
23798410
23789484
23795669
23789782
23058043
23765305
23752192
23523202
23775538
23717983
23233780
23396496
19198119
22333406
23295586
23365356
23372661
22860642
23178599
23370896
23366052
23287319
23353517
23334420
23306138
23344504
23344124
23343385
23295808
23027225
23309494
23296115
22429937
23310918
23120354
23498865
23491442
23486014
23441563
23424269
22188862
23462059
22822656
23459170
20489235
23456845
23450751
23446454
23440000
8719593
23391725
23315489
23399619
23413335
23409668
23409572
23215806
23401597
23393514
23317217
