35748623
27050672
31630407
33236663
35851475
31385263
30108667
35632968
35511080
34203571

36010591
36020907
35969522
36025245
36032761
36014273
36032554
36032506
35981674
36023890
35993893
36032152
36019677
35984076
36007804
35996206
35979285
35978468
35901896
36031597
32210660
36030360
36030209
35991511
36022998
35800817
35727454
36029984
36015749
35984594
36013372
35961966
35874676
35993196
36026490
36029823
36030890
35453054
35932208
36029540
35987660
35994129
36019380
36028003
36003406
33907509
35842718
35911668
35906432
29416381
36013164
35567505
36014596
35970095
36007254
34049301
36012350
35753649
36009589
36011234
35978195
35996119
36009492
36009300
36008449
35975000
35444913
36007354
35539826
36016679
35970766
35983749
36022881
36023045
36023533
35989395
35986451
36022845
35851987
36017717
36020879
36021306
35996803
34546359
35964806
35933758
20993513
33990322
36017139
35647101
36010244
35982912
35970799
35967856
35980504
35609293
35951863
35936898
35928878
35939857
35976100
35765798
35876729
35938882
35711332
35975061
35975454
35949100
35968907
35823369
35927576
33479138
35960587
35948012
35886213
35907225
36004630
33532663
34924530
35999526
35990887
35800493
36002566
35998257
35999285
35945466
35680076
35993743
35934152
35994260
35955216
35992418
35939598
35986075
35993535
35993226
35932110
35877547
35961644
35954280
35990311
35976933
35992629
35769370
35953326
35983386
35890617
35991100
35990439
35991045
35991268
35870453
35979092
35988080
35986384
35955495
35939021
35972414
35986255
35985291
35941938
35973973
35970114
35956165
35900069
35971206
35605255
35940457
35951306
35970857
35969556
35965350
35951284
35779473
35903035
35843326
35967432
35865783
35966938
35966846
35932379
35959720
35964512
35965208
32337415
35935148
35933130
35960872
35943089
35945145
35865229
35935056
35847078
34862496
35935457
35909139
35933053
35831032
35867674
35922556
35893628
31650915
35899411
35877093
35813019
35888059
35910154
35864737
35851066
35764708
35877526
35874447
35902274
35856394
35877028
35821526
35945426
35953461
35930810
35941623
35827304
35853328
24023739
35950902
32236748
32083101
35860290
35933847
35947072
35761051
35943847
35840257
35893287
35913344
35894314
35829463
35938597
35937528
35838224
35928840
35890384
35782180
35864679
35869867
35868194
35748298
35868544
35864186
35627521
35854030
35763136
35834430
35826323
34737595
30231195
35765566
35839199
35837203
35814816
35085507
35381961
35780313
35839665
27813148
35834964
35664959
23678000
34504775
31831302
35829490
35747206
35809566
35792227
31236017
34854386
35741232
35822447
35794723
35641453
35785410
35801014
31091980
35812373
35793582
35744051
35809057
35791113
35810732
35594745
35803624
35443914
35808690
35791231
35804492
35450768
35778621
35787665
35565846
35601948
35684774
35364100
35797763
35760887
34783405
35599227
35174364
35783377
35790073
35533515
34972211
35777511
35778007
32838655
35772263
35750659
35764296
35860719
35895041
35893049
35838244
22893166
35874012
35817509
35889532
35679388
35753994
35863860
35886241
35211351
35860954
35881207
35712868
35877317
20577832
35846919
35870875
35868395
35847371
30098847
35871771
35861341
35771678
35724756
35770336
35758591
35258672
35663725
35764824
35712743
35582460
35240530
35736407
35746274
35691352
35753139
35746734
35727109
35737688
35753532
35742932
35696287
35745361
35574596
35718441
35713590
30093476
35665991
35746757
35747352
35645180
35745113
35700527
35695800
35722968
35517300
35733871
35733576
29260918
33840490
35732681
35707839
35703550
35682419
35600358
35714337
35711928
35361033
35459877
35713236
35710718
35702780
35699546
35610145
35699529
35619625
35692966
35696315
35580768
35693209
35559839
35183690
35643733
35685027
35687913
35684476
35685293
33643467
35684136
35667335
35660267
35564334
35563860
35676327
35673486
35444006
30982563
35665319
35671624
35624996
35668717
35665588
35645690
35651682
35661558
35661944
35596853
35661524
35658654
35652272
35656765
35606013
35373330
35572705
35192602
35630719
35653021
35478410
35648988
35613434
35645163
35164271
35459787
35498951
34767165
35480634
35497836
35494662
34229608
35505542
35507211
35492652
35504973
35479085
35503416
35500124
30083644
35406566
35107423
35491722
35415389
35302010
35467323
35468967
35462887
35189988
21555380
35449540
35565441
35397375
35581691
35581443
35571245
35561478
33612336
35513253
35547799
35565370
35518736
35005388
35549648
35555625
35555601
20851692
22655330
35453850
35398763
35425998
22119505
35304163
35085213
35253906
35643298
35458028
35561190
35637430
35636545
35621558
35636683
35609016
35633427
35631471
35632913
35607180
35511506
35351468
35613118
35586609
35573665
35619517
34848551
35571666
35589339
35605300
35618544
35591652
35530297
35123360
35289741
35517342
34660545
35547130
35350535
35524546
35541598
35341272
35412296
35539506
35537267
26777307
35132019
35464950
35516439
35450144
35524560
35453720
29261387
35525106
23602671
35523320
35521049
35559917
35583063
35552728
35569451
35595803
35585415
35595079
35606208
35604289
35603404
35588882
35598947
35597101
35595453
35582257
35591684
35581843
35589169
35590648
35589283
32684169
35585529
35577465
35587281
35050572
35435044
35253667
35437769
35437613
35321581
35427020
35431115
35431261
35410362
35163520
35429794
35428484
20672559
35426662
35426642
35361390
35294035
35419835
29653390
34405056
35416183
35416546
35415849
35195361
35389595
35410380
35297848
35314485
35412536
35407612
24071833
35407287
35400031
35272559
33006777
33333650
35408119
35196574
35228109
35389074
35336250
23659591
35349825
35395198
35389929
35314403
35385512
35397964
35372624
35267631
35443418
35459388
35481948
35461627
35351525
35390584
35405371
35460239
35467677
35448733
35388880
34740178
35437872
35444827
35387830
35453014
35355726
33346115
35453203
35455493
35453823
34056532
35444304
35397351
35162290
21013414
35316080
35384688
35334655
35161320
35373017
35154795
35371765
35281790
35371481
35371760
35338364
35369406
34484845
35367271
34266488
35270843
35323370
35357611
35318437
35357609
35357579
34720438
26790571
35354303
35020192
35277086
35274948
31531665
35231779
35245885
35263579
35259360
35256233
35124196
23566905
35254078
35252070
35239244
33338518
35244683
35222427
35245253
35239909
35228098
35234152
35236676
35235264
35031658
35226721
34004275
35233121
35228570
20558467
35059449
35058265
35220404
34711237
35220900
35037785
35181955
35214742
35181092
35184671
35216719
35222120
35221914
35221841
33788311
35192599
35184108
35218966
35218939
35218553
33502316
35353922
35336179
35344919
35344589
35344156
35327804
35343202
35333642
35340366
35339254
35338254
35330530
35333038
35292430
35312063
34561117
35326253
35322909
35323965
35219967
35298588
35321587
35319544
33205754
35319423
34666448
32401466
35301253
35313608
35306938
35068275
35219863
35060028
35251562
35282157
34998470
35281830
23702011
35283727
23176872
35228266
35272345
35287439
27214319
35093928
22468800
35233619
35071671
35249127
35256690
34430162
35058607
35215673
35215361
35107430
30164342
35214055
35213914
35212278
35205806
35210140
35155480
35208831
35205922
35173010
35185119
35163090
35200889
35169637
35110380
35197863
35189460
35183716
27077478
35174828
35115091
35136035
35172036
35192524
35192826
35189983
35101143
34313028
35190566
35167798
35190453
34534363
34532039
35174737
35174933
35131495
35175383
35156632
34885516
35163987
35170246
35170972
35124794
35176661
35023631
35136218
34392398
35139022
35090445
35137380
35151185
35110365
35163370
35160574
35141535
35153965
35154005
35105612
35151080
34476576
35149711
35144237
32520534
32891601
20672727
35130841
34144647
35138785
34947113
34264414
34873168
34868051
34866416
34849366
34838506
34837376
34825661
34824969
34821786
34820090
34816565
34816306
34815611
34805314
34796398
34780943
34779671
34778828
34773807
34746474
34743456
34739525
34732118
34728289
34727306
34722390
34714186
34709147
34342363
34683924
34683181
34682922
34681628
34673006
34669621
34665872
34659841
34656200
34655415
34648452
34647926
34645359
34639032
34633434
34623420
34620580
34610183
34608916
34605051
34599927
31283504
35075906
35115265
32561044
35107688
34978489
35096161
34773285
35059485
35100176
35093321
35008745
35082971
35096273
35015698
33801139
35089854
34963886
35085464
34969167
34968491
35073894
34844312
34845919
35051843
35114760
34756328
34957068
35118506
35133578
34748520
35104848
35124592
35130979
35014423
35126075
35105036
34989930
35126195
35056484
34786767
34873487
35078462
35015928
35121293
35106220
35054304
35102677
35117548
33229640
35078669
35076159
30650348
35067335
33234141
35024176
35020569
35016660
34997884
34991629
34981986
34967137
34965549
34957768
34952365
34952330
34947492
34942454
34927695
34927072
34901828
34884601
34879467
34875353
34873915
34596832
34585431
34574299
34553293
34551628
34539391
34539105
34517719
34502971
34489780
34487003
34484295
34474484
34452429
34443922
34419745
34419088
34414683
34410199
34409141
34408307
34401593
34395559
34388086
34384400
34373882
34361035
34361020
34346119
34340160
34339641
34335950
34330241
34326999
34326797
34324909
34317655
34311979
34296611
34295955
34285841
34268416
34266745
34265789
34261966
34257628
34257571
34250779
34243124
34236049
34215915
34214350
34210511
34203854
34192090
34189270
34176934
34160247
34146975
34122608
34099332
34095556
34085736
34081529
34081523
34058715
34048993
34048218
34025698
34023580
34023236
34017252
34001331
33998395
33953884
33161659
33141901
33137899
33133815
33118788
33113047
33106492
33102190
33094426
33093065
33081679
33081399
33072396
33070978
33065329
33057370
33051321
33044241
33028855
33027747
33025830
33025788
33009348
32973452
32948474
33482383
33480870
33473443
33467606
33464869
33452415
33439490
33438608
33437130
33426951
33418821
33414507
33411060
33391134
33386643
33368263
33364821
33362780
33361870
33361122
33358472
33350917
33346024
33340594
33332227
33942116
33920252
33897284
33897016
33894392
33874025
33866394
33851513
33849571
33842867
33839416
33834505
33826680
33820863
33814446
33805367
33801501
33801423
33796568
33792566
33785647
33781407
33773611
33770480
33764479
33325712
33311091
33297559
33293428
33282428
33274910
33265805
33263237
33259268
33259198
33254363
33247398
33230183
33225562
33224461
33217468
33210456
33209575
33203398
33197215
33179253
35001513
33176721
33165182
33162408
32894410
32891097
32887687
32821391
32756995
32739211
32625699
32469323
32308408
32294764
32212935
32209233
32049625
31709325
31700298
31340364
31241885
31007721
30908289
30880015
30533617
30496906
30207353
29890154
29419780
29345336
29327687
28106362
28033711
27960541
27307960
27264092
26602855
35052799
35050737
35010390
35067046
35049143
35030193
34687477
35060541
23692613
33373509
34771264
35020050
35052585
35014620
33766562
34999878
34959133
34380329
35042517
35043727
35038423
26027633
34826009
35035731
35013443
34982158
35031954
34873287
34987087
35027573
35006248
35025453
35022598
35008946
34978584
35021144
33853805
34941046
34996800
35017964
34969348
21509280
33754714
33748232
33735682
33707657
33706413
33694521
33675124
33663527
33648113
33643925
33639048
33637264
33633476
33632540
33631293
33621722
33613099
33600874
33598569
33584197
33580426
33536129
33531527
33507656
33485108
34864336
34831400
34746534
34488104
34685319
20539828
34853358
34880579
34878667
34873067
34872811
34872490
34870626
34771724
34868458
34839374
34842396
27458270
23935696
34477041
34420628
34819949
34606018
34750803
34769109
34980297
34953886
34951414
34318504
20508516
34966152
34774419
34891948
34934262
34603932
34964903
34944686
34952990
34955320
34944549
34863913
34920077
33498941
34947664
34945802
34942413
34901624
26569371
34880861
34899352
34930589
34931334
34828373
34932410
34816232
34911306
34518793
34475291
34522466
31720086
34905131
20672787
34917840
34915101
34739575
33571131
34908677
34899846
34766025
34898568
34899547
34247590
34893762
34690502
34863893
34033025
33558696
34961376
34732204
33294859
34930290
34996769
34790889
34998126
34930684
34711253
34955079
34992661
34693588
34936685
34593628
34981844
34804821
34990025
34771343
27095021
34903678
34981746
34982748
34811462
34795330
34764309
34851459
20578154
27968803
34773733
34848784
34847833
34846961
34434343
34840000
34793277
34761281
34833126
34835623
34831704
34788308
20672621
34793364
34827032
34821961
34821062
34808512
34708712
34809672
34796152
34804803
34687675
34744255
34779130
34800443
34788710
34773210
34793313
34793096
34608306
34585508
34744307
34756466
34734877
34678689
34786384
34785946
34397883
34756661
34753889
34755303
34718626
34718578
34723466
33468023
34770985
34769917
34740512
34768815
34649349
34657376
34764006
34751809
34743326
34631554
34497173
34561048
34749028
34739315
34748100
34745195
34739478
34427830
34739541
34739069
34738202
34688926
34727570
34713922
34693573
30334576
34728269
34546344
34727901
34727770
34727601
34700197
34726747
34695460
34721003
34723255
34719755
34719244
34721362
34708933
34695380
34611588
34676693
34695883
34716217
34717883
34608856
34632523
34689468
34685220
23440107
34613146
34144536
34679737
34620452
34679111
33598754
34663399
34511740
33265910
34599708
34610379
34652951
32577280
34178511
34629442
34649740
34625077
34648465
34646161
34635736
34624195
34631308
34640227
34310303
34608359
34609382
33222753
34540830
34606811
34448622
34606177
34606737
34594827
34602457
34530000
34549969
34605801
34492255
33797425
34594154
34539204
34565657
34445071
34578971
33043944
34575361
34597420
34594906
23206144
34580986
34263964
23419578
34583028
34563442
33261892
34406482
34572574
34576633
33448671
33621425
34523935
34569644
34549200
34514569
34567142
34553943
34563906
34558410
21002867
34561682
34491151
34455054
34042048
27817602
34541182
34611898
34632247
34415779
28785219
34560870
34629541
34584368
34504568
34625170
34624869
34614611
34470081
23502577
34477439
34612220
34547641
34412550
34491628
34505768
34567219
34598673
34583206
34598956
34625307
34691527
34711766
34600819
34706939
34706891
34684664
34706167
34686035
34701270
34703416
33497468
34703000
34484220
34020767
34627401
34698501
31319573
34696545
34594549
34691837
34633488
34687516
34672493
34662371
34503833
34462502
34536023
34551660
34551524
34548000
34386012
34498021
34533345
34467472
34544134
20432609
20858785
32774301
34526217
34533498
32409613
34489188
34527389
32943576
34490838
23620004
34524931
34512121
34045446
34522576
34381080
34489395
34513401
34512223
23528820
32083819
34270573
34483225
34138205
34482752
34212314
34505772
34252677
34402814
34407236
34462983
34499062
34395517
34468968
34495877
34493974
34416412
34379958
34488671
34477484
34420969
34485296
34457644
34346388
34484121
34467086
34411156
34454022
34334011
34470888
34437810
34318935
34476684
34342502
34408669
34474025
34402943
34461581
34472126
34467053
34347042
34459395
34409450
34422967
34433199
34403290
34125526
33545884
33849502
34054700
34456110
33692386
34412668
34386783
34339620
26652233
32592141
34401737
34447641
22837867
34443604
34440394
34381350
34036597
34384845
34027655
34416481
34346593
34104462
34351976
34296734
34327420
34350260
34294213
34338673
33164116
34341468
34318130
34340383
34336951
33888941
34334133
34332763
34327776
34327813
20798399
34327597
34325199
34215747
20593579
34308668
33468081
33906983
34142565
34392678
34310712
30299141
24116445
20792087
34401676
34374719
34239087
34191251
26759245
20941650
34392706
34394012
34391138
34137066
34376367
34384100
34393252
34368310
30529104
34060534
34341316
33894509
21055099
34382111
34359490
34378459
34221867
34348986
34372940
33579889
34213162
30231932
33804335
34338682
34370084
34371141
21070735
33532437
34309480
30965126
34259296
34362948
34362684
34331899
34357650
34301544
34356974
34355164
34321093
26049813
34314443
34284329
34233579
21035974
34280428
34309682
34289163
34309046
34095851
34304836
34288936
34301047
34180648
34295620
34214673
34270375
34242324
34139420
34094864
34287447
28107897
34195079
34163687
34255686
34198128
34177487
34182296
34186573
34172402
34186400
34153003
34050296
34182869
33406660
34085942
34161660
34164961
34170843
34148043
34172754
22248503
34169351
34164811
34168311
34144070
34001611
34137678
34137205
34156783
34263520
34241516
34271948
20371410
34248680
34111286
34204264
34212615
34188525
33984618
26072560
34111442
34233755
34238144
34234814
20395473
34127107
32896670
34136005
34204259
34204164
31900588
33695729
34171885
34199632
34432280
34437050
34433362
34331270
34354755
34428439
34049499
34323157
34079655
34420803
34330468
34416486
34419125
34380734
34416705
34412851
34416420
34412119
34384764
34409681
34407888
33437442
34408623
34390377
33965501
33998138
22278405
21125659
33986434
20578448
33985749
33961315
33980254
33958205
33864593
33965662
31990175
33926632
33307897
33929630
33961662
33586040
33954951
33963896
33919073
33860081
33956969
30855448
33919467
33603809
33910596
33907255
33906406
33772706
20700411
33896417
32964662
33813512
33334216
33892806
20483035
33890412
20558372
33793274
33775164
33887256
20433042
23994114
33886331
33877712
33885104
33885008
33882644
33881913
31840993
34029173
34049131
34070211
33623883
34080651
33812864
26748120
34083087
33923190
34020324
34009030
34066013
34070607
34074359
34006319
34072621
33804492
23343927
33979319
33981728
33857552
30249850
33332730
34048389
34031221
23125540
33856972
20432742
33925220
33941282
33669328
23440101
33936867
33819793
33930871
33813498
33897731
33919268
33898113
16212603
33924013
33761145
33922160
33898458
33918413
33918616
33849937
33892968
33913763
33819937
34041121
34027455
33782274
33833969
34016567
34041151
34040732
33843339
33918528
20482892
33991265
33653134
34017164
33709473
34011494
34017332
33653973
34015884
33874910
33872715
33952370
34008244
32031914
33990772
33922669
34161596
34141809
34160065
34157125
34152834
34154603
34149344
34145900
33983000
33468459
32928255
34071655
34043089
34126792
34125506
20482874
34116364
34078843
34015109
33281662
34110864
34096655
34000614
32485133
34088979
