19857600
31398817
32584968
19648399
33201846
29960924
32228444
29560616

36032873
35686096
36021658
35818893
36030872
36015077
35576493
36032647
35931771
34421695
36031063
36032461
35650168
35518305
35641065
32638310
31781768
36029196
36031781
34576566
33819449
36021732
36029425
36031088
35973157
35284208
36026516
34937096
36000706
36014810
36014607
36010806
36005224
35896462
35988526
36026115
36031189
34770380
35589625
34084407
35796790
36004609
34828949
36030549
35993996
36002034
35834988
35270250
35502178
35971577
35750114
36018370
36027185
36021906
36006099
35583969
35840292
35923877
36029473
36016352
36028474
35939608
35295422
36028567
35906715
36006929
35720183
36028502
36025390
36010034
33920992
36024898
35983316
35806833
35987942
36022097
34970405
35192090
35867090
35241273
35872969
35216201
36010486
35997688
36021461
36021480
35985229
36012332
35038551
36014870
36013915
35672381
36013922
35990750
33351338
36017609
36013396
36014176
36016062
35955140
36015776
35969164
35991164
35976533
35991059
36015119
36014620
34694494
34312380
35840295
36013980
35995264
35978109
36011643
35990153
36013573
36012648
36012708
35686390
35976800
36013331
35983316
35779485
36027388
34886697
36027123
35913532
36014770
36026343
35649637
36026476
35066266
32837151
36002913
36011331
34857237
36016561
30483863
33932641
36024886
36005152
35969775
31531786
33773923
36019787
36023755
35984300
35639343
35517400
35988764
35951275
35939581
36012456
36012411
36012193
36012262
36011941
35984157
34864880
35951235
36010419
35464705
36011398
35951920
35989445
36005252
35990369
35866985
35992883
35649738
33425441
36019203
36013332
36018516
35989619
35974840
36018064
35078218
36017433
36002608
36017499
36017483
36013786
36014174
36015761
35894640
36016518
35807147
36012389
36016497
36014241
35938426
36016069
35982373
35782424
35128876
36009592
36003565
36009019
36008772
35672142
34588224
35812324
35973096
35866139
36008661
36007268
35784204
34866636
36008442
35840584
36007650
35678300
35983803
35985365
35819887
35970856
34655647
35996928
35997493
29563289
35983592
35991743
35972922
35996470
35961250
35996284
35995730
35751749
35981644
35995197
35974491
35976758
35988525
35994202
35873616
35319159
35982100
34709973
35507232
35989285
35993297
32105478
35853774
36005626
35866493
36002732
36005184
35768186
33530448
32734410
34789660
36002834
34955195
35182548
36002001
35997540
36000371
35943877
36001601
36000195
36000783
35932999
35996847
35729133
35975145
35997007
35984266
35984020
34120952
35665300
35973470
35982709
35976866
35984026
35983741
35983673
35983651
34451646
34442101
35955481
35692005
35982137
35974500
35982349
35980971
35981947
35974353
35982090
35981518
35971699
33414358
35983551
35962876
35853498
35990041
35149447
35973519
35285248
35990007
35990677
35917861
35990283
35989761
35858453
35989427
33812543
35990090
35968749
35989527
35989388
35914837
35988921
35988848
35987057
35974760
35714380
35972917
35969029
35561840
35792468
35970785
35988056
35987924
35987775
35876492
35987637
35976873
35882822
35624820
34281943
35982117
35986332
35966164
35986137
35984088
35985179
35981911
35910566
35984910
35969934
35420169
35979987
35904402
35981751
32424901
35847394
35944593
35876611
35977946
35925936
35970489
35975214
35969014
35972781
35974853
35977147
35967823
34456773
35652617
35976173
35974038
35976636
35976587
35874423
35904338
35974645
35966611
35611910
35972913
34434977
35970941
35970966
35973738
35844615
35970408
35975140
35972101
35973493
35974607
35974653
35974475
35971297
35808944
35971656
35971895
35974248
35973660
35973927
35974184
35973818
35973872
35545935
35962142
35969282
35970697
35970709
35966139
35970326
35681133
35956962
35870661
35826926
35675589
35962697
35967163
35670816
35969215
33902072
35827003
35477744
35952899
35874388
35815979
32343500
35402385
35967673
35973766
35956903
35973343
35778819
35812646
35939774
35973012
35694377
35971676
35972892
35971332
35971892
35972512
35972543
35972361
35972513
34736343
35972282
34202991
35793903
35972301
35970977
35971842
35949518
35971393
35975254
35993023
35985056
35965846
35848956
35938652
35963652
35562823
35992659
35977138
35988419
35977006
35984011
35992283
35992230
35990399
35992108
35991970
35992054
34829207
35893431
35989416
35976568
35990471
35952672
35953676
35952531
35952514
35952185
35952714
35754999
35866668
35951904
35951694
35907113
35951857
35949825
35290458
35899331
35773792
35931575
35873314
33838333
35879781
35373494
35924958
35157257
35941841
35300513
35946156
35822915
35955710
35960863
35961934
35878267
35961584
35961729
35914423
35961295
35956953
35961140
35941871
35958177
35952158
35945301
35959582
35750211
35952037
35935450
35848885
35624187
35955932
35957315
35956161
35957111
35950215
35949805
35701280
35948878
35948484
35390222
35842123
35899801
35941163
35928550
35944031
35891543
35914409
35902333
35873493
35909304
35827722
35758876
35940393
35940341
35774964
35939249
35937878
35923859
35923870
35955887
33715603
35854252
35919960
35953324
35956262
35941366
35875606
35956627
35950422
35956186
35955968
35955923
32822887
35476725
35898066
35955331
35913998
35948548
35863698
35953717
35954227
35954130
35953955
35952453
35967828
35953180
33543518
35884588
35894560
35420382
35965080
35966225
35966172
35934128
35966138
35780900
35670248
35963092
35952942
35944284
35962081
35929659
35963121
35956677
35963297
35963227
35949112
35765975
34849788
35937227
35906575
35923965
35932813
34263363
35933431
35933218
32165916
35930080
35920924
35885158
35387753
33176997
35913881
35929821
35929696
35873319
35929135
35884343
35851264
35864320
35860756
35926758
35926289
34499621
35908777
35693576
35926002
35853763
35809337
35846132
34729624
35923626
35922687
35920849
35913665
35922764
35867660
35921296
35806320
35918243
35919344
35870283
32326661
35916599
35876445
35915960
35915956
35330005
35915700
35915421
35555842
35910715
35873015
35901423
35781197
35910864
35836330
35909219
35901289
35871682
35863863
35907924
35882895
35905599
35905654
35853690
35901869
35905988
35883862
35906485
35902403
35853966
34473810
35890804
35867928
35868002
35834263
35703811
35866454
35858579
35712249
35855396
35381691
35721319
35840177
34432429
35864230
35855986
35864093
35863348
35863540
35863550
35862729
35836132
35860894
35747030
35853325
35860304
35857969
35838827
35901425
34181168
35897731
35835671
35900828
35874041
35866683
35891566
35883431
35894030
35899153
35896844
35812888
35896941
35873353
35896598
35895584
35895150
35893847
35893014
35894469
35894442
35862607
34952205
35848575
35874715
35811846
35876784
35866833
35882584
35828192
35881346
35879187
35864806
35868520
35879754
35852499
35868103
35866622
35868741
35568184
35798754
35813144
35875553
35875503
32978147
35874820
34506030
35785827
35873852
35873608
35814407
35873137
35608508
35872642
35872198
35871759
35870986
35871039
35858621
35852650
35870486
35870817
35843696
35868414
35809771
35868975
34157945
35843675
35695569
35866610
35868505
35783655
35240219
35893123
35775103
35843700
35892865
35891121
35784237
35884040
35588481
35542027
35583495
35888077
34495828
35887495
35887107
35883532
35886448
35876764
35871065
35845959
35265471
35659729
35884694
35884344
35884313
35883964
35849455
35849200
35847085
35431523
35847410
35843153
35815337
35845319
35846052
35186154
35782004
35844138
35668341
35813575
35845222
35844935
35795077
35844103
35844425
35836195
32779968
35820801
35843409
35843641
35842895
35843113
35842744
35645787
35836366
35646394
35811630
35795356
35836377
35835730
35839463
35841347
35834678
35821530
35779850
35840299
35840786
30755737
35721002
34158763
34501369
35835676
35791505
35839158
35838392
35838938
35813208
35843656
35857955
35858794
35553176
35857535
35855096
35857094
35857049
35856963
35856900
35797869
35824352
35834813
35743470
35788361
35845449
35853761
35849994
35852023
35843901
35847011
35850527
35547901
35801901
35837346
35838056
35837181
35814358
35766751
33299478
35782314
35837009
35835125
35800870
35836160
35727992
35821666
35820947
35754742
35836055
33758662
34769860
34693529
35822408
35806778
34912363
33615749
35803380
35781674
35811686
35814957
35814462
35783538
35689270
35717515
35813292
35813294
35292414
35812207
35767290
35770968
35812217
35812200
35778113
35811812
35771238
35802864
32080350
35806883
35810206
35767230
35809559
35783722
35777480
35808056
35807163
35808203
35807953
35791047
35807542
35754653
34076594
35764385
35805514
35752400
35805365
35803401
35744108
35662448
35801214
35779122
35802975
35770311
35732438
35798056
34774328
35801368
35801053
35765310
35813325
35806421
35823693
35565835
35723529
35821714
35819838
35822699
35820129
35308137
35815426
35805346
35820811
35751654
35816179
35658062
35792614
35788773
35779878
35810026
35458129
35808818
35815030
35814978
35810994
32161783
35466780
35709008
35799476
35797588
35797702
35797848
35797406
35797230
35796261
35797126
35796946
35796403
35165345
35793268
35783819
35792551
35794152
35782947
35652876
35792521
35782912
35690465
35236106
35791437
35780701
35790599
35789856
35789721
35789965
35788992
35789419
35623811
35779959
35780146
35627321
35787104
35681162
35782814
35783011
35785671
35779299
35785719
35783989
35781315
35696532
35784731
35774432
35785022
35780386
35783004
35784224
35783889
35755423
35784298
35783352
35703483
35783195
35783457
35783175
35783193
35782566
35781944
35782753
35666421
35781772
35737777
29442758
35782061
35781861
35781589
35781351
35781333
35781332
35777766
35834483
35824852
34202955
35814938
35832637
35802177
35830506
32911906
35830545
35829877
35829128
35829270
35770869
35784674
35828588
35825562
35804426
34487019
35827129
35825846
35520655
35824760
35824479
34135734
35823097
35654368
35629271
35748252
35613828
35749753
35520647
35726181
35752607
35751057
35707845
33785619
34788619
35744291
35749370
35749793
35737762
35744217
35688345
35668655
35750948
34605097
35750434
35697833
35749903
35749696
35752474
35774774
35775780
35739202
35775596
35645728
35774938
35714669
35767296
35772024
35774297
35771447
35689444
35770038
35447147
35771913
35772552
35773227
35772754
35729359
35125840
35741713
35767448
35770773
35741848
32646750
35710122
35490896
33833687
35653370
35654988
35758005
34003791
35753274
34310393
35632375
35756539
35716201
35752561
34886662
34372928
35756252
33677429
35755964
35754836
35627744
35754463
35753964
35753900
35753627
35780871
35778358
35595155
34636155
35752973
35777955
35769932
35687321
35721615
35777915
35779634
35779528
35585027
35779140
35779673
35777364
33205576
35770516
35693187
35677879
35500549
35717275
35777302
35777460
35300269
35726125
35767202
35768680
35768550
35768389
34804893
35766216
35762723
35765028
35750024
35696437
35765352
35641802
35763219
35764808
35677888
35750242
35731327
35763249
35763269
35763210
35666489
35747592
35751990
35750899
35736142
35738460
35738548
35738508
35733644
35340998
35720387
35737532
35721232
33803704
35694846
35712377
35735600
35735322
35702986
35725522
32686684
35732617
35731706
34420749
35712640
35731323
35720383
35621112
35724355
35749403
35748701
35747645
35748345
35744992
35195412
35743795
35745388
35731096
35715624
35722926
35721810
35743700
35695573
35566781
35742986
35738428
35741364
35741277
35732723
35694301
35637477
34741068
35738463
35733201
35708448
35721495
35730210
35726186
35567754
35650629
35696017
35725788
35720690
35365230
35601783
32697617
35678830
35726875
35724126
35715385
35722952
35725301
35696040
35724936
35724405
35724482
35724402
32847827
35724255
35573706
35719809
35718972
35716880
35719215
35089274
35713947
35718955
35718883
35718726
35717068
35704697
35718248
35667017
35712451
35716286
35685778
35715913
35714698
35679249
35714739
35714943
35707821
35692679
35714093
35668225
35723733
35624062
35723840
35722551
35673539
35722419
35616564
35018629
34983517
35722538
35684495
35589684
35722319
35684431
35633185
35652534
35719876
35630637
35656679
35721436
35720166
35720394
35670402
35718394
35014614
35704551
35699083
35704825
35575623
35702607
35703436
35702695
35552987
35696977
35702198
35702912
35460448
35696356
35620144
35702689
35677412
35701586
35404039
35701582
35167175
35701270
35700923
35699849
35697957
35712197
35711427
35713010
35602797
35702648
35712676
35685171
35712365
35704097
35681151
35697630
35520456
35686776
35709779
35603400
35709095
35592192
34105647
35681488
35707796
35706375
35707463
35688449
35696589
35585180
35687490
35687795
35686500
35681892
34433422
35686996
35686432
35686685
35686613
35686227
35686501
35684084
35686480
35686134
35685548
35666316
35684652
35682802
35677468
35665465
35676952
35684766
35684124
35682747
35622466
35682542
35678060
35681704
35682184
35682034
33522696
35681356
35680433
35644189
35620497
35680133
35560134
35456483
35678462
35659149
35654879
35667966
35665196
35677387
35671764
35577378
35676630
35623759
35599370
35676596
35692744
35692630
35693320
35693138
35692538
35646011
35691195
35687275
35691698
35692066
35691705
35691211
35691076
35272196
35557333
35687949
35687645
35690209
35689322
34793754
35688005
35688918
35688501
35688191
35688592
35700293
35700301
35700043
35698775
35688974
35698310
34322335
35644405
35697540
35536705
35696582
35696572
35696578
35600720
35695825
35696050
35669522
35686470
35690360
35611650
35691305
35693923
35687173
35616554
35689333
35668494
35666094
35667503
35659726
35667146
35642409
35666337
35666467
35666624
35666296
35654967
35600023
35333490
35664502
35660124
35658337
35664203
35664106
35663723
35661367
35663026
35337934
35661797
35551781
35652033
35667270
35637431
35675814
35614585
35674743
35652803
35650421
35586394
35618840
35658681
35672024
35589431
32927689
35671255
35671079
35642527
35078128
35586038
35657467
35510248
35669312
35668807
35669284
35668910
35667848
35658468
35660874
33720596
35186250
35656162
35622311
35622160
35224094
35647683
35659616
33765550
35659244
35637084
35659105
35658107
35656989
34620617
35447880
35650572
35258969
35655153
35597857
35614355
35646651
35644836
35657922
32111066
35657074
35657062
35639059
35656286
35654513
35654266
35652898
35577065
35652407
35650121
35652291
35606067
35648358
35624235
35647762
35646448
35649535
35233370
35567644
35649134
35648372
35573918
35647620
35633329
35629399
35630811
35626415
35591844
35630324
35620579
35621955
35610895
31095406
35629218
35623118
35173088
35627256
35627236
35623392
35626257
35576011
35624628
35620145
32642469
35620836
35624718
35623934
35624701
35625147
35617737
35027930
35629269
35637345
35636583
35638817
35637891
35638373
35593774
35525637
35626555
35637560
35637542
35632264
35577371
35633945
35620552
35292641
35635671
35614885
35633664
35635017
35632756
35631771
35648109
35643872
35642779
35378232
34972645
35631972
33541581
35646559
35645987
35645498
35458926
35599916
35645895
35623766
19658213
35644783
35644958
35549749
35643931
35640857
35644334
35643243
35641276
35644154
35637424
35614542
35630369
35608491
35595537
35607521
35615081
35642586
35615694
35642717
35636128
35641617
35639094
35421274
35642510
35642385
35642282
35061205
35642161
35642153
35086116
35639969
35641791
35573959
35641454
35396769
35623354
35624155
35624177
35422952
35624208
35609585
35623432
35623568
35599882
35621288
35623179
35619692
35623603
34502966
35622252
35608399
35622531
35617402
35621111
35622951
35622213
35622623
35611631
34378360
35622545
35622411
35617554
35621888
35600300
35620634
35620796
35621443
35621495
35621419
35621075
35621158
35620517
35617379
35620822
35620643
35620537
35426240
35617658
35619757
35618273
35619096
35617825
35618968
35618651
35593120
35613479
35617243
35615168
35616924
35616474
35615938
35552096
35609372
35615929
35595705
35468469
35615124
35612554
35614451
35614930
35614899
35597503
35614035
35612331
35609439
30535783
35611609
33303762
35612795
35612027
35605162
35604338
35602252
35486430
35532098
35603367
35595579
35501892
35223187
35599977
35601185
35577716
35558958
35387532
34601481
35600275
35600838
35600645
35600263
31857802
35600606
35599852
35598660
35575455
35443372
35595641
35611129
35612023
35609094
35600785
35595346
35607726
35608947
35608842
35337509
35608149
32468999
35607480
35600977
35600483
35495332
35597008
35604092
35558190
35574928
35606150
35420334
32161962
35582393
35605861
35598939
35599033
35597287
32232530
34125091
35598083
35595865
35596880
35561045
35594839
35595970
35594884
33571608
35552686
35594991
35592648
35593542
35573196
35582338
35405861
35593226
32434307
35369033
35592300
35593073
35593146
35586781
35587950
35592355
35441803
33699518
35591428
35590700
35591382
35487387
35572025
35589040
31621327
35584138
35588916
35587677
35589059
35569804
35588702
35573206
35583449
35520672
35417348
35286878
35333959
35426161
35273405
35586197
35585204
35584129
35583681
35582510
35553154
35583795
35583924
35519024
35553450
35582763
33574536
35582591
35575416
35580920
35581744
35578486
35580046
35579838
35579845
35579613
35556309
35578507
35570574
35571419
35570543
35568603
35018203
35560164
35568869
35568029
35553663
35512607
35540747
35549785
35502163
35568987
34646605
35499237
35546896
35556952
35568008
35567786
35567039
35568148
35567050
35566152
35534029
35556615
35462831
35554564
35554825
35554832
35468540
35276375
35551917
35549391
35516869
35552913
35552861
35552255
35450553
35552036
35552087
35551893
35518422
35549791
35549422
35550567
35550141
35550189
35550188
35549377
35558251
35548947
35565399
35546085
35513502
35250793
35557812
35564865
35563762
35459605
35464154
35564130
35562280
35562746
35562396
35550992
35549481
35555510
35559752
35559182
35550651
35558319
35428098
35519360
35554611
35549700
35513567
35078515
35515320
35112620
35542172
35538191
35450973
35546850
35543281
35399437
35546630
35495471
35492190
35545098
34921895
35545540
35544892
35513671
34609331
35542709
34776068
35515047
35518867
35504953
35578106
35575898
35577639
35457936
35576708
35577041
35551368
35575769
35549380
35566975
35575182
35467873
35575065
35573553
35574571
35571955
35574729
35574397
35520637
35574223
35560800
35273769
35571236
35573086
35572533
