28466663
26738352
7635529
2523474
21912860
14220194
13151853

26092473
30521998
35583504
35583389
29087346
19975604
7361313
35566999
16058283
28574113
30288292
35565828
1421905
7360939
1422137
1606230
35513507
35490945
8236625
21903684
33001961
26508175
33028538
31073448
7799847
22211830
35254681
1449210
30372950
28504619
28598323
13690791
13307251
31518039
29811549
3974260
34673829
34338337
3023129
29128638
29035150
27985273
27356657
31144495
20037904
11835411
10569922
34096994
34124932
20429367
28970618
30747094
21904963
15931128
22877284
13296742
33253607
33744482
33712448
33685674
33685609
33659304
31188304
28170289
29388050
33253552
33292968
33291732
33291740
33291689
33291666
33291654
18494642
33259241
33255115
33254342
33254058
33253946
33253866
33251157
33250970
33250933
28466600
26541796
1421918
26675621
1523719
28955183
27354519
1423769
9272718
10959717
32402097
32271964
23222231
9763379
31680853
32216746
4277370
17847969
31933988
30288216
31918292
8865716
21812753
9791201
31478104
27129442
28152956
31073714
31562011
31561936
31560443
31518049
31163200
31481593
17635922
23529897
31044931
31073532
31359532
31371680
10959473
31365044
31364827
31216012
31258409
31230323
3974295
1503531
31217560
31215645
31164806
31162723
23529706
27128560
31165808
28466657
31165205
31164945
11599892
31164441
31164095
31162215
31160242
31144914
30439118
31144379
31126054
31124366
29412580
28686482
31073142
27357903
31045023
28112556
30746744
30747203
30747145
30747059
30747015
30746981
30746896
30746822
30746684
30746446
30746400
30746329
30746283
30746142
30746042
30738608
30738580
26737208
30647095
30634479
21931467
30622019
13750944
30512726
14074899
30458250
22188668
30457416
30436030
30443019
30372977
15163721
21676398
27128678
26941709
28300539
30050176
29967256
29929140
29564506
29815058
29815025
9054417
29558353
29536410
29089640
29412539
29389443
29388310
29388231
29388185
29388123
29207222
29128885
10408537
29062287
29061992
28574245
15495134
23868794
28649039
28648807
28642929
28624953
28598141
14822539
9729244
28504659
1421954
28420859
28209102
11569398
28036121
27962907
27919817
27879195
16217110
26685695
26780492
9146604
27395607
27246392
21907501
27353749
26685732
27209786
27279722
27246369
20599119
26940574
27129581
21798408
9540561
10408437
26868454
10253773
14072233
26738235
26738345
26565319
26522553
26508208
26099519
26094412
26091342
26090423
26060447
14766900
26021097
26002185
22942451
4283015
5081587
23418879
19139835
23027724
22733804
22948404
22877312
22749064
22747295
22562812
22468609
17283049
22316387
22236244
22234866
22217394
17771971
22033353
22046993
21797990
22011473
22001518
8742512
21930949
21913159
21925914
21931320
21926177
21890091
21872274
21802283
21792382
21794783
21794676
21794652
21794623
21794596
21794572
21794534
21794311
21760874
17645489
21638660
21180220
21012145
13051616
20608258
19550640
20042554
20043689
9729308
19993959
19550511
18834630
19092580
18686759
18278487
18075140
18033176
14214166
10120234
10959541
13546831
17743829
17662758
17662702
16991484
15744705
17282704
17148335
16152809
16870325
16827243
16370951
16506094
16298977
16173235
16058217
16047824
15928963
2724290
15764701
15762953
15731992
15752643
15727522
8937260
15599796
15133746
10333477
15409771
15413515
15342793
15304331
15245714
15244975
14455511
15209676
15209541
15209136
15184872
15158991
15157657
14939659
15059495
8868366
14759180
14758924
14757601
14729054
14539012
8956816
14219004
14117935
14117648
14050625
14115934
12307737
14042784
14081828
14079721
14079683
9366694
12683753
13712850
13220234
13203831
13179385
13108381
13146983
10109696
13051756
13044392
12825066
12829988
12830131
2908814
9455697
10927751
10314883
8967820
10364019
10314991
10333348
10314623
10253753
10227085
10140703
9729428
9729390
9427977
8381256
9101649
1971764
9101550
9455728
9263481
9257529
9101612
9147527
9146271
9002248
8953279
8835549
8900314
8897807
8865612
8845586
1421614
8844379
7615695
7769447
8393798
8183042
8216181
7683429
8014491
2166669
2370377
7499759
7541357
3115327
3242034
2940374
4240124
4452284
1818614
5426088
5427241
5427303
2186418
7562486
7623865
7688488
8010552
7550640
7436490
7435580
7423445
7412804
7412750
7363053
7362689
7362114
7362029
7361865
7361752
7361584
7361226
5143700
4905572
3759463
2422098
2146058
1818608
1992613
1971821
1926610
1826622
1818573
1728764
1728773
1728769
1728768
1728767
1728754
1712015
1608476
1607916
1607807
1605925
1495388
1422134
1516295
1421621
1421594
