35444052
23499097
35344257
35345051
35138311

36031567
36032698
35377671
36029966
36010148
35507014
36021429
31486080
35989186
35453306
34560179
27346679
35968343
33300569
35853752
35596414
35041573
36031909
18409261
34442373
33936093
32380661
35197858
36008897
35737078
33056399
33414450
35648239
35997730
35988711
34498113
33367143
29108456
23194106
35001855
35955981
30941150
34665824
35954574
34258965
31678364
27617550
35590225
35543266
35168698
35885045
35879699
34865449
32373879
35550470
35994277
30782989
26858039
31522899
34076966
35971744
22775166
35873309
23016530
27388646
27889545
35570787
34652379
31682151
34074021
36002200
34798701
31176312
34019592
35619469
36005228
33958466
33423473
35753228
35940397
33425030
29698193
33818714
35977705
31133541
32848828
34211066
35157730
36017588
35294952
27364825
34552162
34619907
34930267
35619462
35004293
34175089
32520870
33982205
35627638
35972131
29188796
35087479
29218583
35656534
32058325
36013826
30616607
33989149
35637858
34514871
35459431
35777353
35403416
33973977
35530312
29973560
23061108
35500046
35588315
35916964
35968829
35232583
34841475
30899332
36013016
34893537
23979438
35902680
33351675
27401994
26617743
31195872
30471857
28188569
35659710
35500775
16751320
35939113
35620101
35906022
35957266
32119451
33461436
35704204
35127482
23489397
31275489
29044020
35803656
35453315
27244325
33295083
29220134
31126256
30234850
35809275
34807248
20672781
29617990
35576937
35681556
27483476
29756748
32961828
23888358
27685952
35530637
35426644
35064944
33622304
31288055
35582282
35615885
35902561
35129294
23163484
35670931
35681202
35263332
30216810
30843488
31091073
28008531
34103766
33833557
32446568
34887376
28781962
35627832
35255431
34499190
35433275
34405517
35734563
33643268
29424295
33890489
35437672
29850051
35242751
31115881
33706694
35643568
26679484
35890940
31750613
31018064
34828450
34380726
34276174
35573377
27199389
35281244
33085844
31882833
31104493
15898335
28718597
28486062
22361379
34929095
35082953
35247079
34582731
35376328
34872720
32511964
34774042
34597963
35006300
22830354
34164064
34077680
28409658
34948130
35601145
30656654
31171031
27990909
35869911
35687963
22168700
33789926
35585424
33175474
35860309
35864073
35124411
33478885
35858714
35829118
33482215
28598256
35160915
35359514
30331890
33133889
35622540
26973039
28422326
33069015
30753067
33713507
27514042
31316243
35212029
22853674
35581808
30145412
35302844
35650096
34183227
33240471
32469729
31995425
35726402
23302441
27809254
35564105
35691680
35175504
35136820
35001390
34847147
34459583
34454713
31491458
31500723
27083361
35621773
35548441
35378125
35323055
32143290
34504954
35658298
35556765
35508653
33671770
35620896
35250591
35724696
32938869
35679456
35734655
34311279
33006576
33678084
35524025
32988600
35532546
35117715
35544953
28123335
35413590
35731502
20043143
35734132
35582679
35566055
34944651
28072190
32313757
33838069
28580605
34975397
29574917
33824772
35211974
35499307
26060708
35292182
34150534
29092583
35358749
35249697
30676651
35235705
35410129
35318567
35373127
34807115
27892708
34846563
33053127
32041256
35471725
33834816
35051272
35408598
35341492
28192327
27982999
34386667
28246836
35516248
35438561
29061442
32734453
27581625
35529040
30075440
33846426
35461605
34312895
30425605
32521960
35477245
23826663
35519622
34246132
35416072
32269717
30308602
35516228
35643498
35660154
31181150
35478642
35542918
22796108
35646258
28015432
35643377
32254461
28166896
35379258
27353296
33966251
35015031
35340401
23111113
35118848
35613400
30848899
35517188
35620970
27341023
33131453
32476551
33605634
34180943
34864251
23061389
35431969
33338154
34549046
35453074
33537854
35073166
33505862
30647046
34388366
29438450
27321760
28802366
35136853
35385149
27504332
27834709
24140364
23858534
35236979
34187538
21006373
31423259
34931775
26848916
33731102
26728527
33408170
33535840
35606015
35048747
34829632
35606556
30773150
35562956
35330646
31602494
35231379
35480386
35547874
35564592
35559087
32139387
35431232
29355763
27552635
30618176
35302773
34375286
10025908
35181941
35362837
35373454
34415320
35199803
33137262
23277687
35085132
33734809
33446124
34552094
35297934
34735360
28144393
33828308
35355531
32956295
35323451
35089696
34263551
21255913
23487168
34022170
29056256
35266359
35124329
32221269
30297551
32098009
34565428
35256550
30836729
35038487
35243297
35200445
35223768
35168941
34946882
28556503
34433917
35227903
34083697
35205258
34946280
35172988
33338541
32945634
35161468
35326908
35318000
30785477
27344542
31742955
35206091
35232755
34977022
33463004
35269506
33395590
35226201
35191382
22557315
23803076
35189589
32328892
35275443
34409762
33411973
34539992
20525323
35112072
34483999
34473259
34465792
34441188
34368125
34353754
34322202
34319673
34316701
34315780
34311653
34307659
34258925
34252030
34239321
34234250
33873542
34223685
34214626
34214075
34194731
34194501
34184713
34183501
34181797
32346218
34764227
34816372
34977561
30536299
34198713
23217473
34881267
34987557
33899199
31726417
34976282
31932176
34937823
34898437
34772002
34765684
34748570
34669441
34641077
34608391
34506621
34504008
34503368
34495726
31080354
35020686
35163812
34343380
34141575
34955991
23328286
32544143
26733008
34516312
24163135
35059046
35110922
33305058
21794075
34546573
35041250
35086316
32710990
34584034
34192294
35052955
27365425
30588190
33715863
28174358
28855373
35210332
34546717
34023091
27192590
28931283
32963891
35067523
34376499
28418856
34863672
30361201
31184303
30941121
23449473
31178563
34868725
35087116
32136644
35043242
34514925
30285185
34201486
35121154
34171623
34169740
34108504
34075256
34045274
34015253
33987514
33987109
33984189
33968133
33955787
33942566
33910720
33904566
33873009
33871628
33867439
33854666
33852311
33841525
30545085
33827672
33817908
33799246
33798021
33764967
33762456
33751457
33744496
33744178
33736868
33709351
33683515
33665132
33655738
33647947
33613948
33549797
33443047
33596248
33596136
16608660
33571614
33545190
33539886
33534677
33275552
33525328
33523966
33519865
33513655
33512916
33512688
33503407
33500288
33494390
33487897
33486541
33472996
33463168
33463028
33461973
33440992
33436515
33432373
33430219
33429756
33414403
33414317
33412878
33409710
33407232
33402661
33390244
33382611
33380619
33377695
33362296
33357411
33355577
33347385
33341329
33331868
33329822
33327862
33322521
33315245
33299087
33297825
33297164
33296191
33290694
33287676
33285078
33278979
33277092
33264510
33262431
33261833
33257916
32870573
32867494
32850256
32821994
32809846
32790178
32787306
32786891
32763635
32640270
32592052
32546175
32529735
32498547
32479481
32475946
32460658
32454097
32439560
32424393
32410323
32341034
32311244
32282232
32262671
32251315
32244278
32164875
32134868
32119253
32109741
32108590
32084020
32063522
32007988
31993149
31985711
31942080
31762571
31752383
31738999
31675926
31675892
31669916
31619319
31611226
31595327
31581241
31575719
31556936
33060693
33054226
33046927
33039613
33034224
33028976
33025111
33021593
33011380
33007144
33002411
33000069
32972364
32960899
32951725
32947484
32937716
32930306
32926088
32913308
32911235
32901878
32894298
32880003
32874915
31460584
31390858
31382337
31381128
31380812
31307689
31254876
31177619
31156830
31149775
31132181
31116621
31104003
31088166
31037413
31012468
31006585
30834459
30775824
30735751
30710334
30679015
30674092
30651372
30545844
27822414
27753313
27746801
27687782
27685885
27641606
27609332
27561994
27533876
27509664
27312438
27189784
27061331
27051911
26975496
26960573
26917301
26853898
26796869
26754676
26690962
26524238
26103658
35054716
34931585
30527314
30521691
30467814
30465711
30398513
30393111
30381290
30356783
30280603
30260005
30138275
29981662
29930412
29926597
29895569
29891832
29813901
29766525
29729425
29718517
29551458
29543360
29506649
29460777
29394195
29360052
29354118
29351324
29321277
29282774
29266541
29237487
29153226
29151733
29148526
29044479
28875785
28851737
28849816
28750012
28742460
28639257
28534044
28518660
28498323
28172063
28123136
28095099
27980285
27940261
33247547
33247100
33244752
33241838
33239450
33234109
33227743
33226719
33225974
33216475
33190438
33187425
33169822
33164898
33164079
33161015
33151396
33141084
33132313
33106334
33102951
33102699
33096120
33072364
33070532
24067664
33543709
23286263
34943688
34948465
29229462
34943205
34940659
34941047
34941258
34921408
33999314
27605878
32170300
34920159
23278345
31162403
19349739
34913005
34904587
34271269
26906552
32414905
33825059
34879079
34996978
18362570
35029217
33943922
28967225
16750752
32376970
30717318
34939318
34866053
32892036
34947182
33638854
23356907
35002053
21467121
33771853
23439621
34940316
33697668
27106111
34376990
30215187
34820060
26036988
33875710
34239384
31902907
23495929
21837432
34171226
32710452
31248403
34619462
34656961
34661375
34697417
34241112
34554521
34682084
34514335
33714304
33679009
34520041
34528152
33267063
34391976
33846637
32327162
31775576
32380985
34454047
34670369
33343181
22517296
34103916
34611156
33891416
34482491
34424567
34561284
32503472
33862848
34516790
34335429
34308380
33851071
34136299
32306540
34498748
34422758
34497667
34503657
34477870
34134948
22388488
33976980
33235930
34821875
33867730
34852935
31559371
33189029
34319109
34687702
9827942
34515994
33983201
34249151
31324366
32894048
33138024
34812522
34057565
34805140
34458361
33814939
32950116
34026670
34196436
34442442
33875970
34498756
32530364
33899584
34460671
34184388
34241151
28923211
32903312
23777346
34264270
34419905
30829645
34393874
34385344
33755028
34364923
34398954
34397347
34389191
21851224
33330354
28872071
34381218
34369298
34359710
34333296
34330671
27463576
34299223
34226668
34312281
27708505
34232475
34324843
34319457
33033972
34307155
34315160
34239500
34295680
34286490
34295543
27106505
34181312
33528361
33209323
30682550
34168237
34265181
34257438
30999125
34250002
34258457
34211433
29704382
34205455
34216223
34183942
34157321
32623002
34190839
22252189
34186506
34136209
34189092
34185504
34182271
33253123
32493467
33233460
31871072
23367821
34195302
34163897
34192228
33956910
34178652
33193304
33572147
33963073
33652306
33746660
34177455
13903785
34160422
30680601
34166502
33523113
34166261
33205016
34102515
33452107
34068262
15904634
34007288
33947295
34087483
33217205
27388293
34110580
21203928
33383910
34070678
21477851
32664946
34017617
34085694
34080093
33675382
34063817
34075398
34076879
34076422
23409136
29749422
34066520
34055449
33941457
29589310
33461451
34027060
34019001
33145678
33727932
33827965
33861477
33860485
33794378
33227934
33113686
33604988
33820627
33475113
33667651
33613261
29609576
33817834
33365263
33572011
32263807
33746582
26901134
33375816
30676166
33522394
31816157
33693147
33738114
33486899
33669796
33478277
33487517
33665539
33030134
16504315
33659320
29667891
33566247
33500907
33651181
33622321
33621455
33629723
33625562
33608964
22258008
33412553
33472588
33580670
33585260
33472108
33593579
33592269
33556251
33588107
33581253
22561157
33577508
33508643
33573169
33395211
33348653
33480729
29006960
33490121
33573258
33536436
33574231
33407576
33568824
21665162
33546871
33341860
33569531
33567800
33548571
33549314
33550479
33134871
33374037
33734058
33678499
33743582
32082569
33742829
33600612
33035214
32402604
32962109
33654295
33595113
27104172
33723168
33713456
33600769
28555607
33704777
33296044
33652943
33686190
33661708
33684353
33567647
9778188
32803933
33544889
33401067
33508919
33511088
33456663
33493310
33490423
23428151
33498718
33547366
32773205
33303631
33511713
33545323
33524010
33521720
32545377
33434649
33484626
33530856
33509252
33510117
32574730
34006645
33086492
27983532
32639351
33990234
33600866
32712338
22977954
30251631
33451848
31392494
33834432
20364656
19515321
24025680
33856629
33898915
33824272
32983839
29114518
33737132
33758162
32998322
33562526
33535474
33130592
33147860
11618687
33446156
33407790
33241369
30793870
33357846
33437349
33435622
33415604
33405179
33428316
33427414
33427534
33422989
33419747
33399733
33417137
33423095
33288768
33417046
33420590
33419151
33351554
33417661
33336256
33416067
31713869
33411156
33400638
33261323
33409738
33406772
31778452
33394262
33401597
33399469
33387476
33396495
33374371
33389350
33363142
33389648
32923677
33378939
33330188
33250203
33361319
33377254
33373668
33204077
33367922
33312044
32587496
23815450
33366581
33341207
33299272
33320782
33352192
33353755
33351325
33342148
33343164
33255025
33334868
33235929
33287150
33147173
33333967
33315939
33333636
33296935
33302057
33327183
33325870
33272077
33317978
33222215
33131432
33303974
33308778
33306995
33279233
22605088
33298553
33220367
33302788
33233358
32140254
33297494
32636234
33296307
33254023
33221754
33222714
31623883
33283494
33287307
33206780
29019066
33285760
33278268
33217583
33116540
33274714
33218120
33257048
33208921
33195146
33113646
33257491
33228485
33257603
33256082
33255281
33157671
32730644
33166572
33203448
31843709
33246492
33233142
29264418
33471727
33471650
33459838
33435926
30898473
33458647
33469827
33465109
33291703
33467822
33461829
33461077
33465578
32059085
33462296
33297842
33444584
33211758
32722726
33305171
33447078
33455356
33452864
33447896
33448728
33424515
33396338
33460059
33499874
33497387
33407435
33496920
33496706
33496606
33381945
33496568
33493039
33471925
33338428
33487521
33459718
33486203
33005280
33481589
33472402
33432754
33480220
33476367
33175455
33458429
33528235
33517480
33482916
33488248
33515866
33482891
33147935
33147830
33299687
33515475
33519583
33499098
33218402
33322656
33486134
31741958
33462417
33512951
32799686
33486350
33379082
33480923
33369868
33501330
33500068
33169360
33163387
33147394
28677937
33162940
32628934
26012717
24175868
33136007
20072351
32959679
33143154
33130256
33051286
33109114
33131098
33150268
33144317
33148950
23733306
23641578
33126531
33137910
33123298
32422725
33083609
30580007
33077995
32895419
30279259
32983777
29603487
33031652
33072196
33049402
33065137
33011230
33059839
33048184
33020384
33041595
32891480
32876968
33028088
33030931
32994196
32935576
33021730
33017816
30545959
33131553
33130885
33126692
33127826
33118063
30888198
32881162
33033822
21170512
22442210
33117000
33088797
27659034
33102027
33105493
33025005
33085458
32723112
32945037
33081456
33102689
33046274
33088674
33062651
33088538
33204630
33116197
33154821
33212011
33179402
33174077
33106021
33190436
33166027
33201493
33157614
33127405
33174335
33039328
33153445
33076739
33181280
33136820
33172497
33160934
33144767
32902683
33170838
22876976
33162072
33126929
33206061
33242204
33227852
32660588
33240530
33228178
33237065
33220825
33208278
33231547
33232726
33227166
33232304
33226051
33177658
33227052
33035025
31624034
33169712
33219920
29289655
33222551
33204873
33219013
32980664
33000615
32991306
33000214
32999483
32994030
32998920
32788186
32974215
32994535
32993962
32948175
32986875
32967771
32973485
32987984
32985109
22849149
32885814
32976234
32982057
32972243
31877790
32868078
32967962
33019928
33026217
32639132
33020836
33017040
33009089
33019321
33017936
33001204
32647729
32947449
32809694
32843875
33009192
32998891
33009451
33000057
33008403
33006979
32957849
32949107
32958912
32908214
32908605
32966594
32911401
32031314
32979313
32975530
29221662
32967820
32967537
31831749
32959314
32961753
32619374
32429332
32961212
32958511
32933169
31151255
32949955
32953419
32838022
32858641
32948343
32927970
29182795
31798219
32837703
32812395
32814763
32814504
32809206
32779648
32812106
32795211
32789758
32796757
32791083
32790883
28817044
32802845
32567157
32793904
32804156
32804687
32794214
32635894
32803244
32801274
32801181
32802010
32800079
32799048
32797724
32863062
30313569
32861288
32859504
32837727
32851610
32855607
32854100
31453075
32833944
32851025
32825310
32733567
32819437
32847903
32847511
32798668
32844486
32845270
32569184
32844967
32835899
32784381
30572077
27232831
23682628
31309374
32891209
32823440
27735535
32880196
32567099
31525490
32738557
32890966
29536019
32833159
32880264
32843851
31452651
32878550
32746284
32530297
32856671
32739957
32875580
32869454
30892852
32817469
30984813
32393357
32933393
32840278
32901438
32814320
32905479
32928646
32928906
32924675
32925237
31866301
32918196
32920034
32916848
32062261
32232590
32911895
32912518
22063794
32912936
31797792
32615959
32902755
29699281
32834380
32836906
32822989
32817773
32836003
32828822
32740919
32830375
32550528
32830074
32657689
32824929
32826113
32817326
32826183
32721196
32811271
32812618
26811128
32788040
32801238
32820593
32798617
32785849
32815942
32800687
32291796
32787134
32795330
32793648
32793822
32793398
32191877
32782261
32783185
32788569
32464356
32719912
32752156
32777366
32786199
32627486
32784965
27990427
32784009
32782951
32743018
32782680
32767324
31373499
32614313
32748557
32741578
32748992
32748588
32747363
32690240
32675723
31336144
32685237
32742483
32731435
32687750
30105242
32740224
32513946
32735547
32683371
32709233
32714468
32716990
32698669
32730887
32609711
30364227
32778166
32777272
32722650
32752565
32753092
32747418
29940064
32765585
32761377
32430748
32761579
32765984
23093207
32736861
32755681
32755543
32752402
22039682
32525560
32754185
32749234
32735849
32749985
32711600
32751531
32024776
32702017
32686719
32585770
32696348
32697063
27912110
32696314
26810077
32693882
32669700
32494381
32560177
32616003
32689692
32666583
32616757
32683925
32684161
32579938
32661700
32676835
32676226
32673201
32673497
29007950
32662261
32665930
29630918
32635175
32667109
32668556
32620218
32667369
32606947
32665063
32665403
29171558
32663013
32661768
32661527
31485507
32618461
31564304
32652750
32658160
30527123
32546202
32654775
32653667
21877890
32665717
32708908
32724882
32631542
32724579
32696541
32716813
32720817
32718485
32573802
32697052
32716996
32712086
32710698
32652090
22962252
32672547
32646692
32392210
32549457
32676943
32707747
32699422
32693317
