11156748
12439382
11486692
22618788
10364721
13262394
22569932
22162264
22570169

35987922
35997312
34445250
35727996
35854296
36017108
35959084
35926296
35997544
36014744
36031031
35988502
35888006
35771762
35769169
35787393
35784079
36029941
33587436
35739015
30095465
36012087
35921974
35975409
36019939
36008749
21897858
28550000
36025579
34009113
36024526
35994988
36005887
34917918
35091239
35983842
35774860
36022973
35952844
35792953
35341406
36021010
36020704
36004302
35794281
32123269
35974220
35986317
35909966
36017661
30744893
36017611
35976015
36000035
36017462
35209094
36006767
36016368
36006265
34691806
36015336
32075078
33541039
35985574
36008622
29543643
35977952
35703498
35996588
35968962
35991856
33518121
34284097
36011549
35784814
31355807
35805689
35910637
36009623
34890858
35752859
35024203
35967701
35958449
35614248
35972690
35262058
35787897
36003632
36003844
35996542
35821664
36003303
36003133
36002886
36001993
36001059
35987259
35883383
35983746
35950214
35981100
35982306
35896947
35954272
28392499
35836196
35984724
35984578
35959098
35979029
35984055
35854861
23147941
34672633
35967097
34976374
35978393
35977972
35958097
35971330
34236074
35999255
35866065
35998745
29038505
35772025
35762358
35963503
28576623
35832668
35997207
34605684
35995034
35968689
35984079
35994370
35909182
35885511
28639039
30841641
35838617
35766184
35809259
35962101
35973704
35172353
35976282
35851384
35955542
35861195
31985151
35964802
35782913
35847500
35971463
35969757
35965044
35963083
31815305
35970181
35910788
35954026
35954647
35968537
31149138
35966995
33023157
35878677
34650311
35965669
35964846
35663220
35539012
35785267
35742155
35922057
35940243
35887516
35875015
35735841
35955423
33982826
35950068
35918197
34447250
35953134
33470309
35951690
35767388
35833500
35949123
31102878
33146185
35870205
35847276
30091537
35845039
35748019
35402566
35795641
35774285
35839937
35340556
35779931
35902517
35397285
35830044
35897485
35898320
34756093
35877536
35894813
34170601
27631635
35892567
35103172
35885923
35778562
35887875
35199616
35866280
35883011
35677756
35753945
35877212
35880071
35849243
35838294
35745812
35482771
35873552
35873795
35736020
35872513
35872477
35835760
35847149
35869564
34963202
35869242
35771790
35867351
35779920
35743245
35860134
35776753
35837929
33866973
35861130
28822528
35862410
32311384
23840948
35804180
35858665
35648433
35797277
35845698
35857767
35796395
35856947
35851342
33389692
35841375
35850400
35758175
35634605
35816608
35947491
28149598
35835145
31992298
35941690
35843359
33713033
35869269
35931431
34908034
35871827
34921734
35873818
35869333
35927537
35927536
35246537
35882492
35895750
31843906
35878230
35775783
35900411
35907995
33749009
35807888
35820586
35820585
35819539
35818939
35818936
35818935
35817945
28193543
35808570
35785173
35798843
35802680
35816109
31440112
33126223
35788857
35783481
35714781
35804048
35777612
23234727
35813806
35781445
35773835
35807619
35743873
35711718
35805655
35810707
31856376
35770748
35778539
35801335
35747535
35807094
35775974
35791040
34134239
35795954
35786972
34353371
35761118
35786440
35681536
35774009
35786912
35771636
35751525
35748204
35850738
35850760
35746749
35812194
35849503
35696476
34562521
35846845
35843868
35762821
35830237
35713424
35753434
35688948
35841262
35763484
35762329
35669177
35835056
35817951
35838381
35838078
35837191
35837029
35808167
35794144
35732063
35799233
34485783
35784885
35775343
35791579
32193200
35656597
27702787
34352127
35784981
35792917
35774935
35685109
35771350
35288819
35791793
35771095
28821250
35788346
35792040
35791922
35781383
35786494
35793258
35783327
35835520
35791682
35813590
34644316
35834249
35798478
35826235
35831593
30704434
35781327
35822342
35830278
35809899
14421604
35715489
35742960
35822167
35820584
35818745
35771074
35805137
35821566
35821508
35791679
35785205
35791125
35762185
35789556
35744136
35784700
35785108
35778200
35784945
35772701
35787977
35772453
35761623
35786336
35785922
35782422
19510708
35774610
23751070
32627535
35783143
35785374
35782868
35731415
35109256
35779189
35649808
35782340
35772361
35777673
35750127
35671699
35772411
35745942
35783495
35782810
35782530
35746871
35782442
35747683
35781953
35781560
35781219
32274890
35598505
35780526
35431269
35780167
35778532
35780086
35779470
35773450
35756413
35685638
35778002
35743358
34267875
35771616
35778641
35749829
33820129
34056534
35773775
35322293
35776524
35776356
35776244
35774850
35776820
35747850
35775265
35771757
35702664
27824617
35743246
35762429
35765081
35767159
35759359
35741231
35766243
33286223
35760060
35761695
35761796
35761141
35748619
35748640
35755182
35763082
35763456
35763236
35763221
35761708
35763118
35762150
35762206
35762405
35772471
35651150
35772891
35730735
35745250
35763663
35761365
35745012
35751662
35772566
35772375
35746695
35771343
35731564
35771699
35772187
35751553
35771324
35740045
35771526
35762282
35658805
35722969
35769897
35764412
35776613
35743047
35745484
35772951
33449525
35715972
35764324
35775667
35772523
35775508
32532101
35768173
35774916
35773478
35774043
35761783
35774038
35774163
35774078
35749336
35773864
35760150
35705191
35773508
29467206
35762979
35762883
35762170
35762533
34673223
35762025
33293997
35761798
35761157
35761231
35760252
35761344
35281233
35743951
35756401
35759736
14764117
35753060
35756475
35756321
35752975
35742385
35755384
35756220
35756199
35755370
35744705
35752416
35754353
35754100
35745296
35742530
35753684
35742519
35752979
35748058
35749285
35752595
35752158
35752175
35751736
35750725
35748771
35750179
35751118
35747127
35750679
35746056
35744854
35744226
35747039
35745350
35743135
35746787
35749220
35738138
35747639
35742589
35744700
35662179
35745897
35746039
35744325
35746756
35746180
35746034
35745611
35716460
35745733
35743834
35745074
35745189
35743939
35742691
35716277
35744912
35744120
35745002
35744075
35745016
35742631
35744411
35744532
32935791
35743001
35743384
35740310
35743782
35743655
35743354
35732312
35740408
29713663
35722735
35731152
35732459
35731176
35711874
35723300
35712386
35721614
35724212
35725644
35725330
35725654
35718125
35722996
35725458
35718651
35723708
35723360
35707299
32751898
35721710
35723156
35722463
35716255
35722686
35720402
35659587
35685991
35720030
35542666
35720286
35721006
35714515
35690283
35700640
35714364
35714867
35681160
35711205
35714367
35700803
35635575
35711293
35705064
35706708
35020078
35711560
35712711
35712117
35712305
35699845
35706884
35711362
35709135
35690344
35594044
35682779
35708994
35708750
35708794
35705622
35681298
32686651
35707495
35705390
35701504
35699745
34528714
35374610
35704780
35698496
35701010
35698251
35704158
35701101
35699605
35685329
35703116
35701454
35692296
35696273
35691768
35698213
35666440
35671071
35698326
35699728
35693951
35699749
35693109
35699748
35699747
35699746
35699169
35687168
35625955
35698282
35696494
35692675
35697997
35676202
35697775
35688583
35694095
35693414
35696888
35681410
35595390
35720954
35720953
35705634
35714744
35720211
35713395
35719077
35712809
35690331
35716820
35718373
35717132
35719462
35716232
35626918
35715784
35684434
35718012
35696507
35706590
32945717
35712949
35701967
35711778
35682994
35696687
34389253
35117900
35696286
35690567
35608165
35654718
35686215
35695361
35693685
29267391
35694384
35690239
35693860
35604019
35686782
35685098
35393937
35658130
35649459
35665541
35689194
35685447
35691504
35606582
35674251
35673970
35636270
35661965
35656772
35633412
35664963
35631895
35672069
35668140
35671065
35644302
35627059
35669236
35655414
35670213
35655782
35669731
35668258
35668529
35665602
35667238
35665973
35651177
35692551
35692528
35691980
35682538
35690282
35658839
35691364
35682339
35685175
35686341
35687078
35673375
35673834
35491626
35682565
35689002
35689235
35676556
35644207
35687563
35683516
35542183
35668949
35685262
35676191
35669523
35656972
35678236
35624887
35682033
35683647
35670085
35648836
35670993
35651283
35603928
35681563
35674025
35680353
31057818
35675066
35676020
35661773
34885230
35677953
35651936
35657451
35633686
35671266
35668285
35588400
35637478
35635408
35622061
16631648
35621427
35633027
35627290
35623716
35567692
35579100
35606403
35627110
35616578
35555807
35628583
35628452
35557073
35621072
35627146
35581900
34279348
35623687
35624952
35620045
35647969
35584736
35642366
35645576
35645872
35637931
35642439
35647286
35628110
35348353
35627028
35644618
35643935
35635467
35642942
35638178
26856322
35620317
35627763
35634308
35640996
35628865
35630578
35429106
35637623
35622094
35615428
28116475
35615093
35605661
35620374
35620880
34917530
35612194
35590081
35613743
33045151
35614988
35580987
35446554
35602509
35480082
35599750
35593412
35601486
35575588
35609185
35257523
35601082
35592298
35651040
35624172
35656820
35622879
35601858
35342361
35658946
35638955
35607091
35624568
35633743
35577284
35657202
35652726
35650379
35497792
35601142
35650557
34629729
35651889
35643138
35650886
35650042
35648042
35609009
35642719
35665733
35665917
35628860
35628218
35657692
35651453
35658809
35614442
35564357
35660978
35664146
35662170
35660954
35631452
35661548
35660646
35661276
35609905
21558441
35661007
35658276
35660332
35660360
35660388
35599378
35580707
35609232
35400294
35607174
35584034
30897190
35568646
35606032
35605797
35563960
35082332
35597555
35599038
35604674
35515704
35581834
35554984
35578797
35585596
35597990
35584224
35595802
35593121
35564565
35588363
35584965
35593292
35592209
35592132
35591231
35363616
35590369
35575788
35588166
35587934
35587541
35578024
35584501
35583759
35569606
35558423
35555462
35581208
35581072
32823492
35548588
35538434
35573546
35295309
35570216
35567956
34888739
35568873
35533584
35401017
35179028
35557240
35559705
35566419
35567079
35546381
35552361
35563436
35347462
35559261
35557011
35501273
35473868
35556667
35555741
35547588
35535428
35552138
35509155
35510622
35517487
35547148
35531355
35527737
27842348
35505530
35541992
35475115
35541589
35540380
35539566
35497870
35486881
21413444
35463563
35520405
18048353
32814285
35517372
35434397
35505810
35515513
35516235
35515767
35423313
35425850
35410510
35425351
35424956
34401231
35420070
35416871
35422481
35383999
35353900
35419526
35403925
35241341
34805419
35412361
35407073
35388831
34631113
35398467
35407155
33319179
33546863
33793811
27689871
35398539
35352975
35325244
35374686
35373898
35269339
26901150
18882744
35389819
35387613
35394231
35343737
35385429
35218816
35393317
35391062
35392634
35299171
35391413
35390365
35388767
34425421
35347785
35383924
35300311
35330759
35385015
35378463
35378004
31570175
35305660
35366697
35375471
35361155
35360341
35228601
35370517
35363422
12751713
35366106
35319839
34668339
35156083
35249970
35319899
35179856
35321750
35351411
35351338
35196609
33923702
35342188
35338714
35269738
35282447
35335251
35334851
35106820
35292861
35245400
35329746
35298067
35322493
32398431
35324684
28384056
35321770
34440332
34284753
35318705
35316885
35317837
35120887
32440193
35150809
35509174
35510764
35497868
35504381
35470711
35449390
35499102
35486509
35461095
34924685
35490347
32541022
34013486
35459580
35365343
35458929
35476061
35484513
35484401
35450161
35468956
35437284
35460043
35351393
31814990
35002551
35452134
35324584
34922188
35448863
35409070
35432892
35277935
35430843
35429450
33103796
35425649
35439659
35069018
35432337
35430579
35432882
35426394
35422116
35428607
35424276
35219555
35426815
32660298
31934031
35452409
35475609
35475244
35399292
35453575
35461233
22937667
35462503
35460771
35459841
35433071
35458450
35450970
35382416
35458172
35290917
35449165
35453742
35456714
35384887
35444084
35392085
35448012
35436597
35201101
35205944
35105784
35201772
35179410
35196386
35204827
34848997
34990846
35198333
35172416
35197762
35196760
35054164
35193026
35196109
34940518
34369220
35184126
35194156
35193218
35160899
35165800
35178261
35189043
35311802
35311188
35295376
35307971
34934049
35230031
35276994
33081478
35257445
35229842
35281339
34576418
35257573
34536101
34970571
35263528
35269995
32640207
35269806
35261701
35139648
34592994
35259156
35259082
35254501
35061128
34772547
34998046
30442873
35153164
35153906
11858111
11583807
35064754
29998980
35150734
35145451
28687927
35145870
35100808
35116736
35022380
35143386
29389444
35130546
33834453
35083180
35135875
35134773
35110906
35224854
35245430
35243772
35242166
30201918
35109574
35220749
34919950
35180686
33719333
35229435
35227196
35127785
35172670
14113906
33273676
35183549
35205538
35224732
34920550
35178046
35220526
35182904
35220042
35196125
34953829
35181924
35181833
35186447
35184458
35165587
35125284
35172479
35178199
35178280
35178232
35178225
35177097
35161618
35137409
35174443
29558680
35104482
35174281
35146516
35111815
35056513
34059027
34532361
35167833
35023588
35114954
33442311
35122602
35072349
35028969
35117087
34564978
34940422
14305915
35084805
35085544
35087637
35095303
35099318
35105248
35101965
35102995
35099504
34748149
34580930
35099074
35075494
35035625
35096090
33896040
35020214
16961125
29085286
35085636
34564501
35011058
34995348
35083709
34924391
35082295
34059052
35039089
35076925
34879465
35071751
21157189
35071445
34394580
35041521
35002932
34999049
34985571
34941827
34936021
34935585
34915274
34897929
34894717
34875175
34857209
34851755
34846814
34843331
34827447
34796778
34791897
34785932
34779252
34776569
34768180
34762444
34749452
34745673
35071239
34728478
34725163
34718129
34712472
34703447
34058431
34054491
34051396
34027816
34018943
34010754
34010353
34002457
33960485
33955602
33950786
33948005
33933698
33894857
33891675
33891643
33886338
33873172
33862707
33858842
33846535
33846532
33844890
33832586
33832086
34501225
34499824
34486340
34447775
34438731
34436413
34420776
34414578
34405439
34399342
34389270
34357201
34355862
34331496
34315778
34296385
34294057
34292083
34287493
34285997
34285397
34268667
34268621
34258607
34257616
34688135
34686564
34665744
34638725
34637575
34615687
34603388
34591322
34585629
34582546
34579960
34577576
34572867
34570294
34565186
34565182
34563139
34562946
34546379
34540583
34539991
34508544
34508377
34505419
34502577
34250036
34249915
34236981
34235257
34201478
34189778
34178505
34166676
34159926
34152373
34138405
34129897
34127544
34119340
34112574
34107797
34100875
34098159
34094468
34087873
34086834
34086726
34084697
34077133
34059660
33831085
33828927
33828272
33827688
33806733
33797087
33479487
33796046
33795150
33784067
33770626
33744885
33739904
33738847
33730911
33730907
33726248
33715635
33707083
33699626
33669288
33664550
33648647
33648193
33594984
33587915
33587733
33562686
33538584
33524843
33519797
33515679
33514359
33509897
33509052
33507095
33488137
33482798
33478607
33475766
33474682
33455986
33453439
33451687
33450760
33436530
33430442
33427190
33424042
33418638
33412701
33398548
33396241
33393361
33393210
33388709
33355042
33341007
35070635
33334043
33330212
33313387
33302744
33299674
33296781
33290800
33283735
33282653
33281351
33272321
33263380
33252100
33244656
33230294
33203063
33193733
33188000
33182272
33179611
33172940
33150441
33143259
33139046
33132160
33108730
33106686
33105768
33097405
33084999
33073892
33070661
33061375
33059952
33058693
33031394
33027021
33013298
32975798
32937012
32867722
35012435
34951703
33447153
35024020
35020171
35014811
35000926
35010682
35010584
31858827
35004779
34942621
34983023
35002831
35002160
34998888
34994734
34852581
34967656
34363713
34950617
34995625
29904429
34994737
34992608
27643117
27493855
27284479
26095891
34666171
35054171
34867166
35057025
33697621
35062529
29036041
35004423
35020458
35015576
34884668
35051777
35047749
35039655
32357773
35033728
35035334
35035051
33616598
35028865
35028500
32866976
32846942
32817948
32748627
32652037
32651195
32611034
32567859
32522312
32292432
32061381
32053619
31976932
31948956
31853777
31690047
31538941
31444511
31367745
31331640
31126944
31079396
31043963
31004189
30842748
30509537
30438698
30268960
30168562
30060333
30025755
29659823
29625984
29481818
29333703
29221320
29110240
29057782
28826394
28706978
28643652
28631161
28563557
28456189
28156466
28113103
28087705
27883224
27848494
27721150
34982004
33315210
34987673
34984241
34981341
34983218
34168961
34978129
34449366
23631850
34975064
32505268
18028991
34961856
34159759
34960693
34960144
29666358
34956787
34415892
34952061
34950922
33696645
34934899
34895267
34885066
34747559
33418976
33574428
34739896
34935455
33006812
34244282
34815895
32742979
33304305
34923733
34923385
34923380
34907499
34527983
34323702
34820159
34615160
34918788
31841275
34917106
34916836
34861762
34908437
34883856
34883021
13262248
34901646
34902098
34902270
34901352
34864842
34892502
34842416
34886326
34885307
34857694
34881186
34880514
34869802
34785663
18818778
34867496
34866450
34859468
34652227
24002000
34409459
34849576
34825861
34845462
34847285
34831851
34839265
34381271
34515169
34832505
11276740
32303962
34824301
32950459
34824703
28755380
28063120
34798925
34818980
34810418
34751285
34760049
34698677
34761763
34792484
34689244
34795040
34780886
34664568
34781666
34788700
34786720
34785823
33315736
34721177
34781050
34771925
34371723
34644801
34774763
34712458
34775571
33062841
34772776
34743609
28592363
34768981
34651177
34390894
34698890
32322495
34026204
34681636
34709439
34707763
34707205
34695762
34705931
34701327
34689922
18052176
34687712
34687041
34686495
34685004
34684083
34116325
34543735
34564006
33624119
34662188
34663594
34569400
34506899
34658201
34637393
34715094
34752588
28910416
34750178
34748990
34442211
33054805
34715515
34726881
34734274
33218199
34507759
34581264
34730090
34623390
34720497
33188439
34590279
34727005
34723149
34692024
34722069
34665440
34275310
34499657
33327155
34647590
34641254
34552075
34629511
34629845
34628815
34043799
34623650
34625051
34081707
18299767
16793771
34619655
34616347
34245223
34591796
34615596
34577137
34603406
33872376
33877059
31514338
34604446
34547359
