20471880
20320347
17161990
20452874
20295142
17693514
20362778
20362708
20361792
20356635
15532156
20211075
20226223
20341999
20348829
20346511
20083390
20346561
20217663
20273258
20002731
8791521
20294718
20252829
20322511
14484186
20321491
20310858
20197309
20179345
20484843
17815040
20459651
20474456
20473493
20471272
20350082
20467079
20312460
20453388
20304959
20279655
18046966
20458659
20456339
20451655
20449200
20437536
20371034
20393864
19872307
20372379
20408389
20277584
20402525
17485252
20398458
20410797
19867806
20408895
20328983
20397647
20405849
19534039
20406269
17469025
20397890
8741683
20349273
20402010
20400430
20394347
20354998
20370070
20352289
9570275
20387469
20006319
20380488
20341704
20135346
20226051
11827673
20263555
20264332
20262218
7877428
19892409
20249032
20235137
20244801
20233347
19665850
20222031
20164100
20212185
20147504
20183640
19959587
20168314
19811076
20013002
20178671
15549149
20185325
20111616
19897790
19872123
20111172
20093713
20109934
20030911
19908954
19785554
20075451
2123152
20104334
20019868
20096204
18180124
20084579
20078445
20090326
20010369
20055721
19921286
20005841
20092006
20091292
20032519
20177072
20175657
19920784
19957787
20172304
20165977
19964595
9566470
19865573
20075525
20156093
20058467
20148904
20043663
20144226
20049913
20139570
19959184
20137322
20137271
20105471
20062332
20132830
20131484
20124469
20250189
20306406
20304487
20292097
20304382
19953165
19241103
20299550
20291264
20234644
20296302
20293232
20091997
20192306
8681578
20142682
20136443
20282455
20272868
20279654
20279438
20271765
20243063
20271328
10863033
19840508
19850762
19879399
19776694
19878471
19879396
19872342
19868453
19846930
19846845
19837362
19698380
19658614
19636857
19531436
19834155
19846042
19825621
19295339
19842231
19406756
19845277
19784927
19759074
19564973
20074954
19560975
20006689
20049692
19512014
20072065
20016326
19829528
19691149
20058747
20063701
9172909
20012946
18562074
20051699
20011429
20047223
19981126
20035389
20031043
20029894
19838346
19643357
19836566
19921104
19887170
19753890
19916533
19924131
19894203
19914889
19787822
14539160
19683679
18806817
19915653
19894882
18875770
19636044
19899688
19911744
19895635
19830950
19851891
19820926
19890977
19893833
19883452
19885409
19874574
19882739
19942463
20012428
19892628
19671860
19845198
19953176
19946410
20000355
20006368
20004749
20001787
19925098
19945032
19995597
19892471
19988665
19988202
19988741
19988133
19968970
19986905
19903240
19920595
19872003
19982870
19980704
19979439
19971751
19895636
19974840
19972995
19854699
19942165
19898057
18821864
19877587
19943228
19952830
19944068
19949746
19927909
13770426
19943549
19845568
19889281
19930504
19935287
19929055
19931774
19842002
19839834
19767867
19684756
19837641
19837505
19817569
19825269
19750559
19618707
19778264
19648918
19694872
19617656
19772222
19484561
19802519
19607304
19496158
19806117
19455608
19716228
19804778
19635440
19554266
19754501
19626754
19750178
19744771
17517452
19689964
19640188
19392146
19716626
19705160
19643791
19647634
7239411
19489936
19606075
19597121
19680155
19626712
19614534
19701057
14310674
19700301
19695832
19612593
19691238
15771226
19712733
19796575
19796534
19794260
19637339
19770966
19662591
19787929
19637773
11738274
19759549
10455243
19776693
19615378
19703057
19743942
19707604
19772139
13613021
19769993
19767460
19616131
19754410
19767190
19556800
19536587
19537971
19553169
19538479
19535945
19522741
19366722
19490670
19425916
19445647
19470863
19498081
19445184
19504155
19499180
19442096
19498364
19490181
19481007
19470255
19489652
19444075
19442560
15193128
19488774
19489332
19473103
19470457
19477646
19316982
19450645
19455346
19450781
19442731
19408811
13173230
19439601
19411435
19432784
19362139
19430118
19212003
19419621
19403370
19409284
19402980
19423206
19242922
11891242
19414165
19310871
19412254
14242456
19373582
19403736
19392652
19366436
19361869
19298095
19384589
14469521
19364591
19221272
19356734
19360901
19331844
19348423
19340523
19322849
19194493
19358529
19204201
19341344
19352712
19691238
19601931
19681320
19504777
19130845
19590507
17457232
19669008
19638616
19668657
19660024
19246328
19644920
19580443
19633068
19616946
12831459
19635684
17674538
19634869
19536794
19618919
19605443
19568893
19599607
19302455
19311825
19531032
17314814
19591751
19599837
19471170
19586006
19594547
19592347
19590706
19504860
19581757
10553935
19515972
19558356
19528222
19404462
19568324
19565443
17415913
18859294
19456977
19535022
19545290
19351661
19322707
19348462
19344853
16720531
9932160
19052982
19331373
19314744
19266000
19327667
5192444
19325658
19325553
19308681
19321949
19319234
19321002
19303073
19289397
19238143
19298752
19297261
19307528
19280176
19304372
19241048
19296932
19285144
19211826
19290698
19287504
19267412
15922996
19243051
8476889
19250550
19270108
18870892
19239421
19273677
19198862
19227484
19260703
19266679
19260050
19104051
18301450
19264726
19192171
19260444
19260597
19259300
19249881
19175066
9480309
19246344
18601978
19247302
19250981
19217096
19220975
19237105
19240948
19124497
19119231
19190020
19227516
19143255
19226274
19177093
18167456
18830489
18947822
19191527
18986825
19018715
19014174
18824831
18970503
19017974
19004991
19008771
17238468
18986031
18746764
18993482
18964146
18574296
18973141
18986751
18986787
18970127
18971543
18969293
18953794
18925772
18946093
18682439
18958174
19203408
19182137
19206392
8665244
19173638
18858213
19199034
19166433
19107009
16894753
19129786
19194434
18997872
18813204
19183515
18779577
19141814
19161686
19171928
19163393
19174176
19144349
17558904
17555933
19099139
19102389
18938500
18943217
12516161
19089673
18750245
19102531
19089346
19078030
19087203
19085368
18979257
19032863
19089668
19089635
19069367
19084170
19071874
19081540
19069366
19017814
19069410
18729406
19069431
19069394
19145316
19142886
19161999
17712507
19097005
19120867
17080816
8230695
19129698
18951079
18418701
17869766
19145010
19125562
12712547
19106246
18988055
19073561
11933033
15467654
19069365
11431688
19069382
19125092
19088586
19054606
19063512
19061760
18932270
18875617
19054611
18971899
19048244
19048995
19042869
17788362
19043569
18824794
19034182
17164895
18505423
18941659
18838314
19005034
18968088
19011038
18892684
19014658
19021338
19014169
18853602
18705904
18853277
18850004
18904832
18937989
18852374
18820665
18815856
18877335
18759061
18876639
18900543
14283560
18893705
18893846
11879313
18815681
18798501
18770279
18796629
18887075
18874767
18757070
18873504
18853942
18722356
18868893
18860767
17822769
18831410
18857827
15806768
18854679
18759417
18853599
18849946
18847107
18828688
18838004
18754164
18776061
18820695
18775658
18817369
18810480
18805914
18793051
18770420
8469571
18770716
18762863
14639221
18574136
18752640
18745250
18753883
18729565
18752836
17792314
18746024
18696298
18729371
18649101
18740112
18722263
18703055
18734838
18612707
18697464
18723880
18058053
18118193
9765380
18717276
18128040
9753441
18643232
18613687
18625866
18631352
18614273
18537675
18635416
18620053
18565630
18617820
18628781
18616746
18609206
18171083
18618776
18560756
7649949
18615624
17165289
18603228
18569981
18603786
18595364
18568726
18595602
18590410
18592932
18594736
18595298
18593448
18593275
18420544
17080592
17391662
18487166
18406283
18574684
18542858
18576797
13684974
18575274
18570937
18416078
18051620
18556544
18547193
18544462
18527331
18479045
18250581
18464484
18441663
18287188
8690424
17862741
16996693
18371922
18446595
18255563
18428426
18398518
18412228
18425319
18422891
18421270
18350257
18420946
18411663
18400449
18412954
10543013
18406432
14448998
18489679
1234588
18543027
18362178
18448885
18456130
18153985
18516204
16906268
18509036
18524477
18420538
18521143
18481737
15534745
18513254
18426742
18503700
18499420
18491688
7898892
18444272
11522016
18479350
18481844
18683908
18712435
18701470
18665738
17964730
18694582
18488662
18555711
8377236
14975366
17000930
18682554
18542275
18671785
18665444
18643955
18652647
18650192
5594516
16438232
18652551
18652789
18613517
18631944
18649529
18392298
18407815
12497214
18398003
18383644
18223299
18395787
18378082
18381518
18357225
16429354
18387226
6128793
18375236
18370446
6485853
18360734
18007043
18364053
18361898
15259006
18133569
18353951
18349577
18341222
18270715
18272106
18288524
18287810
17955194
18285760
18285759
18268006
18255374
18256736
18268744
18241066
18271180
15684256
17732801
18269997
18251464
17278693
18234569
18266212
18121519
18209333
17614801
18205611
18245304
18254975
18317797
18342880
18340908
18175239
18339329
18338079
18311645
18103599
18308324
18260829
18326931
18326028
18305937
18306454
16957660
15725548
18262007
18256686
17430835
18296375
18297668
18300725
18283996
18293274
17762523
18054839
18037060
18048577
18022843
16980718
17602618
18045913
18026451
15861973
17836618
18025030
18024518
18032022
18031936
18028816
17877740
18021188
15520684
18024370
18024817
17968038
17982377
17988787
17386558
18167396
17321047
17773151
16957663
18145486
18153447
18153112
18075992
2608519
17714025
18089625
18132023
18118730
18137566
18133427
18014533
18125938
18088760
18119959
18114612
17045171
18091498
18104901
18099094
17875134
18159105
18252414
18240811
18253822
18253746
18107206
18231804
18249632
16070100
18222537
18245534
18240820
17682833
18240236
18146589
18141046
18228917
17117833
18232304
18220901
18217128
12805494
18216623
18214414
18212912
17067735
18201192
18068492
18211666
18155510
18208050
18177199
18176221
18207117
18209411
1638926
18187094
18140891
18200011
7713360
18191378
18188217
18126384
18180037
18166561
18067497
18173656
18158454
18169035
18169994
18108479
18101007
17704762
18097875
18093969
17581944
18092879
18092382
18086184
17409358
17542628
18085836
17685204
17753287
18060520
17230019
18083267
18080967
18035766
17956105
17701818
18056727
18072850
18069274
18053764
17925715
17995576
17995504
17994887
17989941
17993053
17990592
17938459
17980828
17819605
17965560
17938801
17962152
17971641
17950783
17933802
17956696
17965809
17966132
17950791
17939809
17955058
17928598
17948102
17879579
17937409
17945688
17634969
17879369
17863692
14293799
17919805
17479573
17863273
17400601
17926335
17886872
17886286
17869759
17908865
17918337
17914757
17910977
17519999
17907750
17907974
17821213
17907370
17887298
17552719
17887812
17897623
17832598
17896252
17883328
17879924
17877249
17842653
17878522
17876541
17873850
17848544
16180950
17847987
17859346
17863239
17862893
17857289
17861835
17855835
17823315
17831670
17855086
17799996
17851409
17710530
17707772
17645305
17706381
17617443
17559757
17704205
17522131
17701096
1009171
17698375
11849110
17696769
17681273
17691721
17640276
17691971
17687851
17478689
17674451
17676514
17554599
16642331
17676797
17671398
17021508
17794926
17737800
17282640
17713536
17721831
17730726
17780233
17772627
17488210
17771856
10819415
17739584
17745878
17772964
17761372
17664770
17553891
17760979
17761680
17749114
16732607
17756507
17745546
17754296
17676094
17674940
17674435
6226099
17620172
17445249
17662441
17655899
17622099
17641638
17643297
9090780
17650468
17631618
17640399
17640348
17642832
17642425
17610456
17639229
17635426
17637437
17636385
17574493
17631991
17751797
17742213
17750616
13741905
17744296
17733419
17742290
17710841
17734582
17732473
7617167
17701127
17718739
17706823
17719395
17626235
17719780
17718860
9523238
17703942
17481181
17714346
15265010
16575449
17251591
17848750
17845636
17831297
17845671
17778018
17780420
17745398
17372249
17803221
17824822
16370088
17819841
17460575
17808292
17693170
17816892
17797128
17781119
17810206
17776106
4497408
17774776
17805232
17762759
17800814
17630270
17205087
17463512
17625709
17610180
9925663
17626876
17462734
17625566
9878348
17506492
17609062
17615400
17563738
17600512
6553131
17615950
17438075
17500211
17612213
17610586
17609561
17594391
17550432
17599447
17604044
17597902
17574724
17587595
17597643
17568090
17518045
17543771
17525811
17591832
17496866
14892015
14865524
17571330
17551960
17577402
17576542
17572896
17566756
17204170
17565093
17561779
17417437
17559850
17447887
17061984
17521345
17504211
17554095
17514257
17501618
17435902
11751123
12839361
17549091
17547551
17531295
17541591
17529904
17519513
17529680
17528568
17527965
17524831
17520134
17510854
17521156
17353849
17519222
17485765
17436638
17433016
17256388
17436337
17412283
17350612
17431935
17412478
17429908
15752470
17429840
17428633
17410856
17252088
17366824
17421119
16797681
17420060
17327227
17417080
17415852
17372276
17413395
16642033
17347819
17475603
17498717
12611634
17511393
17511279
17508391
17465912
17453311
12715682
17502847
17473994
17500514
17488804
16862093
17495999
17487610
17470973
17455745
17486491
17343271
16494843
17477600
17421847
17469835
17369440
17410347
17404873
17409723
17407962
17359511
17406739
17405891
17385942
17404064
17403693
17396402
17395675
14735812
17390892
17371167
17377943
17377477
17034755
17388022
17249824
17346738
17298199
17373422
17366213
17343870
17363046
17366175
17230734
17354398
17358064
17076534
17335116
17308208
17352509
17335885
17344019
17297741
17336800
17350798
17350358
17213384
17347885
17322823
16714488
17326515
17043967
17335685
13892151
17340914
15097645
17467224
17465399
17462632
17395440
17457676
17417066
16738702
17457927
17450310
17458717
17415963
17354854
17454302
17439507
17436616
17451899
17193938
17438422
17422610
17439155
17445399
17311298
17347151
17389033
17337484
17333375
17337528
17256106
17305904
17280171
9036138
17331613
17321239
17208428
17319449
17327370
17314374
17328472
17270384
11321700
17314151
17325059
17300845
16284400
16354249
17295500
17321503
17314323
17285720
17320785
17320107
17315084
17289667
17312774
17306748
17250933
17289205
17302400
17298827
17307659
17299760
17306834
17305051
17307329
17286902
17305090
14330642
17304959
17298893
17303877
17232361
17282391
17299154
17300306
17282409
17293736
17298956
17293534
17255408
15425205
17271578
17294865
17293285
17281504
17065125
17283516
17290484
17159739
17266553
15905043
17281108
17250430
17279463
17277470
17278161
17097974
15008279
17274259
17208093
17169939
17222313
17074431
16901144
17215697
17213739
17220224
17219980
17213946
17200694
16176205
17211536
17211498
17209734
17111946
17210217
17202736
17202876
17197410
17186107
17200010
17198639
17195232
17186313
17064540
17269664
9593338
4057047
17238790
17266588
17249979
17265514
17255267
17206240
15797545
17261464
17257687
16400771
17253043
17145381
16434479
17186334
16958818
9402971
11664662
17250950
17190201
17247767
14711960
17228270
6243992
17149606
17185241
16594359
17182700
17167113
17175997
17181519
17177934
17161338
17177530
17177063
17176538
14188470
17119098
17152599
17169522
17163683
17167746
17166687
17143262
17160095
17132752
17143441
17150807
17236420
5378665
17244950
17245296
17244944
17244377
17244359
17243371
17231918
17237597
17230161
17226919
17237603
17228416
17231244
17230549
17228538
17212071
17228234
17227896
15674843
17224053
17226075
17226159
17225148
16977831
17152228
17090113
17128189
17114996
17144462
17140924
17141058
16188321
17138849
17134940
16990266
5397772
17132496
17116480
17126470
17100822
17101713
9515732
17117907
17117417
17101079
17111781
17070634
17101777
17058253
17053966
17055038
17053615
17050139
9464803
16773639
17046599
17033260
16193765
16978868
17044909
17029518
9762380
16776716
17043785
17033949
17039284
17037246
17030497
16961955
17032716
17032138
17030496
17028789
17095868
17100681
14590540
16747929
17098484
17095479
17097768
17096748
17013735
17090726
8131956
16906075
16140728
17057006
17051652
17021505
17062408
17074338
17065636
17013924
17065709
15165216
16985569
17029587
8712979
16840075
17027852
16810881
9330172
17006478
17000238
16043832
17018220
16979232
16931623
16921936
17002364
17006654
17001421
16994902
16902737
16996577
7952545
16989505
16645385
16978519
16960599
16979650
16880163
16979618
16764458
16765076
16605064
16762374
16757379
16518146
16751668
16696241
16752076
16749258
16733370
16744301
16730283
16743082
16731661
16736535
7995396
16734286
16024354
16725848
16731253
9559569
16729509
16703173
16712771
16815774
16814737
16341246
16808297
16805880
16759298
15499411
16799385
16654812
16760658
16782458
16785357
16510720
16783160
16782324
14416683
16734018
16674862
16770361
16690314
13544566
16770408
16768998
16723875
16757403
16922937
16978965
16972675
16908663
16948445
16964235
16921028
16958010
16957750
16895826
16955102
16957614
16956525
16943656
16595629
16922889
16041171
16458319
16864382
16931241
16943060
16942207
16921473
16932224
16910088
16869786
16869635
16867461
16868373
16787369
16842503
16849089
16857670
16857106
16856713
16823546
16853251
16825840
16836816
16804796
16839985
16835184
15171265
16767547
16837058
16834494
16400765
16806598
16831710
16803815
16936193
16930238
16768717
13698475
16917304
16134740
16739253
16914008
16893374
16921437
16904242
12689831
16910969
16604602
16891331
16685844
16893541
8241672
16890809
16821096
16864654
16879047
16878621
16876803
16872181
16723231
16722848
16720968
16721242
16716701
16714805
16716821
16717090
16712100
16662363
12964226
12147646
16711044
16703611
16697288
16707518
10349445
16706311
16683224
16703458
14564017
11455675
16691483
9488000
16697685
16697921
16693792
16696254
16694126
16694300
16694489
16692580
16694430
16693192
16692567
16692427
16691808
16691869
4528516
16649602
16589070
16686687
16685109
16680377
16682160
16432651
16680319
8073953
16680038
16677894
16608758
16611158
16641179
16668237
9062294
9562569
9592375
16668393
10089524
8695947
8543498
8371724
8242514
7383434
6987200
6498323
1490343
2547304
16459805
16662317
16666701
16660188
16654974
16657497
16628552
16569035
16508068
16567323
16582309
16559854
16579740
16576483
16549643
16488558
16574987
16559963
16569066
16570872
16570932
16561383
16570062
16516887
16570122
16568369
16567965
16557912
