1396318
5529709
5833111
5721113
6110732
6072687
6015208
6118888
6109195
6094049
6113739
6019829
6094025
6094203
5745476
6094824
6091430
6095325
6087370
6093251
6077814
6061939
6067919
6080694
6020941
6025196
4766644
6072531
6071852
5938379
5889100
5931224
5918351
5944224
5884428
5936653
4897890
5905529
5909045
5900244
5900556
1104179
5893663
5901710
5911913
5917989
5919516
5920471
5899830
5909316
5906203
5904544
5903255
5760411
6004661
5911922
6000850
5967243
5851594
5660161
5951650
5972511
5963936
5982299
5975984
5971387
5981680
5972819
5908546
5976811
5957519
5975042
5674917
5808039
5908849
5943251
2159583
5933953
5946503
6072045
6058792
6062019
6045089
5643076
6013215
6049468
6045679
6044881
6028507
5822741
6029598
5790039
6023127
6020771
6023411
5692829
5922464
6009643
6011536
5996955
5982368
5985177
5934241
5999712
5656457
5058915
5795434
5768985
5783113
5789830
5787810
5757562
5784899
5760464
5782538
5782273
5781727
2041917
5745380
4573599
5776368
5765333
5773586
5744925
5758475
5750041
5316509
5769744
5670858
5853908
5857118
5857869
5861305
5678366
5787686
5811775
5850030
5854477
5850921
5851555
5828476
5744525
5833612
5849405
5771463
5846140
5831775
5783072
5781784
5835011
5805438
5799599
5149152
5783511
5733843
5755993
5723986
5751741
5751464
5746464
5743768
4336152
5692808
5729411
5735991
5739961
5735631
5733428
5718499
5709493
5723940
5720356
5525526
5726829
5725609
5721904
5720597
5565795
5706594
5674884
5664439
5662638
5660158
5634685
4422695
5654961
5617522
5625535
5644302
5631906
5484730
5209369
5548886
5612622
5616195
5630475
5320302
5617785
5614742
5551246
5617152
5546930
5615605
5614223
5359847
5606951
5605070
5163317
5595052
5524176
5592521
5573119
5604538
5601292
5540506
5577827
5573494
5547926
5572515
5570589
5024008
3776700
5255678
2451748
5558655
5558646
5558634
5558625
5272770
5536617
5713702
5714196
5712711
5713009
5698137
5711537
5697229
5371735
5656907
5691304
5346513
3400534
5701712
5700053
5698858
5682514
5656938
5677349
5687866
5677860
5682527
5665878
5678199
5676218
4285449
5494792
5172807
5476095
5496420
5510903
5443568
5341914
5490306
5475224
5490194
5477372
5480973
5400413
5492630
5320463
5470576
5486535
5466826
5485633
5485617
5484335
5483082
4757905
5477016
5538991
5550762
5540244
5551204
5527698
5525182
5539535
5498383
5532877
2188632
5410772
5481499
5535718
2588087
4886577
4304693
5521511
5528947
5395280
5527190
5525564
5524758
5368542
5363131
5469985
5450806
5449012
5417612
5417566
5206981
5441198
5436043
3748633
5437599
5437564
5433342
5403274
5409913
5431385
5431818
5402272
5404529
5427082
5031935
5406887
5427686
5397074
5395154
5416209
5412648
5472990
5480317
5191668
5442393
5470980
5473824
5361183
3996963
5469854
5469849
5466660
5402399
5467107
5459708
5464250
5443596
5449387
5434660
5355357
5460443
5400662
5399596
5453417
5286752
5299232
5412015
5407226
5399009
5401277
5219322
1951822
5055394
3708967
5336983
5382880
5397771
4956055
5375397
5388041
5395070
5392411
5357433
5215379
5380783
5370091
3081613
5330286
5249303
5368193
5209759
5211253
5207237
5196871
2105305
5145300
5186937
5184791
5159997
5178042
5176350
4996435
5139502
5175823
1009209
5173634
5163269
5116880
5163215
5123196
5161834
1395085
5161020
5150332
5160854
5161920
4902881
5277774
5249034
5274578
1488557
5272081
5090678
5171873
5209481
5252078
4432772
5259081
4764067
5255531
5254809
5180318
5250965
5249961
4970339
5249347
5216154
5243736
5227490
5246940
5198368
5244197
5295134
5306373
5313299
5300557
5236920
5243260
5290192
5303669
5297001
5300539
5061744
5299525
5287222
4737075
5290715
5223218
5280096
5286272
4786303
5286090
5286088
5274839
5239060
5168731
5362231
4440714
5281022
2553581
5336716
5349582
1101116
5274432
5341206
5267131
5292353
5336654
1263073
5332600
5327037
5325915
5201181
5044917
5326037
5307306
5300963
5016514
5322054
5222284
3621176
5233697
5210879
5239111
5240264
5238194
5239779
5092224
5211546
5229154
5172577
5223796
5225607
5223354
5222175
5201618
5223604
5223195
5222300
5128586
5058596
5212498
5190804
5190119
3781584
5201845
5119826
5093042
5056277
4786721
5116476
5107725
5090352
5093638
5027986
5054520
5063972
5061591
4876748
5079066
5075636
5072420
5054495
4980250
4901625
4807576
5058189
5018185
5006538
5044148
5054795
5140842
5159902
5138544
5152870
5153957
5103360
5155946
5143875
5152912
5115819
5141040
5044192
5151114
5123333
5114859
5141076
4718253
5139277
3682415
5099157
5133697
5132887
4603120
5091468
4849430
5052047
4998245
4921748
5023588
5050865
5050105
4879304
5008109
5038267
5030763
5024002
5033666
4996828
5016422
5015604
5007715
4999245
4649492
5011044
4789884
5012696
4783986
5012595
5012605
5012594
4852585
4840208
4851386
4810753
4849615
4837743
4789692
4846035
4486720
4844668
4317781
3282188
4784928
4554434
4792505
4834730
4726873
4828159
4828236
4807157
4825956
4811643
4813220
4780480
4785064
4640749
4960174
4956096
4886326
4947297
4942173
4575861
2142918
4848634
4928864
4929576
4931588
4931470
4836995
4689297
4919640
4925436
4921165
4918873
4916775
4867564
4915217
4471203
4869281
4905502
4911890
4908988
4788082
4840885
4813090
4898895
4833306
4877263
4860965
4877343
4862921
4871835
4860928
4856548
4865101
4802466
4763030
4857095
4859520
4847318
4857382
4852715
4342870
4833938
4852320
5012594
4999038
4718829
4997500
4966473
4974307
1241763
4997390
4989526
4986872
4983532
4634146
4971357
4694255
4912259
4953361
4981738
4980114
3644492
4972252
4945577
4971283
4926247
4897911
4941472
4724957
4730055
4662105
4715312
4717700
4722043
4720930
4709878
4691375
4634768
4035482
4712602
4708494
4690349
4709342
4710374
4689108
4679809
4706524
4687628
4691433
4695270
4702157
4530916
4696633
4696497
4680658
4695376
4690002
4675215
4688112
4676353
4530865
4598651
4674015
4602642
4554377
4660826
4677989
4677006
4677473
4673110
4671935
4671177
4350661
4666747
4363725
4331947
4416426
4508297
4729199
4375401
4402068
4720487
4420383
4577461
4698738
4727230
4748525
4749577
4721184
4718242
4749806
4719421
4639427
4746892
4745111
4746267
4725527
4739904
4737231
4724428
4733981
4690499
4706424
4801008
4791687
4716770
4784352
4458768
4278724
4774062
4606016
4789323
4780536
4788225
4789043
4780902
4782210
4775714
4710793
4779380
4391004
4774273
4764493
4773679
4565483
4766965
4382706
4760203
4283483
4486700
4460296
4246186
4488328
4469251
4453873
4482695
4477850
4418088
4472900
4483313
4477744
4478113
4470388
4393755
4403616
4431399
4382222
4428764
4406946
4269445
4448582
4459222
4452162
4588810
4612978
4624142
4336196
4611928
4614434
4612364
4606791
4609947
4606204
4605159
4598059
4446263
4520291
4601000
4569805
4592278
4570937
4523820
4580414
4582106
4590206
4584022
4590059
4589787
4523828
4562691
4571187
4633251
4665041
4664886
4622308
4593472
4614851
4659155
4656498
4648490
4632696
4568682
4633856
4399447
4644845
4616161
4640808
4637045
4600000
4597313
4633982
4634936
4634204
4566281
4569521
4583181
4559204
4275445
4442315
4569806
4551083
4562452
4567398
4553119
4553204
4559152
4559509
4564612
4561109
4557972
4490329
4551171
4349137
4546921
4556586
4502804
4554155
4553881
4528316
4551261
4550564
4549548
3492875
4539082
2755635
4541834
4535423
4532403
4289432
4314751
4511438
4519387
4511390
4491597
4377394
4495825
4486702
4511816
4480966
4484100
4479913
3212053
4497543
1369089
4391680
4393874
4384165
4364429
4361813
4358771
4369334
4382157
4385131
4234226
4339146
4012989
4354794
4381250
4379928
4162453
4361664
4064437
4368719
4369667
4369941
4370306
4364194
4369120
4419479
4418910
4414874
4416701
4401819
4409810
4414885
4412991
4407000
4408774
4408728
4408622
4408063
4396797
4330205
4398420
4403792
4372300
4391053
4386228
4381885
4398289
4398285
4396519
4396012
4444621
4444105
4451451
4282635
4438990
4431036
4440547
4436686
4430778
4439783
4433861
4440555
4439981
4409624
4431874
4436694
4418089
4377917
4434906
2902512
4331807
4418316
4424569
4419408
4291789
4313657
4312856
4306612
4305995
4239623
4278993
4254074
3728066
4305806
4308737
4239266
4301095
4306348
4275440
4250707
4260144
4301880
4188557
4291797
4153788
4285918
4290694
4284252
4284574
4227098
4221625
4205312
4276476
4271543
4251735
4258260
4017317
4260034
4264695
4187781
4257850
4269843
4214699
4241782
4233840
4257408
4265269
4264857
4209430
4246055
4245636
4236434
4263570
3275976
3291867
4340527
4324495
4336038
4321235
4333350
4319944
3065592
4300684
4323983
4324116
4322687
4310369
4192919
4312792
4319659
4319070
4321256
4319357
4299970
4310563
4317490
4317228
4316575
4310304
4304283
4360117
4365616
1505838
4341334
4363549
4362505
4355285
4349218
4342276
4292374
4352506
4356000
4327968
4046666
4324106
4198779
4348023
4349159
4336473
4325098
4319391
4258783
4319510
4341386
4308719
3291133
4248756
3583181
4041735
4252201
4255595
4241742
4255554
4174288
4220227
4252127
4254464
4249687
4250048
4150767
4040388
2614512
4236997
4239013
4235583
1718797
4226134
4240365
4237371
4236000
4168834
4142368
4142404
4170568
4141343
4169616
4151176
4122728
4146561
1460934
4165588
4160139
4163286
4057383
4150658
4158829
4155976
4152796
4149616
3885365
4141659
4138616
1185881
4129057
4135946
4231603
3789905
4232613
4212022
4168148
4187810
4156407
4218161
4230157
4228393
4226740
4228254
4220969
4226645
4050281
4224185
4223683
4219351
4210383
2068630
4218388
4190705
4210298
4190484
4217151
4212784
4212743
4208947
4205420
4207186
3907076
3957126
4127617
4198706
4199138
4176326
4192068
4157297
4068595
1233822
4112182
4179989
4178543
4177056
4175892
4174099
4173070
4173765
4167989
4172846
3831682
4036935
4036407
4035505
3888607
4027080
3970539
4008885
4016688
3962553
4014394
4011378
3806115
3984568
3993736
3922820
3999512
3988406
2613595
3978005
3968818
3982927
3959354
3916799
3791006
4106201
3885069
4102189
4068593
3967535
4100944
4083765
4098668
4085568
4097350
4091680
4094165
4089517
4049446
4093072
4089977
4084027
4090362
4089945
4086602
4086206
4086982
4086766
4083531
4081383
3927018
2480986
4075331
4061110
4076082
4073510
4065441
4072479
3561958
4044898
4005847
3762778
3710050
4061398
4050928
3673529
4058148
3985811
4050669
4035088
4004216
3449538
4026314
3923231
4038855
3619336
4142250
4129046
4136115
4121533
4135996
3981546
4135467
3777905
4104225
4124936
4128059
4104209
4123649
4117204
4102461
4118621
4118174
4115013
4112224
4114037
3985681
4108040
4100213
3757739
3966861
3950101
3962051
3886943
2688192
3885611
3949996
3933827
3709403
3844017
3670381
3926447
3506914
3888923
1261605
3909910
3917457
3885258
3883557
3900122
3835730
3871423
3885420
3894569
3891806
3882224
3767792
3888384
3888081
3886465
3872389
3871096
3751160
3877394
3817441
3876403
3876085
1736872
3844489
3868755
3860393
3096311
3865389
3864796
3626635
3725198
3852735
3852619
3706701
3809602
3727430
3740981
3769606
3773696
3732943
3739022
3752615
3679353
3730128
3699291
3757956
3692317
3748657
3751220
3733368
3715663
3680823
3651708
3741029
3708916
3582283
3716823
3733778
3717395
3729910
3839969
3824978
3844576
3844402
3819691
3844751
3844557
3651624
3831803
3824798
3831639
3834026
3826649
3822302
3817203
3810660
3813348
3806741
2797859
3801275
3697540
2996796
3694882
1798247
3765968
3690178
3705986
3728263
3685043
3724363
3716615
3701003
3610748
3684908
3712152
3710362
3691372
3691839
3688429
3487837
3680813
2458367
3680555
3676982
3532515
2479129
3666637
3578844
3504502
3657428
3207878
3406652
3494950
3417722
3349335
3486163
3484707
3292332
3455042
3407448
3448679
3344390
3479907
3472482
3472057
3121098
3466665
2810278
3464847
3440669
3399756
3460612
3458784
3455656
3452679
3270048
3297223
3310300
3322637
3317119
1184369
2000746
3292220
3160232
3296376
3280722
3296003
3295416
3275265
3158223
3296600
3287715
3290426
3288161
3284356
3285364
3285508
3283912
3277689
3283898
3333801
3063634
3381983
3372924
3023948
3353376
3369353
3343430
3356196
3212497
3347207
3342573
3354708
3354644
3343627
3350709
3349609
3348424
3343886
3313564
3312874
2329355
3293052
3330373
3331283
3651767
3613741
3612497
3554264
3625434
3453689
3612570
2309683
3583405
3574304
3597147
3559670
3586325
3593998
3545115
3589221
3580923
3578660
3212855
3567963
3549726
3539859
3556137
3457755
3550800
1106916
2697108
2915873
3274812
3251320
3086427
3262071
3275278
3272071
3085540
3269639
3221304
3262851
3118426
3262320
3262898
3050099
3240971
3255774
2369387
3247072
2959860
3246215
3207628
3242068
3331190
3445631
3407900
3420485
3430122
3441126
3237795
3406677
3437828
3358578
3418454
3381180
3381209
3358795
3405468
3404556
3367800
3343332
3388799
3381303
3285244
3356569
3352407
3367613
3346696
3486614
3529054
3546673
3544747
3545337
3544793
3527329
3536451
3516158
3519651
3341681
3486176
1357867
3516779
3513487
3484155
3342696
3360046
3299286
3492808
3498678
3466415
3488806
3493888
3494215
3070611
3069483
2772862
2922322
2988519
3054855
1247871
2985650
1074206
3043499
2874195
3040618
3052206
3040133
3045087
2840797
3043443
3009719
2213892
2997249
3000493
2612070
3017793
3035759
3028705
3242068
3242168
3234176
3089580
3232046
3220781
3212928
3213639
3200646
3193971
3173001
3171315
3188100
3184902
3178267
3179120
3140128
3164603
3159884
3136895
3149183
3156678
3117791
3164754
3149101
3125141
3117336
3118635
1145411
3070771
3114265
3091153
3108160
3088805
3053799
2982711
2394928
3096325
2965317
1092652
2843355
3067225
3065589
3075140
1244089
2989376
3071919
3078154
3072071
3066702
2944269
3033094
2952615
2863880
3016547
2864408
2996899
3011029
3014066
1744236
3003209
3003602
2958237
2999716
2871455
2987529
2973501
2954464
2974525
2893064
2876318
2965938
2981455
2981915
2981852
3155222
3160645
3058210
3155286
3145150
3138871
3095121
3143137
3107931
3147900
3103367
3117234
1179766
3098914
3128588
3125310
3132443
3123017
3126141
3125142
3108065
2066067
3026193
3121254
3126148
2765981
2978427
2939144
2963165
2963858
2935333
2963700
2645807
2447375
2947187
2922880
2854679
2918504
2954822
2393264
2902413
2950375
2952638
1903232
2929077
2935487
2846807
2930789
2857445
2917234
2853617
2844541
2865024
2813817
2864473
2827448
2858543
2804799
2848687
2846775
2659926
2816050
2845415
2837625
2624229
2840408
2628913
2818200
2831911
2828650
2809089
2829747
2813593
2814462
2811729
2900608
2924312
2881422
2924094
2918605
2912437
2915053
2741978
2913521
2906596
2910550
2780691
2895138
2839309
2799022
2893729
2881749
2881260
2881933
2874335
2829260
2849353
2820614
2860700
2871004
2674239
2736042
2732481
2715259
2728461
2727931
2721326
2652151
2701378
2725637
2720346
2696229
2713548
2715002
2708631
2715695
2715694
2712278
2209254
2707264
2706590
2690523
2706841
2706785
2703468
2812434
2776342
2774575
2708323
2792304
2808600
2785423
2793159
2799529
2708164
2800543
2626946
2715642
2700979
2765422
2727415
2731779
2663425
2749101
2790811
2636139
2786494
2778400
2786201
2722255
2780797
2782055
2778954
2715696
2756992
2691247
2770337
2653431
2769295
2763449
2712434
2703097
2764091
1475827
2757674
2752767
2648875
2693759
2743005
2748363
2736841
2744216
2748515
2685188
2739956
2665097
2645668
2677191
2659868
2669568
2670536
2663419
2659107
2659404
2663741
2632221
2644452
2650573
2652156
2650902
2522012
2605553
2649681
2647325
2555506
2176988
2514191
2622409
2637726
2631623
2703578
2701460
2513650
2697282
2655336
2594695
2653446
2693766
2625904
2688555
1277875
2692098
2611667
2610368
2503888
2672023
2684602
2683833
2573670
2681878
2677536
2681828
2680704
2067033
2677579
1427754
2641892
2629570
2636461
2627025
2628648
2629380
2588956
2616778
2063426
2577919
2626471
2592641
2619153
2596318
2562655
2623218
2619157
2609584
2609087
2607282
2616584
2617709
2611848
2611425
2611627
2501139
2608883
2608600
2608601
2609172
2515483
2556858
2594256
2465828
2602051
2571581
1064617
2560046
2182865
1906743
2549763
2593457
2593001
2412955
2565691
2560521
2580455
2582142
2577935
2476496
2580348
2565228
2587694
2584594
2586570
2544854
2527901
2528449
2556929
2568524
2569020
2568784
2556143
2562168
2556911
2539239
2543732
2558588
2515354
2555478
2555481
2553999
2524378
2552752
2452089
2451833
2140419
2450260
2449457
2430598
2295596
2445869
2446308
2446387
2433084
2436201
2442536
2404352
2348198
2439691
2425181
2434956
2434585
2395342
2431261
