9101833
9102372
9080592
9095298
9072327
9075125
9080384
9075515
9075551
8961208
9067254
9039583
9074869
8734077
9055730
9073173
9058884
9072364
9065069
9061760
9070526
9063691
9064579
9061331
9052521
9028705
9056056
9012280
9054041
9116164
9103216
8805549
9092514
9087321
8699725
9108071
9094496
9080113
9094479
9104453
9094712
9080390
9019756
9095035
9086358
9097003
9018307
9094842
9074966
9093216
9090696
9087362
9078240
9085890
3676451
9215701
9211784
9210818
9198410
9119808
9162036
9017604
8963847
9199349
9199656
9154400
9044782
9197300
9197257
8919515
9138983
9186680
9185126
9178726
9192775
9191105
9190903
9120179
9187458
9058221
9055857
9028035
9036006
9044690
9055299
8997174
9052677
9019227
9038157
9024545
9006095
8986922
9043703
8987263
8952124
9043271
9039078
9042683
8972707
9033602
9040667
8966868
8981441
9031963
9015633
9030801
8206950
9025956
8913090
9026927
9024248
8970441
9020581
8992773
8940446
8976112
9014877
9000148
8969821
8920142
9016011
9007303
8988772
9011824
9008937
9004334
8999611
9006099
9005637
9182221
9173014
1459512
7519076
1665568
9174814
8277442
9162855
9176713
9159405
8930073
8971018
9136406
9172384
9166417
9082289
9168319
9165489
9133921
9144566
9150977
9117842
9148417
9148998
9140241
9006648
8999179
8933664
9005061
8986096
8974969
9002554
8984558
8981698
8905612
9001023
8998788
8991432
8994329
8993981
8982757
8984923
8991214
8979300
8988644
8986975
8990844
8987259
8846334
8988905
8925364
8922041
8923039
8858913
8879287
8920287
8917865
8921894
8919178
8916927
8915792
8911111
8913377
8833826
8882498
8908977
8907428
8908149
8858561
8900316
8906649
8904477
8905652
8905237
8904641
8968852
8965351
8968549
8906891
8966827
8700088
8944562
8964632
8953752
8963560
8951169
8961986
8959245
8950174
8949191
8956420
8951872
8945219
8958668
8957639
7464798
8952997
8939922
8952551
8937833
8989828
8989603
8989562
8986741
8973553
8982873
8986429
8986313
8981951
8955255
8981173
8967482
8980196
8980786
8980647
8978117
8977325
8957893
8976409
8976216
8966869
8966977
8957452
8971813
8970938
8797370
8884131
8902060
7093532
8675124
8872820
8894535
8768717
8893220
8893305
8893187
8855338
8890408
8856172
8890120
8889621
8885316
8882924
8815335
8829251
8838654
8824382
8863435
8874370
8860680
8951546
8928185
8947717
8941900
8877609
8948109
8927410
8946120
8929873
8763769
8830028
8936988
8936990
8917877
8934469
8929290
8644199
8926794
8712441
8915529
8925837
8824912
8896236
8925342
8845911
8803910
8798484
8748935
8825040
8808827
8819610
8747133
8758768
8824894
8745537
8823778
8823985
8822222
8818722
8817939
8812120
8816138
8783401
8798201
8579548
8808789
4696410
8809122
8807426
8485562
8850991
8867736
8660615
5397267
8487526
6589446
8859078
8850219
8846852
8530447
8754866
8781440
8839979
8833626
8799113
8813481
2288235
8825293
8845787
8848202
8823699
8844359
8841495
8104941
8361207
8797790
8638078
8803035
8800722
8788875
8539677
8794110
8799222
8799313
8439698
8798926
8782873
8790027
8760186
8791085
8794286
8794114
8794105
8594582
8764981
8688575
8791174
8735473
8621839
8786486
8698571
8574459
8690001
8676581
8163570
8649375
8689850
8672367
8592066
8689396
8673778
8676591
8670099
8607295
8654490
8684400
8654624
8677298
8674777
8669314
8676207
8674713
8650512
8671162
8673514
8647660
8640731
8647978
8642890
8260974
8583997
8521280
8633811
8636631
8624608
8532728
8343404
8628157
8627220
8617771
8624378
8555468
8551060
8502030
8603321
8617950
8619840
8605086
8607540
8569612
8166447
8779380
8776719
8768963
8748681
8732466
7811737
8768065
8683370
8756952
8268449
8563575
8565894
8735600
8735045
8597951
8748153
8684853
8746509
8696905
8746374
8740834
8740348
8738633
8736706
8736465
8735991
8677618
8734333
8728308
8710332
8709711
8728149
8717531
8724139
8721650
8715044
8545062
8706200
8718134
8699006
8710515
8689208
8708167
8697742
8680348
8698113
8708010
8696294
8681597
8668643
8642999
8669486
8669125
8662481
8668442
8667070
8665188
8649881
8657307
8642441
8660769
8644327
8661590
8654748
8660649
6915104
8648766
8648717
8643785
8619443
8637972
8579007
2607798
8627861
8586662
8600796
8606201
8599499
8599368
5269349
8596965
8598447
8554096
8597381
4032789
8528383
8586737
8593962
8513486
8506188
8582759
8394888
8586912
8586697
8556316
8583068
8562668
8584066
8563070
8393489
8204284
8463344
8522372
8520380
8522180
8479791
8520956
8498401
8475341
8515123
8503769
8472749
8449501
8510496
8513236
8513063
8507812
8509644
8509527
8505862
8506629
8505489
8500251
5770314
8561804
5785974
8568181
8554331
8555927
8568761
8565753
8565865
8566536
8544448
8532109
8562672
8528544
8524945
8516363
8552331
8373855
8546665
7997566
8386587
8495928
8474887
8523038
8532474
7940569
8423790
8495593
8462872
8499675
8178897
8449475
8471571
8450674
8390495
4713588
8483508
8163335
8454149
6737667
6075799
8321168
8476776
8481280
8481761
8347784
8443302
8480424
8478663
8479015
8454148
8394541
8402188
8399059
8334889
8382377
8388931
8158895
8398903
8393921
8374937
8384900
8384718
8278974
8355560
8248073
8348553
8311942
8378162
8367693
8258336
8377235
8376613
1797633
8372748
8362757
8475796
8475850
8466274
8465177
8459196
8334243
8465769
8132696
8450604
8459906
8442959
8411563
8450113
8454082
8454746
8452803
8450297
8430015
8174724
8371204
8445092
8439793
8441554
8431888
8448018
8230044
8367721
8364551
8355469
8365185
8364183
8266117
8359085
2097255
8357726
8009227
8275234
8356738
8355725
8355455
8347127
8337712
8212801
6012768
8343803
8344631
8211792
8349869
8164191
8344357
8427116
8438008
8437407
8432121
8430669
8432292
8427716
8426853
8402830
8396394
8278110
8385921
8408121
8409975
8395885
8393700
7864903
8409476
8415982
8415490
8396072
8410567
6005861
8409446
8398949
8344529
8158726
8342149
7864652
8341338
8325211
8269199
8328981
7767667
8339593
8333670
8336712
4567522
8334492
8327705
7680932
8323880
8310968
8298002
8325579
8293322
8152496
8203392
8271080
8326762
8282792
8253720
8277624
8302877
8302227
8287535
8298875
8185052
8275005
8299483
8294925
8292557
8282810
8290761
8289752
8289550
8187109
8222205
8203998
8279377
8279923
8220885
8276982
5335017
8195064
8297925
8301041
8122177
8316262
8314599
8309051
8144856
8245808
8313387
8236484
8311300
8304605
8297798
8277345
8297681
8297873
1470460
8307364
8297672
8306953
8305258
8304904
8300175
8276006
8293001
8233164
8200741
7925555
8223781
8227087
8232530
8087203
8234269
8228807
8234888
8231694
8227504
7841621
8232665
8228315
8201731
8137370
8194643
8223727
8225487
8078829
8159142
8225523
8223900
8223856
8218893
5313561
8223436
8211438
8213582
8220765
8126311
8218546
8218522
8218407
8212637
8207749
8212160
8208237
8210010
5132961
8192130
8198980
2092191
8208975
8176402
8175265
8190323
8122129
8207833
8197979
8199823
8168933
8203800
8198851
8197640
8201093
8200574
8089715
8196638
8189819
8196853
8198326
8165552
8197773
8198006
8163666
8197121
8139449
8166281
8132704
8189159
8178990
8188024
8183277
8212446
8212532
8211150
8200731
8248997
8188282
8147653
8238765
8242987
8204228
8189466
8178660
8271991
8249594
8253705
1072987
8260614
8237357
8234006
8271837
8271739
8255734
8272363
8264303
8268290
8271906
8245369
8251290
8262771
8264234
8251350
8243811
8256426
7003657
8230402
8251202
8250137
8250186
8249193
8248358
7530312
8233014
8127780
8244266
8243490
8139539
8239023
8238640
8236457
8241161
8183278
8175836
8116956
8179745
8172974
8179001
8178451
7985480
8152632
8177509
8176496
8175580
8169004
8094770
8136577
8165787
8137547
8165383
8135017
8168251
8025319
8165083
8165295
8131686
8055105
8141458
8134984
7905904
8115503
8163396
8064415
8136785
8162321
8155847
8155453
8154915
8153333
8161411
8151707
6442306
5443379
8159623
8155077
8155736
8143304
8155406
8150713
8146555
8131753
8146871
8152665
8127254
8144678
8134194
8126916
8144622
8125877
8140065
8134824
8138290
8141677
8140914
8013991
8084740
8137532
8130799
8139378
8139286
8130762
8118999
7981807
8136831
8135591
8135638
8134987
8055195
7092423
8046915
7863061
7972216
8021104
8019928
8034352
8007579
8034520
8029755
7983822
8036565
8014330
8033255
7829298
8024832
8021338
4090380
8016903
8028653
8028285
8019236
7935543
8018780
8128114
8132881
8132503
8132420
8131458
8130281
8104888
8129080
8123114
8115430
8118595
7952591
8126457
8120836
8119154
8118914
8122198
8122162
8122145
8121985
8109168
8110541
8119918
8119445
8119052
1396101
8065994
7934928
7883349
8067543
8060518
7696189
7994482
8053539
8056374
8060355
8060050
7736839
7804417
8054809
8059141
8058137
8048983
8057596
8055774
8053462
7982464
8011106
8051137
8053986
8083542
8114351
8102982
8108321
8103042
8087551
8093671
8105587
8025328
8098852
8093640
7861899
8102017
8094660
8098791
8017450
8094725
8099918
8079739
7976010
8098026
8096739
8096482
8094781
8064536
8089842
8084253
8073754
8089432
8078281
8081430
8087122
8053529
8081307
8069555
8079188
8037970
8081216
8076428
8036071
8074246
8075156
8076468
8074651
7978534
7991303
8075083
8073693
8056572
8074181
8018452
8015788
8015273
7984303
8006374
7997361
8010709
7801350
7798683
7984297
7945947
7932745
7972653
7996937
8004903
7923837
6853490
7996784
7988760
7991777
7959839
7754492
7990901
7857213
7989975
7987391
7986434
7781617
7937410
7986076
7953749
7955286
7980764
7982177
7971175
7974626
7648054
7968565
7967893
7955515
7968118
7532809
7953502
7964124
7964103
7938025
7960419
5638334
7744552
7795359
7956962
7952977
7881789
7925462
7918944
7947716
7936495
7639288
7942206
7865380
7940630
7933818
7882442
7926860
7555637
7923817
7919123
7923132
7920591
7918740
7666720
7782264
7691983
7829740
7914305
7750248
1128292
7788148
7331163
7760315
7727501
7684648
7774790
7772452
7758965
7764100
7559393
7744431
7667594
7751949
7751806
7753096
7753018
7708176
7649673
7749928
7734156
1520295
7741514
7698696
7851545
7864666
7791543
6419482
7823600
7525690
7867280
7852932
7867520
7790258
7853911
7805078
7822083
7861941
7537128
7805710
7859535
7488583
7825573
7777485
7828602
7778185
4440823
7771471
7489084
7915416
7752691
7913606
7876457
7910103
7911340
7647349
7827982
7863038
7815015
7896682
7891811
7903179
7901381
7666575
7895506
7894405
6100165
7829761
7888188
7879613
7886841
7877715
7871296
7873814
7744079
7366543
7557916
7741047
7710763
7740705
7675032
7725966
7739399
7727054
7724809
7715318
7735670
7725351
7726411
7684553
7724381
7393216
6987049
7020546
7716906
7718556
7688014
7684200
7701786
7596593
7828516
7764142
7833791
7834794
7830641
7828281
7819438
7821294
7820024
7715152
7449447
7815224
7711339
7812530
7805738
7806887
7805010
7776743
7776769
7796158
7567448
4079579
7790165
7792301
7652742
7646245
7512141
7478799
7616675
7588214
7264247
7644644
7645315
7502388
7494169
7632462
7604806
7623496
7575248
6355714
7598398
7606702
7598654
7479422
7609777
7607447
6020132
7595801
7599198
7608935
7689650
7640267
7603591
7659662
7706368
7690085
7686731
7696393
7681839
7595607
7608226
7682695
7671856
7680074
7519455
7564240
7677738
7373526
7479214
7499757
7666429
7656335
7661784
7628384
7597606
7589172
7587775
7509917
6771828
7430735
7577108
7584941
7498230
7565671
5188527
7578933
7555239
4620555
7575648
5772187
7578984
7246451
7304140
7577396
7577736
7575976
7577087
7565752
7574130
7533144
7506334
7547827
7431945
7488512
7541719
7544688
7536198
7537048
7496320
7266096
7385251
7516539
7501345
7438160
7504653
7486894
7515037
7501441
7478760
7498781
7500631
7418543
7490169
7442003
7269011
7489787
7446752
7368335
7471983
7475628
7467751
7431614
7341286
7381421
7448510
7457120
7456191
7414549
7457162
7454659
7427392
7450194
7449110
7436724
6998010
5397957
7380755
7441734
7430974
7212013
7424531
7352295
7395453
7361560
7399958
7420127
7347356
1109360
7415357
7415259
7383106
7404267
7290765
7408223
7401980
7327439
7406329
7383861
7395024
7402008
7402845
7292856
7318268
1876577
7393528
7395863
7325073
5485623
7038107
7383496
6589169
7375067
7393563
7381588
7374981
7383791
7315348
7373442
7150028
7313899
7290119
7322337
7378337
7384016
7382808
7287700
7380337
7368524
7348914
7382253
7394410
7529787
7567932
7402950
7568584
7548367
7568957
7565568
7564739
7564364
7543468
6493027
7559397
7559594
7541193
7558330
7544782
5684560
7548226
7515171
7552648
7551363
7480335
7514177
7346697
7247935
7354654
7143249
7353700
7365268
7346651
7344525
7348971
7347825
7342323
7332494
7315956
7333996
5462807
7330350
7317230
7284204
7332772
7332233
7328635
7329810
6498687
7323499
7317179
7247102
7247150
7249256
1761238
7248960
6909754
7068280
6433466
7219430
7243628
7117852
7188930
7241403
7238169
7239507
7235536
7131136
7236900
7201885
7191579
6287402
7002052
7208633
7091181
7206229
3753910
7291279
6791492
7309285
7230065
6646030
7314828
7308286
7173101
7297065
7291947
6984328
7245757
7286579
7197231
7262459
7260283
6216839
7278861
7278015
7241760
6680188
7143966
7256572
7257464
7202366
7205129
7167224
7186036
7138600
7157087
7142425
7188146
7187085
7180092
4271659
7174961
6950728
7094966
6706393
7157884
7154922
7139872
7137851
6927600
7093287
7146073
7141993
7127707
7122408
6910883
6929032
6706291
4145251
6004577
6869676
6880834
6113679
6896830
6870329
6879988
6892313
6880608
6878875
6880108
4751604
6588102
6824539
6497136
6872224
6846380
6670386
6743911
6547826
6566594
6915754
7060280
7056709
6858062
7044165
7049872
3463013
7019981
7041196
6834629
7038854
7013278
7035926
6234754
6871134
7019834
7021264
6451187
6837301
6864129
7010929
6023173
6975758
7004685
6870578
7138796
7051424
7125524
5180496
7100661
7135537
6967702
3092132
6647893
7113712
7122781
7062267
7122560
6846999
3443033
7099485
2039056
7079832
4503698
6877468
7060094
7071232
7047504
7060142
7061615
6987912
6982799
6992761
6987460
6957495
6947367
6974387
6982963
6876880
6899838
6966353
6925630
6951334
6412153
6961173
6181001
6961160
6933864
6315189
6940292
6930455
6504234
6869897
6930164
5463944
6865809
6866130
6844062
6109722
6083855
6595679
6646459
6730638
6833283
6797150
6812360
6801764
6849003
6833925
3286395
6839583
6834623
6790826
6834026
6805086
6826904
6535699
6610267
6823848
6822466
6822219
6709117
6797243
6809709
6811028
6805680
5162179
6798095
6795291
6773401
6736556
6792431
6787898
6786060
6532821
6641786
6757779
6667049
6754338
6754492
6753528
6760327
6753716
6497541
6747943
6743307
6670835
6694396
6553007
6555883
6688851
6716848
6434915
6664264
6460208
6697148
6690537
1651234
6681929
6659684
6676352
6681696
6231187
6665303
6512294
6632340
6504528
6651480
6592399
6588432
6599556
5858479
6171319
6582751
6584688
6568452
6307043
6582629
6312171
6568375
6252803
6553561
6519476
6562247
6556344
6559675
6557082
6552807
6545198
6535890
6520649
6532318
6523475
6525874
6287387
6307829
6376988
6443514
2134045
6435922
6453054
6465597
6445316
6462557
6443901
6369432
6460262
6451761
6435286
6446940
5419940
6349349
6439582
6430483
6430423
6428873
6427657
6409461
6410966
6421433
6378660
6385385
6412910
6395710
6409043
6409286
6399920
6401177
6138938
6398320
6392773
6386208
6394192
1175121
5931119
6358069
6346854
6351714
6350452
6150341
6377469
6369021
6072927
6196088
6086569
6486634
6492682
6517258
6506306
6499863
6494404
6424995
6484106
6491921
6501007
6293311
6494029
6498586
6119410
6475317
6491655
6490906
6476721
6484099
6465752
6415843
6475413
6443900
6473588
6473710
6120538
6649650
6647977
6632479
6575850
6588451
6403794
6642549
6421047
6479862
6492029
6558382
6603802
6491788
6595816
6570106
5763463
6626198
6619178
6615652
6519879
6611586
6596619
6611021
6593128
6324052
1392822
6332031
6328501
6326867
6079274
6311600
6313610
6299398
6296139
5965282
6286967
6302104
6162781
6266121
6296117
6242038
5819323
6276557
6283414
6280012
6226076
6279510
6277293
6124371
6195124
6111324
6119764
6184720
6174448
6146679
3058855
6164281
6165099
6160968
6164280
6039260
6158487
6156461
6102287
4415911
6152881
6146597
6138137
6075154
5881258
6123635
6127041
6110963
6109853
6161404
6232981
6260123
6257623
6020340
6236743
6221253
6243968
6239584
6239245
6178525
6237638
5949961
6236036
6230250
6195794
5963112
6223811
6219755
5243575
6164514
6200312
6149196
6194299
6045832
5903639
5902367
5900733
5891698
5872710
5872569
5898124
5881301
5895684
5823393
5761609
5891034
5881295
5882924
5876768
5669267
5805200
5875719
5849485
2042629
5866890
