111978248 dreamingkitty
111979673 3433324
111979965 2953365
111981009 myida
111985557 2169647
112026258 BeFat
112111018 2953365
112113055 sulingcheng
112199567 2682950
112257943 2467185
112302845 dreamingkitty
112371496 1029207
112600421 3433324
112604767 robinhawking
112642302 taleending
112786235 2953365
112789667 Lee.Chie
112793525 dreamingkitty
112801838 myida
113637588 2953365
113637887 dreamingkitty
113642554 BeFat
113645231 dreamingkitty
400491997 47878326
401826229 wildwell
402431533 1514445
402450114 53343134
403138337 63610680
403138828 63610680
403176903 2953365
405942413 63610680
405942493 63610680
405966208 2953365 405942413 63610680
405966251 2953365
406207668 63610680 405966251 2953365
