111942077 Rossonero
111942522 2169647
111953605 2953365
111959930 Rossonero
111959971 1029207
111976012 dreamingkitty
111978107 zebraye
111981587 eq4
111986629 2169647
118497776 2292438
122714677 fade
124318849 3666680
156832768 caicygeduo
173813328 wdhlst
173852864 dreamingkitty
174049477 lovetree
174053104 lovetree
176072896 susulhan
191699980 47329743
195322019 zhugewuwu
195342668 2169647
209649934 4315864
209650154 3646835
212778572 4438058
233720736 4110596
235630219 aeonyzhang
237700258 16982087
251778049 2693901
309451813 48903171
310984430 35153601
316292029 sikaladi
342007052 wolken
345779924 60586212
357594948 39600566
364662633 A.Fantaghiro
407102910 64454830
