182136827 28207242
182157746 1029207
182183133 28207242
182191371 38025366
182192389 38025366
182206446 bjfume
182244431 simon_chong
182363613 2953365
182364755 2447998
182366324 minazukiruka
182374469 zforeverj
182406963 1415860
182408352 savage-z
187432478 4714022
187465699 4087974
187466016 wxl19880614
187470591 gino117
187498934 44051157
188013982 gaoguoke
188017597 jingxinjing
188132049 litong
188506824 43472569
188526890 48126114
188532221 47555769
188532603 38340658
299268321 56758302
299270993 bowiev
299272378 animalming
299279409 sylvia_douban
299303541 quiteSilent
299766615 RwandaLuntana
299769610 2475485
299774695 2208651
299778378 shakasun
299783771 4807633
308296906 47705855
308298488 3626837
308299798 socratesv
353976378 6827872
354148855 summerdream1990
354149954 52875957
395254550 65765550
395256573 54227661
395261887 redleaf825
395266160 jasmine-Lily
395950509 61625027
395958820 adada
396021305 Angiebest
