199530095 loveorion
199531369 iLanTu
199531559 self-identity
199541420 self-identity
199672396 45872067
199724061 letheyy
199724870 z.cici
199725158 chen1988
199743153 43257002
199774064 FlamingoMH
199783456 48158176
199954112 refresher
199967972 windren_0
199975224 saha
200331255 PrincessAlice
200341589 cinderellaa
200351929 contonleo
200359134 nanxingke
200828944 koopaheart
200830149 45455545
200840469 35072101
201636036 39076557
201847328 polly.
201848509 czsunlu1989
201851501 sophie-z
201865682 bxgty
201870998 Xiaoxiao.Z
201871719 yaorui
201872834 ssanita
201882243 murrayliz
201882286 icabird
201889324 catherine_koo
201909902 feizhihong
201912420 happylynn
201913789 2382411
201914563 29786891
201926287 dana91911
201979136 candicely
201993662 rabbitpu
201998431 yogatree
202079121 3557473
202191965 ineffable
202200989 jane2011
202213252 4154398
202223168 bluesnow
202235513 iamyi
202244260 1863654
202273416 bbdo
202273429 leadenmouse
202284196 3125049
202429487 JudyLoveU
202645420 panyin
202662347 tatati
202689232 3527424
202874775 47274913
203031593 18968331
203033284 1510805
203090940 Isda
203257585 candicely
203944409 48499212
203992901 A.Fantaghiro
204267361 puzhenwen
204308160 sky9457
204521836 lostbabe
204652025 freemugua
204653788 susulhan
205347340 coimioo
205436014 daonianyesu
205830510 1830353
206132986 49573637
206740265 iloveutaurusa
206748606 47242498
206750876 yichen12
206753566 francais
206770641 msstan
206814332 36834501
206839779 3829306
206846338 12117883
206848304 1274759
206854345 element
206865516 yanyan.shya
206890546 3519290
206932857 xkjnlaw
206965669 Rainbowrunner
206968302 Yockey
207049828 41036793
207101990 weirdbiscuit
207109959 lhlqzhuge
207138847 yu_12
207164303 annsniper
207168042 rainbowrocky
207278437 48127313
207279447 mars-0501
208877921 vividmann
208965644 2167709
209032153 2167709
209044115 46799454
209133173 violetflying
209214275 44424602
209222636 2167709
394578695 mmmsue07
394581050 51502484
394643138 61690414
406561130 53498388
406912925 42662822
407615583 40619453
209252935 youkii
209308758 yangyang545
209502255 2167709
209977276 shousheng
210173949 4315864
210291019 46767485
210303719 xizi2088
210307341 duxiaoju
211609445 43756539
211613189 4087974
211618128 WendyWu
211982890 mimiclub
212209891 yanyan.shya
212813876 caicai7
218303660 janetse
218881048 16982087
219485354 X8
219549597 wddtl
219561650 rockmymoonmoon
220558993 44450767
222539071 3626635
233928778 1530263
234390680 Abby9074
243708982 51540529
243781111 48534299
243907506 1051766
243969509 ningka
243990845 ningka
252559505 52377585
252569093 tangshuyuan
252947824 52038237
273944622 April.L.SYK
273944771 April.L.SYK
275754460 40591490
276757706 milshershaw
277005027 52419550
278653669 48038050
282811137 4859571
282923708 planeswalker123
284387212 48567815
284623806 49573059
284681942 3629627
285587538 51529035
285961985 su.xiaobu
286756052 2032898
293751781 56071638
293752324 56071638
293984287 35781413
293996681 31609708
294473225 seasonkiddo
294481442 pusushenghuo
294489747 2873054
300515813 lulinhaohan
303704633 whiteheart
306834917 4164222
309546123 50568331
309546124 50568331
315606907 34622709
318383985 58282533
318393801 57716486
318416439 face2sea
318502053 shajisuannai
325850707 46467201
334731952 chloe621
334899000 leazhe
344945836 daisy3days
344948016 seasonkiddo
345077573 xiaopengyoujl
345373036 daisy3days
345481282 59399032
349357984 2691509
349390575 40280865
349435828 17313854
349436410 17313854
349487387 kristylee
362530329 54748862
363998242 daisy0427
370477977 kekedouban
371401177 qdshenhai
371401457 qdshenhai 209032153 2167709
371409760 3024381
373850599 2554702
373851721 33569019
373853345 43347324
373858708 61055992
374014857 49415953
374019348 3579070
374028278 hellodxy1018
374161881 62789105
375495113 2057438
376974581 63094608
377193067 45574547 199743153 43257002
377204167 60027760
377270397 53616893
377287908 54785498
381007582 3116773
381028199 49265816
386579900 bamboo0602
393887595 40054864
394314581 cccccccom
