206352376 48747519
206741539 TsingHan
206741897 2219138
206750585 francais
206750773 ShadowCame
206751630 ZLJde5951
206753213 4052872
206753256 47240237
206753470 1761830
206754022 zugzwang
206756460 sophie919
206758770 Faye-Lin
206759504 2710858
206759640 mixiaomis
206759829 sunnyisle
206762296 2966600
206764195 sandara_happy
206764817 3858420
206764826 miaofeng
206766948 umissvivan
206772592 trista_ta
206774264 Antonapoulos
206774787 thebeekeeper
206777734 zoechao
206777786 37056989
206777945 rongengle
206781602 43483947
206788207 3744600
206789767 jibo1991
206789954 sara_song
206790700 yogatree
206791483 echizenlover
206792345 weeker
206792822 3125049
206793367 anzhe0629
206794342 3596688
206796226 solomon1937
206797749 yunian
206800970 SandyJune
206800980 1171070
206802765 amoayi
206804362 44626000
206811173 Dandelion0801
206814208 1037933
206815443 24053666
206817398 42074233
206817440 33963052
206817575 40630216
206818649 shannon_cat
206820911 jianyingzhou
206821467 15919945
206823241 ma.yan
206823377 howmuch
206823699 32416918
206825553 ichbinlurry
206829955 orange-juice
206830109 yuanshanyoudeng
206830687 forestsmoss
206831668 dhdc2011
206833091 10434900
206834806 12117883
206834834 1532741
206835391 meiguixu
206835403 roovan
206837477 youka
206837805 bigmonkey_2
206838163 element
206840461 zygzg
206841844 chenxiaoli
206843074 tasteberry
206844282 LEVELEEE
206845489 37957904
206846324 Algaeme
206850490 canran8
206850791 sfwitch
206852076 lapland.Y
206852739 36834501
206855673 24422077
206856923 lututu
206860128 helloer
206860148 1512785
206863106 37115891
206863139 3496133
206864557 falice_829
206872569 pigbobo
206873499 tanggeshuo
206877612 dayuw
206880698 peter_zhn
206895169 tiffanyma
206895288 3519290
206902116 spunk91
206902963 yintianyx
206909515 moen
206911984 lysc237
206912122 Argine
206923311 archimonkey
206924302 Tartan
206924542 Jungler
206925495 pandasan
206925712 28134842
266216891 4630069
266397931 13979842
266398682 lisarah
266618774 musemusemuse
266671277 zengxiaobo945
270973463 woaink
271349800 43729169
275593073 xnaidan
276438203 sangshenguliang
276438500 1086877
277145065 34765447
281086310 49234855
281098834 2645335
281331429 2710867
281567473 3526061
281576949 fxuk
281579598 yunta
281581202 clfly
281752505 47966963
282052233 4404374
282071371 tulipthy
282263131 Jesus-is-light
283325860 alisonyu
283329264 cotton-cotton
283426062 48788984
283999903 2791091
285490160 51529035
287059201 niaonazi
287190838 Gia_J
293712234 39721883
293724960 pusushenghuo
293982221 neverdeathjia
294032055 54536144
294042849 44163443
294043639 daisycheng
294255297 4087593
294259432 47153200
294264256 41946443
294264264 41946443
294267079 sommergjaekken
294276577 27675884
294286358 fini
294294998 lisazf
294297457 maxiaomao
294312739 binfenai
294348268 Hestergao
294363155 hellopumpkin
294383137 Seraphim-
294456911 47038685
294477343 xixi133
294485452 50652439
294634833 6241529
294635978 46720571
294684430 48081394
294700293 dijiqiao
294705470 4500408
294743779 fcgirl
294784321 bluepuppy
294872000 55941462
294931560 archimuhaha
295359286 56171321
295488586 41277642
295551963 46720571
295801793 liucx
295811841 2721566
295909715 2437416
296156909 renee0326
296265437 1060876
296362018 lilysue
296602494 anruyun
296603406 49877297
296615869 hailaney
296663494 46455167
296846329 jene4sh
296877062 ergeo
297139352 1148777
300365546 44163443
300424857 49601258
300431369 35781413
300459955 56175646
300861063 aupheilliya
300861355 48746427
301351434 zhangzhe
302626384 lingxunyin
302670657 liucx
303295395 40389429
303879214 bandoushuo
304296861 51197844
304402069 8443973
306985521 45716076
309259848 47435188
309296385 55988465
310281358 liucx 304296861 51197844
312734524 Alma-Lee
312740266 yiningself
312741691 4708976
312741798 1172639
312773603 53835715
312835259 chachaaiai
312835541 2667072
206938384 i.summer
206938641 i.summer
206939237 mialiao
206957529 2888865
206965216 serendpt
206978381 copylife
206987538 bloody
206992706 3682234
207009803 4808057
207017747 xinqing530
207033415 RuKa1983
207036040 39519519
207037963 Jacqeline
207051704 23942334
207055122 16138785
207060622 DazzlingHou
207067588 anthea_me
207070853 kyspace
207075495 kamio
207091548 rainwen
207093048 miaomiao19
207095197 37526389
207098697 34382030
207099477 yaoooooo
207100328 47739305
207100710 millionfus
207113338 4135505
207122030 2746761
207122824 gooapples
207122920 julywaits
207124748 yird
207126806 1301839
207135013 dgc2112006
207136730 1444848
207139774 D_Sean
207145198 AK104
207156768 Serenawhy
207173444 yu_12
207185087 47034341
207193490 gongyin
207203279 daifuzhai
207241303 Silence25
207244565 luozixi3
207258687 YukTing
207264238 darlingyou
207277704 faye.zxf
207283934 frank7838
207319167 chuannaizi
207328977 3676579
207343852 37073483
207344247 contonleo
207424076 Tinaaibaby
207463386 pirouette
207489871 foucher
207512825 neversarah
207518971 reneeyoung
207525290 49361388
207610597 ifreal
207612466 Shirley99
207616698 44306549
207644466 3370880
207727319 2025004
207906794 43483852
207949834 46118083
207961156 daonianyesu
208560094 1732474
208762393 quiteSilent
208765607 41165711
208781890 oyeahheroin
209151054 40619173
209167948 3342473
209223368 sirenwen
209276769 irisfish
209351228 gbn
209358586 3950830
209489893 be-my-mirror
209594293 45484424
209599870 devinpeng
209605611 shangzhiyi
209943397 6190795
210680202 49573059
210680216 49573059
210680258 49573059
210704381 tigeer
211704856 mimiclub
211709349 24053666
212264479 stefanixyf
212573353 sky.m
212777354 4609078
212777705 34403969
212777845 marsia
212930203 vermouthwho
212978743 48795439
213360134 lynn601
213413651 woailiubo
213935320 suweili
214078796 Lucky_Chen
214305961 Crissie_Chen
214689117 cute-meet
215380469 50184408
215381016 lynn0518
215732941 hanzhizhi
216599472 46118689
216636465 hellovito
216672457 sscs
217129252 43756539
217132859 liangpeitian
217245861 30255154
219493470 estelle_m
219536613 kuru0221
220125733 hsmsnake
220403674 1217609
220408186 2878137
220412985 xiaoxiangchang
220658316 xy0212
220659260 4612059
221096941 47876182
221098298 bondu
221188915 sheiscandy
221189348 godblessyou_man
221193574 45515217
221198811 vivaco
221202155 L2010
221214992 YelieJing
221216247 38829943
221217160 gegexuanyan
221217663 francesca99
221220841 48325459
221223483 love03
221236360 yunyunhu
221258286 33948166
221268655 nwuremain
221277665 6794389
221282063 2399611
221307669 catye
221312785 wangyumeng
221319863 39819358
221331886 3810818
221347485 loveisabela
221362794 18813358
221371266 4134400
221409752 2729549
221456697 byebyebadman
221468719 24526975
221519769 hhshuo
221529160 estella813
221556731 mydreams
221567739 saysth
221611321 43729169
221680919 2844428
221681830 wangxijiu
222085119 38417445
222349425 3743420
222452912 ffeinmay
222453838 pamani
222475005 mmHung
222976317 16997384
222986361 keno
223005734 49573300
223367130 K_elly
223843677 42562034
224697380 sukata
226540155 lovecoral
228063930 49775733
228287099 shenshenruye
228287755 1754181
228380466 bigrice0419
228416376 20047760
228418698 48869288
228421561 4245970
228965305 petitecher
230363200 superguanhe
230365419 2420115
231496077 Bianco
231496818 naughtycat
231499912 43514022
231613344 SHOMAKI
233218366 rachel_wu
234590180 1322383
234701684 2721566
235243252 41582394
235295581 41038451
239281451 cholo1228
239283492 violalee
239284118 jasmine-Lily
240911359 joelylee
241659866 ronaego
241965331 25611325
241966457 51517686
242422352 51110961
247326023 3711207
247406877 37033461
251532330 Seraphim-
252426433 mrbear
252524040 Jadema
253499108 4542230
253502823 JasmineCheung
265373257 1730086
265389094 13587501
265622799 paradise2324
313843395 woshouku
313899368 shashashasha
315794775 emilyzmm
316024384 jesuswong
316028928 zhangkangde
318888635 49045641
318889462 58349198
319037189 lululive
319037195 lululive
319037200 lululive
322301916 2951626
325053107 46650275
325348267 linyasue
325358123 chouchoukey
325358435 1804990
326307496 2380903
326327647 55783539
329784269 maggiegogogo
332288810 xlfan7
335083640 shaxiaohai
335084328 amuletvander
335324916 Yhnny
335342826 visadile
335343224 59633193
335346810 4252475
335633864 48494387
335635087 newleftwing
335638723 mafially
335674323 49265816
335674706 taurenchieftain
335674940 TLOTR
335674957 50605475
335675784 45628478
335797121 48892399
335810279 42711214
348822900 3460782
391095370 zoooey
391147993 hananalice
391154681 60133191
391155646 51482168
400117515 40485290
400136827 54227661
400162499 60295715
400202445 59165174
400273765 63860087
400273819 63860087
406252768 44166562
406845364 49394432
348823599 mmwt
407214882 1783213
348826713 4490456
409124092 4521764
348843797 E_Cinderella
409136332 49143536
350257128 4642623
409224705 52693466
350278707 47254497
409251582 57075796
350479056 53129349
410064328 30714912
350505988 60333173
412337022 hongyuan66
414109824 67265059
350507573 3540713
414112278 61833715
350509276 falice_829
414450929 65306346
350514113 lesley1989
416462637 54829025
350554704 FionaStayReal
416577198 66958335
350736321 3616672
416792174 48447418
351188779 1673955
416799351 62604002
352046337 crosslight
416803163 Ri-ChaCha
352058569 44163443
416805547 56949599
352111314 57615755
416815253 52007349
352116970 sarome
416815624 51833254
352132692 35805829
417585204 9250172
352138976 52297070
417849348 momolady
352144058 dengyanyu
417861511 61530634
352163511 44709117
418052092 54016878
353481314 2240276
418059093 49911579
353484481 41580016
418059660 memec
418065203 48970008
353500107 58665066
355317868 AnnaBanana
355684012 51210782
355706872 51162709
356441457 15750352
357177091 soleete
357443005 november22
357587056 rayless
357863791 hotowl
360069739 62086276
360077251 stirbundwerde
361015934 49518604
361156889 MY1231
361166613 Langlangb
361249794 41085893
361258733 2969768
361347668 52131765
361740871 52788499
369729975 1464785
372053926 4664655
372861530 3552381
373321378 56096469
373367264 39136696
373486053 60027760
381622247 suimie
382406385 2484926
384286611 huahuamogu
384292119 4018344
384808187 62502704
385280964 53452442
386538392 andyvanae
387273573 l_rosemary
389422732 2646843
390105972 63567642
390133855 63446762
391039853 deermiss
391049002 liucx 387273573 l_rosemary
391049085 liucx 389422732 2646843
391054133 blueskyky
391092421 aranya-li
391093968 2670439
