222292045 januaryrain
222292825 aegis
222293897 4693703
222296754 2823205
222407881 annzy
222408712 mellrince
222425993 nymphadoratonks
222442095 blind
222580612 1804990
222595676 2058577
222681546 2058577
222685998 3470453
222815376 2058577
231971019 miao_er89
238797187 41675235
239213166 Jadema
239233656 4331594
267173790 demain
278867499 38793609
323983815 28134842
324003154 wangting0318
324003538 54472331
324016175 58682582
341979066 50985683
341985105 38652346
342206976 cyqx7
342207270 39691270
362534367 54748862
375623451 40262347
410045286 29510500
