226941799 acedamic
226945127 acedamic
226950399 4490330
226951745 ioneisan
226954217 frank93
226955323 2209490
226955386 firedodo
226956400 acedamic
226957050 acedamic
226958275 bobye
226959681 acedamic
226962614 acedamic
226979879 acedamic
226981854 48376685
226984409 acedamic
226990338 copious
226990433 acedamic
226991625 acedamic
227001056 ignory
227017394 acedamic
227025482 2953365
227027435 acedamic
227190935 acedamic
227191011 acedamic
227191071 acedamic
227191133 acedamic
227549955 ignory
227579715 acedamic
227580707 hisa826
250191568 35054410
250195115 acedamic
256250856 dianxuechaoren
256299911 acedamic
270075291 xixilovelove
270481554 danb1ue
270481877 danb1ue
270974072 childberry
270974256 Daisy910
270974371 childberry
272610043 48022135
272625284 50939267
272922098 51051959
273617092 45180524
284920323 she_lL
290425816 hbgz
290731761 13329464
290732270 13329464
305874538 hbgz
307394168 2866948 290732270 13329464
307515372 38879452
332962202 50065929
332962637 3746644
351466707 10115523
352205280 17313854
355967293 33855304
369088848 39840048
369233407 62445707
369234654 53698687
369509688 62445707 369234654 53698687
369593620 45433767
369614511 7669558
373595443 jiangyouxu
373596006 38600415
374021478 33058595
380874218 53143342
387017149 50868777
387017990 cherry_hata
392469611 46511566
