229249104 xuphys
229256941 redsilksfield
229257348 qinxinsandie
229265953 Rolin
229267204 jyyjcc
229267758 zishuzishu
229272255 yldo
229279570 watermark17
229285147 hanbin
229285405 chaton
229686517 acantonese
229711115 2581258
229760800 gougou_lass
229761095 fancyego
229828387 35072101
229829398 35072101
229830668 caisefan
229835062 ryoooh
229839426 39959162
229847085 ymoon
229848610 2513219
229861568 3773267
229946672 35072101
229955340 1496285
229957479 madileitions
236435173 2208651
236437577 cheungmiki
236438435 Kiddieyi
236444875 midsommar
236463525 a_faker
236465344 christophehj2
236469043 28207242
236469386 3376240
236478119 3955627
236504361 xiaodongwu
236526065 46143868
236527923 1957670
237088848 avanti
237259078 46118689
237308114 51700698
240779654 watermark17
240780483 51700698
240782780 43510974
240785910 2406936
241645986 demain
241684760 happygirl2008
241687743 solomon1937
241691059 1031259
241959691 fengs
241961903 angelinayoung
241983173 2051329
278268706 7418854
278269965 iyuxiao
278272509 3547428
278298203 sqlily
278301722 mmking
278302906 34820208
278306967 jidongshuo
278311428 51757307
278783434 exhilarating
278784279 42753514
278820637 cinker
278842578 2823205
278868215 observateur
278868950 4087974
278962355 choufuni
279313014 exhilarating
280225344 ichbinlurry
280964797 44051157
281001938 deardesolation
281018730 35072101
281020924 afterglow8513
281043379 iamjilirong
281043664 EvanFang
281098426 35072101
285779615 3933823
285982177 stefanie1112
286069908 su.xiaobu
286318530 43819724
286804372 hellostella
286806193 YancyCao
286824472 41209497
286894100 47353809
287913716 2671713
296273717 zhyc75
296280755 chen1988
296295389 bobye
296295646 angelchou
296318648 56171321
296338720 3039965
296417899 mimixiaowei
298244177 11561598
308366395 Yummy
308369417 concertinomo
316435848 Yummy
316437234 52480061
316532251 2380903
320417837 4648518
323397333 51384481
337848823 44618866
337884602 bendanxiaoniu
337911033 41838234
337939583 Kamichu
337992508 47088903
337993062 potassiumcyanid
337998231 48514087
338043655 loverivaldo
338046499 adoskk
338100820 47088903 338043655 loverivaldo
338419431 14444830
339084988 childberry
339133271 46248854
355589347 linlysay
355593686 zhangyunfei
355593937 tt03007510
357754294 NuclearOrange
357797991 47446511
380862010 RoryGilmore
381173305 RoryGilmore
381207214 polymercat
381211527 60767301
384333739 33456055
384333912 illiya
384338691 47615453
384360481 1892837
384421928 41653107
384423230 41653107
384437503 51303787
384674638 polymercat 384423230 41653107
385005624 45719593
397484234 59174414
397650950 everpcpc
398683186 50965902
404804017 liukong
