249887760 41753245
249892185 26565902
249893462 1467734
249904944 51139362
249911569 26565902
249911957 firedodo
249914454 Lue
249914863 47514656
249915219 47514656
249917084 firedodo
249918117 26565902
249918836 firedodo
249920811 26565902
249920881 43510974
249975289 47514656
249975935 47514656
249976846 watermark17
249981053 4211017
250019167 caribbeansea
250019902 43251847
250164117 4331594
250174230 rtey
250181441 35072101
250188226 26565902
250194885 51139362
250202719 firedodo
250209318 48573854
250258929 35072101
250413759 4331594
250502247 35072101
250514177 treehole1989
400481619 47878326
400484358 47878326 249915219 47514656
400485782 47878326
