257628244 ianthine
257634716 52845574
257636481 45487785
257649601 52845574
257650665 1092843
257651015 aki_520
257651330 52845574
257651619 16319817
257653824 aki_520
257654505 52845574
257654701 ivy_zhang
257655423 angelinayoung
257655425 52845574
257655624 51906370
257657148 52845574
257657382 51906370
257657895 52845574
257658123 51906370
257658256 sweetandtea
257658649 47539488
257659221 52845574
257659396 52845574
257661266 JaneHu
257661803 52845574
257663211 1092843
257666422 littlefall
257668738 52845574
258068899 Severusxixi
258074399 july-nanjing
258075737 lovinguhjy
258081226 ChenGUO
258106822 happysmiler
258108726 52845574
258112693 fribar
258306914 ianthine
258331870 yuanshanyoudeng
258340297 34820208
258357449 52845574
258357962 46231341
258376584 grothen
258421247 yiluojia
258457452 shineking2001
258660401 RwandaLuntana
258693476 52845574
258694584 52845574
258878836 lovemeloveu
258906687 52845574
259090515 48017743
259285905 RwandaLuntana
267162856 tonhyuk3507
267206053 52845574
268019188 50985683
268079058 cchen143
268222909 jia_wood
268225796 3016383
268492861 autumndream
268494447 lulyly
268915522 chibaomeis
268916251 xiaochan1012
268928705 chinesewww
268929511 34820208
282861240 48017743
282865576 juliam118
283532370 walkingshadow
283532623 heier32
283756757 Gloria_Q
284315341 48017743
284356161 Gloria_Q
284640052 privatemoon
284647505 3283395
284648507 lulyly
284664215 45455545
284664409 miroff
284695351 21988958
284762960 Stander_Iris
284840036 SissiYe
284920412 she_lL
284996648 Arielljn
284997152 vigayy
286887759 3729790
286936375 3483287
286968573 cracks_a
287376604 31819783
287416407 45901834
287874962 luofeicain
287881431 juncong
287882287 angelaliu
287887213 53954337
287895638 33836504
288140838 wmdcc
288444075 3759796
288444719 44071036
288445207 44756507
288541120 redsteel
288542373 Dancing_cat
288542636 4635840
288593961 llazz
288866619 3613793
297168887 2921874
297177569 1841487
297190366 47539963
297191954 lostinhelvetia
297257339 quiteSilent
297258267 36541079
297262611 55941462
297278184 3016383
297317929 crowtina
297435592 40874251
297513719 onandonandon
298571172 melody1314
301634560 wmdcc
301776671 goosehead
301809021 37184742
301868590 leoleodouban
301871718 52130745
301931708 54296812
301932237 53629451
301992405 38917698
302153663 jinwoo
302154998 catherine_yihen
302375270 lyne1124
302406777 moqinancy
302702896 lizzy1989
302877554 x__________i
307111487 52845574 297513719 onandonandon
307115445 duanyingfen
307236290 55988465
308243515 x1cy
308249216 45029236
309085037 51237450
309087959 anatanokoto
309317246 4279668 284996648 Arielljn
309724653 share_Abu
310631093 little_lady
310651083 Fan-evil
310658529 3011704 301931708 54296812
310659085 54296812 310658529 3011704
310660259 deanna_zhao
310687223 Angiebest
311140859 Isabell_J
311532703 y-spring 309087959 anatanokoto
311533288 45432488 268929511 34820208
311533340 45432488 311140859 Isabell_J
311533615 shushibi
311783140 52293681
315296494 losylee 311533615 shushibi
315303279 3855438
315416713 50609986
315445691 21407925
315491325 57444324
315492533 hangaround 288542636 4635840
315509727 57492155
315514253 jiong7
315519866 48285683
315556606 rui1204
315557381 lynnandfreya
315932425 40878958
320150541 shuiyunyun
320152106 amber_L
320489948 pennywind
380358120 40878958 286936375 3483287
391807312 3483287 380358120 40878958
391812441 57107059
