306376251 babamamahewo
306385969 jasmine-Lily
306386629 2756111
306392736 3449327
306393022 factorysnail
306396360 30167616
306410743 1086877
306410945 36615137
306411298 51295802
306419796 yezike
306420170 yezike
306420454 2245386
306421380 yezike
306431691 practicalreason
306439905 waterluan
306583945 56864090
306625502 zorastark
306651339 4510294
306651782 alwaysme
306653588 planeswalker123
306654118 clcaincc
306655076 clcaincc
306661945 37217218
306723710 3639837
306724126 C-tetu
306775985 53629451
306785057 52245354
306823417 2471886
306825567 gyn10092365
306830583 philo-sophia
306860824 1086877
306861162 venissa_c
306869331 qianmengyuxuan
306899537 4856948
307000217 ChaiABC
307141234 yezike 307000217 ChaiABC
307142597 yezike 306823417 2471886
307143451 yezike 306655076 clcaincc
307143882 yezike 306724126 C-tetu
307144246 yezike 306653588 planeswalker123
307144876 yezike 306431691 practicalreason
307145602 C-tetu 307143882 yezike
307159011 coraline92
307161571 Dutchgirl
307186207 2471886
308385795 44529417 306654118 clcaincc
308385894 44529417
308458477 clcaincc 308385795 44529417
308549074 44529417 308458477 clcaincc
308549615 wanmer
308550803 44679393
308580543 yezike 306385969 jasmine-Lily
308580631 yezike 306386629 2756111
308580711 yezike 306392736 3449327
308580773 yezike 306393022 factorysnail
308580801 yezike 306396360 30167616
308580871 yezike 306410743 1086877
308580902 yezike 306410945 36615137
308580949 yezike 306411298 51295802
308581047 yezike 306420454 2245386
308581210 yezike 306651339 4510294
308581301 yezike 306775985 53629451
308581509 yezike 306785057 52245354
308581781 lynn_507
308581832 tsangtsu
308582449 54701584
308582613 53629451 308581301 yezike
308582756 yezike
308582979 yezike 308582613 53629451
308583035 yezike 308581781 lynn_507
308583108 53629451 308583035 yezike
308583202 53629451 308580711 yezike
308583389 yezike 308583202 53629451
308584060 53629451 308583389 yezike
308584128 yezike 308584060 53629451
308585273 53629451 308584128 yezike
308607108 jasmine-Lily 308580543 yezike
308723110 1982618
308842982 51594921
308859521 fribar
308859534 fribar
309038783 yezike 306583945 56864090
309039947 Dutchgirl
309040236 yunwaizhizhi
309040515 vesper
309046537 4510294 308581210 yezike
309050103 yezike 309046537 4510294
309462313 leafmela
309463227 33453661
309972789 yezike 308842982 51594921
309972905 yezike 309039947 Dutchgirl
309973018 yezike 308723110 1982618
309973482 yezike 308859534 fribar
309974108 yezike
309974268 yezike 309463227 33453661
310026269 46863370
310027192 yezike
310185836 scozy
310186295 yezike 310185836 scozy
310235461 57432710
310284654 yezike 310235461 57432710
310286438 Ibasyo
310286729 9534519
310288121 48733357
310710331 46863370
310783932 57432710 310284654 yezike
310812432 4299820
310827236 cristallachesis
311236351 52637561
311256635 47088903
311260879 56445759
311270911 yelisha
311282551 yezike
311283117 yezike 311260879 56445759
311283295 yezike 311270911 yelisha
311283427 yezike
311283609 yezike 311236351 52637561
311283840 yezike 310812432 4299820
311284422 yezike 310286438 Ibasyo
311284564 yezike 310286729 9534519
311284822 yezike 310288121 48733357
311285076 yezike 310710331 46863370
311330758 9534519 311284564 yezike
311334356 46603705
311412315 zhugewuwu
311445932 2750644
311488292 4500408
311491421 yezike 311445932 2750644
311492085 yezike 311334356 46603705
311496195 2750644 311491421 yezike
311497846 MyDesHil
311498212 MyDesHil
311522412 52637561 311283609 yezike
311523911 46603705 311492085 yezike
311629579 49063829
311678222 taiki2501
311729271 yezike 311496195 2750644
311729449 yezike 311497846 MyDesHil
311729508 yezike 311498212 MyDesHil
311729750 yezike 311522412 52637561
311729877 yezike 311523911 46603705
311729992 yezike 311629579 49063829
311730054 yezike 311678222 taiki2501
311749949 taiki2501 311730054 yezike
311752249 yezike 311749949 taiki2501
311752640 taiki2501
311754916 53629451 311236351 52637561
311755209 53629451 311729992 yezike
311762084 yezike 311755209 53629451
311762728 53629451
311768000 36785903
311768215 36785903
311774171 wangyou1989
311785642 MyDesHil 311729449 yezike
311831694 2750644 311729271 yezike
311843841 55386148
311844091 55386148
311844363 55386148
311908143 yezike 311768215 36785903
311908468 56324142 306899537 4856948
311928786 52637561 311729750 yezike
311929406 52637561
311929553 52637561 311844363 55386148
311933658 57800964
311933991 ciguo
311937792 53629451 311929406 52637561
311938057 asuntou0924
312179896 46863370 311285076 yezike
312185960 43982410
312189981 YancyCao
312252225 56864090 309038783 yezike
312480997 miehahaha
315164488 ninaocan
315166237 thea1900
315168123 sweetclara
315331748 54783591
315338749 51432283
315343688 akdonkey
315491847 57444324
319442572 lilyyow
319446010 ericake
319449989 may_xuan
319467301 52903240
319468923 ingridgallagher
319479448 yymm
410989470 sweetclara
410989524 sweetclara
410991785 62895684 306654118 clcaincc
410994395 clcaincc 410991785 62895684
410995103 51586370
410997526 Zhangxue1991
413903925 50394173
413904321 july0707
