308384986 49174118
308386148 sodas_sha 308384986 49174118
308386475 epiphany
308386490 Arielljn
308386882 2471886
308387660 Arielljn 308386882 2471886
308388232 sodas_sha 308386490 Arielljn
308388949 Arielljn 308388232 sodas_sha
308389639 sodas_sha 308386882 2471886
308389782 3113544
308390751 sodas_sha 308389782 3113544
308391416 sodas_sha 308388949 Arielljn
308391544 Heathcliff
308403099 Arielljn 308391416 sodas_sha
308404671 wangting0318
308406967 alicepeng
308407933 sodas_sha 308406967 alicepeng
308408369 sodas_sha 308404671 wangting0318
308408442 sodas_sha
308409495 CNL
308428974 wangting0318
308438715 riverkay
308518663 uflisa
308519318 pinky-swear
308520561 vesper 308408442 sodas_sha
308520711 56966990
308520974 pinky-swear 308520561 vesper
308801820 47705855
308806603 CNL
308926088 1031259
308926322 Dancing_cat
308931639 zhengtong89
308936826 mingfal
309017176 1031259
309021747 pinky-swear 309017176 1031259
309024870 childberry
309025084 54510143
309065038 pinky-swear 309024870 childberry
309067217 childberry
309067431 53629451
309068517 pinky-swear 309025084 54510143
309069761 pinky-swear 309067217 childberry
309070048 StrangersMania
309090836 57476272
309104251 childberry
309107827 AbracadabraFree
309108662 rebeccacheung
309111813 39637099
309113196 pinky-swear
309124341 1031259
309291631 4635840
309318501 2953365
309319501 2953365
309324399 2953365
309329631 luoshen
310668888 SUMIRUAN
310677337 3006402
310957228 pinky-swear 309319501 2953365
310960076 ziyoupaifeizai
310985664 4635840
311088765 2953365 310957228 pinky-swear
311089775 4639678
311090009 etern1ty
311090758 ohmylord
311437977 observateur 310957228 pinky-swear
312596938 ChaiABC
312612936 2471886
312626566 miehahaha
312630833 miehahaha
312687718 okitablack
312688416 scorpiosnow
312690574 Captain_Bigbean
312692495 miehahaha
312692611 sscaro
315073129 57602321 312692611 sscaro
315121795 jia_wood
315124774 ng-23
315129881 2538773 308438715 riverkay
315135714 37731857
315209333 riverkay 315129881 2538773
315246570 1031259
315276664 2538773 315209333 riverkay
315276880 vesper
315311661 1031259 315276880 vesper
315316903 vesper 315311661 1031259
315329918 1031259 315316903 vesper
315487833 riverkay 315276664 2538773
316027696 52869787
395193666 2917864
395232346 1479617
395236887 jiangshangchuan
395239373 shakasun
395255746 hs_Allie
395263970 Eyepennies 395255746 hs_Allie
395264156 2413064
395469250 hs_Allie 395263970 Eyepennies
395473672 58435312
396357668 3006402 395469250 hs_Allie
396364412 yankk 395469250 hs_Allie
396454681 hs_Allie 396364412 yankk
396510877 yankk 396454681 hs_Allie
396511649 3006402 396510877 yankk
396511658 3006402 396364412 yankk
396544378 hs_Allie 396511649 3006402
396550294 3006402 396544378 hs_Allie
396554852 49983730
396585472 42872673
396641454 yankk 396511658 3006402
396641974 yankk 396511649 3006402
396642456 yankk 396511649 3006402
396827163 3006402 396641974 yankk
396840933 3006402 396641974 yankk
396854829 yankk 396827163 3006402
396856085 3006402 396854829 yankk
396915965 yankk
396931371 3006402 396915965 yankk
396941802 yankk
396955727 3006402
396955881 3006402
396969541 yankk
396976562 3006402
396977558 yankk
396978886 3006402
396979403 3006402 396977558 yankk
396982268 yankk 396979403 3006402
396982890 yankk
396984387 3006402 396982268 yankk
396985440 yankk
396987052 3006402
396996016 38478832
397024560 hs_Allie
400377525 51121187
400394716 33058595
400394975 49634445
412372506 46048404
412770555 PiscesVanessa
412928212 47878326 308801820 47705855
412930128 47878326
412930214 2759479
412931622 middleshe
412934615 29351867
413109181 3470341
413690941 Neptune7
413719489 3006402 413109181 3470341
413719926 shannon_au
416165951 luoluochu 309025084 54510143
416215375 67653000 308518663 uflisa
417421191 Nero.
417428643 damcat
417454851 3006402 413719926 shannon_au
417487956 shannon_au
417495048 3006402 417487956 shannon_au
417495404 3006402 417487956 shannon_au
417509201 shannon_au 417495404 3006402
417510029 3006402 417509201 shannon_au
417511237 shannon_au 417510029 3006402
417512638 3006402 417511237 shannon_au
417523363 shannon_au 417512638 3006402
417524158 shannon_au 417512638 3006402
417525776 51805507 395232346 1479617
417526438 3006402 417523363 shannon_au
417526732 3006402 417523363 shannon_au
417720046 1479617 417525776 51805507
418019303 51805507 417720046 1479617
418061606 1479617 418019303 51805507
