316032374 scorpiosnow
316032814 1680836
316127320 58099706
316178093 47946397
323483095 2653759
324773665 48747428
325880133 57413506
326494238 57379211
326499793 42230867
326765866 48355737
326769243 fishcanbe
327892081 57862585
328785748 48422238
331738219 48669631
337225212 59725618
337226323 44343916
338712251 60724888
338712775 2245386
339302861 58276599
340199492 60031215
344770580 61368153
344941141 2538773
348779908 61368006
348811279 2538773 348779908 61368006
348824164 2538773
352342290 20938220
352588660 61365411
355578753 62037008
386963926 64335942
386972143 60964714
