324555895 AdrianLee
324557525 sqlily 324555895 AdrianLee
324570750 57246905
324571478 2750644
324579543 sqlily 324571478 2750644
324581997 AdrianLee 324570750 57246905
324764839 1933740 324579543 sqlily
324773744 sqlily 324764839 1933740
324774355 1933740 324773744 sqlily
324787447 sqlily 324774355 1933740
324797869 1933740 324787447 sqlily
324806521 sqlily 324797869 1933740
324901736 1933740 324806521 sqlily
325047317 sqlily 324901736 1933740
325054202 1933740 325047317 sqlily
411442692 Vanessa621
