341807204 59482670
341809583 lingyingluo89
341811036 yiluanqingmi
341812326 57602321
341813296 supremesally
341816492 yimingzhou
341816694 if_maggie
341824204 2380903
341909571 1479617
341912913 48798796
341924143 sqlily
341925351 mysterystory
341942072 oceanl
341946040 waterxy
341946175 9005055
341946905 sky890802
341952546 JCMaxwell
341971963 49209357
341987663 58665066
342030222 firedodo
342036273 ygc
342043422 yimingzhou
342051334 41421886
342051724 icyttea
342053887 lynn0518
342054903 1998102
342060630 43560310
342062530 43560310 342054903 1998102
342064853 45315356
342187944 colarxu
342189479 57601418
342192252 maidouduoduo
342206930 48054156
342228674 41582394
342276485 59691235
342277728 pappasrose
342302257 amanda808 342277728 pappasrose
342308403 3283395
342308476 36643619
342337231 47254497 342277728 pappasrose
342382649 pappasrose 342337231 47254497
342432045 firedodo 342337231 47254497
342436743 58067416 341809583 lingyingluo89
342437232 59600320
342463016 47254497
342463810 firedodo 342463016 47254497
342464357 47254497 342382649 pappasrose
342465732 47254497 342463810 firedodo
342467349 firedodo 342465732 47254497
342473286 47254497 342467349 firedodo
342476994 firedodo 342473286 47254497
342486712 34734449
342504677 pappasrose 342464357 47254497
342524232 47254497 342504677 pappasrose
342524515 neverflower
342534232 mai1964221
342535719 58239449
342547292 pappasrose 342524232 47254497
342561523 xingbulai1999
342565746 3020871 341809583 lingyingluo89
342707994 43560310
342708409 43560310 342302257 amanda808
342709209 mai1964221
342744541 omertalin
342744700 43560310 342709209 mai1964221
342749629 mai1964221
342750662 mai1964221
343214090 Dora_lee
343746406 43560310 343214090 Dora_lee
343749863 50583085
343763627 58444128
343768536 Dora_lee 343749863 50583085
343768561 republica
344406117 orean
344420343 heatherhx
344460427 zhuwushuang 341816492 yimingzhou
344568476 57410195
344684209 7785724
344693759 41421886 342189479 57601418
344897967 44801706
344899267 bluerose
344899545 48458067
344900429 bbzita
344901972 daisy3days
353987225 43560310
354201465 33417027
358975651 mai1964221
358989453 xiaoke_
358992312 johnovember
359002515 58593103
359403586 lobeline
359408470 shininspiration 358989453 xiaoke_
359424050 Moonmous 359403586 lobeline
359693829 firedodo 354201465 33417027
359693963 45455545 359403586 lobeline
359694074 45455545 359693829 firedodo
359694945 evalaself 341809583 lingyingluo89
359724071 lingyingluo89
359763847 mai1964221
359901587 yuezhan
360742701 huifeigpf 344420343 heatherhx
360744195 huifeigpf 359694074 45455545
361136835 goblincarinet 359694074 45455545
361137692 tangguoquanquan
361201195 43604424
361205991 mai1964221 361201195 43604424
362154583 51591152 341909571 1479617
362157917 4170066
362624122 dinajiang
362624148 if_maggie
362626164 49823720
362626416 1682822
362765038 firedodo 362624122 dinajiang
393443290 Dora_lee
393445341 63114619
393628344 48970008
393628362 48970008
393635145 deadandgone
393659392 42872673 361201195 43604424
393817808 43604424 393659392 42872673
394988369 52373593 341925351 mysterystory
394995604 39605733
395254767 64876200
406713801 46511566
411328823 outman2011
