363368003 43013071
363370496 54090884
363378237 56668567
363380960 41582394
363391430 43815615 363368003 43013071
363391621 43815615 363370496 54090884
363393008 43815615 363378237 56668567
363393325 43815615 363380960 41582394
363397344 41582394
363404842 43815615 363397344 41582394
363410388 41582394
363412840 3554162
363457028 41753245
363460629 3006402
363467035 55429348
363480160 43815615 363410388 41582394
363485927 lixiaopang
363487075 43815615 363412840 3554162
363507052 everlaster
363516920 43815615 363457028 41753245
363517805 43815615 363460629 3006402
363517997 43815615 363467035 55429348
363518352 43815615 363485927 lixiaopang
363518618 43815615
363533140 MyDesHil
363546046 1031259
363575424 3006402
363576657 2413064
363638847 lixiaopang 363518352 43815615
363644608 41753245
363679948 49744878
363683820 47825606 363460629 3006402
363685577 Viognier
363695042 39932664
366023225 49076269
366125781 51594749
366135680 33456055
366142886 2708291
366143110 47269920
366146799 2897420
366147674 54143356
366175627 51445012 366143110 47269920
366190453 58113742
366195645 47269920 366175627 51445012
366199248 katexia
366268395 51445012
366547663 46109221
366568739 2380903
368480386 43815615 363533140 MyDesHil
368480778 43815615 363546046 1031259
368481444 43815615 363575424 3006402
368481683 43815615 363576657 2413064
368481830 43815615 363638847 lixiaopang
368482251 43815615 363644608 41753245
368482726 43815615 363679948 49744878
368483236 43815615 363685577 Viognier
368483492 43815615 363695042 39932664
368484434 43815615 366023225 49076269
368485688 43815615 366125781 51594749
368486165 43815615 366146799 2897420
368486890 43815615 366190453 58113742
368487243 43815615 366147674 54143356
368487689 43815615 366199248 katexia
368487914 43815615 366268395 51445012
368488259 43815615 366547663 46109221
368488469 43815615
368494241 51445012 368487914 43815615
368508905 49076269 368484434 43815615
368552194 43815615 368494241 51445012
368552496 43815615 368508905 49076269
368579903 49076269 368552496 43815615
368632154 58113742 368508905 49076269
368646261 4120782
368651381 autumns
368658033 49076269 368632154 58113742
368658377 43815615 368632154 58113742
368772277 58113742 368658033 49076269
368787321 oceanofsecrets
368789420 49076269 368772277 58113742
368804764 45802629
368814426 43815615 368804764 45802629
368818708 43815615 368787321 oceanofsecrets
369736688 48876490
369737678 anruyun
369739650 16717455 368658033 49076269
369744147 Angiebest 368658033 49076269
369745289 34211346
369770101 62449667
369817085 49237123
369817945 49237123
369858933 49076269 369739650 16717455
369860198 49076269 369744147 Angiebest
369866983 Angiebest 369860198 49076269
369923287 49076269 369866983 Angiebest
370029883 53947757
400468599 47878326
400610483 baixin2011
402604344 50394173
402615163 63089376 402604344 50394173
402678560 nichaohao
402758570 63583892
402762293 53353120
402840444 helenher
404211797 10818553
404211957 vignefei
404212531 31593306 363460629 3006402
404239675 emmerdeuse
404240376 Christinacj
404241865 tyxjasmine
404259022 54143356
404303881 sunrise829
404565644 commlnn 363644608 41753245
404568697 myypp
405566994 63610680
