364198220 61474623
364209326 phk189
364209658 62445707
364216371 huixingqianjin 364198220 61474623
364216486 huixingqianjin
364216845 huixingqianjin 364209326 phk189
364217132 huixingqianjin 364209658 62445707
364232640 62445707
364377869 childberry
364377987 Gawiel
364402853 huixingqianjin 364232640 62445707
364403731 huixingqianjin 364377987 Gawiel
364710924 showmelove1 364216486 huixingqianjin
365265306 40703983
365549656 59883548
367624911 liulianwangfany 365265306 40703983
367625831 weirdolivia
367671486 17784438
368641139 baidewei
369737965 huzili
369964611 49415953
370375550 63225637 368641139 baidewei
370754381 1086877
370789912 iriselite
371032058 63742012
371032077 63742012
371032124 63742012
371044515 46810490 364209326 phk189
371906011 61473833
371935858 4522593
372897270 63893022
373218689 63921702
374097088 irainxxm
374517535 63757953
375189612 63893939
376272107 63924919
376368820 53736178
376628710 mimigogo
376659504 61543029
376973949 48318353
378593447 kuwalo
378628563 cofin
379437155 qiedandan
380671274 keshouqilai
381341305 63924919
382723803 malgemi
383404484 sushanflonia
383792984 happyeggplant
383967248 milan2013 383792984 happyeggplant
384067802 shoufaqing
384095718 espena
385398973 miqibei
385405964 41334219
385787711 64967289
388974554 beimiandewo
389711700 zyqdd
390917956 nanguodelt
391790957 molimolay
393087107 xiaowei2013
393735100 qingyanstone
393737278 18617291
394371756 xuezhinv 393737278 18617291
394384930 18617291 394371756 xuezhinv
394409604 55941462
395220089 65666153 394409604 55941462
395961549 mingyunlaixi
396622501 qiuqiuhuantion 395961549 mingyunlaixi
397045871 1351879
399783491 66015274 397045871 1351879
400562247 66001507
400819940 63225637
402176246 66005089
402517121 66419917
402523310 63860087
402523459 63860087
402534189 PiscesVanessa
402535644 PiscesVanessa
402536506 1769000
403162122 32146560
403171993 shuiyunyun
403665403 zjkhidon 403171993 shuiyunyun
404569320 63921702
404922463 66005190
405393892 66653773
405724615 66653967
407368494 sucily
408124833 66627727
408125805 doraw 364377869 childberry
408445750 63767895
410401600 67112577
412336294 67355041
413466214 wojiaoxiaotu
414465938 66004666
414909718 67568625
414946005 VeronicaFeng
415676547 48038488
415929581 67638058 415676547 48038488
416123716 67653000
416205274 haloubukeiti 416123716 67653000
416205517 localfields
417819813 67794260
418230668 67825489
418374643 4691552
419390267 67909204
419838814 67941740
