365414302 tuxki
365415516 aleilee 365414302 tuxki
365426514 lilacmoon
365426955 aleilee 365426514 lilacmoon
365466600 czardas
365467456 aleilee
365468538 36837869
365486932 sevencakes
365523172 aleilee 365468538 36837869
365523262 aleilee 365486932 sevencakes
365528036 lxruchu
365528488 aleilee 365528036 lxruchu
365553242 54535679
365562969 aleilee 365553242 54535679
365566786 MiaoF
365568012 aleilee 365566786 MiaoF
365569051 annechelsea
365571554 aleilee 365569051 annechelsea
365596468 annechelsea 365571554 aleilee
365725628 lazyspirit
365762313 aleilee 365725628 lazyspirit
365768883 54931438
365769765 aleilee 365768883 54931438
365774807 31596400
365776219 aleilee 365774807 31596400
365800030 liujuni
365802183 dztc
365929282 31596400 365769765 aleilee
365929736 aleilee 365800030 liujuni
366028464 dztc
366034533 rui1204
366040550 aleilee 366034533 rui1204
366041474 yukiwu
366046914 rui1204 365769765 aleilee
366090939 36388266
366095660 kuileizhisen
366096784 58516047
366097807 aleilee 366090939 36388266
366097915 aleilee 366095660 kuileizhisen
366097982 aleilee 366096784 58516047
366100294 57702316
366188537 58516047
367021961 41082979
367032079 49373102
367046639 lukeye
367050964 aleilee 366100294 57702316
367051138 aleilee 367021961 41082979
367051202 aleilee 367046639 lukeye
367067844 lukeye 365929736 aleilee
367068993 lukeye
367278423 41082979
368618337 aleilee 367068993 lukeye
370001742 Binje.S
370002133 1783213
370007175 60300572
370345225 aleilee 370001742 Binje.S
370345291 aleilee 370002133 1783213
370345370 aleilee 370007175 60300572
370347548 1997053
370352070 3612123
370353219 52296005
370353483 52277577
370353645 SuperEcho
370355627 41783707
370360064 52277577 370353483 52277577
370361633 aleilee 370355627 41783707
370361954 sherry_13
370438343 52296005
370453037 2682950
370458401 44057211
370469505 aleilee 370458401 44057211
370470129 aleilee 370453037 2682950
370497762 49877297
370503947 aleilee 370497762 49877297
370591529 Binje.S
370596097 HErLAND_cn
370698763 lovetree
370703932 ohyeahqiwen
371118477 2682950
371141992 42347214
371165675 ding7lei
371167699 ding7lei
372132211 ansizhu
372172424 30774159
372172657 1538578
376759910 64243414
385538034 64949700
385560124 chiki520
393874130 61501205
393922621 46418662
393922709 51607741
394218014 48572391
394218226 48572391
394221837 61261111
395437078 65779583
396422029 loveinpuff
396457808 65868920
397307013 1778550
401244192 53633636
407185513 44483553
407280065 daisyiris
407292774 47654305
407294190 misuiru
411665821 yubi72
411858778 tiedanvip
416580551 66958335
