366846437 45901834
366871346 cake221 366846437 45901834
366897940 siranyang 366871346 cake221
366901683 2413064
366907211 cake221
366907880 cake221 366901683 2413064
366908755 2413064
366910837 cake221 366908755 2413064
366911129 2413064 366910837 cake221
366913115 cake221 366911129 2413064
367095793 45901834
367095861 45901834 366910837 cake221
367096908 45901834 366871346 cake221
367125282 cake221 367096908 45901834
392999911 siranyang
393012417 deadandgone
393083532 41653107
393258357 45901834
393263744 45112754
393266478 daisy3days
393834409 demain 393083532 41653107
393849015 2551606
393859857 1500460
393895397 28207242
393901531 soloHero
393903515 deadandgone 393849015 2551606
393917150 48733357 393901531 soloHero
393947774 soloHero 393917150 48733357
393972550 demain 393917150 48733357
393976359 siranyang
393977136 siranyang
393989725 45901834 393977136 siranyang
393991252 phk189
393992863 40821195
394008655 2551606 393903515 deadandgone
394023423 siranyang
394048046 64876200
394249526 45901834 394023423 siranyang
395267954 Strongart
395272790 siranyang 394249526 45901834
396037967 50127288
396045751 50127288
396050946 50127288
