366910114 modoupku
366910895 woshiamanda
366911720 2413064 366910114 modoupku
366911828 2413064 366910895 woshiamanda
366914777 oranglife
366914790 41838234
366916017 41653107
366917724 woshiamanda 366911828 2413064
366922671 2413064 366916017 41653107
366928798 17205516
366929475 17205516
366938045 Janexrw
366938580 2413064 366914790 41838234
366938638 62454025
366954180 41838234 366938580 2413064
366964246 42425345 366917724 woshiamanda
366964916 41838234 366964246 42425345
366985739 53698687
366985985 woshiamanda 366964246 42425345
366992060 coimioo
366992624 2413064 366992060 coimioo
367030894 42425345 366985985 woshiamanda
367031695 woshiamanda 367030894 42425345
367052193 cz
367075682 2413064 367052193 cz
367076289 irsis
367076539 2413064 367076289 irsis
367080862 saobing
367083464 binchoutan
367205608 47878326
367223305 52067931
367223923 43013071
367225408 41580016
367602182 saobing 367205608 47878326
367604381 rtey 366954180 41838234
367604524 3527424
367606167 rtey 367604524 3527424
374629432 twat
385028552 64876200
385050930 1479617
385051532 37841036
385101027 yuezhan
385113790 4551652
385114855 karensrye
385284239 57004485
