367663174 Gawiel
367664065 lance.chen
367664366 48870194
367664718 Dewode 367664065 lance.chen
367667945 vignefei
367667994 41653107 367664065 lance.chen
367668191 41653107 367663174 Gawiel
367668967 41653107 367664366 48870194
367669048 60662981
367669379 41653107
367669740 41653107
367671327 17784438
367673395 Gawiel
367675680 41653107 367673395 Gawiel
367676687 Gawiel
367678481 41653107 367676687 Gawiel
367678663 41653107 367676687 Gawiel
367684149 49242266
367780476 dengyanyu
367796655 41653107 367780476 dengyanyu
367797340 41653107
367801968 49744878
367817233 41653107 367801968 49744878
367826334 49744878 367817233 41653107
367840741 cynthia_cz
367866183 41653107 367840741 cynthia_cz
367868913 1192725 367667945 vignefei
367872933 softyyyyy
367877360 2750644
367886756 cynthia_cz 367866183 41653107
367895402 45901834
367908354 ziyoupaifeizai
367912267 bendanxiaoniu
367988149 48870194 367668967 41653107
367991765 33185232
368004722 41653107
368007862 48870194
368012602 41653107
368103640 48870194 368012602 41653107
368383259 41653107
368383852 41653107
368438446 52274699
368439107 41653107 368438446 52274699
368439763 52274699 368439107 41653107
368449313 58336875
368451223 41653107 368439763 52274699
368451806 52274699 368451223 41653107
368452313 52274699 368449313 58336875
368468635 3006402
368472861 41653107
368483573 changyouli 368383259 41653107
368488430 62876550
368510804 41653107
368510929 41653107 368510804 41653107
368511612 41653107
368523095 41653107
368540012 3006402
368541046 lhy_alba
368542921 1804990
368659059 41653107
368762041 41653107
368774288 fribar 368762041 41653107
368780866 41653107 368774288 fribar
368782603 41653107
368783482 oceanofsecrets
368784917 oceanofsecrets 368782603 41653107
368788079 13621825
368859149 fribar 368780866 41653107
368940382 41653107
369213833 3006402
369238115 41653107 369213833 3006402
369251021 8890446
391629694 41653107
391629810 41653107
