370010266 60300572
370013940 2177017
370014836 belborn
370022415 2594833
370359261 54090884
370360410 8890446
370395892 etxi
370401805 2473914
370658447 illiya
370713461 60104299
370715371 cheerfelix
370727807 YourBlueSky
370732355 51883964
370748303 45901834
370754020 1029207
370765138 41653107
370771989 liuyin
370797049 shakasun
371194283 33004577
371194947 imtan
371303142 firedodo
371304498 4588493
371406633 3315308 370754020 1029207
371818504 4522593
372543086 14860663
372702299 2169647
384648085 13368198 371303142 firedodo
385096749 mirwind
385097802 YummyBellamy
385100380 ccbai
385113066 4551652
