371676902 4522593
371705512 4522593
371792417 4522593
371794848 qihe
371799703 4522593
371801441 39530348
371802047 4522593
371802377 4522593
371802764 JCMaxwell
371803847 4522593
371804541 JCMaxwell 371803847 4522593
371805026 4522593
371869495 XinFeei
371887862 1031259
371904762 qihe
371905290 etxi
371931153 4522593
371933155 4522593 371869495 XinFeei
371933321 4522593 371887862 1031259
371933417 4522593 371904762 qihe
371933872 4522593 371905290 etxi
399340215 zhaodana
399347849 25700753
399351573 yuerlittlething
399353262 60097562
399357846 47878326
399412613 trees0330
399845267 nichaohao
399847347 ccbai
404356427 63089376
404356821 4522593 399340215 zhaodana
404356930 4522593 399347849 25700753
404357077 4522593 399353262 60097562
404357399 4522593 399357846 47878326
404357497 4522593 399412613 trees0330
404357755 4522593
404357798 ywxblue
404600009 4522593 404357798 ywxblue
404650425 shakasun
