374992333 44922117
374993634 44922117
374994477 44922117
374994672 44922117
374994950 44922117
374995361 44922117
374997317 38969377
375000163 44922117 374997317 38969377
375001455 4373697
375042721 pusushenghuo
375043853 44922117 375042721 pusushenghuo
375086569 4522593
375087081 44922117 375086569 4522593
375088758 manyishu
375089442 44922117 375088758 manyishu
375092055 zj22
375092217 waterhan2011111
375098074 44922117 375092055 zj22
375099584 jiangyouxu
390091464 38969377 375000163 44922117
390115937 44922117 390091464 38969377
