376465575 47448535
376466989 44922117 376465575 47448535
376467597 44922117 376466989 44922117
376468379 62106449
376469050 44922117 376468379 62106449
376472857 yuezhan
376473379 44922117 376472857 yuezhan
376473629 1997053
376474300 44922117 376473629 1997053
376478340 40012312
376478864 44922117 376478340 40012312
376482394 40012312
376486687 zerouvsyeti
376487343 Juli
376487862 timeashes_0
376488041 blueskyky 376478340 40012312
376490849 yuezhan 376473379 44922117
376494639 53117131
376495355 elvadin
376497489 guowen2010
376499700 mmwt
376500393 4369855
376508184 loveinpuff
376523382 Evaisme
376525285 45112754
376530947 sqlily
376531875 luya_shim
376646757 44922117 376487862 timeashes_0
376653328 53982310
376685830 af1103
376711640 41580016
376866237 43578963
376866998 39883638
376868312 wjrimayday
376868637 4805544
376869715 26127384
376882852 befreelancer
376883580 44922117
376884350 befreelancer
376884550 44922117 376884350 befreelancer
376889269 trees0330
376902409 44922117
376902790 trees0330 376902409 44922117
377287137 tomychildhood
377303552 ranvivi
380478694 MS.strangelove
380485387 7982516
380533236 44922117 380478694 MS.strangelove
380533363 44922117 380485387 7982516
380534618 vrvirya
380547599 44922117
380562416 vrvirya 380547599 44922117
381008863 44922117
381013865 zj22
381016554 44922117 381013865 zj22
381023652 lovnd
381077387 1031259
381082362 44922117 381077387 1031259
381083135 squirrelannie
381083685 squirrelannie 376487343 Juli
381084592 ciguo
381085120 cathy_121
381091530 63014284
381098409 shuixinyou
381115078 3495642
381115999 dreamyworld
381121236 1031259 381082362 44922117
381124467 39530348
381125118 44922117 381121236 1031259
381128331 3497004
381129048 ETINA
381130621 momozxt
381132672 44922117 381130621 momozxt
381151331 29593618
381152062 2513219
381155851 noah_honeysuckl
381193374 jia_wood
381194380 alison9173
381212405 1031259
381350464 44922117
381401522 3483287
381433821 MS.strangelove 381013865 zj22
381434889 MS.strangelove
381445507 squirrelannie
381450138 57476272
381473785 mkcxt
382377669 64029887
382447991 35072101
383567577 coimioo
383568558 coimioo
383569726 coimioo 381473785 mkcxt
383571626 cracker4all 380478694 MS.strangelove
383597296 48054156
383602773 qingchuanchuan
383604272 60084615
383604411 60084615
383607785 3794347
383713846 2005299 380562416 vrvirya
383720936 kjjbbh 376467597 44922117
383722792 linlin-BTer
383760194 befreelancer
384485037 1479617
384491223 Angiebest 381016554 44922117
384492744 60084615
384966278 vrvirya
384997212 61480704
385003899 kekedouban 380478694 MS.strangelove
385006427 meanjin
385263048 MS.strangelove 385003899 kekedouban
386676244 55597723
386924492 57354872
387143385 4172477
387791471 Suede27
387981775 tianhuihuide
387999918 64876200
388007224 4279471
388016962 44922117
388017133 44922117
388054032 erindyc 388017133 44922117
388068590 44922117 388054032 erindyc
388116518 manyishu
388116883 manyishu 388017133 44922117
388118464 44922117
388119473 manyishu 388118464 44922117
388119904 erindyc 388068590 44922117
388121084 44922117 388119904 erindyc
388128640 erindyc
388169274 17044390
388442998 48970008
388444575 56171321
388566736 lifeiseasy
395018859 52376130
396834643 57821418
396846837 flamesoul
396852249 1769000
396878983 xhpiano
396880141 54345052
397228942 47118886
397719488 49198363
410130080 kekedouban
410133892 kekedouban 388444575 56171321
410137449 gonewithsin
410145717 43538965
410152040 PiscesVanessa
410490909 erasa
411252761 49088352
416581499 66958335
416606420 Fiona_sunflower
416607307 lostman1989
416833299 46511566
416834389 50725841
416834453 50725841
