376809111 3006402
376811253 52415685 376809111 3006402
376814597 56096307
376819808 chachasays
376822221 52415685
376825298 chachasays
376826537 3006402
376829117 genie37
376830957 ziyoupaifeizai
376832408 ziyoupaifeizai 376826537 3006402
376834352 52415685
376837537 ziyoupaifeizai
376840525 52415685 376837537 ziyoupaifeizai
376841593 ziyoupaifeizai 376840525 52415685
376843817 52415685
376844376 ziyoupaifeizai
376850805 3006402
376851346 52415685 376850805 3006402
376853359 3006402
376856569 52415685 376853359 3006402
376860413 3006402
376861119 52415685 376860413 3006402
376861858 3006402
376907138 ziyoupaifeizai
376930725 55941462
377003005 52415685 376861858 3006402
377003263 52415685 376930725 55941462
377031459 3006402
377053408 ziyoupaifeizai
377065442 miemiemiemiemie
377070882 KtpgSeven 377003263 52415685
377073944 60084615
377074703 60084615 377070882 KtpgSeven
377075823 60084615
377105038 50261556
377114142 52415685 377073944 60084615
377114425 52415685 377105038 50261556
377114740 52415685
377115309 52415685 377105038 50261556
377116530 52415685
377119839 sqlily
377122830 36020170
377132733 60084615
377133133 1680836
377155412 53894734
377160575 50261556
377162901 35072101
377190624 52415685 377162901 35072101
377192004 contonleo
377192118 52415685 377160575 50261556
377193256 52415685 377192004 contonleo
377194644 60084615
377195314 60084615
377199105 33958946
377204340 52415685 377195314 60084615
377204477 52415685 377199105 33958946
377205487 3006402
377205745 52415685 377205487 3006402
377208020 60084615
377218027 contonleo
377219236 mkcxt
377221628 oopsphare
377226427 52415685
377226802 52415685 377208020 60084615
377228972 miemiemiemiemie
377229714 47511415
377238739 2759479 376837537 ziyoupaifeizai
377238983 2759479
377268378 50261556
377284783 52415685 377238739 2759479
377285285 52415685 377268378 50261556
377288864 contonleo
377327410 2759479
377380034 50261556 377238739 2759479
377443308 methou
377567312 2759479 377380034 50261556
377574651 rickenbacker 377288864 contonleo
377576783 x64
377579140 34395347
377579436 62041665
377580008 52415685 377579436 62041665
377580755 3006402
377581519 62041665
377585385 37841036
377589539 HErLAND_cn
377590091 bohnee
377590386 mercyjj
377590548 pinky-swear
377590555 SissiYe
377590629 SissiYe
377617522 Amelie06
377622157 52415685 377590555 SissiYe
377623034 52415685
377623451 52415685 377617522 Amelie06
377624794 4373999
377625572 52415685
377626821 62041665
377631395 3006402
377637406 46365530
377642495 60084615
377647423 52415685
377649281 58436709 377195314 60084615
377649490 52415685
377650536 SIHEishere
377651026 52415685 377649281 58436709
377651501 60084615
377651943 60084615
377652991 52415685 377651501 60084615
377653613 60084615
377654594 contonleo 377574651 rickenbacker
377656827 SIHEishere
377658251 3006402
377658503 60084615
377665887 SIHEishere 377658503 60084615
377666413 60084615
377667335 SIHEishere 377666413 60084615
377668025 60084615
377668466 SIHEishere
377668893 60084615 377668466 SIHEishere
377669150 SIHEishere 377668893 60084615
377669237 60084615 377669150 SIHEishere
377669357 SIHEishere 377669237 60084615
377670566 2759479
377674235 3006402
382666171 CheshireCatZYY
382668344 dobu_B
382669780 3393961
382670384 60084615
383052922 little_lady 382670384 60084615
383059213 hety
383251283 60084615 383052922 little_lady
383373781 little_lady 383251283 60084615
383736772 51711002
386880272 commlnn 377651943 60084615
386881595 commlnn
386887164 60084615 386881595 commlnn
387050603 commlnn 386887164 60084615
387061262 60084615 387050603 commlnn
387068746 57525198
387069395 57525198
