378230382 53134739
378230654 2438339
378231454 I4Yale
378232368 50909797
378232418 53134739 378231454 I4Yale
378233461 4274797
378233915 4274797
378235986 53134739 378233915 4274797
378236344 53134739 378232368 50909797
378239609 63721518
378239903 35072101
378246410 2380903
378246768 Keananupdate
378249706 53134739 378239609 63721518
378249909 53134739 378239903 35072101
378250063 53134739
378250263 nalasimba
378250269 53134739 378246768 Keananupdate
378250443 nalasimba
378250569 nalasimba
378250631 38445012
378250667 3773267
378250775 sting999
378250906 hansey1985
378260327 53134739 378250906 hansey1985
378263397 63721518 378249706 53134739
378264016 I4Yale
378267664 53134739 378263397 63721518
378268223 53134739
378268571 63653154
378270173 63721518
378270499 53134739 378270173 63721518
378344349 sting999 378268223 53134739
378344419 sting999 378270173 63721518
378344634 sting999 378268571 63653154
378345862 mismamadera
378347224 sting999 378345862 mismamadera
378350513 mismamadera
378353378 sting999 378350513 mismamadera
378356477 mismamadera
378358830 sting999 378356477 mismamadera
378361054 mismamadera
378361593 52984821
378363359 sting999 378361054 mismamadera
378379657 hansey1985 378260327 53134739
378683993 53134739 378345862 mismamadera
379174975 amanda808
379895085 lokeicya
379896658 yutaindweiba
413189203 63240144
413924547 xll_xqzhang
