378704624 47725081
378706803 2316863
382247757 1659276
382248926 49205647
382250224 60964714
382376768 64029887
382407381 face2sea
382426676 4609022
385586482 rocky_xi
385627851 alivehao
385758172 huer2012
385758695 64876200
386429552 59048001
394995544 55398140
394998063 63014219
396399718 64028984
396418968 64029021
396423571 63860087
396442290 64029063
396465874 64028861
397278611 happyperfume
397278987 1090841
397282763 35295236
397302845 61882310
406828539 scj349
406829418 65498410
406833622 60027760
406836093 38367079
406939354 66480498
406940017 PureWarm
406940339 lilith9
411237253 64028986
411243299 6559057
411243402 61700515
411302709 64029015
411401574 47784283
411401877 37075655
411402256 shuitingft
411584996 64028990
411654152 64029021
411939156 64028995
412018853 64029032
412453128 64028997
412669836 GrawGame
412872080 64029007
412878377 himono-onna
413168240 42217862
413580957 64029002
413581146 1145281
413610188 64028866
413616463 64142815
413823055 53510071
414108665 67265059
414111049 poppylisweet
414111196 44166562
414450455 65306346
414830135 sissishe
415054170 23317086
415337193 66958335
417999916 2580583
