379049750 isisiris
379051015 2316863
379054021 isisiris 379051015 2316863
379071933 53764789
379073226 driftmc
379074031 af1103
379075257 Cecilia1990
379090674 2316863 379054021 isisiris
379090838 2316863 379071933 53764789
379092461 2316863 379074031 af1103
379250087 geraldine1990
379267683 jiangyouxu
379277038 isisiris 379090674 2316863
379291433 30929283
379292040 61800506
379302881 wangyou1989
379305239 chysun
379530399 53555319
379535002 Aragon
379654406 30425929
380246232 lazy-country
380447651 2316863 379291433 30929283
380448052 2316863 379292040 61800506
380448155 2316863 379302881 wangyou1989
380448338 2316863 379305239 chysun
380448884 2316863 379530399 53555319
380449143 2316863 379654406 30425929
380449471 2316863 380246232 lazy-country
380450756 30425929 380449143 2316863
380460073 huahui
380465552 63423579
380475194 brightmoonlight
380534224 wangyou1989 380448155 2316863
380547423 miehahaha
380548795 52332337
380763034 61800506 380448052 2316863
380812105 2316863 379277038 isisiris
380812863 2316863 380450756 30425929
380813483 2316863 380460073 huahui
380814274 2316863 380534224 wangyou1989
380814568 2316863 380547423 miehahaha
380814801 2316863 380548795 52332337
380815412 2316863 380763034 61800506
380819634 52332337
381081553 wangyou1989 380814274 2316863
381315601 53555319 380448884 2316863
382056331 41582394 379250087 geraldine1990
382058096 3111052
382085108 xiiiiin
382094468 8059049
382230780 geraldine1990 382056331 41582394
382912931 smalljunjun
382914949 xhpiano
383512166 60179177 379051015 2316863
383622596 47352517
383626812 fullofvitamin
383646678 46467201
384458942 2316863 383626812 fullofvitamin
384459092 stellabao
384459234 2316863
384459602 2316863 382230780 geraldine1990
384459851 2316863 381315601 53555319
384460164 2316863 380819634 52332337
384460771 cathybeckett
384460952 44922117 384460771 cathybeckett
384462431 whatever. 379291433 30929283
384462895 2316863 384460771 cathybeckett
384463017 2316863 384462431 whatever.
384463318 2316863 384460771 cathybeckett
384492692 cathybeckett 384463318 2316863
384522120 xhpiano 384459234 2316863
384721067 30929283 384462431 whatever.
384721701 sea-sea
384723052 39637099
384730417 53703408
384755810 42425345
384758353 lovewavyonly
384774337 46365530
384781122 sophie-z
384783856 SIHEishere
384785325 clp
384785411 2005299 380475194 brightmoonlight
384827384 2316863 384721701 sea-sea
384827784 2316863 384755810 42425345
384828015 2316863 384723052 39637099
384828116 2316863 384730417 53703408
384828524 2316863 384758353 lovewavyonly
384828929 2316863 384783856 SIHEishere
384833364 SIHEishere 384828929 2316863
384835524 SIHEishere 384828929 2316863
384906736 53555319 379654406 30425929
384907558 30425929 384906736 53555319
385207515 53555319
385211702 1500460
385287156 61480704
