381205232 47825606
381212473 lucermarine
381213798 37216384
381215863 5653111
381216362 50447635
381216810 61776702
381217359 YummyBellamy
381219214 52189555
381219385 jing1985
381220561 captainodie 381217359 YummyBellamy
381220916 4534290
381221175 joannayuanjing
381221778 50583085
381222451 brightmoonlight
381222758 cathybeckett
381368055 evillive69
381372115 fiona2008
381373996 starry_16 381213798 37216384
381378380 50261556 381213798 37216384
381382656 34820208
381383310 Ladybirdy
381397154 YummyBellamy 381220561 captainodie
381397691 42029727
381402978 46827426
381412667 lazy-country
381413925 Stupidaa
381432846 46885085
381433511 17205516 381383310 Ladybirdy
381433877 Ladybirdy 381433511 17205516
381435125 3640866
381435417 MS.strangelove
381435561 huchiyu
381435642 62346287
381441468 durdur
381449697 Iris-ta
381455099 fc1987 381213798 37216384
381455566 FXXXXXXXXK 381205232 47825606
381455806 FXXXXXXXXK
381455972 38445012
381462356 54426033 381383310 Ladybirdy
381462694 HeresyBreak
381463255 joannayuanjing
381470820 Ladybirdy 381462356 54426033
381477578 47825606 381455566 FXXXXXXXXK
381479523 FXXXXXXXXK 381477578 47825606
381480255 valina
381480517 58349198
381481539 2208094
381482182 soyaandash
381534195 47825606 381479523 FXXXXXXXXK
381534557 51450384
381561785 maerchen_
381635552 yyyy060826
381642209 47381283
381656349 lobeline
381657509 fayfy
381659576 36455121
381751234 4444136
381752054 desirez
381752105 2203673
381752444 ailene
381754636 cathy9_han
381756207 weizuoqingnian 381412667 lazy-country
381787953 angelchou
381788563 62445707
381789040 6078803
381791197 63423579
381792925 ranga
381793337 47666486
381793582 44619279
381794197 59608547
381817469 50633688
381818399 2594833
381848277 zhouxy 381462694 HeresyBreak
381848881 iloveglottal
381861296 deadandgone
381862404 47633655
381870615 withoutxkp
381871668 purple_bird
381872392 35070558
381920210 FXXXXXXXXK 381534195 47825606
381939282 51719719
381955979 49887043
381961696 baocunnimabi
381989117 jasmine-Lily
382041664 17205516 381433877 Ladybirdy
382061151 Ladybirdy 382041664 17205516
382062787 wanwanwarm
382062988 61363699 381412667 lazy-country
382063230 61363699 382041664 17205516
382063862 61363699 381791197 63423579
382063943 FXXXXXXXXK 381939282 51719719
382064286 FXXXXXXXXK 382062988 61363699
382064978 FXXXXXXXXK 381534195 47825606
382065022 61363699 382064286 FXXXXXXXXK
382065796 47825606 381920210 FXXXXXXXXK
382065883 FXXXXXXXXK 382065022 61363699
382066303 summer0507
382067675 3626837
382097053 crissie_ty
382097128 crissie_ty
382149342 51719719 382063943 FXXXXXXXXK
382170893 41392015
382170928 48678828
382171030 SIHEishere
382171116 61714402
382171699 mengkecai 382171116 61714402
382206421 lazy-country 382062988 61363699
382216304 61363699 382065883 FXXXXXXXXK
382216626 61363699 382066303 summer0507
382217382 61363699 382206421 lazy-country
382232709 lazy-country 382217382 61363699
382240588 61363699 382232709 lazy-country
382289118 2588149 381217359 YummyBellamy
382301527 57354872
382339673 52875957
382356563 esperanza
382424196 61714402
382424434 summer0507 382216626 61363699
382424516 62941344 382424196 61714402
382425461 miehahaha
382429079 61363699 382425461 miehahaha
382430293 solomon1937 382429079 61363699
382446918 61363699 382430293 solomon1937
382448103 solomon1937 382446918 61363699
382448819 49767506 382425461 miehahaha
382449836 51883964 381433877 Ladybirdy
382453297 51883964
382459625 54556751
382494768 qinshenglove
382501674 61363699 382448103 solomon1937
382503082 kindpeacelove
382503166 kindpeacelove
382503320 3548272
382503936 kinomototracy
382505622 34758389
382605581 61714402 382424516 62941344
382631984 miehahaha
382675133 47725081
382675174 47725081 382424516 62941344
382690825 52962285
382708495 raven_w
382715954 53688586
382717784 shakasun
382724513 gowithvicky
382746752 62941344 382675174 47725081
382758405 lullaby_1995
382760069 64726940
382760298 3579070
382767971 1804990
382770168 61925478 381213798 37216384
382770398 61925478 382424516 62941344
382771320 HeresyBreak 381848277 zhouxy
382772532 ALICEYOKO
382939017 62941344 382760069 64726940
382940119 cindybaby-f
382959056 outman2011
382969643 2790690
382971857 firedodo 381205232 47825606
382976630 48273418
382993669 46220240 381397691 42029727
383018842 46558536
383020177 sunlushan
383023971 27163249
383048136 50418933
383052090 52104189
383093814 2884305
383140011 45429765
383140325 45429765
383156926 61925478
383156990 61925478
383338369 64726940 382939017 62941344
383363825 yuechucanlan
383506266 62941344 383338369 64726940
383507476 ragenee
383508016 welcom
383571905 Vernunft
383586594 4184398
383590191 Rain--bro
383608256 duanmurong
383609280 37841036
383816741 42807284
383817346 xiaobianmu
383866525 64165923
383868858 28688308
383883636 illiya
383946078 9877400
406938430 57679815
406951438 emmerdeuse
406955247 43634361 381215863 5653111
406958763 3667524
406958971 rjmao
407234357 63994025
407239788 monkeyjung
407307436 Dora_lee
407312150 nibuzhidao
407312504 46623462
407312588 lukiz
407312744 alcoytianyuan
407313409 gonewithsin
407316171 canicu
407317664 54090884
407323344 hangaround 383590191 Rain--bro
407327826 icedew
407337376 49538144 381412667 lazy-country
407340609 PiscesVanessa
407349589 53980569
407362986 philolea
407364455 41334219
407527692 1479617
407540790 65319640
407589207 41334219 407540790 65319640
407589764 MaybeSunnyDay 381378380 50261556
407594464 3880942
407594760 minazukiruka
407594820 1227996
407594933 minazukiruka
407910711 47878326 381219214 52189555
407910871 47878326 407594820 1227996
408521983 50261556 407589764 MaybeSunnyDay
408527104 51958220
