383789593 44922117
383966712 milan2013 383789593 44922117
383966845 44922117 383966712 milan2013
384768032 zuolijiong
384860776 maerchen_
385110027 64902099 384860776 maerchen_
385116475 poppylisweet
385137211 lovewavyonly
385141458 36499639
385477263 wydcj
385766190 64967289
386042594 wennuandenvzi
386045909 1580655
386065478 deadandgone
386097399 35497839
386334867 mingyunlaixi 386097399 35497839
388644007 zyqdd
388722226 40509212 384860776 maerchen_
388732692 lilyyow
388975300 milan2013 388722226 40509212
388975478 45095119
388993298 4299820
388993868 4299820
389670568 lesikong
389675984 49624327
390832545 yinhexidemonv 389675984 49624327
390879974 49624327 390832545 yinhexidemonv
391524961 liulichuchuang 390879974 49624327
391688675 49624327 391524961 liulichuchuang
392210122 huaqiyap
392210131 huaqiyap
392351491 scorpiosnow
393004430 qiuyumianman 392351491 scorpiosnow
393666037 lanlandefengzhe
393710527 komia
395327383 sexslady
395960785 shalou111
396362470 58541618
396621934 qiuqiuhuantion
397894358 fenhongcheess
398897663 66046594
400561016 66001507
402175662 66005089
402528158 66419917
402597849 50394173
402598947 63860087
402718941 pigjia
403664620 zjkhidon
403711589 66002450
405392552 66653773
407034704 66421940
408011765 66868351
408123484 kuliqiwa
409771732 66005190
410054609 67082282
411969633 azhao2012
412337389 67355041
413467249 wojiaoxiaotu
414465810 66004666
414781616 66047092
414912595 67568625
415337664 66958335
415928499 67638058
417931512 67804725
419391119 67909204
419709631 67932050
419712856 61625027
