384483822 minazukiruka
384483988 60784083 384483822 minazukiruka
384484964 zhulinfan
384485042 zhulinfan
384485155 60784083 384485042 zhulinfan
384485370 minazukiruka 384483988 60784083
384485442 zhulinfan
384486543 60784083 384485442 zhulinfan
384486576 60784083 384485370 minazukiruka
384488676 37841036
384490157 mismamadera
384510204 minazukiruka 384486576 60784083
384510635 53764789
384512021 Binje.S 384486576 60784083
384515501 bendanxiaoniu
384515798 cg1990
384524851 60084615
384525098 60084615
384526050 60084615
384596140 60784083
384596409 60784083
384602668 57004485 384596140 60784083
384609414 nalasimba
384619378 60784083
384714442 62347989
384718532 60784083 384490157 mismamadera
384745216 mismamadera 384718532 60784083
384747199 36654741
384747558 39670477
384748846 kinslover
384748959 60084615 384596409 60784083
384749001 60084615 384718532 60784083
384749054 60084615
384749315 29351867
384750423 ghoulfor
384750542 sophie-z
384754419 onceforeverever
384758982 minazukiruka
384760886 60084615 384758982 minazukiruka
384761033 60084615
384762188 60084615
384763334 minazukiruka 384760886 60084615
384764659 vincentwin
384766041 deadandgone
384888026 60784083 384762188 60084615
384890413 loveteddy
385025001 60084615 384888026 60784083
385029207 60784083
385095857 60084615 385029207 60784083
385161126 60784083 385095857 60084615
385167992 60084615 385161126 60784083
385169851 60084615
385196988 8890446
385216421 52064504
385251355 47083396
385265885 4551652
385266503 MS.strangelove
385267884 43080829
385269083 15537723
385366608 60784083
385367378 deadandgone
385379909 60084615 385216421 52064504
385380138 60084615 385366608 60784083
385501569 60784083 385380138 60084615
385502715 phk189
385525521 60784083
385585831 60084615 385501569 60784083
385588263 60784083 385585831 60084615
385588839 60084615 385525521 60784083
385589651 60084615 385588263 60784083
385590807 60784083
385621507 60084615
385622570 60784083 385621507 60084615
385692390 60084615 385622570 60784083
386738504 41856618
386798750 cyama
386804981 1769000
386806151 60784083 386804981 1769000
386817908 1769000 386806151 60784083
386820220 1769000
386888737 60784083 386817908 1769000
386987671 1769000 386888737 60784083
386988317 60784083
386995992 63661029
387007250 million
387016319 deadandgone 386988317 60784083
387020579 60784083 386995992 63661029
387020600 60784083
387036983 1769000 387020600 60784083
387070446 erindyc
387079018 1769000 387070446 erindyc
387083421 4592522
387084741 60084615
387086017 60084615
387163336 63661029 387020579 60784083
387210043 60784083 387083421 4592522
387210239 60784083 387163336 63661029
387210646 63661029 387210239 60784083
387218054 1769000 387210043 60784083
387452418 4592522
387475853 qinshenglove
387956845 autumns
387961457 60784083 387956845 autumns
387961570 60784083 387452418 4592522
388941424 63583892
388942381 63583892
