385554511 61537229
385554671 62347989
385557249 nomorearsenic
385558712 52474415
385564509 2316863
385631149 1479617
385631371 DearJosh
385663242 64877024
385664922 64018386
385764565 64876200
385764885 rancy0904 385764565 64876200
385765030 brightmoonlight 385764565 64876200
385776987 64876200 385765030 brightmoonlight
385782717 45834106
385782782 ishama
385784587 cissyfu
385785016 55677838 385776987 64876200
386010983 62205042
386015283 63089376 385784587 cissyfu
386098588 cissyfu 386015283 63089376
386209417 63089376 386098588 cissyfu
386216326 41092202
386222148 cissyfu 386209417 63089376
386237902 64964105
386239123 63089376 386222148 cissyfu
386240345 cissyfu 386239123 63089376
386346694 4358244 385776987 64876200
386351714 4059996 386240345 cissyfu
386358236 cissyfu 386351714 4059996
386431480 64077608
386434198 4059996 386358236 cissyfu
386434769 52274699
386437670 welcom
386614238 cissyfu 386434198 4059996
386614300 cissyfu 386434769 52274699
386666464 62762332
386670218 36111084
386674624 52263856
386692481 63089376 386674624 52263856
386732760 41856618
386741775 3283395
386804542 1769000
386855828 52263856 386692481 63089376
387032131 shuiyunyun
387144023 53084976
387176161 43988360 387144023 53084976
387176578 43988360 386804542 1769000
389964322 xhpiano
389964358 xhpiano
390105253 63567642
390825046 friendship1860
390825211 friendship1860
391153088 18617291
391768708 cyyvanilla
391860996 eleganthink
391926432 35072101
391926770 soulmate_
392425576 65119500
392458064 4358244 385784587 cissyfu
392613050 cissyfu 392458064 4358244
