385632937 57004485
385633476 DearJosh
385635474 57004485 385633476 DearJosh
385636873 57004485
385636937 57004485
385638018 57004485
385638280 honeyforest
385639903 57004485 385638280 honeyforest
385654944 honeyforest
385699604 minazukiruka
385746057 60964714
385774084 shakasun
385787482 cissyfu
385915526 57004485 385654944 honeyforest
385915604 57004485 385774084 shakasun
385915780 57004485 385787482 cissyfu
385929271 cissyfu 385915780 57004485
385933584 kayastonem
385939285 2791091
385942126 2791091
385943345 57004485 385942126 2791091
385944533 minazukiruka
385945213 57004485 385944533 minazukiruka
385946474 2791091
385947054 minazukiruka
385947387 57004485 385946474 2791091
385948405 2791091
385949309 57004485 385947054 minazukiruka
385949387 2791091
385949480 57004485 385948405 2791091
385951325 57004485 385949387 2791091
385951336 minazukiruka 385949309 57004485
385952882 28259361
385953068 57004485 385951336 minazukiruka
385953693 57004485 385952882 28259361
385955861 minazukiruka 385952882 28259361
385955896 2791091
385956105 28259361
385956714 57004485 385956105 28259361
385957172 57004485 385955896 2791091
385958242 2791091
385958586 28259361
385966407 2791091
386004487 28259361
386032573 57004485
386044776 fc1987
386057509 magicspectre
386071523 57004485
386075744 57004485
386075874 57004485
386090419 2791091
386094791 xbunny
386132012 magicspectre
386158131 57004485
386159936 57004485
386226265 magicspectre 386159936 57004485
386837159 2791091
386957904 57004485
386958602 57004485
386959963 45455545 386957904 57004485
386961493 sunrise829
386978138 2791091 386957904 57004485
387077777 48687133
387078133 48687133
387211378 2791091
