387689572 48016136
387746412 64877024 387689572 48016136
387842804 48016136 387746412 64877024
388087501 wangyou1989 387842804 48016136
388087849 48016136 388087501 wangyou1989
388273775 64877024 388087849 48016136
388275457 48016136 388273775 64877024
388278145 64877024 388275457 48016136
388282147 48016136 388278145 64877024
388306189 64877024 388282147 48016136
388316613 3006402
388408228 48016136 388306189 64877024
388684321 64877024 388408228 48016136
389367512 64638746
397604097 2164580
397764276 qiyuanmeng
397769523 3006402 397604097 2164580
397769667 etern1ty
397896566 2164580
398149611 3006402 397896566 2164580
398196724 1029207
398334860 2164580
398335322 2164580
398541596 3006402
398601791 qiyuanmeng
398694754 2164580
