386625244 3034062
386627345 cissyfu 386625244 3034062
386638555 4064099
386662035 63677301
386662183 63677301
386662432 min_1224_child
386692228 63089376
386693514 keepyuppy
386694662 wizwood
386701222 chuanlace
386804456 1769000
386836266 cissyfu 386638555 4064099
386837060 cissyfu 386662035 63677301
386837188 cissyfu 386662183 63677301
386837390 cissyfu
386837544 cissyfu 386693514 keepyuppy
386837607 cissyfu 386701222 chuanlace
386839462 cissyfu
386840588 1769000
386841583 cissyfu
386842265 1769000
386843500 cissyfu
386845065 1769000
386883728 47083396
387011365 1311129
387011932 contonleo
387015289 snowblueyes
387018417 1621931
387053888 4059996
387064256 42872673
387070923 BeFat
387077653 43665094
387083840 cissyfu
387084312 cissyfu
387084819 cissyfu 387011365 1311129
387085460 cissyfu 387011365 1311129
387085700 cissyfu 387011932 contonleo
387085867 cissyfu 387015289 snowblueyes
387085898 cissyfu 387018417 1621931
387086715 cissyfu 387053888 4059996
387086813 cissyfu 387064256 42872673
387086916 cissyfu
387087045 cissyfu 387077653 43665094
387103112 43665094 387087045 cissyfu
387103179 cissyfu 387103112 43665094
387108071 43665094 387103179 cissyfu
387108232 snowblueyes 387085867 cissyfu
387108684 SnWang
387109475 cissyfu 387108071 43665094
387109549 cissyfu 387108232 snowblueyes
387109604 cissyfu 387108684 SnWang
387110042 SnWang 387109604 cissyfu
387110502 cissyfu 387110042 SnWang
387110623 SnWang 387110502 cissyfu
387110745 cissyfu 387110623 SnWang
387112592 SnWang 387110745 cissyfu
387113649 cissyfu 387112592 SnWang
387114028 SnWang 387113649 cissyfu
387114287 cissyfu 387114028 SnWang
387114462 SnWang 387114287 cissyfu
387115630 cissyfu 387114462 SnWang
387116241 55432021 386837544 cissyfu
387123749 SnWang 387115630 cissyfu
387208354 1769000
387213703 4059996
387214173 4059996
387217715 1769000 387214173 4059996
387220658 45455545
387252054 4059996 387217715 1769000
387257959 1769000 387252054 4059996
387293517 contonleo 387085700 cissyfu
387317692 cissyfu 387116241 55432021
387319197 cissyfu 387123749 SnWang
387319838 cissyfu 387208354 1769000
387320572 cissyfu
387320720 55432021 387319838 cissyfu
387321319 cissyfu 387214173 4059996
387321558 cissyfu 387217715 1769000
387322834 cissyfu
387323056 cissyfu 387252054 4059996
387323491 cissyfu 387257959 1769000
387323628 cissyfu 387293517 contonleo
387323667 cissyfu 387320720 55432021
387353183 63089376
387544196 cissyfu 387353183 63089376
387575747 contonleo 387323628 cissyfu
387592576 2857806
388104923 cissyfu 387575747 contonleo
388106443 cissyfu 387592576 2857806
388239386 lesbians
388417741 4059996 387544196 cissyfu
388418217 4059996 387257959 1769000
388420403 42872673
388425883 pkfff
388465782 cissyfu 388239386 lesbians
388466090 cissyfu 388417741 4059996
388466387 cissyfu 388420403 42872673
388466517 cissyfu 388425883 pkfff
388551126 1769000 388418217 4059996
388761523 contonleo 388104923 cissyfu
390433696 cissyfu
390434073 cissyfu
390436275 cissyfu
390438215 4638796
390443346 snowblueyes
390453084 4638796
390458246 snowblueyes
390474781 4638796
390475759 snowblueyes
390485865 4638796
390489291 4059996
390490347 snowblueyes
390610418 4638796
390623021 4638796
390634983 snowblueyes
390635303 snowblueyes
390653715 4638796
390655681 4638796
390696010 cissyfu 390489291 4059996
390696822 cissyfu
390697460 cissyfu
390742847 snowblueyes
390742981 snowblueyes 390696822 cissyfu
390747145 cissyfu 390742981 snowblueyes
390752417 4059996 390696010 cissyfu
390753162 cissyfu 390752417 4059996
390771733 4638796
390773202 4638796 390742981 snowblueyes
390777948 snowblueyes
390778013 snowblueyes
390831351 4059996 390753162 cissyfu
390895866 missserena
391030421 cissyfu 390831351 4059996
391030747 cissyfu 390895866 missserena
391087714 4638796
391088089 4638796 390777948 snowblueyes
391088896 4638796
391100348 4059996 391030421 cissyfu
391350535 cissyfu 391100348 4059996
391395418 4059996 391350535 cissyfu
391986925 cissyfu 391395418 4059996
388776991 2027162
388842873 4059996 388466090 cissyfu
388843903 4059996
388846052 cissyfu 388776991 2027162
388848999 cissyfu 388842873 4059996
388852005 cissyfu
388852405 cissyfu 388843903 4059996
388879403 4059996
388880986 4059996 388848999 cissyfu
388896104 cissyfu
388896564 cissyfu 388880986 4059996
388901854 4059996 388896104 cissyfu
388901970 4059996 388896564 cissyfu
388902209 4059996 388896564 cissyfu
388902636 4059996
389025505 cissyfu 388901854 4059996
389025796 cissyfu 388901970 4059996
389026375 4059996 389025796 cissyfu
389027026 cissyfu 388902209 4059996
389027837 cissyfu 389026375 4059996
389029811 4059996 389027837 cissyfu
389030348 4059996 389027026 cissyfu
389033447 4059996
389083331 cissyfu 389029811 4059996
389083579 cissyfu 389030348 4059996
389083984 cissyfu 389033447 4059996
389089635 4059996 389083331 cissyfu
389089861 4059996 389083579 cissyfu
389090514 4059996 389083984 cissyfu
389147818 cissyfu 389089635 4059996
389148116 cissyfu 389089861 4059996
389148211 4059996 389147818 cissyfu
389148388 cissyfu 389090514 4059996
389148686 cissyfu 389148211 4059996
389148875 4059996 389148388 cissyfu
389149140 4059996 389148686 cissyfu
389149788 cissyfu 389148875 4059996
389149864 63089376
389150201 cissyfu 389149140 4059996
389150412 4059996 389149788 cissyfu
389150818 cissyfu 389149864 63089376
389151152 4059996 389150201 cissyfu
389152748 cissyfu 389150412 4059996
389153403 4059996
389153785 cissyfu 389151152 4059996
389154089 4059996
389154211 cissyfu 389153403 4059996
389154557 4059996
389154668 cissyfu 389154089 4059996
389154827 4059996 389154211 cissyfu
389154956 4059996 389154668 cissyfu
389155461 cissyfu
389156010 cissyfu 389154827 4059996
389157501 4059996 389155461 cissyfu
389157524 cissyfu 389154956 4059996
389157960 4059996
389158644 4059996 389157524 cissyfu
389159820 cissyfu
389161740 cissyfu
389162688 cissyfu 389158644 4059996
389162944 4059996
389164028 4059996 389162688 cissyfu
389164927 4059996 389161740 cissyfu
389165329 cissyfu
389166652 cissyfu
389166810 4059996
389166964 cissyfu 389164927 4059996
389167557 cissyfu 389166810 4059996
389168872 4059996 389166652 cissyfu
389169004 4059996
389177648 4059996 389166964 cissyfu
389186284 cissyfu
389187262 cissyfu 389177648 4059996
389197651 4059996
389200167 4059996 389187262 cissyfu
389200452 cissyfu
389201092 cissyfu 389200167 4059996
389205986 4059996 389201092 cissyfu
389206348 4059996
389208076 cissyfu 389205986 4059996
389208269 cissyfu 389206348 4059996
389210411 4059996 389208269 cissyfu
389535413 cissyfu 389210411 4059996
389570992 snowblueyes
389571212 snowblueyes
389708876 4638796
389712855 4638796
389860998 cissyfu
389862940 cissyfu 389708876 4638796
390079701 snowblueyes 389708876 4638796
390164973 4638796
390169960 4638796
390219895 snowblueyes
390220766 heavyline
390252714 T-margaret
390396020 4638796
390406208 4638796
390412981 4638796 390220766 heavyline
390418984 snowblueyes
390432963 cissyfu
