387586590 yaoyaolingxian
387590506 4051358 387586590 yaoyaolingxian
387590599 4051358
387625508 yaoyaolingxian 387590599 4051358
387626145 winejoy
387628814 36111084
387634591 4051358 387626145 winejoy
387634712 4051358 387625508 yaoyaolingxian
387644959 50922137
387645251 62754433
387649279 sxzrchen2008
387649863 yaoyaolingxian 387649279 sxzrchen2008
387650115 yaoyaolingxian 387644959 50922137
387665521 greatcatti
387669674 54780576
387671870 45834106
387672720 64536000
387674556 sxzrchen2008 387649863 yaoyaolingxian
387682101 yaoyaolingxian 387669674 54780576
387682228 yaoyaolingxian 387674556 sxzrchen2008
387682477 greatcatti
387682646 afinefrenzy
387682814 afinefrenzy 387644959 50922137
387683953 baisiyu
387694475 54780576 387682101 yaoyaolingxian
387702743 yaoyaolingxian 387694475 54780576
387704999 54780576 387702743 yaoyaolingxian
387706471 46799454
387723156 39586851 387706471 46799454
387808368 yaoyaolingxian 387704999 54780576
387842360 65119500 387682646 afinefrenzy
387844917 xiaobianmu
387848495 54780576 387808368 yaoyaolingxian
387863988 yaoyaolingxian 387848495 54780576
387950502 54780576 387863988 yaoyaolingxian
388070016 yaoyaolingxian 387950502 54780576
388082117 54780576 388070016 yaoyaolingxian
388082901 brightmoonlight
388084008 51573984
388084233 51573984
388102942 45112754 388082901 brightmoonlight
392424388 65119500
392561695 54091371 387702743 yaoyaolingxian
393472715 yaoyaolingxian 392561695 54091371
393473823 54090884
409961713 50922137 387650115 yaoyaolingxian
