387940945 fanhaojun
387942589 lhllhl
387945739 39605733
388010107 4279471
388108071 2316863
388883330 52474415
388886962 3283395
388888411 ygc
389169198 remory
389176063 YourBlueSky
389247009 edwardgreen
389494956 52898679 388010107 4279471
389495321 52898679 389169198 remory
389495798 4279471 389494956 52898679
389541869 52898679 389495798 4279471
389646993 Janexrw
389770256 4279471 389541869 52898679
389772575 4051358
389776816 fangniu
390143942 39605733
390144404 54472308
390145108 4065098
390148137 55677838
390150842 lazy-country
390951759 remory 389495321 52898679
390959402 41582394
391147851 Fionarun
391172328 willbbetter
