388071561 doriablue
388072217 54547939 388071561 doriablue
388072360 63051980
388072476 doriablue 388072217 54547939
388072893 54547939 388072360 63051980
388072919 54547939 388072476 doriablue
388073579 chibaomeis
388075918 48939261
388076101 54547939 388073579 chibaomeis
388076144 54547939 388075918 48939261
388095854 63089376 388075918 48939261
388402567 chibaomeis 388076101 54547939
388402894 55637099
388402955 gracepuer
388540030 54547939 388402567 chibaomeis
388540174 54547939 388402894 55637099
388540244 54547939 388402955 gracepuer
388552686 gracepuer 388540244 54547939
388553507 54547939 388552686 gracepuer
388553783 48016136
388553910 61363699
388555030 joyce-XQ
388555462 quiteSilent
388555562 lynwang
388556413 3034062 388552686 gracepuer
388557811 gracepuer 388556413 3034062
388558518 cathybeckett
388558618 3096360
388558933 gracepuer 388553507 54547939
388561517 gracepuer 388556413 3034062
388562299 solo.liu
388562579 40509212
388562702 2597859
388564629 54547939 388553783 48016136
388564761 54547939 388553910 61363699
388564954 54547939 388555030 joyce-XQ
388565043 54547939 388555462 quiteSilent
388565152 54547939 388555562 lynwang
388565336 54547939 388557811 gracepuer
388565462 54547939 388558518 cathybeckett
388565593 54547939 388558618 3096360
388566113 54547939 388558933 gracepuer
388566204 54547939 388562299 solo.liu
388566313 54547939 388562579 40509212
388566440 54547939 388562702 2597859
388566708 64224244
388566749 cathybeckett 388076144 54547939
388566968 cathybeckett
388567400 2597859 388566440 54547939
388567925 48016136 388553783 48016136
388568677 61363699 388564761 54547939
388569846 gracepuer 388565336 54547939
388569948 51542977
388570055 gracepuer 388566313 54547939
388570215 gracepuer 388566113 54547939
388573430 54547939 388566708 64224244
388573528 54547939 388566968 cathybeckett
388573693 54547939
388573759 54547939 388567925 48016136
388573836 54547939 388568677 61363699
388573932 54547939 388569948 51542977
388574005 54547939 388570055 gracepuer
388574060 54547939 388570215 gracepuer
388574210 48016136 388573759 54547939
388575101 54547939 388574210 48016136
388575574 gracepuer 388574005 54547939
388575746 54547939 388575574 gracepuer
388575789 48016136 388575101 54547939
388579112 sissizuo
388586515 54547939 388579112 sissizuo
388614224 gracepuer 388575746 54547939
388614411 3597496
388618925 42872673
388619192 55386148
388620700 51542977
388622637 54547939 388614411 3597496
388622667 54547939 388618925 42872673
388622704 54547939 388620700 51542977
388622732 54547939 388619192 55386148
388629854 55637099 388540174 54547939
388630610 54547939 388629854 55637099
388642042 joyce-XQ 388076144 54547939
388643250 gracepuer 388630610 54547939
388643549 54547939 388642042 joyce-XQ
388643631 54547939 388643250 gracepuer
388643790 54547939 388643250 gracepuer
388697206 40509212 388566313 54547939
388697895 wanwanwarm
388703244 54547939 388697206 40509212
388703423 54547939 388697895 wanwanwarm
388719192 40509212 388703244 54547939
388721575 54547939 388719192 40509212
388735121 43116752
388744050 54547939 388735121 43116752
388745332 43116752 388744050 54547939
388746161 54547939 388745332 43116752
388746292 43116752 388746161 54547939
388746516 54547939 388746292 43116752
388746959 40722884
388747482 43116752 388746516 54547939
396779720 58444128
396786155 57004485
398971747 54547939 396786155 57004485
398971819 54547939 396779720 58444128
398974663 woshiluli
399013883 35153601
399017253 53691205
399024675 31800440 396786155 57004485
399026499 45429765
399082421 42589115 388072217 54547939
399084495 42589115
399091449 62789105
399153338 3677017
399794853 53691205
399808141 44102035
399952700 61961363 388629854 55637099
401958624 42589115 399794853 53691205
401960371 hidetomatsumoto
401961722 3214265
401961732 42589115 401960371 hidetomatsumoto
401965431 hidetomatsumoto
402166834 53691205 401958624 42589115
388750429 40722884
388753404 54547939 388750429 40722884
388758207 40722884 388753404 54547939
388758442 54547939 388758207 40722884
388759244 40722884 388758442 54547939
388759361 54547939 388759244 40722884
388760841 yaoyaogreen
388770405 wanwanwarm 388703423 54547939
388839879 48870194
391662403 54547939 388760841 yaoyaogreen
391662681 54547939 388770405 wanwanwarm
391662962 54547939 388839879 48870194
391663231 53766021
391667803 2316863
391675009 53766021
391675492 2471886
391706433 cyyvanilla
391708385 wanwanwarm 391662681 54547939
391732594 54090884
391734932 49767506
391737016 shuiyunyun
391737747 quiteSilent
391814083 48870194
392672373 handlady
393020491 54547939 392672373 handlady
393020622 54547939 391814083 48870194
393020985 54547939 391737747 quiteSilent
393021589 54547939 391737016 shuiyunyun
393021703 54547939 391734932 49767506
393021820 54547939 391732594 54090884
393021931 54547939 391708385 wanwanwarm
393022048 54547939 391706433 cyyvanilla
393022115 54547939 391675492 2471886
393022180 54547939 391675009 53766021
393022250 54547939 391667803 2316863
393027832 4619950
393051242 54547939 393027832 4619950
393065761 quiteSilent 393020985 54547939
393099983 54547939 393065761 quiteSilent
393121134 cyyvanilla 393022048 54547939
393126958 54547939 393121134 cyyvanilla
393127708 cyyvanilla 393126958 54547939
393127829 54547939 393127708 cyyvanilla
393128106 wananqiyue
393128438 cyyvanilla 393127829 54547939
393128815 echoluzhou
393233916 54547939 393128106 wananqiyue
393233953 54547939 393128438 cyyvanilla
393234156 54547939 393128815 echoluzhou
393245371 56613238
393273100 shuiyunyun 393021589 54547939
393303783 54547939 393273100 shuiyunyun
393303952 54547939 393245371 56613238
393826641 56613238 393303952 54547939
393870174 54547939 393826641 56613238
393871978 wxz213
394519006 54547939 393871978 wxz213
394532740 58047761
394533837 45104536
394598789 1479617
394607245 29351867
394607325 amytowards
394607361 47250670
394618476 Binje.S
394722890 44660146
394816938 54547939 394722890 44660146
394817097 54547939 394618476 Binje.S
394817214 54547939 394607361 47250670
394817289 54547939
394817367 54547939 394607245 29351867
394817422 54547939 394598789 1479617
394817478 54547939 394533837 45104536
394817581 54547939 394532740 58047761
394821587 58444128
394860445 29351867 394817367 54547939
394874144 50833125
394945720 wxz213 394519006 54547939
395003710 54547939 394821587 58444128
395003859 54547939 394821587 58444128
395003895 54547939 394860445 29351867
395003963 54547939 394874144 50833125
395004003 54547939 394945720 wxz213
395008569 chunriyinghua
395026970 50833125 395003963 54547939
395140662 40722884
395688324 54547939 395008569 chunriyinghua
395688399 54547939 395026970 50833125
395688490 54547939 395140662 40722884
395697950 46799454
395753419 50833125 395688399 54547939
395806947 54547939 395697950 46799454
395807007 54547939 395753419 50833125
395811028 52425324
395941258 43514022
395942391 61625027
395943137 allisperfect
395947659 fuerbaby
396196214 smallbangtheory
396197210 smallbangtheory 394821587 58444128
396425601 gisela_fan
