388488890 sting999
388548301 2791091
388550767 2032898
388551751 4299820
388552373 39586851 388548301 2791091
388568725 2791091 388552373 39586851
388635784 sting999 388551751 4299820
388635974 rancy0904
388797410 3519355
388972728 2316863
388972754 2316863
388973083 2316863 388797410 3519355
388990237 xiaoyifoto
389064679 jia_wood 388973083 2316863
389079944 64876200 388973083 2316863
389129331 2316863 389079944 64876200
389311467 3006402
389381007 2316863
389383307 37334981
389405375 2316863 389383307 37334981
389427490 3006402
389741776 54456133
389742619 KidHolmes
389782922 polymercat
389783477 65257221
389785782 59876648
389785964 mirroror
389795095 3034062
389801571 Dewode
389810173 1090841
389816096 31551202
389819703 jingmodemao 389816096 31551202
389823650 shakasun
389833806 1090841
389844689 3519355
389904444 60148879
389904557 3006402
389905515 veronicaemmanue
389905830 60148879 389905515 veronicaemmanue
389905862 ziyoupaifeizai
389905895 60148879 389904557 3006402
389905927 beibei3128858
389905950 60148879 389905895 60148879
389906030 veronicaemmanue 389905830 60148879
389906144 rickenbacker
389906151 zshuangluvu
389906467 60148879
389906962 veronicaemmanue 389906467 60148879
389907664 60148879 389906962 veronicaemmanue
389909856 3006402 389905895 60148879
389909986 3006402
389910580 3034062
389910751 60148879
389919692 rickenbacker 389909986 3006402
390197125 3006402
390204526 serene-chou
390205594 60084615
390205992 60084615
390223623 55372449
390228036 26946765
