388152856 47250670
388154303 callmefox 388152856 47250670
388155144 seabullet
388155707 47250670 388154303 callmefox
388156492 callmefox 388155144 seabullet
388156671 callmefox 388155707 47250670
388156875 47250670 388156671 callmefox
388156882 oceanofsecrets
388157247 callmefox 388156882 oceanofsecrets
388157422 callmefox 388156875 47250670
388157899 47250670 388157422 callmefox
388157994 oceanofsecrets 388157247 callmefox
388158703 callmefox 388157899 47250670
388158765 callmefox 388157994 oceanofsecrets
388159366 49754005
388160200 callmefox 388159366 49754005
388160385 61925478
388160484 61925478
388160732 callmefox 388160385 61925478
388160922 vincentwin
388161184 47250670
388161235 oceanofsecrets 388158765 callmefox
388161475 49754005 388160200 callmefox
388161874 61925478 388160732 callmefox
388161965 callmefox 388161184 47250670
388162391 callmefox 388161235 oceanofsecrets
388162485 callmefox 388161475 49754005
388162649 callmefox
388162944 49754005 388162485 callmefox
388163136 49754005 388162649 callmefox
388163631 oceanofsecrets
388163736 callmefox 388163136 49754005
388164088 callmefox 388163631 oceanofsecrets
388164235 61925478 388162649 callmefox
388165380 6326966
388165610 callmefox
388165716 callmefox 388165380 6326966
388166717 61925478
388168625 callmefox 388166717 61925478
388169089 61925478 388168625 callmefox
388169304 oceanofsecrets
388170408 49754005 388163736 callmefox
388170906 6326966 388165716 callmefox
388171763 callmefox
388171876 callmefox
388172176 callmefox 388169304 oceanofsecrets
388172289 2625023
388172399 callmefox 388170906 6326966
388172515 61925478 388171876 callmefox
388173824 callmefox 388172515 61925478
388173923 61925478 388173824 callmefox
388175708 callmefox 388173923 61925478
388183954 42872673
388191394 62347989
388193606 4051358
388196185 otherheaven
388211815 callmefox 388183954 42872673
388212264 callmefox 388191394 62347989
388212448 callmefox 388193606 4051358
388213116 callmefox 388196185 otherheaven
388213472 54780576
388225216 62347989 388212264 callmefox
388227242 callmefox 388213472 54780576
388229644 54780576 388227242 callmefox
388229903 callmefox 388229644 54780576
388230479 54780576 388229903 callmefox
388233930 callmefox 388230479 54780576
388237319 lizhen1991
388239340 54780576 388233930 callmefox
388243388 xiaobianmu
388244878 callmefox 388237319 lizhen1991
388245132 callmefox 388243388 xiaobianmu
388246551 xiaobianmu 388245132 callmefox
388247931 callmefox 388246551 xiaobianmu
388252487 xiaobianmu 388247931 callmefox
388262120 callmefox 388252487 xiaobianmu
388267346 coimioo
388269371 3519355
388270351 callmefox 388267346 coimioo
388270768 callmefox 388269371 3519355
388279407 shakasun
388281674 callmefox 388279407 shakasun
388281806 3519355 388270768 callmefox
388288261 61925478 388281806 3519355
388289998 3519355 388288261 61925478
388290199 54780576
388293344 49744878
388304320 oceanofsecrets 388281806 3519355
388305608 2661951
388401598 lizhen1991
388406601 callmefox 388281806 3519355
388407081 callmefox 388288261 61925478
388408268 callmefox 388290199 54780576
388408486 callmefox
388411686 maphil
388415570 callmefox 388411686 maphil
388503690 54780576 388408268 callmefox
388505417 44101751
388505739 callmefox 388505417 44101751
388762372 contonleo
390738128 41582394
390748219 sting999
390752562 41582394 390748219 sting999
391382892 callmefox
391392156 41582394
391399603 callmefox 391392156 41582394
404606187 42872673
404855710 redsilksfield
404857607 lesbians
405448646 61925478
405459044 4059996
405736354 callmefox 405448646 61925478
405736940 callmefox 404855710 redsilksfield
405737476 callmefox 405459044 4059996
405761814 redsilksfield 405736940 callmefox
405822245 callmefox 405761814 redsilksfield
405823054 60363979
405916021 redsilksfield 405822245 callmefox
405917428 redsilksfield
406220442 callmefox
406247652 redsilksfield
406287152 54780576
406316860 61925478 405736354 callmefox
406320142 beniisacanser 388212264 callmefox
406357851 58698079
406462940 callmefox 406287152 54780576
406463062 callmefox 406316860 61925478
406463113 callmefox 406320142 beniisacanser
406463358 callmefox 406357851 58698079
406470083 54780576 406462940 callmefox
406560435 58698079 406463358 callmefox
406773032 callmefox 406560435 58698079
406773543 8890446
406779283 58698079 406773032 callmefox
406779377 callmefox 406773543 8890446
406779575 callmefox 406779283 58698079
406782690 8890446 406779377 callmefox
406796660 54780576 406462940 callmefox
406821331 47534728
406834819 58698079 406779575 callmefox
406834846 58698079 406779575 callmefox
406842742 callmefox 406821331 47534728
406842913 callmefox 406834819 58698079
406843091 callmefox 406796660 54780576
406845026 54780576 406843091 callmefox
406846880 callmefox
406959623 47534728 406842742 callmefox
388806996 callmefox 388762372 contonleo
388833975 64877024
388838864 63040662
388882416 52474415
388886603 3283395
388916201 callmefox 388833975 64877024
388916631 callmefox 388838864 63040662
388916676 callmefox 388882416 52474415
388916850 callmefox 388886603 3283395
388916992 oceanlove
388918597 callmefox 388916992 oceanlove
388918857 maphil
388919419 oceanlove 388918597 callmefox
388920280 1479617 388882416 52474415
388920926 1479617
388921077 rehid
388921279 callmefox 388919419 oceanlove
388921398 callmefox 388920926 1479617
388921450 callmefox 388921077 rehid
388921842 oceanlove
388924520 1479617
388934827 contonleo 388806996 callmefox
388990703 callmefox 388921842 oceanlove
388990853 callmefox 388924520 1479617
388991303 callmefox
388995325 oceanlove 388990703 callmefox
388997266 52474415 388920280 1479617
388997414 52474415 388916676 callmefox
389009990 callmefox 388995325 oceanlove
389016089 oceanlove 389009990 callmefox
389016925 hzcjustfly
389063370 contonleo
389078632 54345052
389113138 42872673
389150356 46799454
389188372 1479617 388990853 callmefox
389189875 callmefox 389016089 oceanlove
389190032 callmefox 389078632 54345052
389190359 callmefox 389113138 42872673
389190761 callmefox 389150356 46799454
389190812 2208651
389190879 callmefox 389188372 1479617
389191611 46799454 389190761 callmefox
389191703 callmefox 389190812 2208651
389191980 callmefox 389191611 46799454
389200642 zerouvsyeti 388293344 49744878
389201192 2208651 389191703 callmefox
389201793 zerouvsyeti 388290199 54780576
389204745 callmefox 389201192 2208651
389204949 callmefox 389201793 zerouvsyeti
389208375 zerouvsyeti 389204949 callmefox
389211142 65189727
389214555 54780576 389201793 zerouvsyeti
389216868 zerouvsyeti 389214555 54780576
389221387 27657067
389225526 54780576 389216868 zerouvsyeti
389225863 54780576 389204949 callmefox
389229481 62941344
389233727 sxzrchen2008
389344475 callmefox
389344673 callmefox 389229481 62941344
389344763 callmefox 389233727 sxzrchen2008
389345437 luoshen
389345896 callmefox 389221387 27657067
389346547 callmefox 389345437 luoshen
389385773 sxzrchen2008
389389783 54780576
389393444 61925478
389474690 callmefox 389385773 sxzrchen2008
389474786 callmefox
389479694 3704073
389481804 callmefox 389479694 3704073
389485798 56668567
389499102 callmefox 389485798 56668567
389511335 61925478 389474786 callmefox
389542072 2208651 389204745 callmefox
389659308 callmefox 389511335 61925478
389659360 callmefox 389542072 2208651
389662584 61925478
389670353 callmefox
389670856 61925478 389670353 callmefox
389673130 fiasco
389675160 callmefox 389673130 fiasco
389806322 luoshen
389878917 callmefox 389806322 luoshen
389879467 callmefox 389670856 61925478
389881838 61925478
389942980 luoshen
390079370 muriyue 389942980 luoshen
390109575 callmefox
390109681 callmefox 389942980 luoshen
390246510 42872673
390246616 42872673 390109681 callmefox
390257941 luoshen 390079370 muriyue
390281214 callmefox 390246510 42872673
390476137 41582394
390720392 56668567 390476137 41582394
390723421 sting999
390723638 sting999 390476137 41582394
390738017 41582394 390723638 sting999
