388200292 sting999
388200492 3855438
388202063 lhllhl
388202358 54547939
388203466 56304180
388204292 lhllhl
388207515 36111084
388207644 4051358
388213683 sting999
388223770 rocky_xi
388244087 xiaobianmu
388249739 54314594
388250220 54314594 388213683 sting999
388250824 3554162
388250865 52549820
388266016 49754005
388430722 2316863
388430899 2316863 388213683 sting999
388439771 2374636
388480024 sting999 388430899 2316863
388482210 hrryzj
388489005 2316863 388480024 sting999
388504629 clylzy
388702215 63870558
388785313 hzcjustfly
388790389 61363699
388793337 2860463
