389452553 2051329
389456122 4219226
389456958 4551652
389457159 37548478
389465288 63040662
389469610 pinpinwantyou
389472329 jia_wood
389515653 63583892 389465288 63040662
389518106 afinefrenzy
389519561 minazukiruka
389587103 pinpinwantyou
389606718 4358244
389607690 41880609
389608484 28982692
389636653 shakasun
389654715 1031259
389660041 etxi 389607690 41880609
391645533 43388739
391649253 Rioface 391645533 43388739
391697446 43388739 391649253 Rioface
391761953 42872673 391697446 43388739
391762745 lingyingluo89
391765366 minazukiruka 391761953 42872673
391766696 ranshengchen
391819063 1810622
391840381 deadandgone 389654715 1031259
391867019 komia
391925431 35072101
391967751 46118689
392425524 65119500
392426129 1500460
392439444 4358244 392426129 1500460
392565234 1500460
