394167996 49624327
394168526 54598547
394222614 54090884
408243967 49624327 394168526 54598547
408244379 49624327 394222614 54090884
408252874 54090884 408244379 49624327
408253489 47514656
408269882 49624327 408252874 54090884
408270234 49624327
408420822 47514656 408270234 49624327
408467434 54090884 408269882 49624327
408526889 49624327
408529482 54090884
408531304 shakasun
408532417 lynn0518
408537969 kongkong7
408554546 47514656 408526889 49624327
408558939 49624327 408554546 47514656
408577005 47514656 408558939 49624327
408580215 49624327
408580371 49624327
