391721255 1479617
391725940 bendanxiaoniu
391744619 trees0330
391744946 Plato0512
391764936 cyyvanilla
391765195 minazukiruka
391765347 1769000
391766530 phk189
391769645 34896336
391851855 lesley1989
391892084 commlnn
391931026 heathersiner
391934529 1031259 391892084 commlnn
391947832 63408610
391950633 4369855 391721255 1479617
391950741 4369855 391947832 63408610
391950919 4369855 391931026 heathersiner
391951093 4369855 391892084 commlnn
391951187 4369855 391764936 cyyvanilla
391951350 4369855 391769645 34896336
391951567 4369855 391744946 Plato0512
391951759 lesley1989
391951949 minazukiruka 391892084 commlnn
391952503 Fionarun
391952549 nalasimba
391952923 4369855 391952549 nalasimba
391953406 4369855 391952503 Fionarun
391953512 4369855 391951759 lesley1989
391953691 nalasimba
391953757 34896336 391951350 4369855
391954616 4369855 391953691 nalasimba
391954951 4369855 391953757 34896336
391956430 28259361
391956713 lesley1989 391953512 4369855
391957934 42872673 391956430 28259361
391959457 nalasimba
391963272 cyyvanilla 391951187 4369855
391963656 46118689
391970235 63408610 391950741 4369855
391971249 34896336 391954951 4369855
391979969 Plato0512 391951567 4369855
391995060 4369855 391959457 nalasimba
391995241 4369855 391963272 cyyvanilla
391995348 4369855 391971249 34896336
391995471 4369855 391963656 46118689
391995613 34896336 391995348 4369855
391995686 heathersiner 391950919 4369855
391996473 heathersiner 391954951 4369855
391998031 1479617 391950633 4369855
391998909 45455545
392000353 4299820 391956430 28259361
392001240 4299820 391995471 4369855
392016105 4369855 391998909 45455545
392053655 trees0330
392061224 45901834
392068175 QQ804891382
392074067 scorpiosnow
392078753 45455545 392016105 4369855
392090237 4369855 392078753 45455545
392090335 4369855 392068175 QQ804891382
392090701 4369855 392061224 45901834
392090808 4369855 392053655 trees0330
392091276 15230288
392091547 1031259
392091829 50235296
392093659 supermiao
392103434 commlnn 391951949 minazukiruka
392104041 commlnn 391934529 1031259
392109347 minazukiruka 392103434 commlnn
392113040 carlalee
392142570 commlnn 392109347 minazukiruka
392143651 Xiaoxiao.Z
392152833 minazukiruka 392142570 commlnn
392156090 commlnn
392156339 60300572
392218744 4369855 392143651 Xiaoxiao.Z
392218796 4369855 392156339 60300572
392218954 4369855 392113040 carlalee
392219054 4369855 391996473 heathersiner
392219395 4369855 391956713 lesley1989
392261402 lesley1989 392219395 4369855
392270314 qingsebudiao
392284895 53353120
392289445 maerchen_
392291715 48970008
392315168 onceforeverever
392354216 64876200
392425181 65119500
392618041 4369855 392425181 65119500
392984947 2819857
393023348 flotter
