391702080 43388739
391709216 minazukiruka
391813913 shakasun
391816525 64251543
391818201 1810622
391819066 39198177 391818201 1810622
391819205 minazukiruka 391816525 64251543
391819396 39198177 391702080 43388739
391819540 39198177 391816525 64251543
391821563 minazukiruka 391819396 39198177
391821827 1810622 391819066 39198177
391822243 1810622 391821563 minazukiruka
391827163 kissbaby
391889748 39198177 391822243 1810622
391915599 39198177 391827163 kissbaby
391925557 43388739 391819396 39198177
391929969 hailie0421
391964966 rancy0904 391925557 43388739
392107003 kissbaby 391915599 39198177
392129187 3855438
392135082 65470320
392136851 40455633 392107003 kissbaby
392137122 40455633
392215879 trees0330
392425283 65119500
392540997 39198177 392137122 40455633
392572349 yjab777
392588027 49828669
392595690 3283395
392597004 45809932
392597150 60555918
392608006 jia_wood
392616236 40455633 392540997 39198177
393334641 43388739 391964966 rancy0904
393342812 thechase 392597004 45809932
393345848 47578974
393346358 64876200
393347670 52332337
393391940 rancy0904 393334641 43388739
393394022 52064504
393413816 45809932 393342812 thechase
393414812 Angiebest
393446628 63114619
393728295 39198177 392572349 yjab777
393733347 qixiaosheng
393736040 54227661
394026788 43388739 393391940 rancy0904
394145880 howmuch
394241235 4551652
394367442 49697590
394373281 mok_RJ
394409848 55941462
394455031 39198177 394145880 howmuch
394458628 qingsebudiao
394465426 daisy3days
394465729 kayguo
394588915 shuiyunyun
394682661 63860087 394145880 howmuch
394985322 62073169 392137122 40455633
394987225 52376130
395017076 40455633 394985322 62073169
395076424 62073169 395017076 40455633
395080832 25700753
395098596 40455633 395076424 62073169
395105817 62073169 395098596 40455633
395316333 howmuch 394682661 63860087
