391740958 65189727
391791146 shakasun
392002214 54091371 391740958 65189727
392002290 54091371 391791146 shakasun
392053026 zerouvsyeti
392087020 54091371 392053026 zerouvsyeti
392092532 4369855
392473860 54091371 392092532 4369855
392503872 63288222
392505116 4705891
392524526 54091371 392503872 63288222
392524733 54091371 392505116 4705891
392529385 63288222 392524733 54091371
392540902 shajisuannai
392558735 54091371 392529385 63288222
392559656 54091371 392540902 shajisuannai
392560945 shajisuannai
392562720 54091371 392560945 shajisuannai
392563457 4705891 392558735 54091371
392563864 54091371 392563457 4705891
392567146 4705891 392563864 54091371
392567972 54091371 392567146 4705891
392569164 4705891 392567972 54091371
392572760 54091371 392569164 4705891
392609663 minazukiruka
392622559 54091371 392609663 minazukiruka
392688696 Dora_lee
392729056 54091371 392688696 Dora_lee
