392079130 45455545
392083810 deadandgone
392098075 57821418 392079130 45455545
392098298 57821418 392083810 deadandgone
392104985 45455545 392098075 57821418
392111002 57821418 392104985 45455545
392113895 shakasun
392114537 45455545 392111002 57821418
392114829 57821418 392113895 shakasun
392115087 57821418 392114537 45455545
392116074 45455545 392114829 57821418
392116597 45455545 392115087 57821418
392117686 shakasun 392114829 57821418
392127069 57821418 392116074 45455545
392127301 57821418 392117686 shakasun
392128372 57821418 392116597 45455545
392128843 45455545 392127069 57821418
392129224 45455545 392128372 57821418
392129290 57821418 392128843 45455545
392129990 45455545 392129290 57821418
392130423 57821418 392129990 45455545
392170261 42872673
392467373 57821418
392659019 1479617
392687706 Dora_lee
394621811 57821418
