391978917 lazysworm
391985944 46118689
392002673 52571390 391985944 46118689
392003438 54530769
392004313 45455545
392004902 54113264
392019866 cynthia_cz
392068319 58508826 392019866 cynthia_cz
392070166 QQ804891382
392070805 52571390 392070166 QQ804891382
392075230 lyfyy
392075754 4596707
392282970 cyyvanilla
392383663 3006402
392385081 41357035 392019866 cynthia_cz
392421426 angelchou
392505936 maerchen_
392507380 honglian520
392525285 52571390 392507380 honglian520
392527327 65470320
392530583 29593618
