392664230 trees0330
392672732 micromalus
392673079 handlady
392673149 handlady
392698977 63089376 392664230 trees0330
392888733 4064182
393251187 54090884
393251990 63288222
393913099 4064182
393914752 Vivienne5400
393915077 4064182 393914752 Vivienne5400
395034104 ilove176
395089417 63089376
395090791 54090884
395092170 63089376
395092741 63089376
395114235 54090884 395092741 63089376
395184717 4064182
395185716 63089376 395114235 54090884
395779534 54090884 395185716 63089376
395902119 63089376 395779534 54090884
395927272 61625027
396076711 63089376 395927272 61625027
414373826 61625027 396076711 63089376
414600029 63089376 414373826 61625027
