392722776 meloncn
392726599 middleshe
392729068 48678828
392731258 52373593 392722776 meloncn
392742942 65021356
392756538 31551202
392758567 44424602 392742942 65021356
392767964 47151160
392769497 4201201
392769549 62454025
392769663 62454025
392770902 shajisuannai
392824500 58393929
392826120 51812851
392826972 64876200
392827626 meloncn 392731258 52373593
392829092 1576592
392829265 1576592
392834469 4299820
392843139 44424602
393837736 demain
393842815 42841033
393845440 44881032
393848894 fuerbaby
393892542 52373593
393893887 52373593
393896503 57580353
393938566 52373593 393896503 57580353
393941839 62346287
393941898 62346287 393941839 62346287
393942512 42583554
393955029 63040662
394991790 57580353 393938566 52373593
395544960 yan829
395636051 xiangyudanfei
395636670 47514656
395636966 xiangyudanfei
395637134 mickeyonly1118
395946325 61625027
395948516 adada
396450913 57821418
396469974 43388739
396544679 tsangtsu
399035700 52373593
