393017479 47250670
393018202 61176650
393028248 42872673
393054871 jia_wood
393057759 xiangrixiaokui
393058013 56058034
393059029 handlady
393059419 jiangyouxu
393063267 nalasimba
393064373 4358244 393028248 42872673
393308244 40455633
393482200 nighthasgone
394512987 micromalus 393482200 nighthasgone
394514113 lcc1987
394515914 nighthasgone
394516218 60610677 393017479 47250670
394572834 55905138
394578327 zerouvsyeti
394582867 47250670 394516218 60610677
394585207 39540745
395452273 43388739
395455515 micromalus 395452273 43388739
395465795 1078766
395512780 micromalus 395465795 1078766
395513274 1646283
395513915 trees0330
395514901 1769000
395588312 1078766 395513915 trees0330
395598145 MS.strangelove
395623747 scorpiosnow
395639858 46799454 393017479 47250670
395642699 xiangyudanfei
395756430 43388739 395455515 micromalus
395811901 micromalus 395756430 43388739
395812883 micromalus 395756430 43388739
395826727 47250670 395639858 46799454
395826884 eleganthink 393057759 xiangrixiaokui
395826907 eleganthink 393059029 handlady
395826985 eleganthink 393482200 nighthasgone
395827021 eleganthink 394514113 lcc1987
395827956 kairos0812
395845908 micromalus 395827956 kairos0812
395968096 lcc1987 395826884 eleganthink
395985188 64190203 395623747 scorpiosnow
396017997 philolea
396203432 nalasimba
396259464 micromalus 396203432 nalasimba
396270014 liujie_711
396270415 le_
396423559 gisela_fan
396465632 43388739 395812883 micromalus
398781975 33058595 396017997 philolea
398782510 nalasimba
398836210 46289547
398895803 47631468
399112929 58531081
399113628 lalunabonita
399168969 25700753 396259464 micromalus
399169543 25700753 399113628 lalunabonita
399212810 micromalus 399168969 25700753
399226299 2949069
