393593761 56058034
393707075 edwardgreen 393593761 56058034
394012301 GraceiXS
394012566 49885829
394265864 edwardgreen 394012301 GraceiXS
394265865 edwardgreen 394012566 49885829
394269262 49885829
394534054 49885829
394644827 3519355 394534054 49885829
394710625 edwardgreen 394644827 3519355
394747838 3519355
394878277 edwardgreen
394884988 49885829 394644827 3519355
394886286 3006402
394910521 edwardgreen 394886286 3006402
394912295 psycheeee
394913074 3006402 394910521 edwardgreen
394913426 edwardgreen 394913074 3006402
394926730 3006402 394913426 edwardgreen
394929223 Rachel180236
394935168 edwardgreen 394926730 3006402
394948402 3006402 394935168 edwardgreen
394948745 edwardgreen 394948402 3006402
394955015 3006402 394948745 edwardgreen
394956582 edwardgreen 394955015 3006402
