394459068 61963375
394459430 yaoyaolingxian
394459647 52023616
394461132 57623254
394461329 57623254 394459647 52023616
394461377 fany1701
394461936 13544894
394463056 61963375 394461132 57623254
394463309 57623254
394463633 57623254 394463056 61963375
394464106 coimioo
394464145 61963375 394463309 57623254
394465964 57623254
394466376 52023616 394461329 57623254
394466501 61963375
394466680 57623254 394466376 52023616
394467670 61963375 394466376 52023616
394467810 57623254 394467670 61963375
394467876 52023616 394466680 57623254
394468787 jiujinguniang
394468963 57623254 394467876 52023616
394469059 57623254 394468787 jiujinguniang
394469644 jiujinguniang 394469059 57623254
394470719 52023616 394468963 57623254
394477276 57623254 394470719 52023616
394477352 57623254
394479502 xu_henry_ca
394481704 57623254 394479502 xu_henry_ca
394484069 52023616 394477276 57623254
394484666 57623254
394491992 lazysworm
394507696 Ibasyo
394508041 apple_jobs
394508304 eleganthink
394508415 eleganthink
394508829 apple_jobs
394512161 eleganthink
394513950 heathersiner
394606151 edwardgreen
394606453 minazukiruka
394606677 trees0330
395048361 57623254
395049644 57623254
395053221 banxiamelove
395254083 64876200
395881824 xiye1120
395887812 40984030
395892457 adada 394463309 57623254
395900482 57623254 395887812 40984030
395902063 60363979
395903069 57623254 395902063 60363979
395923151 60363979 395903069 57623254
395924394 iamlucia
