395052040 banxiamelove
395052345 54090884 395052040 banxiamelove
395052895 55941462
395057572 54090884 395052895 55941462
395058480 63089376
395058933 54090884 395058480 63089376
395059094 3828606
395059598 54090884 395059094 3828606
395158934 journeyqiqi
395159116 edwardgreen
395159141 ambigue
395159311 54143356
395161623 deadandgone 395052345 54090884
395161733 trees0330
395163029 54143356
395164267 49256373
395166194 1599283
395168168 raven_w
395177354 fc1987
395180925 minazukiruka
395185385 55941462 395057572 54090884
395251641 64876200
395331183 trees0330 395163029 54143356
395363432 54090884
395363548 54090884 395163029 54143356
395363687 54090884 395166194 1599283
395363781 54090884 395177354 fc1987
395363848 1804990
395364036 17784438
395364137 54090884 395180925 minazukiruka
395364353 54090884 395185385 55941462
395364552 54485713
395364588 1804990
395377175 fc1987 395363781 54090884
395377256 hzcjustfly
395385219 54090884 395377175 fc1987
395385301 54090884 395364552 54485713
395386289 54485713 395385301 54090884
395397803 edwardgreen
395398584 60402401
395421466 54090884 395386289 54485713
395423040 54485713 395421466 54090884
395425727 35876869
395430301 fc1987 395385219 54090884
395431347 54090884 395423040 54485713
395431491 54090884 395425727 35876869
395432128 54485713 395431347 54090884
395434930 62445707
395438089 60104299
395438499 minazukiruka 395364137 54090884
395439588 neverflower
395440159 shakasun
395440805 lostkimi 395438499 minazukiruka
395441105 54090884 395440159 shakasun
395441232 57525198
395441422 ilove176
395442410 ilove176 395364588 1804990
395443794 minazukiruka 395440805 lostkimi
395444721 43388739
395451054 fc1987
395494322 1599283
395494809 37841036
395562228 shakasun
395570993 ilove176 395562228 shakasun
395575444 shuiyunyun
395582876 shakasun
395582911 fakeid
395634463 ilove176 395582876 shakasun
395639059 46799454 395440159 shakasun
395639576 46799454
395682329 trees0330 395562228 shakasun
395691880 shakasun 395634463 ilove176
395692306 shakasun 395639059 46799454
395693794 46799454 395692306 shakasun
395694026 shakasun 395682329 trees0330
395695407 shakasun 395693794 46799454
395696175 46799454 395695407 shakasun
395697111 shakasun 395696175 46799454
395697367 46799454 395697111 shakasun
395697810 shakasun 395696175 46799454
395698412 shakasun 395697367 46799454
395698726 3757509
395699046 46799454 395698412 shakasun
395699982 shakasun 395699046 46799454
395701675 46799454 395699982 shakasun
395703063 shakasun 395701675 46799454
395712190 46799454 395703063 shakasun
395781884 54090884 395703063 shakasun
395824231 ilove176 395691880 shakasun
395826218 33185232 395781884 54090884
396138607 54090884
399035901 35153601 395440159 shakasun
399036297 octopoda
399283796 2953365 395440805 lostkimi
399291195 lostkimi 399283796 2953365
399333620 2953365 399291195 lostkimi
399351284 25700753
399377583 35954968
399412939 trees0330 399351284 25700753
399432342 49685319
399437732 cindybaby-f
399441067 CherylChoi
399447597 25700753 399412939 trees0330
399624337 trees0330 399447597 25700753
399631197 calm_down
399803360 emmerdeuse
