395709017 shakasun
395709878 54090884
395711830 45834106
395712064 64325852 395709017 shakasun
395712177 60363979 395709017 shakasun
395712387 60363979 395709878 54090884
395712658 60363979 395711830 45834106
395713555 shakasun 395712064 64325852
395713887 64325852 395713555 shakasun
395714301 doriablue
395715315 shakasun 395714301 doriablue
395715738 doriablue 395715315 shakasun
395715979 shakasun 395715738 doriablue
395717086 60363979 395715979 shakasun
395717411 60363979
395717548 shakasun
395721783 60363979 395717548 shakasun
395736036 60363979
395767097 shakasun
395768609 60363979 395767097 shakasun
395769343 shakasun
395769714 60363979 395769343 shakasun
395769762 shakasun
395769936 shakasun
395771113 60363979 395769936 shakasun
395773058 1479617
395773228 shakasun
395774888 60363979 395773228 shakasun
395775300 60363979 395773058 1479617
395787598 shakasun
395789704 60363979 395787598 shakasun
395791210 shakasun
395792155 60363979 395791210 shakasun
395825041 ilove176
395825898 1479617
395895146 60363979 395825041 ilove176
395895549 60363979 395825898 1479617
