396136043 13165561
396415384 12507938
396420974 loveinpuff
396432247 auroralight
396435314 12507938
396840207 skyepiggy
396840796 3006402
396840924 wrbaby
396864319 12507938
396870190 ziyoupaifeizai
396872045 af1103
396876286 xhpiano
396894974 12507938
396895393 2756111 396894974 12507938
396908848 12507938
396912559 MS.strangelove
397001184 sting999 396876286 xhpiano
397009375 lynn0518
397010758 12507938
397024446 3229965
397027324 50886781
399930767 12507938
400001684 44589831
400010098 3757509
402260262 12507938
402262080 52480061
402264841 43804941
402266625 50694987 400001684 44589831
402778792 51195767
402779861 zhulinfan
402782249 miluduck
402814728 3006402
402817269 42338900
402824285 12507938 402782249 miluduck
411441985 2977648
411450133 loverivaldo
411651321 MS.strangelove
411657198 52851107
411657612 47733044
411658719 52851107 411657612 47733044
411659352 56142076
411660573 47733044 411658719 52851107
411671304 52851107 411660573 47733044
411783288 Dorymusic
411823068 ruohanjingyan
415516905 12507938
415523202 flair84
415534528 52851107 411783288 Dorymusic
415535260 52851107 415516905 12507938
415536288 bondu
415549231 12507938 415535260 52851107
415549435 12507938 415536288 bondu
415553189 48016136
415560229 35153601
415565482 PiscesVanessa
415565618 Dorymusic 415534528 52851107
415641743 52851107 415565618 Dorymusic
415813588 Dorymusic
415813775 67474183
416713280 2244178
416725224 PiscesVanessa
416738338 jidongshuo
