396408978 55941462
396413227 60301583
396458540 50261556 396413227 60301583
396547819 60301583 396458540 50261556
396688094 50261556 396547819 60301583
396759874 60301583 396688094 50261556
396824788 63583892
396836345 65013942
396839245 edwardgreen
396839322 super44
396855385 yankk
396879389 xhpiano
397226086 50261556 396839245 edwardgreen
397226161 50261556 396824788 63583892
397226480 50261556 396836345 65013942
397226563 50261556 396839322 super44
397226632 50261556 396855385 yankk
397226707 50261556 396879389 xhpiano
397229463 xhpiano 397226707 50261556
397956436 63860087 397226086 50261556
398006655 47784283
398056830 zhugewuwu
398659232 50261556 398056830 zhugewuwu
398659447 50261556 398006655 47784283
398685080 64077608
