396457857 50261556
396459315 64123846 396457857 50261556
396461310 50261556 396459315 64123846
396464565 64123846 396461310 50261556
396465832 50261556 396464565 64123846
396466061 64123846 396465832 50261556
396466771 50261556 396466061 64123846
396497530 57821418
396508927 1769000
396509734 leec
396510936 azalea-.- 396509734 leec
396511181 3006402 396509734 leec
396511202 zerouvsyeti
396513993 zhaohj
396555808 49983730
396556121 49983730 396513993 zhaohj
396560053 zhaohj 396556121 49983730
396560694 49983730 396560053 zhaohj
396582171 leec 396511181 3006402
396583810 minazukiruka 396582171 leec
396584710 leec 396583810 minazukiruka
396589704 zhaohj 396560694 49983730
396592629 crythesky
396593536 62445707
396593794 54331786 396508927 1769000
396600756 3006402 396582171 leec
397059291 love546 396592629 crythesky
397103166 crythesky 397059291 love546
397137516 64123846
397139587 Echo-Dong
