396846673 qianxin
396847594 44568293
396852093 1769000
396861354 44568293
396874899 1769000 396861354 44568293
396876050 44568293 396874899 1769000
396876997 1769000 396876050 44568293
396877786 1479617
396883487 SHENCHIFENG
396893700 minazukiruka
396894147 luowenyu0911
397017342 44568293 396877786 1479617
397017514 44568293 396883487 SHENCHIFENG
397037866 manstars
397441082 2953365
397445949 polymercat
397661964 2316863
397764631 vesper
398792782 33569019
398890557 47784283
398892778 tt03007510
398965111 polymercat 398892778 tt03007510
412952363 52048174
412953360 44568293 412952363 52048174
412988067 beautifulworld 397441082 2953365
413184567 44568293
