397147331 trees0330
397148710 nalasimba
397148717 trees0330
397149813 37841036
397151895 trees0330
397156648 1031259
397157139 nalasimba
397163294 63583892
397163720 31023408
397163897 45455545
397171231 1031259
397171820 nalasimba
397179892 1031259 397171820 nalasimba
397236468 47784283 397156648 1031259
397265391 47784283
397266367 1031259
397288489 47784283 397266367 1031259
397439434 3006402
397443313 3519355
397443759 nalasimba
397443763 iyam
397661109 47784283 397439434 3006402
397670435 nalasimba
397671874 62445707
397690020 50261556
397690523 50261556 397671874 62445707
397691393 62445707 397690523 50261556
397692572 63089376 397156648 1031259
397695348 50261556 397692572 63089376
397695630 50261556 397691393 62445707
397696386 62445707 397695630 50261556
397696947 50261556 397696386 62445707
397697715 63089376
397698833 62445707 397696947 50261556
397750974 47784283 397443313 3519355
397751246 trees0330 397690020 50261556
397751622 46875929
397754086 47784283 397692572 63089376
397763746 3006402
397763857 vesper
397763997 3006402
397764127 vesper
397764225 vesper
397764320 gisela_fan
397764374 vesper
397764477 vesper 397754086 47784283
397769376 3006402
397769418 1031259
397769500 minazukiruka
397769690 3006402 397769500 minazukiruka
397769977 minazukiruka
397786387 63089376 397754086 47784283
397896839 47784283 397764477 vesper
397933648 47784283
397938026 vesper
397952279 47784283
397964812 1031259
398105861 zymogen
398135009 3006402
