397391201 graciepoo
397391771 27809396
397406766 57500778
397411336 ruila
397433806 gisela_fan
397434942 41556247 397406766 57500778
397435614 1769000
397435642 1769000
397436524 graciepoo 397435642 1769000
397436574 62017090
397436600 Langlangb
397438227 MayaDey
397438651 graciepoo 397436600 Langlangb
397438660 graciepoo 397438227 MayaDey
397438665 graciepoo 397436574 62017090
397439201 3006402
397442636 45455545
397449296 1769000 397436524 graciepoo
397449411 1769000
397450062 1769000
397450234 1769000
397454634 graciepoo
397471389 1769000 397454634 graciepoo
397476991 59174280
398812095 51901052
398813300 truean
398847464 emmerdeuse
400060725 komia
400128663 graciepoo 400060725 komia
400251441 2073958
400294522 komia 400128663 graciepoo
400314298 neptuneyan
400425772 graciepoo 400314298 neptuneyan
401357610 irisayu
