397685779 63089376
397686496 25700753 397685779 63089376
397686675 63089376
397687375 25700753 397686675 63089376
397688420 63089376 397687375 25700753
397689300 25700753 397688420 63089376
397690236 spu001
397691185 63089376
397693589 25700753 397690236 spu001
397694170 spu001 397693589 25700753
397694802 25700753
397695237 25700753 397694170 spu001
397695668 spu001 397695237 25700753
397699011 25700753 397695668 spu001
397699236 minazukiruka
397699339 63089376 397694802 25700753
397699722 shakasun
397701078 25700753 397699236 minazukiruka
397701389 25700753 397699722 shakasun
397702856 minazukiruka 397701078 25700753
397703185 25700753 397699339 63089376
397703871 25700753 397702856 minazukiruka
397704233 45834106
397705414 25700753 397704233 45834106
397706198 minazukiruka 397703871 25700753
397706622 63089376
397707064 25700753 397706198 minazukiruka
397708257 25700753 397706622 63089376
397710229 minazukiruka 397708257 25700753
397711845 25700753 397710229 minazukiruka
397715879 minazukiruka 397711845 25700753
397717098 25700753 397715879 minazukiruka
397720847 minazukiruka 397717098 25700753
397721618 25700753 397720847 minazukiruka
397724366 minazukiruka 397721618 25700753
397725044 55963845
397725299 25700753 397724366 minazukiruka
397725466 52376130
397726135 25700753 397725044 55963845
397726297 25700753 397725466 52376130
397728032 52376130 397726297 25700753
397730584 25700753 397728032 52376130
397732109 minazukiruka 397725299 25700753
397733106 25700753 397732109 minazukiruka
397734262 55963845 397726135 25700753
397736244 25700753 397734262 55963845
397741205 52376130 397730584 25700753
397742380 25700753 397741205 52376130
397752379 trees0330
397753062 trees0330
397770795 45834106 397704233 45834106
397771604 25700753 397753062 trees0330
397771610 25700753 397770795 45834106
398082261 3519355
398145426 3006402
398294025 25700753 398082261 3519355
398294415 25700753
398327719 31800440
398333623 25700753 398327719 31800440
398334956 31800440 398333623 25700753
398336392 eleanor-xia
398339170 47784283
398427011 3006402 398294415 25700753
398433060 LCF999
398506914 25700753 398334956 31800440
398507153 25700753 398336392 eleanor-xia
398507782 25700753 398427011 3006402
398508060 25700753 398433060 LCF999
398508653 25700753 398339170 47784283
398519479 47784283 398508653 25700753
398556813 3006402 398507782 25700753
398590701 25700753 398519479 47784283
398591535 25700753 398556813 3006402
398594151 xyzhang
398599918 25700753 398594151 xyzhang
398611167 xyzhang 398599918 25700753
398615537 25700753 398611167 xyzhang
398616656 3006402 398591535 25700753
398619082 25700753 398616656 3006402
398626776 44922117 397753062 trees0330
398630195 xyzhang 398615537 25700753
398632285 25700753 398630195 xyzhang
398633309 xyzhang 398632285 25700753
398670005 31800440 398619082 25700753
398703453 25700753 398670005 31800440
398730335 nichaohao
398735187 gonewithsin
398744206 25700753 398730335 nichaohao
398744541 25700753 398735187 gonewithsin
398746746 1769000
398760943 trees0330 398626776 44922117
398784890 25700753 398746746 1769000
399117397 1769000 398784890 25700753
399117810 DOOOOOG 398784890 25700753
399118282 61882310
399118331 61882310
399162234 25700753 399117397 1769000
399162859 25700753 399117810 DOOOOOG
399162956 1769000 399162234 25700753
399163489 25700753 399118331 61882310
399164052 25700753
399164135 25700753
399165201 1769000 399164052 25700753
399165967 25700753 399165201 1769000
399166708 1769000 399165967 25700753
399168398 25700753
399169393 1769000 399168398 25700753
399170430 25700753
399171229 1769000 399170430 25700753
399186260 25700753
399186397 25700753
399206809 sjingye 397687375 25700753
399294021 25700753 399206809 sjingye
399348837 1769000 399186397 25700753
399354360 25700753 399348837 1769000
