397767878 41334219
397768439 trees0330
397768459 1599283
397768634 9075531
397769436 1031259
397769445 3006402
397769539 37841036
397777602 deadandgone
397777922 41334219 397777602 deadandgone
397778223 deadandgone 397768439 trees0330
397778473 deadandgone 397777922 41334219
397778656 deadandgone 397768459 1599283
397781054 deadandgone
397781733 Gawiel
397781824 deadandgone 397769445 3006402
397783089 3006402
397783454 deadandgone 397769539 37841036
397785165 deadandgone 397783089 3006402
397785781 deadandgone 397781733 Gawiel
397786825 deadandgone 397783089 3006402
397797187 37841036
397806153 1479617
397808559 41334219 397778473 deadandgone
397813595 deadandgone 397806153 1479617
397814619 1479617 397813595 deadandgone
397814714 2316863
397820031 deadandgone 397797187 37841036
397835210 3006402
397865850 deadandgone
397873781 45901834
397954273 trees0330
398144215 3006402
398189342 59032079
398196234 1029207
398310992 shakasun
398363475 2164580
398379843 cracker4all
398406179 59713272
398541820 3006402 398379843 cracker4all
400206181 59457349
400248303 2073958
400249747 49983730
400412925 9075531
400418962 trees0330
408098196 livlyon
408316672 45901834
408319226 wxydxhh
