399741889 33727791
399745204 63583892
399771446 59828887 399741889 33727791
399771481 59828887 399745204 63583892
399812382 52485752
399830006 59828887 399812382 52485752
400394370 baixin2011
400396741 54090884
400396876 hejiuhejiu
400397022 hejiuhejiu 400396741 54090884
400403180 polymercat
400788358 59828887 400394370 baixin2011
400788466 59828887 400396741 54090884
400788530 59828887 400403180 polymercat
400799547 qibadao
400806135 59828887 400799547 qibadao
401598702 54090884 400788466 59828887
401600021 59828887 401598702 54090884
404114774 54090884 401600021 59828887
