398539007 shakasun
398539986 40927503
398540611 48458067 398539007 shakasun
398540958 2208651
398541134 48458067 398539986 40927503
398542672 48458067 398540958 2208651
398548221 3006402
398548713 25700753
398548716 25700753
398550442 2208651
398551110 Arielljn
398552276 3006402 398548713 25700753
398564801 48458067 398552276 3006402
398565100 48458067 398551110 Arielljn
398565484 48458067 398548221 3006402
398574098 4299990
398586185 20938220
398595088 25700753 398552276 3006402
398604258 Arielljn 398565100 48458067
398608158 trees0330
398615294 3006402 398595088 25700753
398616848 25700753 398608158 trees0330
398617339 ginasun
398617402 25700753 398615294 3006402
398620588 47825606
398622816 sarome
398635030 48458067 398608158 trees0330
398637506 Eileen-Adagio
398641657 biubiu-3-
398645856 48458067 398641657 biubiu-3-
398648415 59596675 398550442 2208651
398662491 Amiesays
398670584 48458067 398662491 Amiesays
398671202 Amiesays 398670584 48458067
398678558 gonewithsin
398689093 64077608
398689810 48458067 398678558 gonewithsin
398690582 nalasimba
398730186 1479617
398732074 57004485
398733411 57004485
398734072 48458067
398737136 57004485 398734072 48458067
398743497 4371750
398746810 StrangersMania
398747574 61291666
398750445 minazukiruka 398747574 61291666
398751172 61291666 398750445 minazukiruka
398751612 61291666 398565100 48458067
398756041 42272811 398539986 40927503
398757499 jia_wood
398760378 2778245 398542672 48458067
398760528 trees0330 398635030 48458067
398781855 2953365
398800897 35153601
398829275 nalasimba
398863051 nichaohao
398877030 hero1985 398829275 nalasimba
398878619 wangellendaren
399177496 58425695
399581791 33058595
400146248 hakumatata 398539986 40927503
400164199 62346287
400273722 48458067 398800897 35153601
400304228 62941344
400360721 cocoakanishi
400361466 cocoakanishi
400363824 51160994
400364812 62346287
400365717 62346287
400365973 mingfal
400412473 cindybaby-f
400416957 trees0330 400361466 cocoakanishi
400447538 cocoakanishi 400416957 trees0330
400458703 1479617
400536848 35153601 400273722 48458067
400545544 52414293
400546880 trees0330 400447538 cocoakanishi
400554870 47878326 398733411 57004485
400558393 jiangyouxu
400568326 commlnn
400633101 46421925
400636691 top001jessica
401043377 57807378 398541134 48458067
401044248 57807378 399177496 58425695
401045535 lingnian0423
403187885 46421925 401045535 lingnian0423
403189159 55429348 398540958 2208651
403191355 mirroror
403195984 60905853
403203839 bendanxiaoniu
403205180 bendanxiaoniu 400633101 46421925
403205664 bendanxiaoniu 403195984 60905853
403207279 46421925 403205180 bendanxiaoniu
403299553 56864605
403437215 55276360 398550442 2208651
403467135 gyn10092365
403526893 naught
403531073 57292424
403943361 4059996
403952120 wszbb
403981495 59377689
404146996 29795143 398689810 48458067
404245271 Phoebe.luo 403952120 wszbb
404467221 38963886
404507327 63610680
406887334 BernieButler 400568326 commlnn
407721514 commlnn 406887334 BernieButler
410246415 40619453
410309243 43388739
410309991 60363979
410474093 shenmane
410697023 51594749
414727601 61991883
414727762 50725841
