398962780 nichaohao
398976805 44097435
398978384 nalasimba
398978935 sunshine_girl
398982847 commlnn
398986697 40927503
399031371 63583892
399033623 63583892 399031371 63583892
399036629 minazukiruka
399113833 1479617
399118519 trees0330
399119809 3006402
399121236 zhaohj
399134511 Varsovian
399139918 shuiyunyun
399453710 jingandglen
399455399 daisydew
399911960 2057438
400019673 2953365
401221998 1323003
401224711 1323003 399033623 63583892
401228136 1323003
401228409 1323003 399453710 jingandglen
401228632 1323003 399134511 Varsovian
401230648 zerouvsyeti
401235395 1323003 401230648 zerouvsyeti
401607297 zerouvsyeti
401619403 pkfff
