399091556 CHeeeeer__
399102343 42589115
399102509 64877024
399305283 35153601 399102509 64877024
399308977 35153601
399908664 64877024 399305283 35153601
400894702 35153601 399908664 64877024
401805766 64270055
406542959 35153601
406545314 35153601
406562259 4059996 406545314 35153601
407070343 35153601 406562259 4059996
407075535 pusushenghuo
407363237 4059996 407070343 35153601
407537624 35153601 407363237 4059996
407646140 42872673
408301326 4059996 407646140 42872673
408312990 66822040
409320546 35153601 407075535 pusushenghuo
409322607 35153601 407363237 4059996
409323112 35153601 407646140 42872673
409323450 35153601 408312990 66822040
409326494 35153601
409332259 66822040 409323450 35153601
409358207 4059996 409322607 35153601
409409541 35153601
409597385 4059996 409409541 35153601
409606403 4059996 409326494 35153601
409754038 35153601 409597385 4059996
409754575 35153601 409606403 4059996
410285303 4059996 409754575 35153601
410285459 4059996 409754038 35153601
410518849 35153601 410285303 4059996
410519585 35153601
410823422 4059996 410519585 35153601
410868010 35153601 410823422 4059996
411034817 4059996 410868010 35153601
411297281 35153601 411034817 4059996
411373710 4059996 411297281 35153601
