399313026 lynn0518
399313794 57698242 399313026 lynn0518
399469040 lynn0518 399313794 57698242
399492276 shakasun
399495519 whatsernametree
399497553 41334219 399495519 whatsernametree
399499572 wrbaby
399500687 61291666
399528247 49610143
399586240 58821064
399586283 58821064
399591703 gyn10092365
399745198 57698242 399469040 lynn0518
399745212 57698242 399492276 shakasun
399745232 57698242 399500687 61291666
399745248 57698242 399528247 49610143
399745262 57698242 399586240 58821064
399745278 57698242 399591703 gyn10092365
399817815 shakasun 399745212 57698242
399821948 57698242 399817815 shakasun
399871079 35153601
399937943 lynn0518 399745198 57698242
399938302 mianyangjiang
399992833 micromalus 399821948 57698242
400344386 57698242
400346463 57698242 399492276 shakasun
400346574 57698242 399871079 35153601
400346687 57698242 399937943 lynn0518
400350436 20938220
400357488 57698242 400350436 20938220
400361966 20938220
400362353 58047761
400369912 mianyangjiang
400536412 35153601 400346463 57698242
400673023 57698242 400361966 20938220
400673094 57698242 400362353 58047761
400673287 57698242 400536412 35153601
401535924 58425695
401901036 57698242 401535924 58425695
401962140 58425695 401901036 57698242
401963179 57698242 401962140 58425695
402096870 58425695 401963179 57698242
402441416 57698242 402096870 58425695
402497265 58425695 402441416 57698242
402502513 2600403
402506753 liujie_711
402523294 57698242 402506753 liujie_711
402523381 57698242 402497265 58425695
402523480 57698242 402502513 2600403
402793620 nianqingnvxing
402804422 57698242 402793620 nianqingnvxing
402804965 nianqingnvxing 402804422 57698242
402807832 57698242 402804965 nianqingnvxing
402809896 nianqingnvxing 402807832 57698242
402812542 57698242 402809896 nianqingnvxing
402829097 63408610
402832619 52549820
403097591 57698242 402832619 52549820
403098404 57698242 402829097 63408610
405032715 63408610 403098404 57698242
405042346 57698242 405032715 63408610
