399250913 49692813
399253132 3283395
399275135 50394173
399292942 64270055 399275135 50394173
399298817 64270055 399250913 49692813
399336729 64270055 399253132 3283395
399441517 54143356
399465344 64270055 399441517 54143356
399472216 54143356 399465344 64270055
399473820 39630692
399508860 64270055 399473820 39630692
399521595 4664538
399523605 Jocelyn....
399564156 39630692 399508860 64270055
399564807 64270055 399564156 39630692
399594797 39630692 399564807 64270055
399603039 64270055 399594797 39630692
399603294 64270055 399523605 Jocelyn....
399603777 39630692 399603039 64270055
399611436 64270055 399603777 39630692
399969373 64270055 399472216 54143356
399974153 43739807
400048916 54090884
400246860 64270055 399974153 43739807
400356301 64270055 400048916 54090884
400389527 baixin2011
400685670 64270055 400389527 baixin2011
400703812 applesyz
400707738 yaoyaogreen
401064097 64270055 400703812 applesyz
401064349 64270055 400707738 yaoyaogreen
401066643 64270055 400389527 baixin2011
401069245 59147768
401170877 applesyz 401064097 64270055
401321151 51510885
401343870 64270055 401170877 applesyz
401344073 64270055 401321151 51510885
401344991 applesyz 401321151 51510885
401411511 64270055 401344991 applesyz
401437023 applesyz 401411511 64270055
401438127 60363979
401493951 64270055 401438127 60363979
401546455 60363979 401493951 64270055
401603403 64270055 401546455 60363979
401804683 64270055 400707738 yaoyaogreen
402082842 64727112
402319226 64270055 402082842 64727112
402324334 64727112 402319226 64270055
402358264 64890599
402361700 64890599 399441517 54143356
402363098 64890599 399523605 Jocelyn....
402363296 64890599 402082842 64727112
402382296 54143356 402361700 64890599
402692968 64270055 402382296 54143356
