399347011 25700753
399349574 57955762 399347011 25700753
399351985 25700753 399349574 57955762
399355876 57955762 399351985 25700753
399366353 25700753 399355876 57955762
399369965 57955762 399366353 25700753
399371944 25700753 399369965 57955762
399372876 46875929
399378464 57955762 399371944 25700753
399414002 trees0330
399420425 66095667
399438753 1479617
399447632 25700753 399372876 46875929
399447711 25700753 399414002 trees0330
399447828 45809932
399447851 25700753 399438753 1479617
399447945 25700753 399447828 45809932
399448000 25700753 399420425 66095667
399746340 3006402
399747137 63677301
399844391 nichaohao
399918544 25700753 399746340 3006402
399918640 25700753 399747137 63677301
399939910 63677301 399918640 25700753
399988931 25700753 399844391 nichaohao
400043105 nichaohao 399988931 25700753
400046990 54090884
400081072 25700753 400046990 54090884
400081113 25700753 400043105 nichaohao
400081517 gisela_fan
400081683 41334219
400093417 64876200
400344199 25700753 400081517 gisela_fan
400344518 25700753 400081683 41334219
400345263 25700753 400093417 64876200
400381290 gisela_fan 400344199 25700753
400399486 64876200 400345263 25700753
400422930 25700753 400381290 gisela_fan
400423034 25700753 400399486 64876200
400429684 64876200 400423034 25700753
400544452 gisela_fan 400422930 25700753
400637051 25700753 400544452 gisela_fan
400742217 gisela_fan 400637051 25700753
