399866634 4423167
399892473 63089376
399897525 64876200
399994835 46350724 399892473 63089376
399995013 46350724 399866634 4423167
399995221 46350724 399897525 64876200
400000104 shakasun
400026951 4423167 399995221 46350724
400034685 64077608
400064047 63583892
400085338 64876200 400064047 63583892
400099384 46350724 400026951 4423167
400099473 46350724 400034685 64077608
400099549 46350724 400085338 64876200
400328150 64876200 400099549 46350724
400341272 46350724 400328150 64876200
400341971 64876200 400341272 46350724
410210447 YUYUlovemozart 399897525 64876200
410221431 46350724 410210447 YUYUlovemozart
410239695 YUYUlovemozart
410244309 46350724 410239695 YUYUlovemozart
410445179 56809612
