401339427 cake221
401341289 47878326 401339427 cake221
401379186 shakasun
401398400 47878326 401379186 shakasun
401401146 redsilksfield
401403899 47878326
401405068 shakasun 401398400 47878326
401405285 Varsovian
401408685 47878326 401405068 shakasun
401409975 47878326
401413376 Varsovian 401409975 47878326
401414645 47878326 401413376 Varsovian
401418964 Varsovian 401414645 47878326
402651226 47878326 401405068 shakasun
402671649 shakasun 402651226 47878326
402672699 47878326 402671649 shakasun
