402617915 56864605
402618839 captainodie
402619036 trees0330
402619597 56864605 402618839 captainodie
402619657 56864605 402619036 trees0330
402622074 Ferndiandian
402622181 49594527
402622237 44922117 402619036 trees0330
402622869 49594527
402623386 trees0330 402622237 44922117
402623746 44922117 402623386 trees0330
402626360 trees0330 402623746 44922117
402632407 levitating
402634587 1467852
402635315 1467852
402635581 CLOVERWSX
402702226 1479617
402705630 56864605 402632407 levitating
402714082 levitating 402705630 56864605
