403139058 66365007
403140070 63610680
403147484 trees0330
403164869 63583892
403165349 63583892
403169275 farawayxx
404506913 63610680
404507394 63610680
404535413 2025972
405338264 63610680 404535413 2025972
405340557 maryhy
405580294 63061901
405581375 heikedaolai
405590342 geraldine1990
405591719 Yepupyale
405594090 qiyuanmeng
409270513 63610680 405340557 maryhy
409273602 3006402 405594090 qiyuanmeng
409274274 fribar
409275945 1479617
409279905 redsilksfield 405338264 63610680
409280582 61991883
409308449 PiscesVanessa
409309678 47825606
409325975 63610680
409327632 phk189
409367074 48367904
409373091 40619453
409373272 3311627
409387639 phk189
409444227 66640993
409448987 mysight
409449980 mysight
409501716 63610680 409367074 48367904
409501904 63610680 409387639 phk189
409528008 56062947
409555077 57755211
409560122 63610680
409570027 47825606 409325975 63610680
409605063 63610680 409570027 47825606
409641525 phk189 409501904 63610680
409642988 xiaochan1012
409643009 xiaochan1012
409644764 63610680 409641525 phk189
409645022 63610680 409642988 xiaochan1012
409651217 65869079
409652803 phk189
409657002 47825606 409605063 63610680
409657618 34202208
409658521 47825606 409657618 34202208
409659448 hichenruo
409668879 njsquirrel
409858445 63610680 409651217 65869079
409858681 63610680 409659448 hichenruo
409859147 63610680
409859289 63610680 409657618 34202208
409859517 63610680
409860433 63610680 409652803 phk189
409873897 63610680 409555077 57755211
409874389 63610680 409652803 phk189
409889263 47825606 409859517 63610680
409924861 63610680
409932434 njsquirrel
409951185 63610680
409969985 47825606
410247467 63610680 409969985 47825606
411770564 63610680
415753059 63610680
415759759 63610680 409659448 hichenruo
415767022 hichenruo
415767637 63610680 415767022 hichenruo
415770180 16698236 409641525 phk189
415770902 63610680 415770180 16698236
415781284 57821418
415781398 63610680 415781284 57821418
415804646 collectionnn
415812916 65499412
415830873 phk189 415770180 16698236
415840300 16698236
416054768 63610680 415804646 collectionnn
416054909 63610680 415812916 65499412
416055125 63610680 415840300 16698236
416057752 17313854
416058459 63610680 416057752 17313854
416058944 48016136
416059159 63610680 416058944 48016136
416061807 uacc
416065147 2164580
416066149 47825606
416069561 16698236
416074411 alonealone
416108284 16698236 416061807 uacc
416111605 63610680 415830873 phk189
416111886 63610680 416061807 uacc
416112002 63610680 416065147 2164580
416112136 63610680 416066149 47825606
416112388 63610680 416069561 16698236
416112683 63610680 416074411 alonealone
416113086 63610680
416120748 64328438
416159374 uacc 416108284 16698236
416166037 63610680 416159374 uacc
416167645 uacc
416249483 63610680 416167645 uacc
416249546 65499412
416251620 63610680 416249546 65499412
416355474 uacc
416374166 yjab777
416582327 63610680 416355474 uacc
416582395 63610680 416374166 yjab777
416587430 52097920
416587650 52097920
416805214 uacc
416934363 yjab777
417142134 IVorfour
418460206 63610680 417142134 IVorfour
418460254 63610680 416934363 yjab777
418461373 63610680 416587430 52097920
418461573 63610680 416587650 52097920
418469884 63610680
418471811 sky890802
418491784 29643367
418642183 Midnight1987
419166306 63610680 418471811 sky890802
419166493 63610680 418491784 29643367
419166599 63610680 418642183 Midnight1987
419237682 sky890802 419166306 63610680
419552058 63610680 419237682 sky890802
419618373 sky890802 419552058 63610680
419622924 63610680 419618373 sky890802
