403833564 vis7
403834222 17784438
403834387 56203441 403833564 vis7
403834447 onceforeverever
403834548 56203441 403834222 17784438
403835792 55001797
403836070 56203441 403835792 55001797
403838263 55001797
403838748 onceforeverever
403839554 41456319
403840351 56203441 403839554 41456319
403840723 56203441 403838263 55001797
403842109 56203441
403842541 konshirecc711
403845705 onceforeverever
403846553 zerouvsyeti
403848225 vis7 403834387 56203441
403857999 56203441 403848225 vis7
403913727 mayyourwish
403913994 rickenbacker
403915639 52780504
403922515 colarxu
403923297 36785903
403923485 36785903
403923830 ming33
403981578 41456319 403840351 56203441
403987092 qiaoshy 403835792 55001797
403988099 gonnasleep
404012652 55001797
404014849 2560960
404020134 cozylee
404026712 nvbannanzhuang
404033757 56203441
404094756 56203441 404014849 2560960
404140476 29795143
404152349 56203441 404140476 29795143
404232836 54090884
404234310 51635264
404243628 56203441 404234310 51635264
404786705 56203441
406227440 29795143 404152349 56203441
406234812 miluduck
407114423 56203441 406234812 miluduck
409331585 35153601
411025464 56203441
411043227 3757509
411043593 3757509 411025464 56203441
411046345 acelies
416172376 fmyjy
416542901 56203441 411046345 acelies
416543756 56203441 411043593 3757509
416545554 jesuistian
416546049 57106940
416546214 50725841
416547111 50725841
416798191 56203441 416547111 50725841
416806030 lemonchan
416828617 I4Yale
416834092 56203441 416806030 lemonchan
416853206 lemonchan 416834092 56203441
417170651 56203441 416853206 lemonchan
417214131 lemonchan 417170651 56203441
417265966 52067931 411043593 3757509
417312517 zoe-chen
417316449 eveyao
417382112 56203441
417460140 3757509 417265966 52067931
