403861764 4059996
403865700 45006911
403905399 3006402
403942711 4059996 403865700 45006911
403944210 miluduck
403997333 15537723
404011021 adada
404012500 41334219
404017201 65543811 403865700 45006911
404033845 45006911
404037340 lyw9816
404202587 63583892
404202679 Hitachi
404229714 relax
404255802 45006911
404308125 4231166 404202587 63583892
404308220 Lizyjs
404322600 45006911 404308125 4231166
404334533 46168303 404322600 45006911
404675807 forremember 404334533 46168303
404750054 62743607
404752294 51440795
404759760 4059996
404762849 48870194
405455475 43383576
405658603 geraldine1990
405679878 4358244
406875533 quiteSilent
406938668 66480498
407133236 53087436
407586281 45006911 406938668 66480498
407588014 day-break
407590082 MaybeSunnyDay
407591761 42776151 403861764 4059996
407596693 52956580
407756044 45006911 407596693 52956580
