404334598 2860463
404335103 55895695
404338221 60402401 404334598 2860463
404338341 60402401 404335103 55895695
404339798 55895695 404338341 60402401
404343289 60402401 404339798 55895695
404344040 55895695 404343289 60402401
404347444 1576592
404349967 60402401
404351339 1576592 404349967 60402401
404353238 60402401 404351339 1576592
404354665 63089376
404355292 iamrighthere
404357621 60402401 404354665 63089376
404357763 60402401 404355292 iamrighthere
404373990 emmerdeuse
404374852 60402401 404373990 emmerdeuse
404375982 63089376 404357621 60402401
404376615 emmerdeuse
404377632 emmerdeuse 404374852 60402401
404378153 60402401 404377632 emmerdeuse
404448178 2860463 404334598 2860463
404465910 38963886 404334598 2860463
404470844 2653759
404473345 50394173
404473788 2860463 404465910 38963886
404478856 64876200
404479035 himawarl
404482250 58425695
404493069 63583892
404548847 softlightlee
404552475 lostman1989
404599935 60402401 404375982 63089376
404600200 60402401 404552475 lostman1989
404606709 61985613
404614509 60402401 404478856 64876200
404614747 60402401 404493069 63583892
404619475 55677838
404679298 63089376 404619475 55677838
404703553 60402401 404619475 55677838
404736487 emmerdeuse 404378153 60402401
404852344 63583892
404884824 60402401 404852344 63583892
405566557 63610680
405680485 bambou
405682799 60402401 405680485 bambou
405698961 63610680
405750295 2824252
405752204 58135388
406071101 60402401
406310127 63610680 406071101 60402401
406534427 60402401 406310127 63610680
406534943 4588493
406588000 63583892
406606343 60402401
407395072 10840321
407458203 60402401 407395072 10840321
407796572 xll_xqzhang
407966176 60402401 407796572 xll_xqzhang
407967246 yuaaiy
407972770 xll_xqzhang 407966176 60402401
407973994 58824428
408009007 60402401 407973994 58824428
408022451 58824428 408009007 60402401
408028106 menshevik
408036168 60402401
408076175 29774823
408093396 ms.cat
408114035 60402401 408093396 ms.cat
408303631 cotion
408537991 60402401 408303631 cotion
408538248 YourBlueSky
408540349 60402401 408538248 YourBlueSky
408541965 YourBlueSky 408540349 60402401
408560802 60402401 408541965 YourBlueSky
408592549 63061901
408593271 60402401 408592549 63061901
408915734 xxho
408926484 2434492
408966042 63583892
409161607 60402401 408915734 xxho
409161779 60402401 408966042 63583892
409162063 60402401 408926484 2434492
409168560 ansizhu
409174368 60402401 409168560 ansizhu
410576959 55677838
410578366 60402401 410576959 55677838
410578830 51586370
410580037 60402401 410578830 51586370
410596597 51586370 410580037 60402401
410596745 52332337
410597400 60402401 410596597 51586370
410597530 60402401 410596745 52332337
410608734 2791091 410596745 52332337
410609653 2791091 408966042 63583892
410637433 60301583 404373990 emmerdeuse
413958418 60402401
414329942 liujie_711
415829095 52960690
417071262 60402401
417084159 little-bladder
417732082 60402401
417776422 1576592
417943594 60402401 417776422 1576592
417953350 36611222
419191721 60402401
419510787 67681033 417071262 60402401
