405212496 2953365
405944221 63610680
406109428 shakasun
406425368 57623254 405212496 2953365
406425437 57623254 405944221 63610680
406425478 57623254 406109428 shakasun
406430085 shakasun 406425368 57623254
406442496 3667524
406491891 chenna19891012
406579255 63610680 406425368 57623254
406597069 2953365
406597594 3367851
406597816 2953365 406597594 3367851
406878010 3367851 406597816 2953365
406996047 57623254 406597816 2953365
407132685 2953365 406996047 57623254
409330759 35153601
410858026 57623254 409330759 35153601
