406630420 emmerdeuse
406642893 34986640
406819956 xonlongmeng 406642893 34986640
406831219 45112754
406832823 59132661
406843720 xonlongmeng 406630420 emmerdeuse
406844364 eleganthink
406844816 xonlongmeng 406831219 45112754
406845805 xonlongmeng 406844364 eleganthink
406847582 emmerdeuse
406847663 middleshe
406849872 eleganthink 406844816 xonlongmeng
406852668 Evan.Chris
406871184 1227996
406873923 45112754 406844816 xonlongmeng
406876097 58999095 406871184 1227996
406876586 44854272
406917303 xonlongmeng 406873923 45112754
406927729 1769000 406832823 59132661
406937274 QQ804891382
406937776 Foucaut
406982146 59132661 406927729 1769000
407155743 45112754 406917303 xonlongmeng
407158961 47825606
407159354 47825606
407160450 sjingye
407160645 52567525
407162123 52567525
407415883 yaliedu
407606976 40619453
407608453 2208651
407608619 2025972
407643447 48162760
