406907076 1769000
406927389 1769000
406928208 57679815 406927389 1769000
406928235 63583892
406928774 1769000 406928208 57679815
406928861 63583892
406929287 1769000 406928235 63583892
406929300 63583892
406929322 57679815 406928235 63583892
406929642 57679815 406928861 63583892
406930305 57679815
406930383 63583892 406929642 57679815
406930757 57679815 406930383 63583892
406930933 1769000 406930305 57679815
406931206 57679815 406930933 1769000
406938703 63583892
406938921 SIHEishere
406939787 57679815 406938703 63583892
406939976 57679815 406938921 SIHEishere
406940362 SIHEishere 406939976 57679815
406940937 57679815
406941229 SIHEishere 406940937 57679815
406941620 57679815 406941229 SIHEishere
