407306695 ful22ham
407313821 gonewithsin
407353576 64876200
407360281 48162760
407528329 1479617
407538155 2953365
407539199 3006402
407543343 kana906
410493263 erasa
410685289 2164580
410686679 53795668
410686953 4299129
410697182 48569787
411285211 Dora_lee 407360281 48162760
411285692 Dora_lee 407353576 64876200
411286092 Dora_lee 407538155 2953365
411286369 Dora_lee 407539199 3006402
411286611 Dora_lee 410685289 2164580
411286964 Dora_lee 410686953 4299129
411356858 64876200 411285692 Dora_lee
411362342 PiscesVanessa
