407668939 holeofstone
407920214 1479617
407921578 coimioo
407921961 coimioo
407950677 3006402
407994226 48569787
407996092 1769000
408006064 Jessica_nannan
408031806 holeofstone
408034028 kittenvan
408036383 64973046
408050326 lostman1989
408057914 pomelojassie
408062116 CNL
408063781 53533865 407920214 1479617
408070967 64876200
408084276 coimioo 408031806 holeofstone
408121442 66898359
408197235 wsxxn
408199747 jingtao
408200358 39523475
408285339 gonewithsin
408305609 komia
408313721 66822040
408524406 yuezhan
408524545 yuezhan 408313721 66822040
410110490 35926005
410112664 Gawiel
410114138 CNL
410247997 63610680
