25013731 1029207
25193786 sangdu
25380447 Dr.Moth
25458650 vanunu
25615269 1029207
26789590 zihejun
26999215 1029207
30955107 shangui
32143007 ruiruiruirui
32201706 1029207
32204096 1846458
33483025 huanghe0121
34142270 shaqingqing
34331091 shaqingqing
35646812 1029207
38525804 Lue
38526036 Lue
40418230 kcpwang
40711428 1907733
40751413 ministar007008
40751790 ministar007008
40752057 1192725
40752457 1192725
43356329 Smiletodeath
43611650 montager
44929806 with0out
45543816 3366516
47407204 Google.de
47799275 wdhlst
47929632 3475614
47961839 wdhlst
48130756 geluoland
48132879 qihe
48133483 ysanthro
48589158 finehelen
48969850 Rainbowrunner
48990649 3211371
49156616 1192725
52052369 iThink7
54079145 berylsu37
54353495 3980397
59625701 1222136
60247047 2741619
61043810 xiaoxiaohope
61097669 4242255
65086861 4472491
65543649 bujuan
69537125 4700075
69546071 1029207
69933130 1868963
80732000 2953365
80732119 2953365
82084742 owlly
82699757 1222136
82817223 2653272
85759251 ianan
85791550 2057472
86836303 shangui
88027166 s-isaiah
88594260 frank_wx
91817859 2871522
92516018 2953365
92557344 shangui
94617241 1887372
94834528 raindrops
97146598 liangwei567
109183164 hezhumoqi
115239520 juicetingting
122420028 panda1104
138449889 ziyoupaifeizai
138451048 ziyoupaifeizai
139351343 littlekid
162740729 xixiao1991
162742155 6618477
169184184 3940300
173719621 1961720
173766277 auguste
174072597 zarathustra0605
175550625 fyxfirm
175552067 46341440
179838641 anyo
180782319 46747680
180812202 jessica663
180938835 28328424
180938851 28328424
180938858 28328424
183773296 46808517
187243123 mon_amour_alice
187245400 2649257
189585348 dgc2112006
193813874 CharlotteWu
215192039 l_-yao
215975838 23692999
225440981 2237310
226674829 shuitianyi
228043153 HenryChan198801
228123324 13023938
229888413 sunflingyi
229892263 sunflingyi
233505754 paulg
235859335 51588080
235871653 Jadema
247348295 52305063
248662764 lxdsimon
248666957 49634445
255985146 shu0621
256013845 45830836
256926801 phoebelll25
256967946 karenpeng
274652778 49634445
276571523 burningsummer
276575740 54169385
279557970 3466698
279572150 39973261
279592959 leitian
285749337 48746427
286912484 47353809
292296295 PANDASUN65
315745998 54603613
327873701 38714060
333605905 49331136
356441208 15750352
366255897 2674866
367673137 51132175
377004110 55797474
378387769 2704869
381164129 big-girl
390275062 60570273
390275677 53702991
409121796 4521764
410441420 MsHsu
