408346185 44022006
408351019 cbs
409299934 63583892
409308927 64876200
409313837 2480373
409316233 64876200
409316897 58999095 409316233 64876200
409330847 64876200 409316897 58999095
409330923 61291666
409333385 58999095 409330847 64876200
409340952 liangyajun
409358023 61291666 409340952 liangyajun
409362568 3006402
409413137 58999095
409605616 64876200 409333385 58999095
409614620 myida
409657758 63089376 409308927 64876200
409659049 63089376 409340952 liangyajun
409726731 64841381
409726789 64841381
409832790 64841381
