408297411 47825606
408301247 coimioo
408301678 bendanxiaoniu
408318318 1479617 408297411 47825606
408318390 1479617 408301678 bendanxiaoniu
408318948 2025972
408323423 1479617 408318948 2025972
408336528 bendanxiaoniu
408336874 1063384
408338530 4534290 408336874 1063384
408356955 3006402
408367673 1479617 408336528 bendanxiaoniu
408367898 1479617 408336874 1063384
408368051 1479617 408338530 4534290
408368298 1479617 408356955 3006402
408368591 1063384 408367898 1479617
408481253 66951403
408611259 1479617 408481253 66951403
408617243 59377689 408338530 4534290
409013127 xxho 408481253 66951403
409022973 Dancing_cat
409030364 63089376
409095708 muriyue
409293256 1479617 409022973 Dancing_cat
409293511 1479617 409095708 muriyue
409295301 muriyue 409293511 1479617
409297528 1479617 409295301 muriyue
409318792 muriyue 409297528 1479617
409328341 64876200
409345035 1479617 409328341 64876200
409377827 muriyue 409328341 64876200
409604802 64876200 409377827 muriyue
409605289 64876200
409936601 muriyue
