408713135 1479617
408713845 yuerlittlething
408823956 65603514
408837687 yuezhan
408843117 66992268
408844613 xxho 408837687 yuezhan
408854483 yuezhan 408844613 xxho
408938342 emmerdeuse
408946409 43388739
408968437 geraldine1990
408986318 trees0330
409012443 18617291 408946409 43388739
409012756 18617291 408986318 trees0330
409046386 2164580
409050209 clearjiejie
409050585 blacksparrow
409095884 muriyue
409132525 xiarilin
409245811 43388739 409012443 18617291
409246212 etxi
409259377 60073943
409270700 63610680
409270914 gonewithsin
409271040 jiangshangchuan
409312918 18617291 409259377 60073943
409313108 18617291 409245811 43388739
409328188 35153601
409329031 47825606
409329377 47825606 409050209 clearjiejie
409329430 squirrelannie 408938342 emmerdeuse
409329584 47825606 408844613 xxho
409332628 xxho 409329584 47825606
409335747 47825606
409345226 18617291 409328188 35153601
409354915 venissa_c
409355771 3311627
409357495 18617291 409355771 3311627
409360902 PiscesVanessa
409361204 47825606 409354915 venissa_c
409372188 3311627 409357495 18617291
409373315 18617291 409372188 3311627
409375355 3311627 409373315 18617291
409376114 18617291 409375355 3311627
409378283 3311627
409380163 18617291 409378283 3311627
409385194 43503228
409388066 18617291 409385194 43503228
409411515 35153601 409345226 18617291
409412979 18617291 409411515 35153601
409413482 45594123
409419254 35153601 409412979 18617291
409419275 clearjiejie 409361204 47825606
409419680 clearjiejie
409421250 18617291 409419254 35153601
409574347 43388739 409329031 47825606
409576188 43388739 409050209 clearjiejie
409586388 clearjiejie 409576188 43388739
409671230 18617291 409576188 43388739
409671422 18617291 409586388 clearjiejie
409825605 clearjiejie 409671422 18617291
409826357 59530371
409829384 18617291 409825605 clearjiejie
409829505 18617291 409826357 59530371
409830386 59530371 409829505 18617291
409832692 18617291 409830386 59530371
409835123 clearjiejie 409829384 18617291
409858961 18617291 409835123 clearjiejie
409871666 clearjiejie 409858961 18617291
409945034 43388739 409671230 18617291
410059234 18617291 409871666 clearjiejie
410059319 18617291 409945034 43388739
410095816 43388739 410059319 18617291
410119291 18617291 410095816 43388739
410235098 43388739 410119291 18617291
410240396 18617291 410235098 43388739
410243545 40619453
410247988 18617291 410243545 40619453
410251111 40619453 410247988 18617291
410429816 18617291 410251111 40619453
410439158 40619453 410429816 18617291
410476597 18617291 410439158 40619453
411427369 Join91 408837687 yuezhan
