408918132 56841594
408919681 emmerdeuse
408921437 34986640
408923865 4548424
408924882 2447998
408935948 xxho 408924882 2447998
408936162 xxho
408939403 2447998 408935948 xxho
408944251 4548424 408936162 xxho
408944864 43388739
408946611 pinpin926 408936162 xxho
408952067 34039317
408952292 55001797
408955715 redsilksfield 408936162 xxho
408962286 60285051
408966795 63583892
408967353 geraldine1990
409011299 xxho 408944864 43388739
409011440 54090884
409012000 xxho
409012095 xxho 409011440 54090884
409013736 58698079
409014336 54090884 409012095 xxho
409014867 lynn0518 409014336 54090884
409014915 3537988
409015393 44922117
409016340 49538144
409021807 witchkiki
409023083 1680836
409029573 63089376 409015393 44922117
409043931 2164580
409065591 4548424
409067236 47514656
409067645 onceforeverever
409068123 sting999
409132083 xiarilin
409139516 35954968
409142087 xxho 409029573 63089376
409207164 zhaojingyuan
409208453 olliu
409231707 xxho 409208453 olliu
409233786 queenmaeve
409245479 43388739 409011299 xxho
409317237 xxho 409245479 43388739
409419374 50773901
409431424 4029246
409434114 psyatta
409573382 43388739 409317237 xxho
409587192 xxho 409573382 43388739
409627484 1479617
409657790 45834106
409677421 43503228
409679441 62974863
409681808 softlightlee
409685315 shininspiration 408936162 xxho
409951635 43388739 409587192 xxho
