409409179 3348446
409412591 zr97
409432321 3917364
409435101 blueskyky
409443328 66640993
409444109 53827338
409459240 tianka
409469773 cadx2
409472049 seldomkiss
409472145 seldomkiss
409486885 58735119
409490025 60730972
409502243 44264919
409506385 52681257
409543076 lifengbin 409469773 cadx2
410063279 30714912
410118361 23692999
410199607 lifengbin
410257708 h3v1
410259293 51335426
410265467 banxia0723
410330194 Jin....
410332676 57662727
410333516 Sadie29
410334076 ruru1993
410334173 4617766
410334482 43297630
410334570 submarinetheone
410335518 4499285
410340359 Jasmynyuen
410343264 blandxiao
410355766 yucca26
410356120 57984535
410377283 53557216
410378935 haishini47
410835697 lifengbin
410844611 2586232
410848432 49410234
410849265 Lizyjs
410850135 vikeydyx
410852223 onionear
410854173 33324508
410856150 55019376
410885600 lifengbin 410852223 onionear
410887225 te9669amo
410888139 4274797
410888448 6559057
410895420 lifengbin 410888448 6559057
410897102 FireElement
410897661 49304422
410902245 onionear
410902683 4016769
410911233 leseventh
410913890 jingtao
410920755 6559057 410895420 lifengbin
410946380 47109878 410920755 6559057
411119844 6559057 410920755 6559057
411120121 52864373
411175588 lifengbin 411119844 6559057
411176857 61673399
411178105 littlelittleY
411336144 59985774
411386408 Idasue
411399543 3106990
411421646 lovepussy
411428757 moqinancy
411435031 51575368
411572764 binkychou
411788831 lifengbin
411790798 45596562
411791015 39605733
411793323 59723360
411793619 49697590
411793709 32067717
411795433 disliketangtang
411795924 58735119
411798748 oneandtwotwo
411851491 lovepussy 410835697 lifengbin
411852865 64142815
411854219 62789105
411857838 67303747
411858009 50833125
411894561 65605686
411969851 Lora19910124 409409179 3348446
412026968 4532891
412127626 1767409
412128468 dianyinghaibao
412128987 chuanlace
412131519 xiqu
412138374 47153928
412171825 day-break
412220190 lifengbin 411795924 58735119
412244599 galugalu
412247032 CHHHH
412248310 67303747
412276443 lifengbin 412248310 67303747
412310395 67353557
412316657 61320098
412589487 lifengbin
412594141 34255559
412594379 1563474
412595530 rjmao
412602790 4841562
412604344 64854617
412623328 lifengbin
412624403 charlotte1993
412675275 60946849
412993267 lifengbin 412675275 60946849
412995979 miss-u
413735698 lifengbin 412995979 miss-u
413742006 50394173
413744340 9761403
413745621 himono-onna
413746207 nurali
413746449 47397462 410199607 lifengbin
413785888 Miss-sue
413801485 lifengbin 413785888 Miss-sue
413801672 fakeid
414365495 1783997
414428198 49310098
414726716 lifengbin
415296379 miss-u 413735698 lifengbin
415330631 64316057
415333422 65470320
415440375 2073958
417825802 dianyinghaibao 412128468 dianyinghaibao
419360888 dianyinghaibao
