409321617 PiscesVanessa
409325073 58999095
409326649 64876200
409327268 64876200
409334101 Gawiel
409336986 58999095
409337433 zhouqianyun 409326649 64876200
409337479 58999095
409340620 lesley1989
409342679 58999095
409346363 42872673 409327268 64876200
409347967 63114619
409349544 1479617
409349817 3006402
409350927 58999095
409413421 58999095
409461901 shakasun
409485132 49538144 409326649 64876200
409497021 lesley1989 409461901 shakasun
409547880 emmerdeuse
409572462 58999095
409604938 58999095
409605000 64876200 409346363 42872673
409608627 58999095
409608769 58999095
409608963 vesper
409609386 vesper 409347967 63114619
409609711 vesper
409609930 58999095 409609386 vesper
409610545 vesper 409609930 58999095
409619709 zhulinfan
409620956 58999095
409636419 42872673 409605000 64876200
409650128 63089376 409349817 3006402
409651474 63089376 409547880 emmerdeuse
409671447 63114619 409609386 vesper
409725367 3006402 409650128 63089376
409726952 Amazire
409962998 nichaohao
410406497 64876200 409636419 42872673
410428145 42872673 410406497 64876200
410429391 daituzhi
410620849 63610680 410428145 42872673
410621069 63610680
410635927 60301583
410682850 58999095 410429391 daituzhi
410711977 63055929 409325073 58999095
410714151 63055929
410718905 58999095 410711977 63055929
410730109 3006402 410429391 daituzhi
410730383 3006402 410682850 58999095
410731135 58999095
410731333 58999095
410731807 58999095
410731902 58999095
410731914 3006402 410731807 58999095
410731958 58999095 410731914 3006402
410731981 3006402 410731902 58999095
410732122 58999095
410732140 3006402 410731333 58999095
410732178 3006402 410732122 58999095
410732292 58999095 410732178 3006402
410732392 58999095
410732606 3006402 410732292 58999095
410733221 58999095
410733631 3006402
410733764 58999095
410735270 3006402 410733764 58999095
410743492 daituzhi 410682850 58999095
410785661 58999095 410735270 3006402
411059536 64876200 410428145 42872673
411063245 58999095 411059536 64876200
411065925 55780087 409336986 58999095
411067323 55780087 409547880 emmerdeuse
411114933 3006402 411059536 64876200
411121245 48559545
411140775 56813519
411149334 3006402 411121245 48559545
411213347 58999095 411149334 3006402
411218083 58999095
411220181 3006402 411213347 58999095
411249600 49134227
411252270 49088352
411311642 Rayna1993
411315694 37503326
411358338 64876200 411114933 3006402
411508628 3006402 411358338 64876200
411536604 58999095
411587761 3006402 411536604 58999095
411622709 zhaomingwenxuan
411749611 63610680
411754029 big-girl 410714151 63055929
411755718 58999095
