410211043 christophehj2
410211389 45834106
410211408 60730972
410211632 41567366 410211043 christophehj2
410212693 christophehj2
410216275 41567366 410212693 christophehj2
410217445 66256769 410211389 45834106
410222662 christophehj2 410216275 41567366
410223630 2164580
410260511 christophehj2
410301537 45834106 410217445 66256769
410677593 2164580
411009952 41567366 410677593 2164580
411022474 2164580
411040069 41567366 411022474 2164580
411082315 49538144
411113739 60267120 411082315 49538144
411113778 60267120
411292804 49538144 411113739 60267120
411304754 41567366 411292804 49538144
411342142 PiscesVanessa 411113739 60267120
411364134 60267120 411292804 49538144
411481201 49538144 411342142 PiscesVanessa
411481642 49538144 411364134 60267120
411485206 49134227 411481201 49538144
