410733261 1479617
410733827 58999095
410735821 trees0330
410773496 erasa
410774330 erasa 410733827 58999095
410774560 58999095 410774330 erasa
410774705 erasa 410735821 trees0330
410775218 erasa 410774560 58999095
410776206 58999095 410775218 erasa
410777179 erasa 410776206 58999095
410777943 58999095
410779363 erasa 410777943 58999095
410779980 58999095 410779363 erasa
410781360 erasa 410779980 58999095
410782382 58999095 410781360 erasa
410783449 erasa 410782382 58999095
410784997 58999095
410785508 erasa 410784997 58999095
