410538134 acelies
410539760 loveteddy
410541079 49410234 410538134 acelies
410541167 49410234 410539760 loveteddy
410541407 StrangersMania
410542173 Candylovemom
410542199 49410234 410541407 StrangersMania
410542738 49410234 410542173 Candylovemom
410542936 66394065
410543581 Candylovemom 410542738 49410234
410543999 49410234 410542936 66394065
410544142 49410234 410543581 Candylovemom
410544687 52743349
410545135 49410234 410544687 52743349
410548241 66394065 410543999 49410234
410550050 49410234 410548241 66394065
410551788 66394065 410550050 49410234
410553338 49410234 410551788 66394065
410560242 66394065 410553338 49410234
410561014 49410234 410560242 66394065
410561307 49410234 410560242 66394065
410563487 66394065 410561307 49410234
410564084 49410234 410563487 66394065
410565914 66394065 410564084 49410234
410567591 49410234 410565914 66394065
410567689 66394065 410567591 49410234
410568128 49410234 410567689 66394065
410568920 66394065 410568128 49410234
410569457 49410234 410568920 66394065
410569493 ciguo
410569842 66394065 410569457 49410234
410569886 RAKA
410569919 49410234 410569493 ciguo
410570247 49410234 410569842 66394065
410570368 49410234 410569886 RAKA
410570666 66394065 410570247 49410234
410605907 softlightlee
410611515 49410234 410605907 softlightlee
410615089 63610680
410684857 loveteddy 410605907 softlightlee
410699682 StrangersMania 410542199 49410234
410713973 softlightlee 410684857 loveteddy
410739252 loveteddy 410713973 softlightlee
410772444 softlightlee 410739252 loveteddy
410775782 loveteddy 410772444 softlightlee
410809262 49134227
410809689 tiedanvip
410825776 49410234 410809262 49134227
410825892 49410234 410809262 49134227
410826054 49410234 410809689 tiedanvip
410831410 49134227 410825892 49410234
410834203 49410234 410831410 49134227
410835757 49134227 410834203 49410234
410866937 49410234 410835757 49134227
410875717 49134227 410866937 49410234
410876050 52984821
410885439 49410234 410875717 49134227
410885473 49410234 410875717 49134227
410885587 49410234 410876050 52984821
410887364 49134227 410885439 49410234
410899622 49410234 410887364 49134227
410904106 49134227 410899622 49410234
410905963 49410234 410904106 49134227
410905965 49410234 410904106 49134227
410907645 49134227 410905963 49410234
410908210 49410234 410907645 49134227
410909409 49134227 410908210 49410234
410910088 49410234 410909409 49134227
410911510 softlightlee 410866937 49410234
410914173 49134227 410910088 49410234
410928421 49410234 410914173 49134227
410928696 49410234 410911510 softlightlee
410929367 49134227 410928421 49410234
410930546 49410234 410929367 49134227
410937108 49134227 410930546 49410234
410959315 softlightlee 410928696 49410234
410964615 49410234 410959315 softlightlee
410985919 softlightlee 410964615 49410234
411003572 49410234 410985919 softlightlee
411007864 softlightlee 411003572 49410234
411072048 49410234 411007864 softlightlee
411093875 softlightlee 411072048 49410234
412059884 52743349 410545135 49410234
