411597169 49887043
411597542 4626243
411599878 49887043 411597542 4626243
411601195 47733044
411602656 49887043 411601195 47733044
411603784 nichaohao
411604598 49887043 411603784 nichaohao
411605896 49887043 411603784 nichaohao
411607717 47733044 411602656 49887043
411608984 nichaohao 411605896 49887043
411610361 sillage
411613318 49887043 411607717 47733044
411613396 49887043 411608984 nichaohao
411614013 49887043 411610361 sillage
411614602 47733044 411613318 49887043
411616341 49887043 411614602 47733044
411617259 47733044 411616341 49887043
411618483 49887043 411617259 47733044
411618896 47733044 411618483 49887043
411619345 july0707
411621326 49887043 411618896 47733044
411622188 49887043 411619345 july0707
411628558 july0707 411622188 49887043
411811635 4626243
411812794 4626243 411619345 july0707
411815160 july0707 411812794 4626243
411829306 4626243 411815160 july0707
412676535 coimioo
412679606 coimioo 411618896 47733044
412696239 47733044 412679606 coimioo
412727148 coimioo 412696239 47733044
