411556866 ciguo
411557073 56314330 411556866 ciguo
411562957 ciguo
411565440 49134227
411576730 56314330 411565440 49134227
411578226 52396299
411601444 56314330 411578226 52396299
411603265 44052176
411603785 49134227 411576730 56314330
411606314 zhaomingwenxuan
411610409 56314330 411603265 44052176
411610555 56314330 411603785 49134227
411610691 56314330 411606314 zhaomingwenxuan
411611028 49134227 411610555 56314330
411611635 56314330 411611028 49134227
411612897 49134227 411611635 56314330
411613391 nichaohao
411620408 56314330 411612897 49134227
411621763 49134227 411620408 56314330
411640375 56314330 411621763 49134227
411641721 shakasun
411642476 56314330 411641721 shakasun
411657526 shakasun 411642476 56314330
411664796 56314330 411657526 shakasun
411668947 shakasun 411664796 56314330
411669046 50261556
411686423 56314330 411668947 shakasun
411686587 56314330 411669046 50261556
411688549 lamchan
411694091 1500460
411694190 1479617
411704357 56314330 411688549 lamchan
411704454 56314330 411694091 1500460
411704804 56314330 411694190 1479617
411709386 50261556 411686587 56314330
411710097 56314330 411709386 50261556
411711375 50261556 411710097 56314330
411711741 56314330 411711375 50261556
411712204 50261556 411711741 56314330
411712726 daisycheng
411713063 56314330 411712204 50261556
411713624 56314330
412008296 1500460 411704454 56314330
412067877 lamchan 411704357 56314330
412071627 33058595
412073618 49767506 411601444 56314330
412074354 47878326 411576730 56314330
412075900 55284797 411576730 56314330
412084190 56314330 412071627 33058595
412084321 56314330 412075900 55284797
412084680 56314330 412074354 47878326
412094482 47878326 412084680 56314330
412094825 56314330 412094482 47878326
412096560 47878326
412259260 Lily-C
412264435 46048404
412269287 36611222
412270804 36611222
412279827 2824252
412299931 PiscesVanessa
412306959 56314330 412279827 2824252
412307303 56314330 412269287 36611222
412308344 46048404 412307303 56314330
412308810 56314330 412264435 46048404
412309645 56314330 412308344 46048404
412309874 46048404 412308810 56314330
412310468 46048404 412309645 56314330
412508428 acelies
412570353 56314330 412508428 acelies
413930215 xll_xqzhang
413932935 56314330 413930215 xll_xqzhang
413936288 65241432
413937544 56314330 413936288 65241432
413954291 xll_xqzhang
413956119 56314330 413954291 xll_xqzhang
414081970 50394173
414082636 54331786
414086519 4187787
