411505729 34403969
411554346 shakasun
411557196 avonlea
411557652 lasia
411558839 4331594
411569404 avonlea 411558839 4331594
411570672 39630692
411572972 waiterli
411605778 zoe0613
411613127 yubei
411620439 avonlea 411613127 yubei
411621470 zhaomingwenxuan
411622838 44097435 411558839 4331594
411624173 35343896
411638364 avonlea 411624173 35343896
411638543 avonlea 411621470 zhaomingwenxuan
411651344 auguste
411651775 auguste 411570672 39630692
411656652 39630692 411651775 auguste
411657172 59780264
411711294 avonlea
411744031 2953365
411756638 3405220 411570672 39630692
411774429 63610680
411776362 65013942
411782191 47623216
411794642 39630692 411756638 3405220
411893680 3405220 411794642 39630692
411970686 39630692 411893680 3405220
411976603 47448535
411983890 naught
411986864 PiscesVanessa
412127751 avonlea 411983890 naught
412167641 67035742
412198413 auguste 411656652 39630692
412205983 naught 412127751 avonlea
412206426 62974863
412207708 39630692 412198413 auguste
412217985 auguste
412316418 3405220 411970686 39630692
412318853 39630692 412316418 3405220
412338285 47435188 411557196 avonlea
412701699 63610680
413429115 59780264 411711294 avonlea
413430969 2572149
413684354 Neptune7
413689217 avonlea 413684354 Neptune7
413740987 Neptune7 413689217 avonlea
413741867 50394173
413793017 avonlea 413740987 Neptune7
