412057012 49001098
412057457 54489553
412075969 46969492 412057012 49001098
412076280 46969492 412057457 54489553
412167845 67035742
412343567 2484011
412370169 cold_mia
412404798 46969492 412167845 67035742
412404949 46969492 412343567 2484011
412405079 46969492 412370169 cold_mia
412409095 49495802
412420166 cold_mia 412405079 46969492
412467715 67035742 412404798 46969492
412470621 celiakym
412479068 middleshe
412479314 Fiona_sunflower
412645516 46969492 412470621 celiakym
412645754 46969492 412409095 49495802
412645984 46969492 412479068 middleshe
412646325 46969492 412479314 Fiona_sunflower
412724384 Fiona_sunflower 412646325 46969492
412764927 PiscesVanessa
413284947 46969492 412764927 PiscesVanessa
413286792 51010918
413287246 2000757
413287293 46969492 413286792 51010918
413297025 49624327
413304725 51010918 413287293 46969492
413308439 3615502
413315746 yukisiu
413380143 46969492 413287246 2000757
413380228 46969492 413297025 49624327
413380288 46969492 413315746 yukisiu
413414019 2000757 413380143 46969492
413432123 49624327 413380228 46969492
413680162 yukisiu 413380288 46969492
413681363 Neptune7
413740895 46969492 413681363 Neptune7
413848943 Fiona_sunflower
414063138 46969492 413848943 Fiona_sunflower
414067745 Fiona_sunflower 414063138 46969492
414071079 59202774
414115553 46969492 414071079 59202774
414988502 4387576
415029863 cathycatherine
416751157 67666153
416751939 53687923
416752032 maomaoying
417478226 cjb-kiki
417487986 Fiona_sunflower 413380228 46969492
417488944 jing1985
417489297 wuyesui
417493735 39523475
417862901 46969492
