412247306 yumen
412249184 18617291 412247306 yumen
412272181 36611222
412301017 PiscesVanessa
412306017 18617291
412312424 PiscesVanessa 412306017 18617291
412313334 18617291 412312424 PiscesVanessa
412314924 PiscesVanessa 412313334 18617291
412352604 18617291 412314924 PiscesVanessa
412353540 wszbb
412354027 18617291 412353540 wszbb
412358274 PiscesVanessa 412352604 18617291
412386437 18617291 412358274 PiscesVanessa
412453207 PiscesVanessa 412386437 18617291
412829929 32316453
413044493 61209758
413049244 2164580
413108274 18617291 413049244 2164580
414770600 lanjintou
414908360 18617291 414770600 lanjintou
414908760 50725841
414919618 4059996
