412610096 shakasun
412612402 49677995
412612800 54090884
413965418 67461701
413966157 redsilksfield
413966829 64251543
413978576 43388739 413966157 redsilksfield
413988452 jzfrlucy 413965418 67461701
413999447 4331594
414002022 minazukiruka
414004964 47878326 414002022 minazukiruka
414012979 july0707
414023561 Neptune7
414599488 49624327 414023561 Neptune7
414780832 62438849
414793418 sting999
419268191 3376240 414780832 62438849
419268586 3376240 414012979 july0707
419269379 3376240 413999447 4331594
419269579 3376240 413966829 64251543
419366240 july0707 419268586 3376240
419367597 4059996 419366240 july0707
419368075 Fiona_sunflower 414023561 Neptune7
419369042 liujie_711
419377092 july0707 419367597 4059996
419378435 Shinji 413978576 43388739
419384424 4059996 419377092 july0707
419439518 july0707 419384424 4059996
419586835 43388739 419378435 Shinji
419606844 35954968
419637904 4059996 419439518 july0707
419652704 july0707 419637904 4059996
