412677197 cake221
412680565 levitating
412681564 yaki77
412684587 shakasun
412687520 shakasun
412701683 55941462
412737514 65491369
412747991 44097435
412755718 jiaoliu
413551930 3006402 412755718 jiaoliu
413552178 3006402
413609345 jiaoliu 413551930 3006402
413693287 qingsebudiao
413695779 qingsebudiao
413695889 50284153
413700332 breeze63
413718241 3006402
413718329 3006402 413609345 jiaoliu
413718993 3006402
413767010 3006402
413768867 3006402
413773941 nrvd
413775365 3006402
413776048 65626746
413781550 3006402
413784486 65626746
413788761 65626746 413781550 3006402
413791778 3006402 413788761 65626746
413797466 yldo
413825471 64418573
413836753 3006402
413837760 3006402
413839026 1563474
413839898 3006402
413946334 64418573
414016642 37503326 413946334 64418573
