414973814 Heathcliff
414977116 vissieen 414973814 Heathcliff
414977971 lynnst
414978917 vissieen 414977971 lynnst
414985398 lynnst 414978917 vissieen
414987209 1500460
414987655 1500460
415846736 ignory
415852244 Pluto_sure
415853905 56841594 414987209 1500460
415874315 1500460 415853905 56841594
415892742 47448535
415903599 56841594 415874315 1500460
416164529 50891219
416440952 vissieen
416441628 vissieen 415852244 Pluto_sure
416441810 vissieen 415846736 ignory
416442802 vissieen 414987209 1500460
416444621 cozylee
416447450 vissieen 416444621 cozylee
416450059 40454836
416450684 60730972
416452778 58698079
416453899 48849888
416455862 cozylee 416447450 vissieen
416461205 60730972 416455862 cozylee
416465044 48367904 414987209 1500460
416465806 cozylee 416461205 60730972
416467146 60730972 416465806 cozylee
416560642 1500460 416465044 48367904
416567007 48367904 416560642 1500460
416567969 58135388
416634066 1500460
416648860 59876648 416450059 40454836
416654324 vissieen 416648860 59876648
416657753 59876648
416665863 vissieen 416657753 59876648
416671238 59876648 416665863 vissieen
416674270 vissieen 416671238 59876648
416675583 59876648
416676553 3755757
416676906 vissieen 416675583 59876648
416688479 37548478
416707632 40454836 416648860 59876648
416713510 PiscesVanessa
417505469 47652976
417506113 47652976
417510119 48870194
417560163 55941462
