415216036 miss_yellow
415217866 51212430
415220255 captainodie
415224765 cozylee
415331386 49624327 415216036 miss_yellow
415331783 49624327 415224765 cozylee
415332504 49624327 415217866 51212430
415333682 49624327 415220255 captainodie
415343279 xll_xqzhang
415346678 cozylee 415331783 49624327
415416788 2953365
415418515 eleanor-xia
415419777 monoting
415424480 49624327
415424652 49624327 415419777 monoting
415424783 49624327
415425051 49624327
415425500 6326966
415427128 cozylee
415427722 cozylee 415424783 49624327
415427899 smartbird
415436462 49624327 415427722 cozylee
415436905 49624327 415427899 smartbird
415437031 49624327
415437201 49624327 415425500 6326966
415437727 IVorfour
415455509 sweetclara
415466061 49624327 415455509 sweetclara
415556283 34202208
415557584 46173058
415558430 silver_aya
415614831 bloodykiss
415644609 49624327 415614831 bloodykiss
415655192 Idasue
415669939 51203177
415672992 56841594
415703827 2791091
415706352 brimerepublic
415706685 brimerepublic 415669939 51203177
415711315 49624327 415706352 brimerepublic
415711666 49624327 415672992 56841594
415711903 49624327
415712159 49624327 415655192 Idasue
415712357 49624327 415669939 51203177
415713441 53764789 415706352 brimerepublic
415715688 62525705
415719203 Idasue 415712159 49624327
415720828 49624327 415719203 Idasue
415724441 Idasue 415720828 49624327
415731757 50842492
415732845 Lily-C
415738391 54056122
415768214 cristallachesis
415787050 49624327 415724441 Idasue
415791139 47176749
415791588 49624327 415791139 47176749
415798572 serene-chou
415805558 51203177
415807036 kazhuka
415807775 51203177 415706685 brimerepublic
415915091 brimerepublic 415807775 51203177
415933275 46848628 415424783 49624327
415935394 46848628 415655192 Idasue
415935621 46848628 415669939 51203177
415981847 34986640
415992936 Idasue 415935394 46848628
416043346 49624327
416083167 nichaohao
416114219 RAKA
417178732 3006402
417189268 22040629
417277738 49624327 417178732 3006402
417277838 49624327 417189268 22040629
417311531 66480498 415981847 34986640
417313804 66480498
417326424 34986640 417311531 66480498
417422442 CharlotteWu
417453488 asukafai
417481962 49767506 417189268 22040629
417550600 2791091 415711903 49624327
417554671 65779294
417566133 palomita 415655192 Idasue
417789599 60788171
417827692 49624327 417550600 2791091
