416161605 daxiaojie2011
416162060 daxiaojie2011
416163627 fmyjy
416163693 34646587 416162060 daxiaojie2011
416164002 34646587 416163627 fmyjy
416246888 fmyjy 416164002 34646587
416248278 34646587 416246888 fmyjy
416249324 56562206
416252986 fmyjy 416248278 34646587
416259061 34646587 416249324 56562206
416259193 34646587 416252986 fmyjy
416261882 caribbeansea
416266812 34646587 416261882 caribbeansea
416365587 lin-ant
416376859 64495776
416379348 lemonchan
416394275 34646587 416379348 lemonchan
416394343 34646587 416376859 64495776
416394517 34646587 416365587 lin-ant
416396312 lemonchan 416394275 34646587
416397345 53329996
416400691 34646587 416396312 lemonchan
416400787 34646587 416397345 53329996
416406270 lemonchan 416400691 34646587
416406609 34646587 416406270 lemonchan
416407667 fmyjy 416259193 34646587
416410216 34646587 416407667 fmyjy
416410454 lemonchan 416406609 34646587
416416099 lemonchan
416418537 34646587 416416099 lemonchan
416419232 lemonchan 416418537 34646587
416419811 34646587 416419232 lemonchan
416429898 lemonchan 416419811 34646587
416430460 34646587 416429898 lemonchan
416430598 lemonchan 416430460 34646587
416543550 53329996 416400787 34646587
