417937064 3092910
417937229 re-green 417937064 3092910
417937660 re-green 417937064 3092910
417943904 3092910
417943949 63055929
417945725 re-green 417943904 3092910
417945885 re-green 417943949 63055929
417952307 36611222 417943949 63055929
417953441 re-green 417952307 36611222
417956199 36611222 417953441 re-green
417957034 36611222 417956199 36611222
417957047 re-green 417956199 36611222
417957338 re-green 417957034 36611222
417962227 63055929
417963127 fanzhenNO1
418217875 58171491
418379183 36611222 418217875 58171491
418618288 re-green 418379183 36611222
418728307 36611222 418618288 re-green
