418596833 59853050
418598129 3844220 418596833 59853050
418628225 59853050
418629257 3844220 418628225 59853050
418635003 59853050
418635282 3844220 418635003 59853050
418653417 59853050
418656766 qielei 418629257 3844220
418658007 zifeivns
418659186 3844220 418656766 qielei
418659477 3844220 418658007 zifeivns
418668487 zifeivns 418659477 3844220
418668804 3844220 418668487 zifeivns
418696762 shiaki
418698429 3844220
418705748 qielei 418659186 3844220
418706201 3844220 418705748 qielei
418706373 qielei 418706201 3844220
418707088 3844220 418706373 qielei
418709928 shiaki
418711489 3844220
418724069 1498863
418725693 3844220 418724069 1498863
418727625 hanbin
418729664 3844220 418727625 hanbin
418733299 hanbin
418734022 3844220 418733299 hanbin
418736961 hanbin
418737536 3844220 418736961 hanbin
418746274 hanbin 418737536 3844220
418747182 3844220 418746274 hanbin
418748962 phylorensheng
418749830 62178006
418750928 3844220 418749830 62178006
418751092 3844220 418748962 phylorensheng
418753004 phylorensheng 418751092 3844220
418753511 3844220 418753004 phylorensheng
418779094 shiaki
418785203 shiaki
418790177 3844220
418796071 3844220
419065201 shiaki
419092140 3844220
419144296 shiaki
419145220 3844220
419146987 Fratellis
419171163 shiaki
419173892 3844220 419171163 shiaki
419441905 shiaki
419456156 3844220 419441905 shiaki
419502870 shiaki
