418730746 47456139
418738584 4059996
418771411 38417203 418730746 47456139
418773351 naught
418775681 38417203
418775997 38417203 418773351 naught
418780105 naught
418780840 naught
418782593 38417203
418783138 38417203 418780105 naught
418787367 38417203
418799798 47456139 418771411 38417203
418803920 38417203 418799798 47456139
418826396 47456139 418803920 38417203
418833389 poko
418833913 naught 418783138 38417203
418845837 2199798
419154716 38417203 418845837 2199798
419422540 38417203 418833389 poko
419422748 38417203 418826396 47456139
419641263 47456139 419422748 38417203
