419018947 62489605
419022618 xiaokejianfei
419023039 freebase
419128913 59745167
419149966 49960794
419150447 2005602
419150939 4059996
419154687 3612123
419155252 ignory
419495020 jolenewang
419496163 64890599
419571788 notmyday 419018947 62489605
419572306 notmyday 419022618 xiaokejianfei
419572761 notmyday 419023039 freebase
419573153 freebase 419572761 notmyday
419573413 notmyday 419128913 59745167
419573812 notmyday 419149966 49960794
419574059 notmyday 419150447 2005602
419574349 notmyday 419150939 4059996
419574609 notmyday 419154687 3612123
419574892 notmyday 419573153 freebase
419575174 notmyday 419155252 ignory
419576266 notmyday 419495020 jolenewang
419576551 notmyday 419496163 64890599
419577679 49538144 419150939 4059996
419581611 51594749
419582546 58698079
419583030 notmyday 419581611 51594749
419583198 notmyday 419582546 58698079
419583541 49960794 419573812 notmyday
419584102 58698079 419583198 notmyday
419585203 notmyday 419583541 49960794
419585456 notmyday 419584102 58698079
419586531 56523444
419587339 notmyday 419586531 56523444
419587408 ignory 419575174 notmyday
419588165 45006911
419588440 56523444 419587339 notmyday
419591243 notmyday 419587408 ignory
419591441 notmyday 419588165 45006911
419591749 notmyday 419588440 56523444
419637785 4059996 419577679 49538144
419637795 4059996 419574349 notmyday
419847158 notmyday 419637795 4059996
