419178723 wszbb
419181707 67767636 419178723 wszbb
419182281 65750748
419184120 wszbb 419181707 67767636
419184939 67767636 419184120 wszbb
419185039 67767636 419182281 65750748
419185643 67767636
419186088 wszbb 419184939 67767636
419186954 67767636 419186088 wszbb
419187783 67767636 419186088 wszbb
419188318 wszbb 419187783 67767636
419207978 67767636 419188318 wszbb
419210024 60730972
419210246 67767636 419210024 60730972
419211231 esp_1987th
419211270 60730972 419210246 67767636
419211464 67767636 419211231 esp_1987th
419211566 67767636 419211270 60730972
419211930 60730972 419211566 67767636
419212121 67767636 419211930 60730972
419213389 67767636
419214878 67767636
419223483 67767636
419235688 51203177
419315461 67767636 419235688 51203177
419448129 67767636
419458435 51203177
419463421 67767636
419516354 67767636
419565353 67767636
