227476048 1540939
227478565 ziyoupaifeizai
227483431 firedodo
227484840 timeblue
227488955 46849594
227490589 qianc
227491889 ygc
227514551 2440548
227545811 laoshenzaizai
227613183 14074243
227674496 39519519
227692563 45872067
227799689 zarathustra0605
227801564 colarxu
227816627 1996905
227817830 2649257
228008122 shuitianyi
228020592 linguamator
228409521 adiemusy
229087720 shuya333
229091241 hooooooooha
229099891 4211017
229113709 palashe
229178776 wddtl
229180423 1385722
229182020 46112420
229216399 zhyc75
229217172 ryoooh
229311136 1798353
231418190 1629757
231990796 2235813
245159468 sunfantone
248120851 laoshenzaizai
250142016 anran0517
250152500 copylife
325712097 suweili
325748339 2032898
325761201 54090884
325764232 28134842
409867845 woodstone
409884819 cherry.xie
409885442 afterglow8513
