45453965 dreamingkitty
45463043 2953365
45520426 1029207
45521142 teresatian
45521589 1152670
45547335 1029207
45547547 2953365
45565711 ChinesePirate
45566712 wuziming
45567268 2953365
45572576 dreamingkitty
45574202 1029207
45574309 1029207
45574596 teresatian
45580212 greatasia
45581977 zizhou
45600871 3315308
47679398 sitatara
51083348 3835736
69933107 1868963
191153312 cestmoi2012
191157507 soixantehuit
191938282 44597201
207259235 YukTing
219603812 ningka
221752175 2844428
254646404 lspnx
261137218 29510500
293976673 kissmyfish
319651012 greatcatti
342909636 2316863
352467007 55797474
353152348 3228405
354792433 41580016
371173055 60847074
377703260 jzfrlucy
392243046 51711952
394982848 ovilialsq77
394983316 bambou
410441033 MsHsu
411019465 66640993
414522118 51203177
