46185481 dreamingkitty
46194962 wanling
46236050 zizhou
46269304 sunnywuyan
46272339 no21
46273125 3117177
46286111 narcissusfairy
46301716 ChinesePirate
46371180 3561996
46387162 2953365
46387210 2953365
46495758 3561996
46799595 1029207
46924255 2953365
46924514 dreamingkitty
47032661 songlei1104
47033235 songlei1104
47033608 2953365
47033804 songlei1104
47033900 songlei1104
47035982 2953365
47046551 trock
47112239 mycelery
47135549 2953365
47193832 mycelery
47226504 2953365
47233443 mycelery
47253728 heyemail
47258764 songlei1104
47323789 Heidi20000li
49320451 1503786
49324172 2953365
49460774 catheriney
49549230 3193971
49558742 iyuxiao
80389552 1576590
81896479 3344704
88066660 cateverywhere
89783087 zither76
89798693 denovo
89798974 ziyoupaifeizai
89864182 applegreen
89950636 1413186
152393847 doer
152448339 fujiachen
152451200 2953365
170788707 milocamus
176045364 susulhan
176840850 chloe621
176844214 refresher
176854620 ingridgallagher
176912223 Equator
176920481 robinhawking
177697564 22019864
177923763 45172370
178153694 pappasrose
178236797 2953365
236386937 zhyc75
236959474 denovo
237070679 2953365
237082534 dreamingkitty
237149603 2953365
237168063 dreamingkitty
237168419 2953365
237169976 dreamingkitty
237257931 denovo
237324214 28972736
237436045 2953365
238277452 K_elly
240702329 46117453
248604015 khmf
252558985 52377585
325570738 dreamingkitty
325589654 1306822
325632320 50780332
325857767 58030952
325861338 yyshanchan
325861779 vivalavivienne
333606156 49331136
364659928 A.Fantaghiro
364687829 45901834
364693059 seulaparis
365515439 2953365 364659928 A.Fantaghiro
365515494 2953365 364687829 45901834
365824971 45901834 365515494 2953365
398806014 33569019
399004680 48458067
399991303 33058595
400077367 rene.wang
400497733 58363234
