47280565 3117177
47283102 siu_siu_la
47283356 1029207
47283881 YogiWong
47286303 ChinesePirate
47287031 zizhou
47287435 IVorfour
47288628 dreamingkitty
47290388 greatasia
47290470 sunnywuyan
47466186 Lue
47623473 2238939
47631270 wilddonkey
49247751 2953365
49248083 ChinesePirate
49248272 2729057
134094132 candyzt
134094298 ziyoupaifeizai
134096339 2574769
136274422 muwei
136299677 fiver
137927970 ziyoupaifeizai
169050814 39076557
177655293 38793609
177661042 lukiacc
177692415 Algaeme
202235584 iamyi
207992142 2871522
211085010 33479248
211496376 4827021
212058692 Xiaoxiao.Z
212573717 sky.m
213172496 MC88
215476167 september4me
215702805 bearxmx
215801617 3955627
236468956 45830836
236469850 45830836
236476465 LT.BLC
240703774 46117453
240758379 48054156
279157851 33263728
279571430 39973261
279621821 22461398
279648209 4371750
279747258 1029207
279923127 2180808
279933446 ziyoupaifeizai
279933598 4500408
322253202 4662490
322259326 3376240
369943222 3580232
369945958 1982240
370195154 JudyLoveU
373820979 4476897
391108656 1052295
