78035345 1029207
78035775 1029207
78038304 betaban
78041518 dreamingkitty
78044600 EkorreAnnie
78045981 1029207
78047504 zsyf
78047533 zsyf
78048313 2168382
78048834 1029207
78050755 2168382
78077431 1029207
78097220 2168382
78112163 benshuier
78127258 benshuier
78479215 benshuier
78530424 zhengyingzi
79486949 FudanCHGS
79611780 beemer
79865652 narcissusfairy
80413047 john_vin
81007584 montager
81025291 benshuier
82754368 2454718
82756823 ziyoupaifeizai
82967841 beanzi
87440480 momoshuyu
88789845 cloudscape
88850887 chysun
89278515 yueqiunangua
90043100 Rock_11
90043908 gothic-rabbit
92709814 2871522
92749172 lanjintou
93560439 nijia19860820
99086715 robinhawking
99740345 2149913
107010710 inf.
111788454 Vian1985
114644526 2292438
124167268 ludwigvan
125872641 2714659
128971007 fade
136871392 Kemin
142670738 Rainbowrunner
142674251 Rossonero
146019441 1360045
157580669 frlazi
161183140 31609708
161224330 frlazi
161340125 31609708
169897078 46587054
181318091 2714792
181323816 yuanyufan
184750863 41753245
184907944 sophiazhang
185354473 totheheaven
187003555 4534290
191103629 32292567
194272828 43699271
204212828 lanfengcanyun
206144937 47779042
207995724 2871522
211297935 jasmine-Lily
212963505 3319103
212967628 velvetmay
213140035 45961815
216711622 you-are-me
217754932 whitewolv
218357366 42960219
220228290 themutesiren
220230540 50154232
220504344 niubeibei
220942507 2714659
221656910 lysias
222054923 xgeng
222229010 48547698
222336248 themutesiren
225410745 47022532
228830514 4211017
229688249 46234280
229896541 alpent
230627518 46321170
231079135 receano
233323858 narcissusfairy
235521829 TonyDel
235562842 lynn601
237901012 2538773
238505096 shzyh
239444882 3494082
245352550 vincentchen
249256355 xgeng
253112988 L-Amoyou
253823286 xiaochan1012
253840440 2588149
253841147 quiteSilent
253841854 quiteSilent
253842759 33738371
254362337 kirkwang
255699987 bootcat
364676498 55895695
365080313 JCMaxwell
365421177 hpl
366389309 51594749
366432322 60295715
366916009 41838234 364676498 55895695
367839896 nicole907
369392204 62445707
370023110 flowershade
371270621 Camor
371777086 55895695 366916009 41838234
374156087 45409163
374739380 nalasimba
381367683 evillive69
381368768 t_bag_DM 370023110 flowershade
381369282 t_bag_DM
381834947 47246965
382625237 61363699
382625555 61363699
382625915 61363699 364676498 55895695
382626351 etxi
382628270 61363699
382632819 55895695 382625915 61363699
382637047 4019443
382643683 61363699 382632819 55895695
382671016 55895695 382643683 61363699
382683368 61363699 382671016 55895695
382687545 bingloveqing0 382625555 61363699
382690572 61363699 382687545 bingloveqing0
382748517 bingloveqing0 382690572 61363699
382755985 61363699 382748517 bingloveqing0
382802837 64141136
382836955 bingloveqing0 382755985 61363699
382837221 bingloveqing0
382876522 61363699 382837221 bingloveqing0
382942073 bingloveqing0 382876522 61363699
383459866 49666829
383460308 49666829 382626351 etxi
383463621 49666829
386781802 41856618
388351909 3554162 382625237 61363699
388560042 61363699 388351909 3554162
388643863 63089376
392640756 35954968 382942073 bingloveqing0
395144719 fc1987
396070765 62875109
396142976 13165561
398380901 L-Amoyou 369392204 62445707
398384896 L-Amoyou
398388043 62445707 398380901 L-Amoyou
398389085 L-Amoyou 398388043 62445707
398406425 1227996
402015094 flamesoul
402393062 1479617
403889746 cold_mia
404207912 44854272
404208139 65013942
404208357 44854272 404208139 65013942
404837915 54090884
405754990 58611491
409861997 62366143
414745261 2357767
417166881 zhaomingwenxuan 403889746 cold_mia
417378738 52730602 417166881 zhaomingwenxuan
417380848 52730602
417384585 zhaomingwenxuan 417378738 52730602
417385257 52730602 417384585 zhaomingwenxuan
417397745 63637971
417570722 cold_mia 417166881 zhaomingwenxuan
259307847 novalis421
259838178 Severusxixi
259884893 44162482
264647201 Dr.Moth
265615713 Tigana
265776700 milifanzi
265809871 4558984
274169651 26757999
274987295 53801042
274992919 zhysofia
275387496 jillianchen
275879832 willscorpion
275956301 48870896
276035462 qwh
276035986 luchlady
276273003 34403969
280430459 46329246
280867103 icbto
280874631 leo1989
281463793 freyjapotter
288703206 38404653
290634602 toushangdebao
294790448 52414368
295872990 1029207
296321334 56171321
296589466 35153601
298188833 yellowyellow
303618456 novalis421
304670457 37217218
305465302 xuehaixingchen
306685340 52743349
306705801 41189292 306685340 52743349
308673511 CJXHQ
309476488 tangmengxuan
309616855 gugugugu
310404361 samado
310451478 chenhydylan
310453151 acelies
310507385 dexter44
311523187 qqdxm
312888549 56324142 99086715 robinhawking
312889999 StrangersMania
312917685 14295063
312918585 4639678
314965499 sting999
315406633 3315308
315894050 4639678 315406633 3315308
315995781 3315308 315894050 4639678
316452627 4639678 315995781 3315308
318249091 47878326
318486894 xiaxuan1203
318788118 13023938
318799458 52903240
319228724 54090884 318249091 47878326
319302978 54090884
319303004 Angiebest 276035462 qwh
319303083 Angiebest 314965499 sting999
319317208 sting999 319303083 Angiebest
319486998 54090884
319643539 52903240
319644128 43925467
319655915 52903240 319644128 43925467
319659234 lyfyy
319674268 43925467
319674343 43925467 319655915 52903240
319707105 43925467 259884893 44162482
319707365 43925467 319302978 54090884
319714375 52903240
319714548 52903240 319674343 43925467
319727162 52903240
319735018 52903240
319742647 43925467
319754293 43925467
320573639 Simplest_GAFA
320574024 Simplest_GAFA 320573639 Simplest_GAFA
321016825 44162482
328215883 IamGodzchild
330892531 yutoupaigu
330896193 yutoupaigu
330896331 yutoupaigu
333583210 youngy
333589032 9956988
336490900 60493223
337525432 51607741
337738840 51432283
338449936 53562651
339170898 46248854
341071636 hejinghui1989
344735400 58746587
346285014 Dora_lee
346534011 puzhenwen
348111045 cbs
348506551 38404653
350727521 41838234
354909446 3554162
354937961 56102891
356289500 softlightlee 344735400 58746587
361363355 57184426
364671231 bingloveqing0 333589032 9956988
364673555 61080606
