82673576 eq4
82674539 ziyoupaifeizai
82716625 1029207
82774250 2169647
82795570 2953365
83084042 1415860
83164011 1029207
83200563 2169647
83474708 2953365
83476505 dreamingkitty
83491606 tanmoyong
83492124 ziyoupaifeizai
84286457 heyemail
84660675 1029207
88741269 lidyc
98076051 happyperfume
111897071 sscaro
119755779 nikkiliao
161624169 peking-dreamer
163872453 33922300
163879792 2529414
167094322 41753245
183090119 estherlovecat
185256389 45607200
185890371 1171874
197854024 lemonmelon
200072729 44590767
216122340 lovinguhjy
220518327 akizou
221424291 33400863
239787946 demain
283173218 HelloClementine
291842492 48442817
294885895 lll000000
295490766 3236127
302699434 informations
318207865 3597882
318225829 54306946
327619929 38714060
367355462 56964350
368600990 54065917
407103847 64454830
