86283242 1737607
86283783 R.Lee
86331754 wei-garden
86374322 2953365
86379866 irisbabe2000
86395826 ziyoupaifeizai
86403236 mocheeba
86456796 VivienneYi
86470008 Jane.W
86472889 4080157
86479866 lattelan
86481017 ChinesePirate
86497474 Buy_Neverland
86555415 1737607
86556934 16926133
86557795 16926133
86569298 2953365
86572954 Rossonero
86589346 1737607
86589675 Habor
86589895 1737607
86591321 1399409
86816682 DOOOOOG
86820366 1680836
86822837 Buy_Neverland
86823198 2750142
86883592 1737607
280321544 52755910
280325684 RwandaLuntana
280326551 53587020
280328529 RwandaLuntana
280331322 3283395
340101985 hiluluk
340107067 lyfyy
340176689 1680836
340623135 56610430
341553234 42265584
351463634 54614815
351552494 2750644
353211970 6120301
353231632 Eleanore
381933536 64132036
382762246 lullaby_1995
382784717 44922117
382805300 1311129
382809105 53555319
384053649 maerchen_
388414933 58361008
391682021 53084976
391766905 cyyvanilla
391769188 linlin-BTer
391770072 welcom
392024296 52368918
392594629 49394753
396450567 41881215
396453779 41881215 396450567 41881215
396453960 64483243
396455959 52425324
396497246 57821418
396788130 42989408
398990128 50391960
399297145 gonewithsin
